evaluations raw_y x0 x1 x2 x3 x4
1 -1.7204121918 4.454191 -2.642669 -3.185994 -1.808931 2.983680
2 1.7911562197 -4.773157 0.288213 3.173813 1.324325 2.327705
3 -35.2238154106 -3.872435 2.242574 -2.476557 -2.430331 4.801535
4 -13.9424121362 -2.399619 2.089732 2.360930 -4.291034 -2.629768
5 49.2937882506 3.899485 4.973569 -1.358424 -3.386967 1.561496
6 16.3115617527 2.662145 -3.669807 -4.886053 -3.319768 3.057797
7 -18.4799125408 -2.733972 -4.301560 -2.429261 -2.553790 -2.441519
8 73.1211485339 -4.841784 3.771772 -3.592855 1.579627 -4.983396
9 1.5416245443 -1.420538 0.053860 0.173931 -2.250350 -3.318163
10 4.2409539949 -2.199788 -3.538642 -1.609896 0.235378 0.152301
11 -5.2253966627 -3.914008 1.555969 -0.469719 -4.484544 -2.593757
12 71.0128626293 -1.929021 2.925878 -3.401041 -4.155259 -4.751994
13 22.5945631130 -3.127182 0.847590 -3.830408 -3.185533 -3.479752
14 -21.9045037022 -1.148592 -2.650238 -4.779136 -0.183149 3.513502
15 -11.4532530408 -4.921207 -4.238411 3.108039 -3.759162 -0.242674
16 1.0969958710 3.254033 0.633202 -0.456558 1.338000 4.520992
17 0.5085867592 -2.242541 -1.356222 5.000000 -2.359652 -1.738538
18 -55.3609346741 -5.000000 4.149777 -2.640376 -0.752968 4.278165
19 -54.2958522329 -5.000000 1.813230 -3.980785 3.425756 4.103437
20 -22.3563020242 -5.000000 -1.368778 -5.000000 -5.000000 3.917420
21 -49.6100120539 -5.000000 5.000000 3.432782 1.751264 4.058858
22 -147.2916572467 -5.000000 5.000000 -5.000000 1.394669 4.189952
23 108.9783762013 5.000000 5.000000 5.000000 -5.000000 5.000000
24 -174.4696489865 -5.000000 5.000000 -5.000000 2.893392 4.475585
25 -215.7977337836 -5.000000 5.000000 -5.000000 4.170340 5.000000
26 -236.8735057774 -5.000000 5.000000 -5.000000 5.000000 5.000000
27 -95.5380837924 5.000000 -5.000000 5.000000 5.000000 -5.000000
28 -183.8887533556 5.000000 5.000000 -5.000000 5.000000 5.000000
29 187.6696921443 5.000000 -5.000000 5.000000 5.000000 5.000000
30 110.9633614254 -5.000000 -5.000000 -5.000000 5.000000 -5.000000
31 -183.5804759720 -5.000000 5.000000 -5.000000 5.000000 3.492275
32 -236.2118440361 5.000000 -5.000000 5.000000 -5.000000 -5.000000
33 -14.1345301446 5.000000 5.000000 5.000000 5.000000 -5.000000
34 -187.6016420549 -4.717909 -5.000000 5.000000 -5.000000 -5.000000
35 -236.2118440361 5.000000 -5.000000 5.000000 -5.000000 -5.000000
36 -236.2118440361 5.000000 -5.000000 5.000000 -5.000000 -5.000000
37 -205.0663380990 5.000000 -4.371555 5.000000 -5.000000 -5.000000
38 -236.2118440361 5.000000 -5.000000 5.000000 -5.000000 -5.000000
39 -212.5983739787 5.000000 -5.000000 5.000000 -4.027621 -5.000000
40 29.5307050843 -5.000000 1.343641 5.000000 5.000000 -5.000000
41 -163.7138395426 5.000000 -5.000000 3.368755 -5.000000 -5.000000
42 -163.6153302894 -5.000000 5.000000 -3.324697 5.000000 5.000000
43 60.1072728206 5.000000 3.104410 5.000000 5.000000 5.000000
44 10.0224059022 -5.000000 5.000000 1.774813 5.000000 -2.449612
45 33.4338730036 -5.000000 5.000000 5.000000 -5.000000 -5.000000
46 -236.8735057774 -5.000000 5.000000 -5.000000 5.000000 5.000000
47 84.2697481485 -5.000000 0.291702 5.000000 -5.000000 5.000000
48 -24.4110671633 -5.000000 5.000000 0.890360 -5.000000 5.000000
49 46.4904517793 -5.000000 -5.000000 -1.578837 -5.000000 5.000000
50 57.4276026857 -5.000000 -5.000000 -5.000000 5.000000 5.000000
51 -22.1239156778 5.000000 -5.000000 0.034697 5.000000 -5.000000
52 -105.8256904616 5.000000 2.404908 -5.000000 5.000000 5.000000
53 -87.1014282721 5.000000 5.000000 0.824001 5.000000 5.000000
54 21.9104085731 5.000000 -5.000000 -5.000000 -5.000000 -5.000000
55 83.5960303029 5.000000 -0.383957 -5.000000 5.000000 -5.000000
56 90.0833233782 5.000000 -5.000000 5.000000 -5.000000 5.000000
57 -34.9043785797 -5.000000 3.376521 1.093191 5.000000 5.000000
58 29.8064570927 -5.000000 -5.000000 5.000000 5.000000 -5.000000
59 1.7668565808 5.000000 0.110503 2.546051 5.000000 -5.000000
60 -236.2118440361 5.000000 -5.000000 5.000000 -5.000000 -5.000000
61 73.3494587356 5.000000 -5.000000 -1.631772 5.000000 5.000000
62 120.9602502158 5.000000 5.000000 -5.000000 5.000000 -5.000000
63 -207.7571549358 5.000000 -5.000000 5.000000 -5.000000 -4.209922
64 29.1447953514 5.000000 5.000000 -5.000000 -5.000000 5.000000
65 -1.7011776584 -5.000000 -5.000000 -5.000000 -5.000000 -5.000000
66 -127.6537535775 -5.000000 -5.000000 1.791045 -5.000000 -5.000000
67 -94.8764220511 -5.000000 5.000000 -5.000000 -5.000000 5.000000
68 32.9563188195 5.000000 5.000000 5.000000 -1.394315 -5.000000
69 -202.7821973987 5.000000 -5.000000 5.000000 -3.503865 -5.000000
70 41.8745988762 5.000000 -5.000000 -5.000000 5.000000 -0.014021
71 -218.2941250726 2.547782 -5.000000 5.000000 -5.000000 -5.000000
72 -236.2118440361 5.000000 -5.000000 5.000000 -5.000000 -5.000000
73 -95.7732680948 -5.000000 -1.780901 5.000000 -5.000000 -5.000000
74 -15.7045734756 5.000000 5.000000 5.000000 5.000000 0.118795
75 62.1691526169 5.000000 -0.272188 1.098367 -5.000000 5.000000
76 -48.3042992387 5.000000 5.000000 -1.110629 5.000000 0.569008
77 64.0329900743 -5.000000 5.000000 1.884265 -1.007499 -5.000000
78 48.4823702810 5.000000 -5.000000 2.559702 5.000000 -1.164124
79 45.1836437553 -5.000000 5.000000 5.000000 -5.000000 0.989062
80 -236.2118440361 5.000000 -5.000000 5.000000 -5.000000 -5.000000
81 51.0332758007 -5.000000 5.000000 -5.000000 -5.000000 -0.798629
82 19.9254233491 -5.000000 5.000000 5.000000 5.000000 5.000000
83 59.3845912753 -5.000000 -1.375502 -0.822980 5.000000 -5.000000
84 182.1265053959 -5.000000 -5.000000 1.384267 5.000000 5.000000
85 -8.4216336592 5.000000 -0.355640 5.000000 5.000000 -1.981217
86 -41.0801492577 5.000000 -5.000000 -3.164719 0.549944 -5.000000
87 64.1523729241 5.000000 -5.000000 0.561704 -1.118729 5.000000
88 -236.8735057774 -5.000000 5.000000 -5.000000 5.000000 5.000000
89 -108.3094730479 5.000000 -5.000000 -0.742486 -5.000000 -5.000000
90 5.5474829051 -5.000000 -2.468169 -1.587209 -5.000000 -5.000000
91 47.1737829743 5.000000 5.000000 0.515810 5.000000 -5.000000
92 -152.3820622155 5.000000 5.000000 -3.095625 5.000000 5.000000
93 -44.5336654572 5.000000 -5.000000 0.047040 -5.000000 -0.469370
94 151.9459444011 5.000000 5.000000 1.486441 -5.000000 -5.000000
95 -30.5707362045 -5.000000 -5.000000 0.697877 0.395443 -5.000000
96 -215.4669712979 -0.884388 -5.000000 5.000000 -5.000000 -5.000000
97 -16.4614031200 5.000000 0.457008 -1.625675 5.000000 -0.857172
98 -12.1495449206 -5.000000 -5.000000 -5.000000 -5.000000 5.000000
99 8.0467868752 5.000000 2.952836 2.183803 5.000000 0.688012
100 -236.8735057774 -5.000000 5.000000 -5.000000 5.000000 5.000000
101 5.9503044960 -5.000000 -0.000244 0.979680 -5.000000 5.000000
102 -236.2118440361 5.000000 -5.000000 5.000000 -5.000000 -5.000000
103 -217.4741600346 -1.282693 5.000000 -5.000000 5.000000 5.000000
104 -236.2118440361 5.000000 -5.000000 5.000000 -5.000000 -5.000000
105 -108.2993929100 0.014850 5.000000 0.508496 5.000000 5.000000
106 -91.6353268759 5.000000 5.000000 -5.000000 1.773899 5.000000
107 -215.4065252629 1.756619 5.000000 -5.000000 5.000000 5.000000
108 14.9614077220 -0.970553 5.000000 5.000000 5.000000 -0.858279
109 290.9064074452 5.000000 5.000000 -5.000000 -5.000000 -5.000000
110 -132.8549986899 -2.548817 -5.000000 5.000000 -2.265453 -5.000000
111 -236.2118440361 5.000000 -5.000000 5.000000 -5.000000 -5.000000
112 -131.5728648623 2.308547 5.000000 -5.000000 5.000000 2.952487
113 -40.7671862821 0.276182 5.000000 1.650381 -1.035914 5.000000
114 -236.2118440361 5.000000 -5.000000 5.000000 -5.000000 -5.000000
115 35.3159922874 5.000000 -5.000000 -2.406614 -5.000000 5.000000
116 7.9028815468 -0.396139 -5.000000 2.078266 5.000000 -5.000000
117 202.3628208611 -5.000000 -5.000000 5.000000 0.186900 5.000000
118 -236.2118440361 5.000000 -5.000000 5.000000 -5.000000 -5.000000
119 59.1335319773 5.000000 5.000000 -0.515743 -5.000000 5.000000
120 -119.7651961343 -0.730248 5.000000 -5.000000 -2.547449 5.000000
121 52.7292454223 -0.069711 -5.000000 1.299118 -5.000000 5.000000
122 33.9258826170 -0.069129 -5.000000 -5.000000 -0.529669 -5.000000
123 -143.3972303883 -1.995763 -5.000000 5.000000 -5.000000 -3.283704
124 -176.0510539171 -1.391033 -5.000000 3.517472 -5.000000 -5.000000
125 36.9953150916 -0.401767 5.000000 5.000000 0.713884 5.000000
126 -78.1159644326 5.000000 -5.000000 0.635167 -0.525005 -5.000000
127 63.6521574863 5.000000 5.000000 5.000000 -5.000000 -0.992069
128 38.3928201804 0.618771 5.000000 5.000000 -5.000000 -5.000000
129 -236.8735057774 -5.000000 5.000000 -5.000000 5.000000 5.000000
130 -25.2328382575 0.306751 0.628312 -5.000000 -5.000000 5.000000
131 32.7722112623 5.000000 -5.000000 -5.000000 5.000000 5.000000
132 -236.2118440361 5.000000 -5.000000 5.000000 -5.000000 -5.000000
133 -236.2118440361 5.000000 -5.000000 5.000000 -5.000000 -5.000000
134 -236.8735057774 -5.000000 5.000000 -5.000000 5.000000 5.000000
135 -236.8735057774 -5.000000 5.000000 -5.000000 5.000000 5.000000
136 90.7449851195 -5.000000 5.000000 -5.000000 5.000000 -5.000000
137 -145.2628625231 -1.423532 3.091173 -5.000000 5.000000 5.000000
138 -42.0319973504 0.717322 -1.587014 5.000000 5.000000 -5.000000
139 19.4025233781 -5.000000 -5.000000 -5.000000 -0.801110 0.149242
140 -44.2050964671 -0.829872 5.000000 -1.167250 5.000000 0.190485
141 53.5378068229 -1.992748 5.000000 0.282242 -5.000000 1.458883
142 154.0613599414 -5.000000 -5.000000 5.000000 5.000000 0.055759
143 27.8264415093 5.000000 -1.171175 -2.041131 -5.000000 -5.000000
144 3.6781677255 -5.000000 -0.188255 -5.000000 5.000000 -0.441264
145 -82.2175396418 5.000000 0.918391 5.000000 -5.000000 -5.000000
146 35.0388012283 5.000000 0.066754 -5.000000 -0.220140 -0.872571
147 23.4373546718 0.248318 -1.257011 -2.300550 -5.000000 0.942898
148 34.2112768124 -5.000000 0.348391 0.997459 5.000000 -0.391620
149 14.2588359561 -1.172211 5.000000 5.000000 5.000000 -5.000000
150 19.7069475091 5.000000 1.333193 5.000000 -0.775494 1.522630
