evaluations raw_y x0 x1 x2 x3 x4 x5 x6 x7 x8 x9 x10 x11 x12 x13 x14
1 3.1396706985 -0.663570 -3.918167 -1.749456 -0.616888 1.947257 -0.367863 -3.965919 -2.209721 -0.815917 0.149156 3.978630 -2.979859 1.743904 -1.097953 -1.795120
2 2.1016118632 3.991259 3.465717 -1.386173 4.885478 2.503373 -2.238448 -4.643647 -1.509931 -4.830602 1.609777 4.546154 -3.168197 1.289956 -2.908598 -4.297953
3 1.7582371630 -3.221758 -2.254385 -1.056440 0.262432 -1.468791 -0.986943 -2.863043 -1.403940 -0.445417 -3.188177 2.970835 0.806080 2.999961 0.196983 2.296793
4 1.7402760241 -4.161023 2.807266 -2.934456 -2.605596 -0.817064 3.222950 -0.403792 4.590442 1.237771 -3.635477 0.276389 -0.291866 -0.367445 -4.692611 1.521360
5 1.7637616944 -3.334105 -2.094054 2.124071 -2.438566 -2.220358 -4.769082 -1.031264 -1.148513 -3.831178 4.493935 -2.915696 -1.007645 4.149845 -1.447872 3.475696
6 2.0366926754 2.503025 -3.405464 -3.730971 -3.647411 1.093196 -2.079389 1.412672 1.941387 -2.282644 0.564564 0.762677 -0.913080 1.526040 1.948615 -0.839986
7 1.8079062787 -2.627565 -3.048847 3.683092 -4.517048 1.696336 -3.502536 -4.465552 1.792734 -1.117469 -2.933323 4.242524 3.697058 4.028808 3.820752 -2.658109
8 2.2582430134 -1.641935 0.067947 -4.810317 -1.093703 -4.751176 -4.286741 0.681002 -4.658150 4.486030 4.590276 1.286490 -4.108136 3.199727 -3.794812 -1.458410
9 2.4797333061 -1.309456 4.500632 -2.621313 2.473846 0.431058 4.556722 -0.287150 2.767115 -4.477361 -1.237786 -2.674417 3.235800 3.640212 -1.424008 -4.488084
10 1.7924702328 -3.685387 -4.613703 4.635231 2.110196 1.508881 -4.474278 3.030097 1.483102 0.708538 3.421888 -4.452482 1.951745 2.006614 -4.201295 3.047797
11 1.9386525496 1.970454 -0.943166 1.280030 -1.843963 -3.228360 -2.748134 -0.624998 2.458503 4.568044 -0.415167 -0.232506 3.152450 4.570065 -2.208456 1.859946
12 1.9110454416 4.397365 -4.994722 -4.415732 -1.339208 -1.313323 1.014755 -2.003590 -2.918264 2.754149 2.321982 2.263517 -0.067638 2.137655 2.819962 0.760866
13 2.6303732690 -0.958195 3.735711 1.086692 4.711612 3.729616 -0.586635 -2.167396 -0.728732 -1.994217 1.030715 1.465894 -3.805212 0.578476 -4.346074 2.740382
14 1.8005490905 -3.509758 4.693423 1.478959 -1.642839 -0.128343 2.902399 3.879312 -4.973194 -3.419871 1.390460 -3.516980 1.542616 2.536458 -0.995507 -0.501122
15 1.8254243180 -4.796533 1.446934 -0.303886 -0.079141 2.677990 4.202040 3.999323 0.780151 -0.180605 0.787659 3.360008 4.990184 -2.361787 4.417595 1.134178
16 1.9370050924 2.791503 -4.350246 -2.225876 1.772579 0.965148 -1.481737 4.540246 0.706624 2.098302 3.009113 -1.914516 -4.618773 -1.495294 4.198980 4.147265
17 1.8920515884 4.781363 -0.459794 -4.303342 -2.287545 -4.053743 1.541484 2.890989 1.043098 1.760425 3.745029 -0.882453 1.692019 0.301298 -3.945364 -2.131679
18 2.7269785108 0.674869 -2.446980 -3.910330 0.639322 0.090977 -3.256182 -3.572568 -2.770344 4.811701 -4.072247 -0.597220 2.205485 -0.043320 -2.380536 0.002938
19 1.7880792993 -4.444275 -2.771996 4.976538 -2.022699 3.631199 -0.200614 3.561274 -4.221048 3.743295 4.064253 3.795002 3.929120 -0.223305 1.423073 -4.050280
20 2.4116002641 -1.158192 4.838037 4.229096 4.328930 -1.676433 -1.040098 -4.253008 -0.122293 -4.583311 3.516676 -4.935063 2.596843 -3.060314 0.549068 4.735130
21 1.8930080648 -4.728168 4.057825 -0.501696 0.811583 4.799438 4.052813 0.217374 4.878293 -1.616130 2.550405 1.985561 -4.926900 -2.819478 -3.389101 -1.109015
22 3.1954682035 0.196078 -1.085958 3.524415 -0.816923 -2.352553 0.846559 4.935869 -0.411258 0.080763 2.747791 -4.243724 -3.516100 2.750207 3.508957 3.780303
23 1.7633174255 -4.064477 -1.556801 -0.903625 2.720316 0.591807 2.723318 -2.757266 -1.691457 3.183826 -4.333521 -1.564019 -1.368377 -1.078121 2.380892 -1.951004
24 3.0204964355 -0.008394 1.320705 -2.076032 -0.242871 -0.633983 -2.780648 4.273027 3.235063 -3.220146 -2.757808 -1.323756 3.485304 -4.072457 4.782914 4.448119
25 2.7134009165 1.107082 2.548316 -1.543040 -4.855880 4.163947 -1.253558 1.979562 -3.635217 1.523979 -3.840327 1.036640 4.585924 3.325151 3.074899 -3.252051
26 1.8664827027 3.301842 -1.304659 -4.702414 1.470898 2.243715 4.490068 -2.344391 0.381639 -3.892596 -0.593459 -3.440373 4.396624 -4.258248 -1.729770 1.923866
27 2.2234713216 1.795472 -3.717271 1.741504 -3.897766 4.416090 0.053413 0.045154 1.313585 0.392895 -1.856291 0.076008 -1.783731 -4.412018 -1.989204 -3.047906
28 3.1518716394 -0.276787 0.850485 4.401188 -3.045045 4.703948 -3.027609 -3.321062 -3.429494 2.507336 4.184739 -4.770657 -4.342997 -1.974362 3.233533 2.895718
29 3.4443713764 0.500736 4.153428 -3.189810 3.320387 -2.830027 -3.810723 -1.786254 -4.058034 -2.868110 4.887136 -3.969556 2.843810 1.119638 -4.805453 1.438537
30 2.2760115721 1.591243 -0.175233 -0.689693 -0.543643 -4.932041 0.220304 1.636138 -0.940578 3.407439 -3.225865 -2.210454 -1.994712 -0.654863 0.666319 -3.761839
31 3.0979135716 -0.413087 0.756309 -3.400790 2.857183 2.951663 2.354256 -0.896021 -4.477605 -3.497601 -1.532656 3.217950 1.345184 4.487389 -3.068932 -4.672548
32 1.8582586453 -2.213088 -1.849726 3.039176 3.797117 -4.536414 3.877444 -1.566314 4.225413 -4.131795 2.014500 0.506411 -0.356949 -2.614557 0.860903 3.306246
33 1.9809894311 2.321677 1.917750 0.611467 1.292127 -1.101209 1.238033 -1.292270 3.070204 -0.773667 -4.950723 -0.422496 -1.472721 -3.409787 1.611388 -2.413195
34 1.9258422499 3.513262 -3.660183 2.622791 0.462697 3.386533 2.261117 4.717985 -3.161346 3.485140 -2.524892 0.905547 -3.333939 -2.167212 1.137254 -0.317479
35 1.8736477951 3.001682 1.853993 1.971661 3.107324 0.288362 3.531220 2.180879 3.666325 4.161556 -1.140368 1.746511 4.228450 -1.770898 -3.643219 -1.278697
36 1.9801766510 -1.920263 0.353121 0.111134 -4.215544 -2.076105 3.131056 1.052292 2.154752 4.025234 2.779770 4.658061 2.513569 -4.780752 -2.746980 -2.844672
37 2.6066176381 0.818150 -2.854160 -2.464629 -4.757373 -4.330970 1.675502 2.501118 -0.109760 -2.507182 -0.859444 -1.015963 -0.697161 4.817271 0.024251 -3.598202
38 1.7241092156 -2.884260 2.775868 -0.068395 3.508455 -3.190717 4.883884 -3.819490 2.976862 0.937256 -4.226736 -3.148269 -2.299844 3.868758 2.612658 4.003037
39 1.8518399538 -2.336886 1.046843 2.544530 -3.306386 3.943975 -2.397561 -4.882606 -3.722750 -2.660014 -4.611330 -2.462846 0.720859 -1.262697 -0.511198 2.350191
40 2.0522311598 -1.868694 -0.617716 2.887556 3.936761 -3.764210 0.568146 0.864710 -1.925780 2.122626 -0.311173 -1.702673 -4.269602 0.503734 -0.261563 0.498037
41 1.8466460634 3.844615 -4.171974 0.422178 4.508582 -3.509017 -4.970707 0.447719 -2.475516 0.184715 -2.107843 2.680663 -2.560711 -4.618722 4.000807 0.122596
42 2.4730778062 1.300394 3.035162 -3.664755 1.092388 3.217263 -1.758598 2.592092 4.017314 2.816282 0.368195 4.944557 0.378897 -3.572920 1.827619 -4.810129
43 1.9330818937 2.556155 0.140088 4.038886 -3.771279 -2.639087 0.527312 -3.046240 4.422441 -1.247777 0.026634 -3.843743 -2.526113 0.854554 -0.648531 4.814823
44 1.7408575015 4.720771 3.324525 0.817346 2.219697 -0.502416 -4.028378 3.330642 0.189849 -1.703926 1.758922 3.638473 1.174832 -3.711275 2.164463 0.852355
45 1.9827999214 4.160896 2.186824 3.282936 -2.794823 1.343697 1.965725 1.781494 3.863390 1.198139 -2.133743 2.444162 0.239780 -0.988930 4.562272 -0.674389
46 1.8137389932 -2.668070 -0.838920 -3.078437 -0.914462 1.445196 1.998794 -1.422233 2.615469 0.181000 -1.290071 -4.686485 -4.457171 4.598861 3.489345 3.690960
47 1.7142206689 -3.116715 0.781262 0.400443 3.188026 -4.186376 4.856027 -2.825464 0.027956 2.125597 0.008963 1.260628 0.385142 1.448661 -1.989774 4.534857
48 1.7044029964 -3.163936 -0.461899 4.017763 3.562572 0.080673 4.742166 -3.443407 1.128096 -0.741893 -1.487827 1.083728 1.611698 3.058789 -1.912614 3.878276
49 1.7618169270 -3.049579 1.702795 3.256227 1.332699 -4.021245 2.177713 -2.083968 0.738422 -3.801295 -3.034586 -0.754581 2.402467 3.264517 -0.393677 -0.085342
50 1.7386629820 -3.098927 0.909604 -1.508446 -0.540316 -3.308568 4.319274 1.017334 4.822222 -0.574155 -2.126281 0.795183 -2.353083 0.368070 -0.657403 1.846279
51 1.7539170363 -3.038081 4.010900 1.332538 -0.140952 4.846092 0.023403 -3.292436 3.534374 1.742997 0.112558 1.644950 -2.136527 1.218461 2.057868 4.714082
52 1.6978720101 -3.455315 -3.042116 3.153067 4.415682 -4.363558 3.815160 1.433641 -0.017973 3.288135 0.697651 -0.193835 3.816983 0.356474 -2.610386 0.517696
53 1.6994014754 -3.400394 -1.228174 1.512429 -0.585548 -4.385557 4.818586 -2.290806 0.481324 -4.601265 -1.491568 4.165209 2.273979 1.562573 2.041296 2.504331
54 1.7438695301 -3.068198 -1.362762 4.404481 2.206544 -2.184398 0.427220 -4.460534 4.773585 2.135664 1.992832 0.524910 1.895558 2.082527 -0.532189 -0.352124
55 1.6944093090 -3.382212 -3.804067 4.966725 1.261163 -1.212074 1.241286 -4.297073 -1.155231 -3.754592 2.177091 -0.062405 -2.569025 1.627698 1.135078 3.636027
56 1.7332802659 -3.597135 -4.753465 0.718309 -1.964553 3.033741 4.977241 -1.303012 -3.173740 -3.484658 1.536657 -3.832365 -0.321550 3.288832 -3.001909 -0.116820
57 1.6973482664 -3.446482 -0.488696 2.565131 1.742334 -3.471180 3.170006 -3.448815 0.991354 -0.625478 4.360153 -3.224258 2.121644 -1.205964 3.761991 -0.851439
58 1.6939188864 -3.412342 -4.710402 2.266257 -3.165769 -2.173179 1.902121 -4.889658 -0.574675 -3.843226 -0.610090 -4.852058 2.284056 2.997616 -1.775638 4.840805
59 1.7226516881 -3.576391 -3.978411 0.202880 2.115092 -1.109349 -2.894388 -2.612202 0.472180 0.569841 3.713224 -4.901031 -0.030938 2.635270 2.982995 1.823399
60 1.7443111663 -3.346384 -2.879825 1.930372 4.050637 2.846127 -3.207464 -3.717640 1.579757 -3.310823 4.074892 -4.122247 1.796272 2.432014 3.870961 4.378677
61 1.7101665964 -3.537866 -3.547497 -0.577849 -3.955828 -0.568890 -0.073917 -4.533724 2.861363 -4.024486 -2.351730 -0.619251 -2.198256 0.062697 -3.456925 2.330497
62 1.7047577482 -3.691404 -1.240018 -0.780751 -4.043652 -3.012396 0.556990 -4.769276 -2.871961 0.220477 1.950901 -0.371656 1.693616 2.961198 0.805283 4.641750
63 1.7152500980 -3.640952 -0.571987 0.168954 -4.159667 2.060929 -0.006049 -1.586221 1.977344 -4.815844 -3.973315 -0.987942 1.372279 1.755135 -1.967419 4.906219
64 1.7698458027 -3.669196 -3.138086 -2.595019 1.051207 0.164508 2.443626 -3.630797 4.234023 -1.743745 2.117094 -0.689284 -0.476148 -1.293810 1.152293 4.777045
65 1.7220494075 -3.670169 -4.129457 -1.246590 -4.709915 -1.077373 4.418909 -1.817514 2.601184 -2.556546 4.095648 -1.682151 2.409798 1.694610 0.170326 1.334033
66 1.6383759053 -3.556941 -2.835634 4.588573 -4.643809 -4.878620 0.743020 -3.048629 1.035221 -0.441001 1.229204 -0.308693 0.000984 -1.289521 0.935029 4.463445
67 1.6449917265 -3.660222 -0.991217 4.214339 -2.674457 -2.787904 3.709915 -0.374025 1.230775 -1.999169 3.801977 -3.549849 3.608529 -0.568999 0.946342 4.005588
68 1.6478302673 -3.340421 -1.214156 3.165576 -3.935740 -4.427849 4.455398 -0.389588 -4.395589 0.657613 -2.936781 -3.846790 -0.029807 0.808998 0.232204 3.909403
69 1.6514630794 -3.398543 -4.309925 4.409960 -0.476017 0.623795 0.499442 -0.321101 2.947893 -4.212708 3.918590 -2.792169 4.210409 0.748998 2.994875 4.004034
70 1.6775962311 -3.230430 -3.185302 0.481343 -2.064568 -3.844221 3.513218 -0.848667 -3.024177 -3.790393 -4.979537 -0.004241 1.927323 2.059512 1.004341 4.022023
71 1.6933974588 -3.648071 -1.838518 1.903411 -1.090216 -3.017366 -2.106839 1.677058 4.982335 -4.632783 4.072262 1.349421 2.768452 -2.558324 3.760456 4.325030
72 1.6434751031 -3.268008 -1.786732 -0.081084 -1.173592 -4.866937 -1.788561 -3.740681 4.659943 1.563644 4.535448 -3.567627 -3.386747 -4.315446 -0.548879 4.741545
73 1.6455587485 -3.280284 -4.182603 4.135553 -1.487237 -3.376399 4.839118 -4.471350 -3.825151 1.745504 2.455035 2.338660 -3.866647 -3.725234 -1.477736 1.648734
74 1.6562220941 -3.863972 -3.211668 2.377308 -4.315902 -2.674521 3.179633 0.397411 -1.854676 2.410608 -1.639725 -3.924178 4.036239 -3.411838 1.026454 4.898094
75 1.7236758605 -3.480654 0.069444 0.660155 -3.019960 -2.701974 4.758920 -2.715993 -3.625209 -1.354003 -1.095335 1.987937 4.803295 -4.841074 -3.022365 3.829190
76 1.6929996537 -3.569076 -0.967687 3.570235 -3.403485 -1.883601 -2.595542 -2.783901 -3.380467 -0.705136 -2.215181 -4.885405 -3.513096 -3.336668 1.557872 -0.144636
77 1.7007564208 -3.253643 -3.435995 0.413768 -4.971243 -2.703156 0.238341 -1.242163 3.854898 0.947671 -0.810752 4.200907 3.416241 2.126872 0.087421 2.441808
78 1.7584004210 -3.706427 -2.436937 3.179016 -0.867255 -1.028877 2.755334 -1.683113 -0.246933 3.458236 0.839606 4.298882 -1.953734 -3.103377 -1.790183 2.325462
79 1.6742405188 -3.439511 -4.484688 2.463712 -3.390917 -4.661230 -2.432235 1.168447 -2.106826 4.018622 4.700327 3.844146 2.881087 0.470299 4.487074 0.306063
80 1.7934112355 -3.780325 -3.232313 3.148446 -4.643190 -0.390885 1.974247 1.263443 -3.806705 -2.809203 -0.796667 3.307797 0.496683 -4.731560 1.572642 0.629816
81 1.7451100830 -3.360736 -3.677503 1.887486 -2.243574 -2.697457 -3.628756 -3.737912 0.359413 2.156398 1.064726 -1.495923 -0.903798 -4.533612 4.362942 1.987562
82 1.7476036956 -3.459078 0.815683 2.826368 -2.239806 -0.349682 4.800180 1.422170 4.016042 0.579572 -0.745240 -4.281284 0.176945 -2.332837 -2.874107 4.731688
83 1.6941615739 -3.621758 -4.554797 4.260624 -2.217654 -4.278273 4.608207 -2.558764 -1.639143 -2.103024 0.080515 -3.480198 3.647321 3.356863 3.949170 2.419573
84 1.7480266440 -3.858358 -4.550354 0.100867 -3.722931 -2.428818 -3.731569 -3.882478 -0.327463 -3.044927 -0.126120 -4.782587 -0.099194 -0.921028 -2.054656 4.447654
85 1.7155669976 -3.501348 1.674255 0.827659 -0.132234 -4.672777 4.185624 -2.809261 4.560163 0.899602 -3.352708 -4.113269 4.174763 -4.368838 4.694259 2.368044
86 1.6705024999 -3.477126 -0.533712 3.510699 -4.946147 -2.942057 0.798089 -3.342023 -0.552672 -0.238370 -0.381350 -2.260262 1.901691 -1.062998 2.533201 4.723655
87 1.6584591630 -3.577863 -3.911409 2.882722 -3.428831 -4.465635 0.653987 -4.573304 1.450496 -2.313778 1.195674 -2.455729 -1.357080 0.065516 -0.682696 4.212150
88 1.6848361924 -3.428585 -2.331405 4.697926 -4.161113 -3.557465 2.497523 -2.336090 0.655806 1.546821 1.981864 0.935588 1.888836 -2.627980 1.818512 2.397801
89 1.6631326911 -3.424655 -0.712417 4.836919 -3.399277 -2.812098 2.958152 -2.563382 1.619819 1.318022 3.350370 1.938657 -1.605376 -0.821768 0.167279 4.643471
90 1.6397102809 -3.562934 -3.676634 4.996821 -2.597913 -4.870787 0.100367 -3.030554 2.234039 -0.385193 -0.970754 1.659324 2.133570 0.695977 2.961164 4.146112
91 1.6452359889 -3.625194 -1.017605 4.805803 -2.731244 -4.937051 -1.533995 -4.887339 -0.402277 -1.062186 3.100708 0.951823 -2.197768 -3.007007 1.223809 4.492769
92 1.6958672632 -3.581281 -1.593438 4.892866 -4.011874 -2.811610 -1.252431 -2.166810 3.247958 1.623348 2.010105 -1.292466 -0.943096 0.341222 0.672258 2.911470
93 1.6226522007 -3.462679 -4.732350 3.062590 -4.854355 -4.591580 -1.242068 -2.962167 1.141046 1.688564 3.257685 -1.561338 -1.506889 0.802795 0.459368 4.954531
94 1.6835317494 -3.442360 -1.487975 3.444255 -3.149374 -4.795019 0.742301 -1.364433 1.022642 -0.503974 2.804097 -1.914770 -0.969147 0.774523 0.340970 3.068608
95 1.6593946560 -3.468250 -3.534476 2.504835 -4.682961 -4.843281 0.653086 -0.666019 -0.602349 -0.892572 2.545288 -0.152169 -0.007784 -3.155222 -0.184443 3.529637
96 1.6205802680 -3.529035 -2.506852 2.391964 -4.485709 -4.667662 -0.466432 -1.405426 -0.412069 3.801948 0.974669 -2.731633 -2.246849 3.135542 -0.668163 4.344079
97 1.6125819338 -3.587241 -2.432537 2.773085 -3.460440 -4.851466 -3.493228 -3.134293 2.274916 1.489047 2.304240 0.829153 -1.645390 1.282174 1.557843 4.888304
98 1.6142534758 -3.593179 -3.523939 1.461193 -4.857463 -4.910710 -2.069971 -4.586366 -0.522690 2.780069 3.207006 -3.963989 -0.511144 -0.337535 2.339980 3.900131
99 1.6825196299 -3.516615 -4.977513 0.920107 -3.907466 -4.494534 -0.079619 -4.245152 0.934586 2.795411 4.908437 -0.768691 0.776562 -0.825388 -1.487880 3.237489
100 1.6547515929 -3.487309 -3.893503 1.405734 -4.546921 -3.155168 1.090492 -4.882390 2.185445 3.809798 3.197149 -2.977908 -3.655333 -0.968165 2.209872 3.062963
101 1.6437142270 -3.636328 -2.637591 0.480723 -2.893892 -4.679755 -1.678026 -1.157238 3.494195 2.017666 4.555319 1.681454 -1.019018 2.959601 2.111060 4.475014
102 1.6108728213 -3.446845 -2.765330 3.557129 -2.736552 -4.947266 -1.788443 -1.419241 4.141657 1.146193 2.579720 2.772252 -3.962596 3.601154 3.095956 4.105945
103 1.6566594433 -3.614355 -2.891478 1.492808 -3.899199 -4.515303 -3.253396 -4.143350 2.459686 2.309373 0.054185 -1.314578 -3.631495 0.418721 2.738331 4.659309
104 1.6476692003 -3.442318 -1.156366 0.494193 -3.993283 -4.175867 -3.558683 -4.846988 2.832858 2.533513 4.670958 -1.386024 -2.421970 2.765618 3.890055 4.329581
105 1.6580142612 -3.728818 -0.912259 2.524576 -4.316937 -3.720493 -3.061412 -3.515041 3.276840 0.183150 0.044495 -0.355691 -1.906429 -0.819465 1.464395 4.935745
106 1.6540401407 -3.589634 -4.747135 3.421961 -2.873891 -4.461390 -2.675925 -2.923182 -0.306781 4.921616 2.965571 4.536060 -2.016598 4.824655 4.743590 -0.512032
107 1.6493363083 -3.183051 1.637575 4.787138 -4.495747 -4.388063 1.748345 -3.618303 4.997281 4.797783 2.578161 4.384422 -3.495511 3.449611 1.295734 4.909837
108 1.6961928763 -3.385307 -3.739930 1.745164 -2.256907 -4.153381 -4.872242 -1.874804 1.878925 3.553624 4.277140 1.586423 -2.433765 4.781589 -1.422634 4.597355
109 1.6662872074 -3.682385 -0.148178 4.368720 -3.277459 -3.407207 2.639588 -2.054159 4.898659 2.760471 -1.093510 2.886525 -3.847145 4.250152 4.235508 2.677839
110 1.6958334641 -3.721195 1.003868 2.814758 1.039755 -4.429184 2.390910 1.979982 1.576621 1.180365 -0.422884 -1.524140 -4.720840 2.941846 -0.982285 -0.172735
111 1.6613573324 -3.758235 0.009152 4.615511 -4.803452 -3.650877 -1.392451 -1.128123 2.383743 3.135143 4.486882 4.154398 -4.677299 3.454955 3.262717 2.995955
112 1.6519616551 -3.663091 1.898488 3.373600 -1.551573 -3.425427 2.103379 -0.339943 1.439484 0.405795 4.983911 3.896488 -4.613730 4.394412 4.381203 4.679252
113 1.7108365463 -3.653580 0.747426 3.667511 -0.538586 -3.274693 2.889837 -0.007360 4.660962 -2.048833 4.738675 -1.565731 -0.968854 4.151782 2.943285 3.153502
114 1.6983163913 -3.650952 -0.677854 -0.201250 -3.801340 -3.685070 -4.135268 1.526718 3.469664 2.859632 -0.293284 3.021780 -4.838105 2.499024 -1.691510 4.993612
115 1.6858965436 -3.687423 -4.276836 3.520100 -3.256168 -4.713120 -3.851840 1.689740 2.444273 -3.230623 1.635079 3.436390 0.024896 -1.083656 -1.319015 4.684696
116 1.6429951314 -3.711738 -0.410030 0.505756 -3.253885 -2.981326 2.541242 -4.488183 2.038940 -1.725745 0.395360 -0.939039 -4.094762 4.790403 0.603548 3.336531
117 1.6318872607 -3.211777 -3.136245 3.337619 -4.724089 -4.163068 1.330365 -4.666898 3.875783 3.694438 0.146392 4.417836 -4.230673 2.452288 1.849405 1.804911
118 1.7353789115 -3.384946 -1.770906 3.948257 -4.262136 -3.904410 -4.978058 3.239869 3.594380 -1.320932 -1.702335 4.976469 -0.676935 3.468996 -1.204364 0.861287
119 1.6704613626 -3.337293 1.034294 1.906247 1.328446 -3.097322 -2.721485 -1.452034 4.769692 3.225039 3.555062 1.424165 -4.225233 3.383875 3.901812 3.976805
120 1.6432430722 -3.671889 1.209769 3.453214 -3.368756 -3.059244 2.996458 1.185214 1.404968 4.686062 1.327619 -1.071596 -4.690728 -0.411031 4.546903 3.710706
121 1.5946512507 -3.560391 -4.199972 4.652697 -3.468434 -4.390810 0.473939 0.165083 3.136136 -0.239658 4.626504 1.055504 -4.547479 3.031076 3.976095 4.536249
122 1.6022355569 -3.413703 -4.875154 2.367387 -1.731086 -4.991933 0.282990 0.886316 4.933960 2.889987 3.229684 4.057063 -4.795396 2.726369 4.775845 4.608967
123 1.6409569559 -3.486877 -1.951739 4.590804 -4.685792 -4.120150 -3.895604 -1.554242 3.143864 3.122573 2.372800 3.087602 -3.076111 4.392083 4.890576 4.740033
124 1.5946961438 -3.430047 -4.558913 3.934313 -4.357995 -4.604853 -1.061711 0.881161 3.286170 1.262398 0.951854 3.959424 -4.542999 4.768075 1.622398 3.759823
125 1.6227795682 -3.426923 -2.736371 1.509826 -4.636199 -4.237446 -0.285076 -2.466342 3.411777 2.774305 0.972872 2.296750 -3.261553 3.721223 2.776404 3.835458
126 1.6332446325 -3.713539 -2.111861 4.603557 -1.388674 -3.943186 1.528086 0.944829 1.708592 -2.005736 2.489125 2.396401 -3.117804 4.325175 4.056066 4.554030
127 1.5769849692 -3.477213 -3.647577 2.791837 -3.110356 -3.650661 1.657819 1.195903 2.290758 0.288677 3.005381 -1.084240 -4.781853 1.452205 4.821176 3.816208
128 1.5943539224 -3.682189 -2.139585 2.475489 -3.917621 -2.987268 0.287719 -0.610707 4.993055 1.565907 4.836301 -0.703623 -4.505603 2.662668 4.500501 3.885061
129 1.6005422209 -3.664898 -4.542329 4.111794 -4.372056 -3.468466 2.733237 1.360251 4.037566 -0.624157 3.473165 1.225784 -4.395385 1.358730 1.725564 4.285843
130 1.6021711830 -3.627131 -3.200927 2.796794 -1.108299 -4.243040 -0.552694 2.453765 1.128962 -0.334951 3.371512 2.765409 -4.723605 2.680880 3.492820 4.210115
131 1.6111226317 -3.422886 -3.379251 4.021936 -1.832127 -1.351146 3.905229 2.909671 2.288484 1.981981 4.864326 -3.248008 -3.959937 2.679713 4.028555 4.025414
132 1.5967929723 -3.618515 -3.883460 4.435694 -2.727020 -2.905883 3.567044 1.417396 1.008166 0.376871 3.832433 -3.080479 -4.047213 -0.457784 4.282544 3.185680
133 1.6567500388 -3.556047 -4.181257 4.895158 -0.815073 -1.854873 2.281313 -0.236791 4.450591 -1.025425 1.251438 -3.404286 -3.798242 3.006999 3.940824 4.587573
134 1.6362499064 -3.637246 -4.121349 4.980089 -2.292984 -3.066196 2.595201 3.014575 0.822940 0.251941 1.884414 -2.049682 -3.913323 1.543916 4.026245 2.817289
135 1.6343483581 -3.356377 -3.893322 2.087456 -2.491879 -2.030463 3.325687 2.934488 3.651950 -1.377433 4.328417 -0.166029 -4.215392 3.437548 4.748109 4.510443
136 1.5871610724 -3.499403 -3.474567 1.223585 -1.393949 -4.526573 3.083366 2.033857 0.251464 -0.830583 3.770235 0.247397 -4.040622 -0.432055 4.911511 4.945194
137 1.6476623685 -3.579056 -4.964366 1.448867 -4.004420 -2.425132 -0.232946 1.649546 4.160529 -0.857549 4.209589 -0.895081 -2.980579 -0.053686 3.582039 4.667360
138 1.7531852178 -3.430429 -3.664247 4.578041 -3.289236 -4.331999 1.480348 3.435517 2.765122 1.071321 4.516167 0.143451 -4.941765 1.937765 4.224553 3.192351
139 1.5973328258 -3.364102 -4.561766 3.455879 -2.716339 -4.647891 3.301819 3.436901 2.993469 1.431648 3.582510 -0.668164 -4.217364 -0.164190 2.464637 4.898202
140 1.6720801191 -3.564500 -4.850483 1.232528 -2.009806 -2.031901 4.061242 2.776686 3.792951 2.230174 4.322509 -2.429333 -2.490699 -0.618069 4.701771 3.017683
141 1.6211770253 -3.612623 -3.250343 2.374660 -3.867459 -1.608080 2.680646 2.166464 0.675277 -0.071158 1.863801 -2.472837 -4.699083 2.258573 4.079960 4.572530
142 1.5870240558 -3.609108 -1.657520 3.459753 -4.811050 -2.883944 2.595055 0.750311 0.342874 1.668006 3.358184 -0.595037 -4.095935 3.705219 4.283686 3.773367
143 1.6270639708 -3.367432 -2.093698 3.550842 -4.748201 -4.495976 1.952731 -0.555255 0.688053 -0.689484 4.541542 -2.520157 -4.890557 1.227138 3.285269 4.895302
144 1.6035850621 -3.550514 -3.381259 4.843018 -3.969463 -2.138862 1.357954 0.443720 0.180770 1.297267 3.734170 0.028782 -4.825143 -0.399254 4.179812 4.457556
145 1.6042217602 -3.466158 -4.478892 1.087371 -4.910050 -4.278329 3.725799 2.305984 0.075079 -1.876674 2.155844 -3.464239 -4.678131 1.479617 3.506321 3.785120
146 1.5927525714 -3.529748 -3.865788 3.231361 -3.671034 -2.662602 1.990924 1.370729 2.796890 -0.888995 4.165272 -0.005152 -4.801988 2.206652 4.673224 4.900765
147 1.5736907249 -3.446746 -2.650869 3.442612 -2.412113 -4.738098 2.826344 2.204379 1.579427 -0.401789 2.191282 0.106425 -4.089605 0.547521 4.757284 4.791316
148 1.5896211235 -3.555506 -3.275306 3.276393 -4.125043 -4.780553 1.442779 0.311072 2.521597 0.361435 2.947661 -0.176864 -4.052219 1.416958 4.775010 4.839511
149 1.6000341573 -3.502272 -4.281680 2.790705 -2.425395 -3.731079 2.433697 0.544163 1.171444 0.859560 3.897545 0.035135 -3.582230 0.944336 4.018866 4.469971
150 1.6137015422 -3.542765 -4.608932 1.657890 -2.790467 -4.783854 2.375387 0.171709 1.247868 1.412830 2.494780 -1.348712 -3.970069 0.681142 4.091604 4.446667
151 1.5945698270 -3.415895 -2.080066 2.284820 -2.507226 -4.701457 2.181822 2.111587 2.492003 -1.115927 1.705050 0.475414 -4.765553 0.202965 4.014707 4.893692
152 1.5791042236 -3.521919 -2.599816 4.171499 -2.416873 -4.721115 3.606960 1.994269 0.477891 -0.018694 2.214182 -0.223501 -4.646042 -0.393637 3.905527 4.383525
153 1.5728241960 -3.398617 -2.653211 3.906083 -1.390376 -4.878922 3.663719 2.253643 2.030615 -0.102756 2.543616 1.100678 -4.519009 -0.078970 4.114474 4.942228
154 1.5964317348 -3.501778 -2.444640 3.307872 -1.842701 -4.479396 1.771702 1.947605 1.672479 -1.023170 2.363977 -0.372317 -4.275500 -0.189028 3.760100 4.585975
155 1.5884975882 -3.377610 -3.570008 3.280215 -2.821681 -3.960680 3.987272 2.532486 2.685590 -0.208997 2.156851 0.084313 -3.335196 1.068342 4.032377 4.934360
156 1.5765525825 -3.327834 -3.461550 4.084141 -0.927467 -4.088191 4.512221 1.809986 2.311877 0.574985 3.079601 1.745022 -4.783319 -0.500323 3.920360 4.789535
157 1.5972311783 -3.426228 -3.353770 4.661956 -1.953154 -4.018330 3.088014 2.620664 0.806726 -1.259609 1.892642 1.230850 -4.293406 0.715090 3.948534 4.036035
158 1.6077156335 -3.334853 -2.130268 3.408168 -0.300184 -4.766674 2.626428 1.225343 2.274559 0.752861 1.609587 2.302515 -3.986095 -0.306211 4.517559 4.517812
159 1.5899396850 -3.324012 -3.518920 2.918679 -1.030468 -3.928778 4.349825 3.249220 1.100780 -0.163430 2.297661 0.651564 -3.854406 0.640756 3.397920 4.889353
160 1.5942073675 -3.460997 -2.953216 4.922899 -1.520372 -4.752116 4.865486 2.136344 2.731144 -0.454629 2.660871 1.707627 -4.210294 0.851878 3.144538 4.628886
161 1.5937070171 -3.404546 -3.783591 4.470491 -0.475828 -4.451181 4.391038 1.094030 1.277705 0.680486 3.258283 0.201367 -3.675755 -0.779756 4.489516 4.881792
162 1.5978737087 -3.379903 -3.812900 2.750073 -0.853405 -4.376758 4.844226 2.282966 0.933165 -0.200833 3.167191 2.166151 -3.717870 0.233922 3.950120 4.732306
163 1.5687958861 -3.460937 -3.334019 4.290837 -2.544826 -4.753844 3.014863 2.565663 1.778071 -0.089349 2.815870 -0.001118 -4.758896 0.004451 4.753095 4.998053
164 1.5854712328 -3.376770 -2.411662 3.157463 -1.525790 -4.507569 4.311964 1.282830 1.627262 -0.117244 3.013675 2.295947 -4.457146 -0.067226 4.452730 4.439435
165 1.5748491553 -3.425525 -3.768268 4.605347 -2.424418 -4.713368 4.255582 1.485886 1.857237 -0.213848 3.572086 0.057641 -3.976123 0.925535 3.826125 4.764615
166 1.7384772258 -3.489212 -4.301730 3.232941 -2.331133 -4.294607 4.029878 1.717522 0.892625 0.848368 1.970894 0.535632 -4.961267 1.075969 4.239006 4.377173
167 1.5664990759 -3.536373 -2.544631 3.406899 -1.433404 -4.425418 3.688737 1.736431 1.897768 0.138299 3.605463 0.070126 -4.102619 0.689146 4.463346 4.884989
168 1.5841930848 -3.532525 -3.153458 3.455758 -1.850791 -4.603440 1.984215 2.319125 1.247554 -0.555420 3.203144 -0.183272 -4.612358 -0.437479 4.667951 4.994257
169 1.5978250412 -3.513782 -4.110484 3.265417 -1.870220 -4.234176 1.941146 1.428693 1.491334 0.706779 2.241545 0.884955 -4.502166 -0.250863 3.526099 4.755605
170 1.5785856341 -3.403951 -3.794323 3.938152 -1.756425 -4.597210 2.304017 1.590380 1.892741 -1.034392 2.980616 0.276023 -4.002267 0.605190 3.623493 4.930275
171 1.5947412795 -3.571992 -2.382872 4.085972 -1.842420 -3.892052 2.605622 0.650209 0.931208 0.107006 3.804514 0.697007 -3.373397 -0.185300 3.713069 4.291899
172 1.5698611436 -3.567220 -2.679311 3.280260 -2.299139 -3.331713 4.828495 2.932126 2.636624 0.944963 4.662470 0.944081 -4.846416 0.093595 3.603036 3.864134
173 1.5934098292 -3.597460 -2.525330 2.302789 -1.660986 -4.698392 2.564653 2.258724 0.898939 -0.839182 2.616449 -1.099533 -3.061435 0.006624 4.764477 3.953856
174 1.5966570288 -3.571724 -2.797308 3.036081 -1.644948 -3.684723 3.631557 0.934443 2.676580 -0.562956 3.126931 -1.107008 -3.288551 -0.299090 4.303521 3.992750
175 1.5899204890 -3.593131 -2.252554 3.069011 -1.895649 -4.830949 2.590593 0.707177 2.412762 -0.464163 4.022486 0.327244 -3.932857 -0.303014 4.591834 4.444240
176 1.6037449572 -3.599434 -1.604170 3.526401 -2.110386 -4.269566 3.978644 1.081992 0.977761 0.605707 3.515597 1.113158 -4.771736 0.223661 4.523420 4.667410
177 1.5910310065 -3.527824 -1.631434 3.448379 -1.242561 -3.903239 3.409843 2.531169 0.806980 0.207802 4.421955 0.235755 -3.928410 0.116219 4.537495 3.747920
178 1.5885054071 -3.578829 -1.556657 2.303489 -1.282292 -4.378997 4.448047 1.078002 2.559858 1.188411 4.564170 1.049151 -4.616926 0.723006 3.870009 4.907953
179 1.6113207109 -3.526192 -1.654532 4.351455 -1.736606 -4.686493 4.874105 2.648412 0.904563 -0.074007 3.364874 -0.325407 -3.337366 -0.292309 4.094103 4.476639
180 1.7373234022 -3.586570 -2.151596 3.537172 -1.391819 -4.727697 2.617240 0.725113 1.001166 1.282105 4.173750 -0.812781 -4.935098 1.193991 4.094310 3.714745
181 1.6004302141 -3.605278 -3.179786 2.758029 -2.269714 -4.785845 3.155891 2.306659 0.692634 -1.017380 2.799404 1.148973 -3.419799 1.063128 3.495023 4.775571
182 1.5752668991 -3.555738 -3.371770 2.521861 -2.095306 -4.018019 4.365194 2.720743 2.574198 -0.812520 4.339512 0.957859 -4.562548 1.311102 3.840866 4.841011
183 1.5836382167 -3.592988 -2.245992 4.128787 -2.066617 -3.314288 3.102588 1.139824 3.043490 -0.443538 3.026182 0.591216 -3.945911 -0.223755 4.201282 4.697980
184 1.5875098952 -3.591992 -2.073005 3.975044 -1.358408 -4.093554 2.952607 2.776788 1.974984 0.530352 2.891948 -0.631161 -3.903365 0.163490 3.939871 4.529122
185 1.5884720815 -3.541788 -3.533819 3.414658 -2.407050 -3.306796 4.574923 2.125609 2.271120 0.644187 4.752723 0.621832 -3.880410 0.497642 3.310758 4.140047
186 1.5891035469 -3.502572 -2.292475 2.966492 -1.012594 -4.594436 4.069942 1.430631 1.687174 0.398970 3.874138 0.611593 -4.468234 0.308919 4.212545 4.598580
187 1.5787382957 -3.568224 -2.724577 3.130044 -1.890848 -4.825642 3.532189 1.345522 2.241624 -0.341394 3.284559 0.139269 -3.808087 0.338873 4.896336 4.371321
188 1.5878871768 -3.559434 -2.886859 3.119090 -1.841817 -4.889423 4.280184 1.540106 1.514964 0.715023 3.459060 0.018734 -4.161073 1.134041 4.627829 4.310419
189 1.5772441740 -3.530437 -2.844935 2.909404 -1.863096 -4.943104 3.707856 1.237070 1.979139 -0.097893 3.244332 0.578724 -3.506256 1.035418 4.276693 4.991328
190 1.5857492875 -3.549831 -1.991087 3.227514 -1.320977 -4.903398 3.390607 1.753707 2.483515 -0.289488 4.054721 0.420635 -4.684576 0.941204 3.952230 4.809842
191 1.5983099777 -3.518577 -2.829932 3.397017 -1.291968 -4.487139 3.327012 1.414852 1.874112 -0.131970 3.153411 -0.502132 -3.741197 0.634038 4.546981 4.551484
192 1.5802726037 -3.540286 -2.977389 3.090684 -1.778292 -3.862165 3.805138 1.682122 2.399630 -0.014765 3.408159 0.425193 -4.560605 0.495219 4.460691 4.367695
193 1.5833129595 -3.511604 -2.166904 3.160024 -1.105239 -3.930869 3.330568 2.160110 2.250833 0.526190 3.843035 0.430408 -3.773567 0.223194 4.128436 4.803200
194 1.5939278536 -3.542130 -2.535084 3.923860 -1.713887 -4.219176 3.221142 2.218311 1.473172 -0.409042 3.782440 0.151242 -3.616044 1.221996 4.736383 4.649670
195 1.5782263698 -3.562269 -2.505144 3.726249 -1.379564 -4.542353 3.766196 1.374916 2.272076 -0.011337 3.983639 0.270916 -4.087920 0.781361 4.808298 4.944759
196 1.5717730803 -3.509923 -2.430565 3.981587 -1.047579 -4.442997 3.517518 2.127453 2.059698 -0.419851 3.758243 0.392091 -4.170491 0.176508 4.334427 4.459435
197 1.5986505497 -3.565477 -2.147151 3.274759 -0.995483 -4.261030 3.389420 1.351261 1.388786 -0.135304 3.899894 0.609383 -3.540190 0.945333 3.854266 4.766005
198 1.5814155292 -3.541638 -2.706683 3.837429 -1.598434 -4.449275 3.261503 2.001277 1.849155 0.388977 3.937111 0.268945 -3.651219 0.799481 4.681978 4.889809
199 1.5906082518 -3.571933 -2.152440 3.592823 -0.915547 -4.271476 4.168575 1.736731 2.311784 -0.198234 3.734843 -0.391282 -4.546181 1.155299 4.919979 4.903340
200 1.5944729546 -3.524972 -2.657518 3.681664 -1.998739 -4.121898 3.922096 1.195332 2.434196 0.459194 3.220221 -0.150516 -3.598800 0.852546 4.991430 4.370550
201 1.5717500407 -3.528462 -2.512384 3.459603 -1.634661 -4.177520 3.980795 1.802613 1.866378 0.118444 3.539090 0.062239 -4.183601 0.511484 4.544925 4.862691
202 1.5793003089 -3.525671 -2.676346 3.334176 -1.294371 -4.484903 3.812419 1.542443 2.145056 0.391825 3.349516 -0.150065 -3.846919 0.418080 4.769649 4.822465
203 1.5779825498 -3.516359 -2.420836 3.600638 -1.285273 -4.324937 3.442451 1.629186 1.598040 -0.131557 3.433193 -0.070837 -4.036022 0.756325 4.484958 4.883302
204 1.5771411998 -3.517289 -2.714749 3.671648 -1.314796 -4.133418 3.942567 1.890098 2.153480 0.117493 3.354932 0.360240 -3.868537 0.768915 4.322458 4.914217
205 1.5670136845 -3.535673 -2.471757 3.280243 -1.681698 -4.481657 3.589245 1.983173 1.869431 0.139381 3.781134 0.259985 -3.821447 0.688270 4.538003 4.938308
206 1.5667881041 -3.520734 -2.418027 3.583305 -1.408965 -4.278549 3.824263 1.460497 1.870138 -0.083216 3.523338 0.150754 -3.849306 0.440773 4.650161 4.913444
207 1.5739404835 -3.549022 -2.683484 3.640557 -1.398047 -4.271207 3.737407 1.563981 1.859434 -0.028281 3.853387 0.160651 -4.069186 0.946405 4.554733 4.802581
208 1.5714263371 -3.529720 -2.617693 3.702472 -1.331952 -4.344232 3.828759 1.710243 1.849878 0.022908 3.428193 0.273350 -3.801676 0.727917 4.234052 4.922813
209 1.5698396088 -3.529509 -2.434577 3.272457 -1.708562 -4.386037 3.709206 1.481904 1.696953 0.336793 3.541516 0.272617 -4.122779 0.443371 4.750552 4.988564
210 1.5732068528 -3.533870 -2.554858 3.259683 -1.533140 -4.487223 3.430231 1.879021 1.620609 0.053751 3.735255 0.310670 -4.039010 0.734449 4.714513 4.961571
211 1.5682603075 -3.542819 -2.474739 3.155177 -1.384484 -4.349194 3.952233 1.647954 1.833700 0.059983 3.549072 0.050883 -3.850930 0.499161 4.752597 4.922129
212 1.5712442188 -3.541460 -2.332921 3.111428 -1.360022 -4.671090 3.460997 1.882238 1.995703 0.245852 3.816817 -0.139816 -4.065136 0.528799 4.474019 4.811629
213 1.5807282186 -3.527279 -2.407336 3.509055 -1.614872 -4.422319 3.790009 1.632759 1.829276 -0.154701 3.513185 0.353096 -4.317493 0.435303 4.762491 4.707880
214 1.5739214236 -3.525933 -2.660284 3.103367 -1.181035 -4.368175 3.957250 1.992354 1.957785 -0.038169 3.449242 -0.056434 -3.941408 0.472333 4.192541 4.854288
215 1.5723563984 -3.528444 -2.494155 3.111645 -1.297840 -4.424535 3.692874 1.841953 1.867732 0.356937 3.780546 -0.081842 -4.161933 0.490735 4.339233 4.949765
216 1.5684172263 -3.544857 -2.623470 3.380948 -1.465705 -4.287754 3.772801 1.700389 1.877544 0.197874 3.641113 0.221420 -4.078930 0.745008 4.484276 4.838326
217 1.5730181583 -3.534658 -2.622313 3.443552 -1.444628 -4.402084 3.800982 1.590812 1.976137 0.086755 3.707901 -0.066590 -4.097865 0.584812 4.552546 4.907049
218 1.5737425770 -3.546134 -2.485661 3.275891 -1.464920 -4.384185 3.704033 1.615822 2.034113 0.000857 3.502063 -0.000013 -4.132477 0.570563 4.446351 4.948128
219 1.5703933514 -3.532022 -2.497995 3.310772 -1.490796 -4.530965 3.810565 1.617612 1.959493 0.016488 3.588089 0.181813 -4.129535 0.716451 4.415017 4.830555
220 1.5770913239 -3.533245 -2.445678 3.322778 -1.292982 -4.344417 3.734693 1.861600 1.999928 0.044003 3.551437 -0.012953 -4.029332 0.639855 4.495931 4.758063
221 1.5738516639 -3.545908 -2.560593 3.371709 -1.447387 -4.443364 3.699455 1.838167 2.043308 0.197086 3.604787 0.060045 -4.016845 0.643410 4.347880 4.825291
222 1.5719250657 -3.547364 -2.589271 3.443817 -1.304665 -4.375293 3.600627 1.889750 1.988631 0.010103 3.556597 0.056902 -4.251243 0.748899 4.403920 4.999056
223 1.5735144778 -3.543901 -2.519421 3.256288 -1.469043 -4.433455 3.639289 1.602081 2.027836 0.149410 3.694600 0.012911 -4.102944 0.553530 4.369462 4.850044
224 1.5705502673 -3.530970 -2.580378 3.353533 -1.348474 -4.382360 3.745495 1.742946 1.825542 0.099294 3.673932 0.105311 -4.140575 0.809209 4.491815 4.823400
225 1.5650431016 -3.535383 -2.490423 3.257092 -1.539222 -4.393989 3.688652 1.874494 1.868455 0.011823 3.726075 0.129287 -4.218106 0.764738 4.553355 4.943992
226 1.5731938718 -3.536059 -2.436128 3.371677 -1.401666 -4.529860 3.700551 1.764667 1.854325 -0.059326 3.598573 0.041704 -4.284186 0.728514 4.430345 4.950021
227 1.5747324182 -3.545324 -2.482386 3.318045 -1.688079 -4.535245 3.746115 1.733733 1.976329 -0.079614 3.741884 0.244954 -4.151363 0.843581 4.622292 4.805161
228 1.5710831131 -3.537796 -2.595949 3.302166 -1.681536 -4.432872 3.742715 2.000123 1.908811 -0.106711 3.828408 0.220979 -4.313425 0.637119 4.669857 4.970925
229 1.5718902707 -3.537654 -2.453940 3.272509 -1.423290 -4.369165 3.775565 1.939265 1.954691 -0.080544 3.633995 0.127967 -4.252820 0.902635 4.642972 4.950917
230 1.5722139387 -3.534895 -2.443607 3.341039 -1.393814 -4.329636 3.675052 1.918525 1.979068 -0.043281 3.771743 0.078937 -4.250423 0.792928 4.598321 4.959886
231 1.5671714038 -3.532336 -2.463896 3.186815 -1.580064 -4.393149 3.684257 1.829026 1.931449 -0.019723 3.674111 0.077550 -4.183459 0.720743 4.601609 4.959018
232 1.5695733639 -3.534059 -2.512139 3.330252 -1.524507 -4.386256 3.692374 1.810496 1.931612 0.030616 3.724943 0.164489 -4.244008 0.747770 4.513550 4.873170
233 1.5739124307 -3.539143 -2.507232 3.333018 -1.521140 -4.343734 3.732947 1.802483 1.936924 -0.010535 3.677960 0.145893 -4.269658 0.809848 4.613824 4.925101
234 1.5650152286 -3.530079 -2.486908 3.304658 -1.606897 -4.324341 3.659393 1.872858 1.913130 0.017062 3.783806 0.069803 -4.242441 0.730556 4.496474 4.965331
235 1.5651611352 -3.540708 -2.534438 3.196408 -1.460033 -4.368913 3.702522 1.853775 1.842328 -0.028815 3.717203 0.186101 -4.248384 0.740429 4.591689 4.872171
236 1.5698594632 -3.527301 -2.506713 3.284214 -1.653003 -4.299431 3.693754 1.845713 1.831426 -0.033074 3.795402 0.014295 -4.239733 0.648860 4.421738 4.977311
237 1.5718355883 -3.535661 -2.474504 3.273987 -1.589344 -4.384266 3.611889 1.942352 1.954472 -0.007181 3.840105 0.061936 -4.201054 0.684684 4.547831 4.995874
238 1.5650431016 -3.528616 -2.507756 3.287913 -1.659923 -4.363016 3.713027 1.914857 1.854381 0.058727 3.794321 0.100283 -4.249065 0.729786 4.410505 4.955117
239 1.5670192267 -3.527660 -2.485807 3.245326 -1.582030 -4.275860 3.709668 1.894071 1.983228 -0.018026 3.734445 0.072875 -4.177720 0.716229 4.538476 4.979507
240 1.5702378136 -3.529222 -2.524100 3.357183 -1.618998 -4.255682 3.662710 1.915381 1.907257 0.000264 3.738582 0.089372 -4.239938 0.786087 4.475756 4.940721
241 1.5718355883 -3.535560 -2.472237 3.233400 -1.638011 -4.276730 3.657870 1.897100 1.974288 -0.052767 3.810778 0.037208 -4.214259 0.691682 4.500688 4.924794
242 1.5661754080 -3.536098 -2.477795 3.241792 -1.541126 -4.275602 3.671403 1.825567 1.903894 -0.049639 3.834574 0.131867 -4.191073 0.674450 4.532307 4.954240
243 1.5673428947 -3.527752 -2.496226 3.376304 -1.526013 -4.335665 3.692224 1.875107 1.996623 0.072216 3.823312 0.088850 -4.268667 0.681881 4.509382 4.981308
244 1.5726824335 -3.530193 -2.458077 3.318000 -1.608388 -4.247265 3.699075 1.854510 1.868104 -0.005911 3.760905 0.153042 -4.277023 0.799760 4.530023 4.969449
245 1.5764983231 -3.526479 -2.464561 3.367490 -1.639631 -4.262239 3.700047 1.835204 1.934370 -0.005112 3.728442 0.037619 -4.191527 0.809342 4.536377 4.967135
246 1.7686981618 4.058987 1.853207 4.345793 4.478865 -3.444891 -0.517508 -3.541231 -2.998462 0.658996 4.971951 1.278676 -2.388971 3.673752 -4.051193 -1.720377
247 3.1700357139 -0.062294 -3.663406 -3.395301 -4.593229 4.915871 -0.660575 -0.709068 3.879185 -1.362253 2.033243 -1.177932 -1.156808 -2.208135 3.322213 -0.121484
248 1.8541114907 -2.246843 4.965748 -1.577339 2.725982 -1.450172 -4.316275 -3.371514 4.483557 3.835078 -4.908962 -4.841031 -4.628985 -4.441899 4.718224 0.570262
249 1.7965566614 -3.393040 0.522726 3.884022 -4.204864 -1.078851 2.709981 -2.989186 3.648047 4.345501 2.377776 -3.179704 0.881741 0.411563 1.031495 -4.471312
250 2.8288601812 -1.099633 -1.450948 0.164997 -2.407490 2.261467 -4.999198 -4.713620 4.091785 -1.621502 4.063415 -4.542345 -0.846616 -1.954533 -0.155509 3.357159
251 2.0797006901 -1.886763 3.024050 -1.901787 2.252223 -0.285426 3.771899 4.948298 0.791616 4.810934 3.763756 4.456024 2.442548 -2.995977 -2.293815 4.863066
252 2.6699902204 0.873711 4.472881 -1.409450 4.149767 0.132066 -1.131880 2.996246 -4.350043 4.777156 0.928979 2.325354 -3.946664 4.747421 -2.858157 1.939099
253 1.8637507844 3.145291 -4.388918 4.322383 1.566190 4.213184 -2.483146 -0.387396 -2.259012 1.814010 3.147829 -4.738136 -1.733402 -3.630762 1.227561 -4.228244
254 2.3760729377 1.412158 -4.065639 -1.209118 3.629040 -4.455968 1.598367 -4.215166 2.008866 1.521313 -2.524406 -2.553203 -0.028773 1.440996 -0.632061 1.660509
255 1.9899158553 2.040654 -0.070254 -2.751826 1.991831 3.739827 4.971413 -0.159327 -4.854382 2.609221 -3.798974 1.659209 -3.187242 1.478899 2.573606 -2.340411
256 2.2697780960 1.729792 0.627620 -3.447370 -4.032827 0.758494 -0.869466 -4.096671 -0.606772 -1.909786 -1.147667 -2.148157 1.025510 3.366509 -0.541856 4.307723
257 1.9035159499 3.556353 2.678191 -3.172362 -3.012023 0.479860 -0.236091 -1.841905 2.603738 2.123444 2.975242 4.031174 3.098259 4.187648 4.849186 1.071536
258 2.3440910808 -1.615488 2.078335 -4.707950 4.104145 -0.735271 -3.509855 0.711228 -3.372740 0.330661 -0.699737 4.806624 0.774819 4.086034 0.147973 -0.681507
259 3.0793325185 -0.344226 3.785732 -2.165361 2.899072 -2.169976 -2.275061 -0.084764 2.443768 2.335497 -1.763591 0.607120 1.826856 2.354269 4.449197 -3.213831
260 1.8099318944 -4.980160 4.009563 0.049566 -0.495458 -4.046947 2.103948 1.107639 -1.450651 1.066595 3.497534 3.722060 -2.594580 -4.799089 -3.787625 2.229496
261 2.1909703196 2.842009 3.651045 -4.373571 3.122164 4.736494 -3.026460 -4.865428 -3.828018 4.163487 0.576634 0.497709 -3.359642 -0.122060 -1.272475 3.811352
262 1.9121499745 -2.710271 0.887084 -2.926111 -2.820400 4.354489 2.857076 -0.806846 -1.744670 -4.549249 4.724731 -1.901721 -3.612784 1.185888 -4.262772 -2.735247
263 1.8803878802 3.775127 -1.822566 2.415558 0.658677 1.207944 4.250387 -3.726611 4.718893 2.961653 4.150052 3.443324 4.335626 -0.642384 -3.610851 4.727622
264 1.8071714748 -3.126964 -1.203345 -0.580062 0.425031 3.981841 -4.526115 0.872883 -4.231295 -0.765973 3.257028 -1.332244 -0.403461 1.991027 -2.693008 3.985150
265 1.8246324662 -2.826678 -4.899625 3.645928 1.855960 3.363480 -2.766832 -1.233300 3.382712 4.025870 -0.391656 -0.354534 4.040507 -3.300369 -4.604727 -1.261970
266 1.9735011613 2.184724 4.627592 -0.543189 -1.865545 1.954377 0.234494 1.684859 -0.824363 2.030818 -0.141044 4.288963 -4.334953 -2.711001 3.648428 -4.644614
267 2.9963579722 0.371674 0.299801 -1.705267 1.322190 2.510600 -1.969366 4.172719 0.107228 -0.989404 0.149902 -3.508091 -0.596341 -1.443724 4.315936 2.716149
268 1.7761608318 -3.934182 -2.081996 0.997356 0.819929 2.656341 0.936467 3.073617 2.161610 -2.157749 -1.561136 1.852329 -2.902334 -1.777886 -3.077339 -1.077101
269 2.6398992877 0.761349 1.219780 2.035575 1.066244 3.647480 0.050639 2.678769 -1.952568 -0.255485 -1.961358 4.754433 3.633669 0.838093 3.983959 1.428011
270 2.9219801530 -0.574905 -2.440642 4.644109 0.163836 0.959239 1.325664 -3.026252 1.673508 -0.433265 -3.507984 -0.610032 -1.253511 -1.484123 -1.052066 1.825733
271 2.4523236313 -1.331476 -4.565683 -0.206475 3.754230 -4.824030 0.470078 2.488211 -2.661802 -2.947260 0.038031 1.922558 4.630649 -2.364278 -0.923170 -3.553231
272 1.8222917772 4.933191 -4.261866 3.217512 -1.967727 -0.423356 -1.357198 -2.576338 4.213308 1.236031 1.121800 -4.204750 1.526533 2.730147 -3.281039 2.438962
273 1.8031616350 -2.534104 -0.598701 4.997975 4.661366 -1.758305 3.222913 2.223794 -3.183623 3.222923 -2.920187 -0.056966 4.952180 2.127264 1.917427 0.980498
274 1.8092333714 2.693687 -0.197506 1.068288 -0.241627 1.660041 4.028532 -1.105632 -1.195210 -0.066121 1.614952 -2.920599 2.146302 -4.269367 -1.696940 -3.822879
275 1.6517649704 -3.714811 2.152248 4.026806 -2.629109 -4.775603 -1.448590 -2.044832 2.798662 3.216460 2.250356 -1.592320 2.847620 3.192892 2.253343 3.526672
276 2.5808759547 1.114833 -2.683415 2.150615 -0.962418 -3.033758 0.669191 3.935134 0.413620 -2.465485 1.761943 1.130640 0.325239 -0.361273 3.739453 -3.245752
277 3.1738019057 -0.226463 -2.908214 -3.735091 -2.271930 -2.565364 -3.925083 4.777225 0.182961 3.505922 -3.946580 -3.384304 -2.087768 0.120294 2.376307 -2.260919
278 2.1366221777 -4.247898 -3.324695 -4.896633 2.444554 -3.436624 1.702826 3.793687 0.675246 -3.192939 -4.533138 -2.648088 -4.841228 -3.199779 0.010868 -4.106469
279 1.6850761909 -3.530038 -3.029470 2.650474 -4.949065 -2.790874 2.465925 0.538267 -0.428264 0.500006 -4.231038 0.276075 4.236004 4.883384 -4.497598 0.283741
280 2.9114594131 -0.909735 -0.979981 1.297433 -4.414735 -2.054374 3.214901 -2.253128 -0.270833 0.974487 -2.743778 -0.779093 -3.766318 0.616752 0.751952 2.971385
281 1.8028598024 3.413954 -1.274511 0.437197 3.256061 2.926877 -4.626697 4.455650 1.517736 -3.819167 -3.251637 2.677848 -2.317667 1.821693 0.825470 -2.064279
282 2.0451276456 -1.982568 4.274280 -0.824103 -0.731619 -3.700853 -2.951266 3.484632 3.062852 -3.381703 -3.142803 2.942566 2.759434 -3.871797 3.153060 -0.004937
283 2.3012025648 1.533353 -3.700250 1.740650 -1.320003 -1.344974 4.411144 1.536682 -4.651500 -4.692237 2.693648 -1.867788 3.341041 0.107128 1.459171 -2.923325
284 1.7603123806 -4.635460 -2.246935 1.648248 -3.805017 1.769876 3.570338 1.927687 -3.447208 -1.870029 -0.966272 -0.322465 -0.316403 -4.008110 -4.874475 3.076284
285 1.7205423313 4.142843 3.397684 0.658313 4.905357 1.245796 -1.686709 3.300807 -1.376467 -1.200535 -4.634069 3.499233 -1.493241 -1.056037 0.508650 -1.524912
286 1.8837837890 4.714750 -0.344783 3.268445 -0.000123 -4.181663 4.596917 -2.515103 1.402081 -4.253882 4.368592 3.008489 2.078363 -0.946744 -1.565172 0.398497
287 1.9848614151 2.351944 2.930019 -3.917865 -3.471897 -0.088313 2.275632 0.181095 1.028236 -2.670331 -1.282851 2.432037 -4.308977 2.976952 1.807456 -0.897358
288 1.9680914812 -4.480888 2.402528 2.780405 -1.655596 3.206704 -3.428092 -4.480019 -3.962795 -4.962127 -2.217177 0.972954 0.553893 3.471882 -2.347973 -4.784772
289 1.9142848442 4.482346 1.251830 -4.113095 -3.230611 -2.452805 1.017653 1.399638 4.799543 -3.934842 1.366126 -3.790676 3.725084 -4.644288 2.858761 -0.396331
290 3.0587594694 0.243318 1.613160 -2.475066 -1.101596 -0.827026 -3.703563 -1.445732 -2.429343 -3.557712 0.389822 -4.090289 1.392271 4.493404 -1.953308 4.351370
291 1.6862041147 -3.607149 -1.621204 3.228386 -0.253920 -3.044192 -2.862791 -2.652027 3.278560 2.081565 3.392287 -0.018999 2.237440 3.546055 -1.998800 3.002101
292 1.7362337093 -4.025111 3.877665 2.933851 -0.413634 -2.464445 2.834919 2.214593 -0.324970 1.358100 2.048614 -3.339626 3.081632 0.681880 -1.250769 1.919308
293 1.7920366119 -3.470899 3.450019 2.304766 -1.695526 -4.066050 -4.805013 -3.251540 3.100305 -0.333615 1.611801 3.239520 3.931061 2.120974 -2.049029 2.587938
294 1.7330137960 -3.874110 3.835704 4.258822 -4.571377 -1.270229 3.079095 0.160646 -2.079755 1.907594 -1.327226 -0.842589 2.127345 1.984633 4.596166 2.210384
295 1.7400619644 -3.522926 4.436582 2.354349 -2.485301 -1.600312 -0.497474 -0.875869 -1.408460 0.093798 4.570727 1.625635 2.053402 0.073617 0.275595 4.479030
296 1.6604231055 -3.782742 -2.519945 3.783236 -0.942672 -0.511463 0.344067 -2.730404 0.742357 3.108883 -2.544309 -3.093238 1.003025 3.277726 1.644769 4.074304
297 1.7319781737 -3.978386 1.026354 4.263071 -4.162988 -0.557896 -0.594606 -0.841937 -1.868499 3.962258 -2.164057 -2.544437 4.510215 -0.733697 -1.157339 2.975206
298 1.6717035149 -3.485070 -1.979649 4.165991 -3.297925 -1.582827 -3.508932 2.060857 2.997130 4.469570 -1.963408 0.199569 -1.487196 -1.679918 2.356156 3.686117
299 1.6862727884 -3.471574 -1.778574 4.403443 -0.614580 -3.960915 -0.812299 1.753599 3.074928 2.145715 -0.873704 -4.059673 -0.951345 4.996281 4.695836 -0.262917
300 1.6740937564 -3.405252 -0.392056 4.398835 -2.833363 -3.235951 1.816949 2.515264 1.527957 4.334424 4.629140 1.045677 -1.439203 1.356969 -2.176642 2.007089
301 1.7175139257 -3.479166 -0.108586 1.020262 -3.820583 -2.738021 1.928124 -2.173408 2.029799 4.981576 -1.071767 -0.480010 3.455000 2.887467 -1.229120 1.822918
302 1.6949298396 -3.962355 0.011115 2.021696 1.230570 -4.349361 2.037673 -3.272242 -0.998326 3.853183 0.909915 -3.987623 -0.270535 1.411020 0.518670 3.962950
303 1.7053303606 -3.695901 0.718946 0.213555 -4.921348 -2.549020 1.049288 -3.214356 3.854458 1.057694 -2.251722 1.004303 3.131672 2.033539 3.525147 4.755260
304 1.6738160618 -3.442829 -2.643888 4.022210 -2.305072 -4.961219 -0.917459 -0.278227 0.937170 4.211435 -2.631285 2.944940 -1.146495 -0.288018 -2.271785 2.450313
305 1.6981452049 -3.718795 -1.609704 2.952550 -4.914484 -1.062763 -0.467440 2.223051 4.026303 0.023284 0.390943 -4.184993 4.912304 4.337266 2.810792 4.557324
306 1.7054030100 -3.832945 2.559311 4.891491 -1.496228 -4.246260 -3.170730 -0.090904 3.406808 3.923738 2.064212 -1.283051 0.521209 4.372250 0.822552 3.429315
307 1.7073547359 -3.698171 0.758179 3.446204 -0.345459 -3.530867 -0.946843 0.323855 2.204838 2.186202 4.177891 -1.724154 0.481491 4.364718 1.999140 2.804417
308 1.6757051024 -3.591485 0.007350 2.439779 -4.060857 -4.458810 -0.045693 -0.171631 2.519687 1.954352 -0.010824 -3.914039 2.298232 1.475373 0.295649 4.441690
309 1.7438191596 -3.788912 1.441673 2.067386 -4.493040 -3.610134 -3.864576 -3.811119 3.179306 3.641562 2.285318 -2.337182 0.599157 3.207306 2.027172 2.736329
310 1.7187437880 -3.566999 0.713796 4.530013 -0.882817 -3.482017 -2.407197 -0.629040 1.628697 4.347532 1.001345 -3.882890 4.585294 2.899030 1.644511 1.379170
311 1.6712206844 -3.842449 0.759155 3.979109 -0.658467 -4.768698 0.894485 -2.011949 3.444444 1.741823 1.622171 0.730401 4.074611 2.290073 2.708067 4.576088
312 1.6729567486 -3.701167 4.503742 4.245492 -3.269404 -4.656846 0.643553 -3.141545 3.978712 1.481276 0.301466 -3.072524 2.309082 2.536284 0.735717 4.881712
313 1.6597456043 -3.585959 0.923061 4.693932 -2.741094 -4.428870 0.575996 -3.519856 4.307178 2.346251 1.854921 -2.057118 2.466183 3.042839 3.515579 4.996295
314 1.7162766531 -3.801723 0.590866 4.333679 -2.062725 -3.326399 0.752330 -4.421642 4.336094 3.492524 0.846049 -0.382297 0.758472 3.852656 -0.020759 2.587454
315 1.6844408980 -3.605157 2.633427 4.520745 -2.707348 -3.189684 0.867755 -2.398253 4.962587 3.342651 3.188717 -0.715979 2.302534 3.511079 0.513062 4.078812
316 1.6688716959 -3.876687 4.435281 4.212893 -1.297959 -3.426729 0.604726 -3.109674 3.929622 1.132912 -0.153771 -3.543129 1.346969 1.644224 4.617855 4.795542
317 1.7483371530 -3.804973 3.755238 4.611680 -4.157130 -3.143655 -3.591929 -3.410210 1.362321 1.093923 0.442061 -1.734907 3.045293 4.562863 3.519813 2.873216
318 1.6493369453 -3.582393 0.456718 3.490630 -2.697755 -3.391719 -1.091682 -2.974080 2.773962 4.671668 4.617121 -3.125508 0.539536 0.965342 0.564630 3.883218
319 1.6878363797 -3.814159 1.946195 3.282454 -0.500368 -4.703795 -0.364923 0.113882 0.466139 3.658039 2.263612 -3.617571 3.149153 2.241596 0.377190 4.998511
320 1.6659618592 -3.572657 1.283123 3.821672 -3.326425 -3.491201 -0.196236 -3.543043 2.838614 1.123699 0.844959 -1.611804 1.516975 2.988148 -0.066053 3.746295
321 1.6632536498 -3.428638 -1.788597 4.935150 -3.807679 -4.220751 -1.437856 -0.739699 4.212811 4.884891 4.585653 -4.812435 -1.876605 0.292805 2.721595 1.967184
322 1.6364311896 -3.717898 -1.465560 4.708631 -1.822841 -3.556412 -1.778232 -3.361055 0.727378 4.372653 4.873051 -3.813573 -1.854959 -1.082079 1.047451 4.181826
323 1.6568987714 -3.692265 0.540370 3.356190 -1.877069 -3.439321 -1.145267 -2.089633 4.728669 3.685572 4.040064 -1.781397 -1.810622 -0.898046 2.350911 4.960471
324 1.6996895887 -3.561033 -1.337392 2.731962 -2.414348 -2.273917 -0.183048 -4.644271 0.797725 3.711995 3.460097 -2.213579 2.356563 2.489353 -0.621411 4.588815
325 1.6956111400 -3.554916 -1.744902 4.157365 -3.942981 -1.474993 -2.282299 -2.950730 0.783285 2.776956 3.677300 -0.902832 -0.025225 -0.364989 -0.969572 1.632433
326 1.6193118806 -3.628587 -2.390207 4.399279 0.003403 -4.727479 -2.691810 -1.663973 -1.013361 2.250194 4.933662 -4.847965 -1.347459 1.040122 -0.239010 3.884077
327 1.6255919828 -3.711951 -3.576911 4.983468 -3.476150 -3.949125 -3.414354 -2.039046 2.992482 4.792816 4.341907 -4.867375 -2.071725 -2.115107 0.493898 4.527371
328 1.6698440583 -3.729440 0.679725 4.029397 0.313623 -2.445735 -0.812814 -3.229514 -1.467506 4.719810 3.477622 -2.495235 -2.170089 -3.154774 3.007033 4.642276
329 1.6942440194 -3.589437 -2.635280 3.533871 -0.844063 -4.665905 -3.936978 -3.459642 2.953266 2.427062 4.033922 -4.661705 -2.206436 -3.176522 1.635057 2.910978
330 1.6718468348 -3.659406 -3.647329 4.930517 -0.229175 -2.481417 -0.426716 -3.937792 2.666065 3.002215 3.720661 -3.636462 -1.722604 0.622755 1.085726 2.573611
331 1.6960973362 -3.778286 -1.493468 3.254179 3.161255 -0.864598 1.674406 2.074846 -4.428262 -2.112562 3.968607 -1.009897 2.889522 4.666608 -1.335477 4.294744
332 1.6896161046 -3.822400 -3.294499 2.073790 -1.608456 -1.136901 -2.269570 -0.475716 -0.150144 -0.960132 3.151287 -3.066077 2.810818 -1.563711 -4.977995 3.847216
333 1.7567712919 -3.464251 -3.436719 3.030072 -0.955155 -0.910601 1.974822 2.900267 -2.866611 0.663167 0.200233 -1.848750 0.515112 -2.901805 4.483132 -0.219938
334 1.6260573027 -3.431350 -0.076216 4.787288 1.830630 -4.558893 1.543193 -1.391870 -3.892035 3.607080 2.995876 -1.213711 -4.066030 -1.221958 -4.258594 4.915651
335 1.7105847264 -3.299040 -4.035841 4.798061 2.870359 -0.924333 -1.449165 -0.117991 3.507375 2.288192 0.855415 -4.087972 -1.555549 -3.269897 -1.851411 4.834360
336 1.5958455764 -3.798098 -4.619458 4.265261 3.330968 -3.219630 0.601181 0.257967 -4.501639 -0.521401 4.239369 -4.080236 -4.180657 0.812146 -1.433196 4.538671
337 1.7311236096 -3.378245 1.076935 3.367292 0.351978 -0.401878 0.811763 -2.799168 -3.649740 3.635993 2.760946 -4.273059 1.212367 -2.285624 -4.518809 4.787947
338 1.7153832139 -3.647896 -3.429937 3.640129 -4.759677 -0.490249 -1.232687 -3.238392 0.120147 -1.932861 0.836887 -4.357888 -1.956754 -3.218094 -4.118506 3.667038
339 1.7096795355 -3.402217 1.615364 2.064116 4.743915 -3.751604 0.201157 -2.870884 -0.594154 0.947089 1.085275 -4.475433 -3.778886 4.602225 -0.933761 1.050045
340 1.7215810591 -3.574237 1.374656 2.235499 4.243237 -0.740970 0.926015 -4.508605 -2.695531 -0.904583 0.659232 -0.807097 -4.546033 3.398863 -1.851591 1.513305
341 1.6181756478 -3.752717 -4.184788 4.833949 2.410038 -4.360186 2.501444 0.887181 -1.036010 2.213330 -0.467016 -2.562400 -3.455864 2.298556 -3.031805 3.767759
342 1.6189518644 -3.570446 -1.746437 4.992439 3.901437 -2.277758 1.488404 -0.510174 -2.634465 2.108057 4.894354 -3.779996 -4.123485 3.173697 -2.664852 4.762763
343 1.6938122273 -3.765672 -4.772848 4.877857 4.754792 -0.002080 3.728035 -1.775662 -4.468504 2.390176 1.911691 -1.092917 -2.759252 3.190357 -4.496966 -0.076512
344 1.6339467339 -3.600018 -1.976906 2.625294 -1.263986 -2.972693 -2.525293 -1.708941 -4.381590 3.888316 2.041174 -4.997939 -3.691478 2.120010 -0.942156 3.443731
345 1.6620295295 -3.876551 -4.542291 3.535651 -1.148357 -4.323340 -3.859086 -0.437809 -4.945777 3.559518 3.187859 -4.822624 -2.424742 -2.801384 -4.205842 4.300678
346 1.6759817703 -3.491048 -3.636589 3.338132 4.499766 -2.629767 4.600237 1.075411 -1.410522 -1.332352 3.003885 -0.884398 -0.414983 3.166077 1.306301 2.361949
347 1.7092546364 -3.596678 -4.814499 3.105733 1.942344 -1.011650 0.994022 1.848568 -4.877824 -4.158197 3.949387 -4.631575 -4.905022 4.391345 -4.193251 0.678814
348 1.6904037176 -3.724596 -4.725026 4.592719 2.655257 -1.737894 4.301012 -0.779706 -0.390205 -2.131048 1.243269 -4.694301 -2.203694 3.974492 -3.453408 4.654536
349 1.6826502606 -3.587030 -3.862946 3.757634 3.233576 -2.276504 -2.702247 1.053119 -0.639048 -0.150228 -0.518536 -4.332649 -1.951265 2.268344 2.012266 3.782022
350 1.6593153349 -3.593724 -1.963491 4.649318 -0.489572 -3.159140 2.745392 3.867738 -4.910078 -1.496352 1.284918 -3.962197 -3.255802 3.118323 0.063598 4.827014
351 1.7243203717 -3.786329 -2.481752 3.426203 -0.582840 -4.895148 3.622509 -1.988574 -3.512266 1.169492 4.589098 -0.834711 -4.948195 1.748947 -3.606181 4.861665
352 1.7293689736 -3.544466 -0.227345 4.447296 4.880580 -2.909787 -2.548719 4.724254 -1.798160 -2.948024 1.303920 -1.531183 -2.868203 -1.049003 -1.975183 2.828601
353 1.6374330095 -3.611803 -4.070675 4.703566 1.305687 -4.199231 -1.216312 1.404212 -0.989036 3.245549 4.143491 -0.705524 -2.983122 4.293403 1.328695 0.878713
354 1.7289241963 -4.085281 -2.346007 4.251622 0.879964 1.274932 4.904726 1.750263 -4.253878 -2.530426 1.671650 0.208697 -1.053795 4.067333 1.315562 2.418511
355 1.6771244010 -3.878123 -1.813872 4.545129 1.449763 0.470281 -3.825153 4.482200 -0.610763 1.672102 4.263874 -3.720047 -3.445774 2.018802 -4.866787 4.729647
356 1.6046624460 -3.829039 -4.665485 2.621326 3.408712 -4.522376 0.462559 -1.406260 -3.552885 -0.337136 3.995637 -4.507786 -3.738435 2.719583 0.970989 4.863161
357 1.6019397027 -3.675557 -3.971989 4.407648 3.342222 -3.665809 -1.119483 2.446040 -4.220660 1.476221 4.662060 -4.956578 -4.246490 1.886999 -0.642422 4.422412
358 1.6567258823 -3.950156 -2.522136 4.941506 2.153867 -3.554881 -0.748507 2.008397 -3.347153 0.908016 1.954191 -4.241850 -2.531155 1.952033 -3.767196 2.245844
359 1.6100104180 -3.842389 -2.218650 4.736104 1.372399 -1.740308 0.147602 1.924741 -4.777854 0.110122 4.668449 -2.748803 -4.788130 0.569647 -2.811757 3.618308
360 1.5964612337 -3.793829 -3.595344 4.315464 3.993847 -4.159097 -1.644222 -0.660574 -2.805465 1.560148 2.849059 -4.073755 -4.039928 2.167600 -0.021041 4.779908
361 1.6513430344 -3.952499 -2.882695 4.765900 3.555933 -1.023115 1.785443 0.422068 -3.448285 0.574462 3.093371 -4.815525 -2.058699 -0.446548 0.810834 3.534642
362 1.5920942401 -3.893411 -2.520337 4.087005 3.597414 -4.736359 0.715587 1.192994 -4.493503 0.211011 2.643436 -4.761239 -4.801843 1.156309 0.342927 4.911211
363 1.6091893118 -3.665115 -4.489846 4.970501 1.978895 -4.812008 -0.010913 -1.910338 -4.093736 1.521737 3.974006 -4.242219 -1.827816 2.778208 -1.138748 3.937621
364 1.6250874458 -3.842065 -4.751479 4.979719 4.115299 -3.840340 1.702108 1.887524 -3.558111 -0.336213 2.852016 -3.294450 -4.681816 2.275161 -0.237368 2.805869
365 1.6693844465 -3.760890 -4.563950 3.989460 1.885880 -2.096552 2.278705 1.474509 -3.167500 1.567077 1.888377 -3.114479 -2.126817 0.143020 0.349955 4.666476
366 1.6646343510 -3.960539 -0.258846 4.960436 4.235865 -2.430964 1.726377 0.492746 -4.644241 -1.191735 4.803725 -2.468447 -3.329395 3.134206 1.182579 3.146816
367 1.6394239256 -3.731449 -3.850782 3.699306 1.523420 -3.643294 -0.881121 0.114241 -3.146282 0.476416 0.262646 -3.435618 -4.729553 3.344564 0.121808 3.325151
368 1.6246030997 -3.898434 -1.537527 4.444440 4.662149 -3.487632 1.624338 3.433181 -3.905431 -0.092010 4.462598 -3.112368 -4.240622 2.182453 -2.070707 4.909232
369 1.7446577568 -3.908025 -2.695553 4.859024 4.051374 -2.968738 -0.586294 0.836693 -3.171280 0.846654 1.370053 -4.909259 -4.938677 -0.336127 0.824864 3.998564
370 1.7587597195 -3.740185 -3.102585 3.682469 4.548561 -2.333242 2.931837 1.117302 -3.377009 2.176719 4.423168 -4.492719 -4.987399 0.961697 2.348402 4.039839
371 1.6296170550 -3.850501 -4.726733 3.675722 1.514340 -4.325576 1.359692 -0.869682 -2.758016 -0.102752 4.808932 -4.225342 -3.114528 -0.801967 0.952591 3.168535
372 1.6044520838 -3.740581 -0.399161 4.401373 1.534000 -4.190353 0.614946 1.435846 -3.049684 0.049307 4.141475 -4.902769 -4.688993 1.591617 -1.812902 4.613749
373 1.6343245490 -3.784466 -0.193077 3.723063 4.337068 -3.467550 2.181545 0.505803 -2.509787 0.146555 3.357646 -2.382145 -3.137190 0.817549 -1.955708 4.933844
374 1.6552968578 -4.001389 -0.620429 1.949620 1.516441 -2.829828 2.501907 3.354788 -4.920460 1.697589 1.104387 -4.030601 -4.881557 3.314144 -0.930619 3.991519
375 1.6005863837 -3.859030 -3.020191 4.997649 1.443473 -3.726838 2.837910 1.397692 -4.976195 2.568614 3.894143 -2.869317 -3.020879 3.544799 0.483597 4.534401
376 1.6183790719 -3.840811 -3.871939 3.097270 2.688856 -3.274902 -1.336306 1.341077 -2.598328 1.236119 4.009142 -4.293058 -3.118886 3.057262 -1.322062 3.284683
377 1.6138755365 -3.810248 -4.850396 2.907860 3.301349 -3.178696 0.761346 -0.633564 -4.868572 0.854008 3.046719 -2.391907 -2.934984 1.456588 -1.516926 4.975127
378 1.6246832338 -3.779590 -0.763456 2.165582 1.977869 -4.012922 -1.537326 -0.457448 -3.435974 -1.858315 4.379633 -4.151983 -4.708079 2.992159 -0.188007 4.860977
379 1.6035675670 -3.800024 -2.138559 4.864988 1.642953 -4.603791 0.150888 1.335440 -3.943585 -0.628301 4.398188 -2.636514 -3.133971 1.638718 -1.990785 4.536302
380 1.6270901571 -4.046910 -4.791823 4.558911 1.550321 -3.633847 -0.541922 2.504906 -3.689706 -1.127628 1.832148 -3.973746 -2.894500 0.215921 0.158236 3.825777
381 1.6102021351 -3.871932 -1.849768 4.624820 3.004706 -4.365507 0.572575 1.434403 -4.225981 1.129345 2.544822 -4.702876 -4.279171 1.170798 -0.610264 4.532756
382 1.6171637582 -3.913099 -2.995832 3.818983 3.014288 -4.660807 1.468081 1.090685 -4.478528 -0.026517 2.321391 -3.803555 -3.713275 1.263216 0.054438 4.693261
383 1.6207506152 -3.811862 -1.717093 2.950249 3.842468 -4.323727 0.465682 1.081257 -4.945966 -0.357404 1.847143 -3.715503 -4.196111 0.510124 -0.442081 4.924054
384 1.6001222348 -3.804012 -3.490583 4.316523 2.773645 -4.870503 -0.069332 1.918871 -4.058040 -0.413567 1.980281 -4.070317 -4.393847 1.947842 -0.100303 4.937675
385 1.6169774378 -3.803434 -1.504361 4.917864 3.806963 -4.641636 1.852163 1.341699 -4.570528 0.651037 2.076482 -4.114019 -3.915596 1.390245 -0.273127 4.829849
386 1.6019485922 -3.938832 -1.687036 4.444278 2.530418 -4.737914 1.038091 0.830044 -3.553256 -0.655687 3.062766 -4.752092 -4.807389 2.188707 1.008587 3.863727
387 1.6009752787 -3.958214 -3.644710 4.691487 2.827114 -3.632437 1.702535 0.019137 -4.296941 -0.006681 3.707200 -4.429796 -4.272063 1.738370 -0.324665 4.839253
388 1.6054352639 -3.802545 -2.206171 4.753509 3.277743 -4.904638 -0.109316 0.184288 -4.718658 -0.250258 2.607149 -4.648856 -4.016572 1.166606 -0.692115 4.134912
389 1.6186689803 -3.948992 -3.108114 3.246550 2.929854 -4.859724 -0.297479 2.227536 -4.954562 1.374925 1.716371 -3.610636 -4.120027 1.632748 0.708263 4.361795
390 1.6117778684 -3.911424 -2.065165 4.591600 2.463463 -4.386599 -0.330029 0.177145 -3.607683 -0.699497 3.711576 -4.591280 -4.355613 1.921457 -0.585070 4.069483
391 1.5937514166 -3.925388 -3.091933 4.493247 4.706687 -4.125905 0.168070 1.933744 -3.608893 0.791389 3.431180 -4.838659 -3.650380 2.244816 1.154801 4.865098
392 1.5987669417 -3.869448 -1.556667 4.744663 2.434932 -4.879172 0.400108 0.335983 -4.109285 0.102212 3.703954 -3.889542 -4.672963 1.003483 -0.422050 4.792386
393 1.6039647517 -3.936986 -1.728465 3.011782 3.817192 -4.938482 0.692687 1.398092 -4.505806 1.370259 3.709939 -3.597318 -4.024070 1.519750 -0.617793 4.542263
394 1.5840978670 -3.955209 -2.956836 4.336766 2.507888 -4.435667 0.045177 1.439921 -4.837919 0.445248 3.694470 -4.887947 -4.623836 2.223498 0.359974 4.470866
395 1.7434891931 -3.966185 -3.583997 4.652238 2.481594 -4.939465 1.404609 2.349105 -4.982745 0.802821 2.855377 -4.600923 -4.989626 1.773206 -0.594382 4.968631
396 1.5854623900 -3.909567 -4.044733 4.618101 1.492740 -3.722779 0.207311 1.241859 -4.750351 -0.234784 2.776878 -3.773973 -3.609426 1.562557 0.823073 4.787493
397 1.6024212546 -3.934226 -2.898934 3.370451 2.259327 -3.540986 -0.526648 0.605243 -4.983008 0.619868 3.102667 -4.856413 -4.788675 2.798806 -0.146813 4.285648
398 1.5944536482 -3.933070 -3.970247 3.358678 1.929484 -4.560908 -0.392992 1.615073 -4.355190 -0.731806 4.499654 -3.918728 -4.126866 2.919928 -0.813588 3.812126
399 1.6083831475 -3.932003 -3.689856 4.900304 2.130375 -4.059749 -0.652410 1.023873 -4.801309 0.563469 2.705735 -4.830366 -3.652266 3.244567 0.154180 4.256241
400 1.5841160375 -3.882503 -2.450206 4.534814 1.828928 -4.113674 1.084199 2.434454 -3.890856 0.901425 4.146213 -4.710483 -3.839922 2.775437 1.143194 4.958683
401 1.6064022485 -3.890458 -3.707956 3.684634 3.671961 -3.427429 -0.074869 1.459876 -4.446826 -0.461117 2.715512 -4.034733 -3.518205 2.482514 0.840379 4.832247
402 1.7180487135 -3.986833 -2.793961 4.217085 1.790312 -3.932294 0.702051 0.862432 -3.780859 -0.408137 4.485615 -3.791425 -4.938139 1.513077 0.912241 4.887100
403 1.5904528514 -3.991337 -3.112945 3.710767 1.966254 -3.329699 -0.686367 2.546516 -4.889121 0.743227 3.712920 -3.739530 -3.675149 1.421317 0.980276 4.207749
404 1.6078037741 -3.907343 -2.251463 3.839052 2.134223 -3.843592 -0.575893 2.495897 -4.504492 0.828747 4.002567 -4.198997 -3.562078 2.029901 -0.698673 4.034467
405 1.6149103738 -3.958273 -2.856549 4.187474 1.563427 -4.760412 0.141739 1.673229 -3.870501 -0.585632 2.992027 -4.819909 -3.619587 3.265798 0.483444 4.381803
406 1.6096270822 -3.892649 -2.185241 3.730214 1.353689 -4.600975 -0.588463 0.593907 -4.888267 1.061478 4.308460 -4.821024 -3.634244 3.396591 -0.509846 3.668277
407 1.5871957779 -4.014161 -2.884527 3.540352 1.352618 -4.856336 1.106318 1.134779 -4.965482 -0.027517 4.887360 -4.446031 -3.857836 1.921982 0.149861 3.547446
408 1.5799434125 -3.956016 -3.119201 4.493275 2.021402 -4.878905 -0.092367 0.978155 -4.007201 0.653153 3.406851 -4.390195 -3.802864 2.969693 -0.719899 3.609402
409 1.5856076379 -3.901009 -2.378282 4.842820 2.320136 -4.799262 -1.125562 1.004200 -4.707287 -0.214910 3.702714 -3.900379 -4.536449 2.850837 0.557504 3.715725
410 1.5973375001 -3.913213 -2.743791 3.904571 3.438662 -3.458404 0.120209 2.114569 -4.289448 -0.039591 3.397762 -4.392655 -4.252369 2.027679 -0.770450 4.567012
411 1.6168289019 -3.901855 -3.623765 3.686970 2.532153 -4.387135 0.741045 1.211170 -3.120505 1.553639 3.283828 -3.370340 -3.139453 2.432223 -0.902322 3.283170
412 1.6391135071 -4.017584 -3.813062 3.368074 1.064562 -4.851901 0.593866 -0.100673 -4.910187 1.495513 4.068866 -3.548630 -3.779905 4.034102 0.121510 2.908498
413 1.5991919177 -3.936260 -1.928638 4.924137 1.104388 -4.801251 0.424894 0.144033 -3.992043 0.725635 4.508231 -3.262372 -4.326505 2.224211 0.401389 4.250872
414 1.6081017745 -3.990491 -3.426650 3.458994 1.814723 -3.833595 -0.678364 0.497948 -3.961596 0.018918 3.381096 -3.358001 -2.749452 3.067411 -0.225057 4.509498
415 1.6052982709 -3.987647 -3.762074 3.830720 1.489963 -4.952205 -0.873813 1.041757 -3.025177 0.406760 2.900210 -3.821370 -3.011420 2.942488 -1.016742 4.501039
416 1.6003411211 -4.019789 -2.810761 4.674918 1.773390 -4.738449 0.320072 0.178096 -2.835726 -0.497964 2.453537 -3.712679 -2.943573 3.540028 -1.382693 3.788605
417 1.5883709135 -3.921448 -2.505673 4.791321 1.748007 -3.877532 -1.227455 0.995069 -4.846568 -0.369677 4.272898 -3.623539 -3.030089 2.167483 -0.115172 3.860821
418 1.6080561521 -4.007828 -3.903398 4.299443 1.365668 -3.904042 -0.622873 1.920929 -4.836626 0.838171 2.861758 -4.842285 -3.145130 2.298989 -0.516158 4.389753
419 1.6113076329 -3.974839 -2.624498 3.721598 1.392894 -4.581035 0.720435 1.047710 -3.181466 0.558024 3.340214 -4.214220 -3.586656 3.901888 0.123672 4.584628
420 1.6290409363 -3.871398 -3.899805 3.757118 3.197541 -4.613443 -0.944640 0.804523 -4.509406 -0.444948 3.261728 -4.656719 -3.080914 2.598454 -0.671221 2.454243
421 1.6134293712 -3.994287 -2.160808 4.795469 3.046591 -4.150408 0.202008 0.055466 -3.705596 0.029011 3.847398 -3.270521 -2.886535 3.681573 -0.315039 3.648043
422 1.5984390680 -3.987936 -2.726535 4.263773 2.298070 -4.477655 0.322733 -0.088825 -3.509776 1.865040 4.041860 -3.209976 -3.301082 2.400172 -0.287844 4.096662
423 1.6019998031 -3.963988 -2.790254 4.761704 2.484048 -4.862494 -0.205973 -0.175215 -3.448650 -0.094380 2.918479 -3.409980 -2.857578 3.108524 -1.673825 4.380836
424 1.6129966137 -3.943844 -2.983501 3.911947 1.021024 -4.234397 0.825171 0.405839 -4.977032 0.460619 2.313943 -4.755572 -2.897448 2.114208 -0.358581 3.997135
425 1.6252452678 -3.865563 -4.096752 4.046457 2.416426 -3.692723 -0.672699 0.289731 -4.572409 0.528377 3.824581 -3.747333 -2.908284 1.802374 0.124747 2.914351
426 1.6173171476 -3.972352 -2.600381 3.999965 2.178883 -4.556122 -0.574425 1.554345 -4.433326 0.554351 3.745371 -4.280920 -3.687366 3.092413 -0.282645 3.119029
427 1.5927391184 -3.917253 -3.443544 4.956854 2.481801 -4.973188 -0.043247 0.387100 -4.341271 1.018402 3.715448 -4.344687 -3.304961 3.168127 -0.711422 3.585154
428 1.6112315926 -3.978194 -3.070431 4.356645 2.382875 -4.851209 -0.565222 1.480488 -4.591098 1.232245 3.675878 -4.273527 -3.350378 2.682659 -0.289633 3.231216
429 1.5789281164 -3.952243 -3.315779 4.617966 1.743690 -4.719495 -0.528105 1.176050 -3.764545 0.234235 3.808290 -4.179594 -3.436479 2.559003 -0.605308 4.011953
430 1.5971704362 -3.986570 -2.734626 4.174261 2.620368 -4.880966 0.344683 0.469436 -4.607222 0.702841 2.974918 -3.957887 -4.003848 3.095160 -0.815017 3.170064
431 1.6022070097 -3.981953 -2.964032 4.828803 2.063296 -4.692122 -0.465965 1.747928 -3.751735 -0.282002 4.045103 -4.251954 -3.227175 2.840239 -1.149685 4.130261
432 1.5934317881 -3.991260 -3.664115 4.486250 1.292981 -4.921092 -0.107446 1.452089 -4.258892 0.062735 4.410633 -3.848165 -3.122701 3.049177 -0.644848 4.447802
433 1.5881025523 -3.954034 -2.814233 4.279751 2.198096 -4.120185 -0.046502 0.751692 -3.999355 0.441136 3.599015 -4.748297 -3.468065 2.340542 -0.770097 4.099599
434 1.5970177931 -3.907741 -3.524276 4.956887 1.697291 -4.683807 -0.007118 1.224482 -3.875639 0.409033 4.286097 -4.664863 -3.647949 2.000123 -0.028218 3.699227
435 1.5986140019 -3.948082 -2.771731 4.983996 1.893503 -4.648026 -0.456192 0.990006 -4.005609 -0.349034 3.939699 -4.609082 -3.346071 2.060918 -1.119924 4.485404
436 1.5864072836 -3.941976 -2.852006 4.672099 1.426943 -4.440320 -0.729150 1.512046 -3.767847 -0.202367 4.411547 -4.107983 -3.040280 2.531911 -0.866450 4.300055
437 1.5968353382 -3.908260 -3.227647 4.864235 2.034222 -4.956441 -0.045355 1.586891 -4.326861 0.441343 3.914338 -4.609606 -2.989520 3.003632 -0.615401 4.124809
438 1.5961579373 -3.931391 -3.822070 4.704310 1.789217 -4.954374 -1.046820 0.635602 -3.779413 0.002956 3.522734 -4.581871 -3.689516 2.563824 -0.605253 3.624453
439 1.5947970670 -3.940940 -2.708226 4.182664 1.818109 -4.728802 -0.657952 1.347781 -3.328244 0.213945 4.263495 -3.828440 -3.325335 2.997297 -0.412353 4.087052
440 1.5880965208 -3.912426 -3.682513 4.360043 2.152845 -4.589605 -0.720540 1.162994 -3.433735 -0.337130 4.227305 -4.543705 -3.800698 2.873626 -1.012186 4.428975
441 1.5959224148 -3.946500 -3.408737 4.848281 1.488437 -4.763547 -0.312891 1.068894 -3.581473 0.418089 3.828739 -4.459251 -3.421500 2.378969 -0.695808 4.238575
442 1.5995559899 -3.934341 -3.360299 4.811499 1.973441 -4.926134 -0.529904 1.099033 -3.612745 0.381447 3.927729 -4.072276 -3.249066 2.357869 -0.635288 4.035929
443 1.5824930690 -3.940038 -3.479861 4.619071 1.933928 -4.790841 -0.560023 0.952933 -3.859248 0.539815 3.768711 -4.436362 -3.580882 2.411143 -0.316723 4.199004
444 1.5900422599 -3.950691 -3.332898 4.446072 1.771132 -4.940613 -0.316762 1.466202 -3.693819 0.072175 3.738693 -4.256592 -3.269460 2.731202 -0.606881 4.110081
445 1.5956353568 -3.946145 -3.243505 4.860520 1.687643 -4.666051 -0.614050 1.336557 -3.508423 0.042428 3.529991 -4.345924 -3.471368 2.671545 -0.735202 4.271004
446 1.5829051834 -3.961066 -3.297413 4.673320 1.578533 -4.980195 -0.460175 1.002479 -3.791269 0.546012 3.739721 -4.224159 -3.284807 2.310068 -0.369938 4.164586
447 1.5835979220 -3.944576 -3.248801 4.402777 1.465036 -4.757719 -0.547791 1.346317 -3.737102 0.167257 3.678104 -3.924193 -3.592366 2.789289 -0.310742 4.254990
448 1.5922648740 -3.954893 -3.165768 4.669285 1.504439 -4.618432 -0.739501 1.183524 -3.718741 0.315174 3.619322 -4.295550 -3.415787 2.833252 -0.592088 4.126870
449 1.6019071859 -3.932051 -3.098571 4.830408 1.516791 -4.425575 -0.440187 0.947677 -3.704129 0.074582 4.034627 -4.461362 -3.477701 2.738423 -0.323024 4.242212
450 1.5905716116 -3.951867 -3.094883 4.851840 1.747588 -4.920992 -0.375478 1.239049 -3.986445 -0.072116 3.899069 -4.114712 -3.461905 2.394254 -0.519855 4.171264
