evaluations raw_y x0 x1 x2 x3 x4 x5 x6 x7 x8 x9 x10 x11 x12 x13 x14
1 3.0799108044 -0.915151 4.247538 -4.979850 -1.460842 2.811565 -1.709380 1.079433 -3.231214 -1.034990 4.476823 -2.741647 -4.004066 4.510026 3.111343 0.819745
2 3.0395903746 0.326854 3.447612 -4.632468 -1.505283 3.169949 -1.390471 1.238927 -4.307490 1.303195 3.230572 -2.145297 -3.744276 4.952916 3.785765 0.645583
3 2.9224010706 -0.875892 4.400347 -3.410892 -2.529027 2.563219 -1.855839 0.633313 -4.338673 1.747794 4.957686 -2.660018 -4.139852 4.732748 3.316284 0.804504
4 3.0771775905 -0.063586 3.028299 -4.999800 -1.339668 2.239190 -0.157483 1.291108 -3.277115 0.242225 3.011956 -4.353040 -4.870200 4.900794 3.695059 -0.361026
5 2.9525069618 -1.487288 4.308936 -3.778593 0.110089 3.585459 -1.708698 0.197064 -2.360360 0.189649 4.023630 -3.796914 -3.102142 4.989736 4.537472 0.674859
6 2.9497113496 0.391479 1.935969 -4.278986 -1.846512 4.760888 -1.604306 0.337010 -3.993520 -0.339025 2.258427 -2.742699 -4.996358 4.944960 4.998377 -0.912974
7 3.2218886244 -0.823988 4.921579 -4.537505 0.294100 1.083174 -4.171805 1.685129 -2.597546 -0.907531 3.437147 -4.009957 -4.584313 3.740288 3.770247 1.953899
8 2.9450434630 -0.466426 4.343379 -2.167920 -2.069637 1.483072 -2.877342 -1.137930 -3.326229 -1.123968 3.789102 -3.226213 -3.886857 4.999996 4.880372 0.263705
9 3.1817324422 -0.236526 2.891703 -4.949553 -0.830038 2.180634 -4.806335 -0.408608 -4.243109 0.303251 3.419486 -2.592978 -4.840809 3.589594 3.824575 -0.321916
10 3.2686917334 0.643751 4.390132 -4.535521 -1.267364 1.616306 -4.340279 0.521308 -2.213477 -0.194716 2.959453 -2.397824 -4.267809 4.377512 4.418737 -1.139281
11 3.0866976247 -0.221596 2.969723 -4.031683 -1.129269 3.483864 -4.796393 1.745300 -3.642483 -0.929748 4.022868 -4.502126 -4.923181 3.737372 4.753029 0.606810
12 3.2950532472 0.141869 4.498790 -4.991227 -1.254352 2.661639 -4.422115 -0.697065 -3.762416 -1.127865 4.944251 -4.335226 -4.786181 4.811140 4.673860 -1.392668
13 3.0661490670 -0.715910 3.720851 -4.591786 -2.194984 2.799809 -2.910439 0.778836 -4.746859 0.649973 4.998779 -1.546351 -4.303081 4.786393 4.077514 0.511394
14 3.1232807536 1.331481 4.734502 -4.996437 -1.202100 3.280647 -0.823315 -0.469903 -3.261594 -0.276680 3.229400 -2.676650 -4.826696 4.788338 4.953276 1.185788
15 2.9847732224 -0.582133 4.252115 -4.408842 -3.195577 3.295392 -0.600831 -0.939981 -4.253815 0.693210 3.163523 -2.914794 -4.469783 4.996510 3.997457 0.934653
16 2.8693647727 1.564884 3.461421 -3.683018 -0.092354 1.531313 -1.558564 -0.415863 -2.318057 0.460265 3.925226 -3.596913 -2.416164 4.893548 2.760396 2.339581
17 2.9804557690 -0.157320 4.086375 -4.038722 -0.752791 3.367974 -1.394710 -0.470107 -4.902688 1.056047 3.544666 -1.836740 -4.769714 3.563618 3.584893 0.711689
18 2.8422223415 -0.262387 2.638353 -3.125783 -1.656286 3.987340 -1.535635 0.664719 -4.125121 -0.842900 3.791990 -2.879376 -4.820484 4.375479 3.668480 -0.317583
19 3.0726723156 -0.829006 4.015015 -4.944447 -1.823085 2.874668 -2.495010 -0.026017 -4.993805 -0.987845 4.254910 -3.522893 -4.961316 4.952970 3.601214 0.754724
20 3.1496863573 -0.756558 4.895607 -4.629133 -1.184020 2.437951 -0.707395 -0.329162 -2.773859 1.151922 3.818062 -1.307780 -3.897632 4.117583 4.512779 -0.376331
21 3.0356657126 -0.667363 4.325546 -3.850873 -0.763708 3.055117 -3.085293 0.048120 -4.335122 -0.420242 4.481506 -1.908035 -4.928411 4.873326 3.680697 3.007437
22 3.0354298919 -0.894106 3.502384 -3.662299 -1.684322 2.401884 -1.990587 0.819302 -3.143313 1.685013 3.727263 -2.094026 -4.904989 4.274361 4.993732 -0.140128
23 3.1248349946 -0.645514 2.092154 -4.999373 -1.765692 3.042146 -3.538536 -0.642464 -4.018976 0.959213 3.671575 -2.333661 -4.573931 4.738849 4.377656 1.291562
24 2.8753968678 -2.143932 3.873190 -4.588108 -1.734174 3.230006 -1.825450 -0.754120 -3.906218 -0.518040 4.445408 -2.201780 -4.880608 4.641335 4.411515 0.197811
25 2.8537788159 -0.816300 3.397368 -2.438214 -1.956690 2.783485 -1.173826 -0.586307 -3.065313 0.478427 4.979365 -2.407958 -4.447614 4.994176 3.221802 1.159818
26 2.9147378856 -0.447379 3.034576 -3.773016 -1.562733 4.962154 -0.926705 0.408503 -3.180589 1.167218 4.558719 -3.770077 -3.939364 4.460184 3.444294 1.116943
27 3.1151140759 1.197857 4.133147 -4.782754 -0.899239 3.509237 -1.112390 0.401071 -1.790565 -0.091375 4.973179 -2.216606 -3.930189 4.859927 4.061284 1.335812
28 2.8971728458 -0.505982 2.462551 -4.059624 -1.485400 2.753062 -1.489550 0.184587 -3.947738 -1.714418 4.780985 -4.061475 -4.274807 4.532148 2.805656 -0.395981
29 2.9030250380 0.000116 3.009059 -4.033019 -0.796594 3.113678 -0.627500 -0.458409 -3.909739 -1.202080 3.165098 -3.769042 -4.618482 4.339405 2.063613 0.378259
30 2.7315843340 -1.431490 2.785405 -2.656541 -0.422794 4.100020 -1.137167 1.007975 -3.765541 0.545745 3.527893 -3.337101 -4.986344 3.653477 4.520779 0.394039
31 2.9244333178 1.355601 2.169318 -4.292211 -1.639312 3.282606 -3.391108 0.255583 -4.705509 -1.572971 4.988254 -2.021488 -4.988619 4.261837 4.978592 0.498611
32 2.8212830388 0.765791 2.271438 -3.102258 -0.807538 3.787551 -0.250166 -0.542309 -2.866507 -0.773880 4.453363 -1.763931 -3.429906 4.739331 4.357293 2.026690
33 3.0174713636 -1.139603 4.978110 -4.126982 -1.022244 2.011617 -0.465012 0.872957 -4.050759 0.196476 4.600769 -1.247297 -4.845106 4.768222 4.768510 1.591116
34 3.0519703853 0.373960 3.551091 -4.326554 -0.985590 3.890017 -1.181234 0.285558 -2.606924 -1.138147 3.786936 -3.010796 -4.539170 4.714759 3.994910 0.960436
35 2.9417492876 -0.632162 3.554421 -4.351624 -0.289800 2.945320 -0.377040 0.490487 -4.210640 -0.664772 4.999990 -3.410471 -4.530011 4.877112 3.750306 0.846517
36 2.9344891417 1.171661 4.139677 -4.535111 -2.082641 3.967906 -0.092056 -0.535016 -3.742256 -0.179798 3.912072 -3.364180 -4.015194 4.804045 3.631019 1.441224
37 2.9127498420 -1.150365 2.546920 -3.332767 -1.049565 2.124796 -1.925001 -1.014717 -1.888287 -1.644464 4.980865 -1.398459 -4.347775 4.296048 3.805378 0.361755
38 2.9922025395 -1.125825 2.412288 -4.944907 -1.482834 1.579748 0.075753 -1.098528 -3.209149 0.089583 4.247230 -2.748599 -4.406769 4.141002 4.204642 1.402469
39 2.6989174424 -0.319348 1.355602 -1.634434 -0.734025 3.679674 -0.716769 -0.063207 -3.642539 -0.051012 4.893301 -3.229911 -3.910682 4.606556 3.243624 2.191313
40 2.8365959389 -0.619611 2.951502 -1.767179 -0.998483 3.578848 -1.851982 -0.921198 -3.381203 -0.438633 5.000000 -1.315859 -4.887737 4.350237 4.599156 0.208995
41 2.9652727509 0.147652 3.181372 -3.855806 -0.258676 3.654212 -1.980145 -0.994256 -3.108489 0.710837 4.551674 -3.727445 -2.941161 4.084560 3.007102 2.173124
42 2.6871540333 -2.140054 1.532129 -3.712258 -0.803965 3.332738 -1.060721 0.066868 -3.876879 -0.095326 4.194534 -1.675580 -4.978374 4.853859 4.501675 0.622410
43 2.9501681079 -0.038685 2.319292 -4.748575 -0.136342 3.944176 -0.949472 -0.338345 -3.027102 -1.553013 4.818010 -2.502309 -3.492433 4.325274 2.125469 2.353770
44 2.9468147601 0.065674 2.660451 -4.366594 -0.572085 3.017592 -1.693921 -0.907021 -4.605435 -0.143039 4.739396 -1.378166 -3.210732 3.396228 3.984516 1.153783
45 2.7481767694 -0.439762 3.331399 -1.943249 -0.546486 3.812548 -0.937072 0.667129 -3.031524 -0.384252 4.285779 -3.585913 -3.317505 4.776477 1.939137 1.387188
46 3.0207567959 0.214023 3.827668 -4.540307 -1.160593 2.877752 -0.721106 -0.327154 -4.486419 0.090065 3.584372 -3.116154 -4.855284 4.526222 3.713020 1.879071
47 2.8262662935 -1.320072 3.386361 -2.460067 -0.052499 2.216876 -1.087194 0.259565 -2.567236 0.663934 3.180510 -4.252736 -4.570426 4.940463 3.446126 2.154147
48 3.0869317852 -0.810561 4.425073 -4.968973 -0.823021 3.541817 -0.655962 1.179700 -3.238157 -0.345995 4.306813 -1.940771 -4.380538 4.099710 4.026951 0.719890
49 2.6103772278 -0.979064 1.870028 -2.076211 -0.714472 4.704404 -0.306682 -0.961031 -4.956716 -1.229117 3.913910 -2.422647 -3.972168 3.800363 4.380776 0.874049
50 2.4573271612 -2.090961 1.206895 -0.711594 -1.183318 3.741619 -1.149793 1.457653 -3.506257 0.082125 2.982926 -3.495084 -4.486237 4.935163 3.763259 -0.650796
51 2.7328708365 0.023769 0.437294 -2.704178 -0.263458 4.134115 -0.563660 -0.377173 -3.947167 0.347389 4.541858 -2.573423 -4.224360 3.325986 3.707459 2.173294
52 2.7285434557 -0.737429 2.309086 -1.523985 -1.509238 4.172696 -0.705214 0.081401 -3.267957 0.243138 4.813939 -3.087942 -4.556536 4.432518 4.017820 0.538949
53 2.6059684516 -1.102186 0.248380 -1.071615 0.282336 2.946874 -0.444283 -0.239424 -3.444407 -1.007450 4.493467 -2.710352 -4.830543 4.669455 3.806905 2.368507
54 2.8807850094 0.276351 1.351691 -3.971941 0.909095 3.983288 -1.436082 0.122768 -3.476447 0.962537 4.924292 -3.439789 -3.627950 4.368813 3.528224 0.513253
55 2.4544026463 -2.122028 0.977587 -2.322796 -3.031083 4.906545 -1.806601 1.356765 -3.463306 -0.518822 3.011171 -3.499866 -4.634121 3.795274 3.876797 -0.078132
56 2.7451840563 -1.822545 3.313616 -3.407509 -0.893110 2.336604 -1.792953 1.199277 -3.363903 -0.786759 4.418905 -2.931430 -4.252070 4.283536 2.530910 1.635664
57 2.5909778776 -1.844077 2.080302 -2.642477 -0.148051 3.083939 0.400161 0.435442 -3.090788 -0.940235 4.982390 -3.526905 -4.763746 3.903330 3.285539 1.192642
58 2.7746364953 -1.937521 3.303387 -4.047944 -1.972961 4.135962 -1.828915 1.947613 -3.971174 0.165051 4.879518 -2.955014 -4.079906 4.900831 4.336936 1.974569
59 2.7101178566 -0.851877 0.959105 -2.540051 -0.091084 2.617572 -1.129334 1.661367 -4.748486 -0.025951 4.937459 -2.323993 -4.994280 4.497744 4.337734 0.564688
60 2.6365025176 -1.667581 1.899071 -2.046227 -0.400521 2.791332 -1.683004 -0.101693 -4.106959 -0.165875 4.830005 -1.983841 -4.503258 4.615454 3.749854 1.996203
61 2.3751116090 -2.756645 0.838242 -3.165194 -1.791756 3.852717 -1.341983 1.378680 -4.998851 -0.472202 3.261239 -1.628761 -4.750655 4.737558 3.227208 -1.161625
62 2.0569195547 -3.103991 1.435658 -0.002550 -2.092694 2.550154 0.518529 1.496976 -4.456498 0.422285 4.499889 -3.508224 -4.203406 4.877599 3.712904 1.854331
63 2.5593046768 -0.051783 0.828410 -1.122888 -3.111997 4.730307 -0.822184 2.416167 -4.127019 -0.167831 1.897293 -1.939678 -3.946835 3.831569 4.566741 -1.599759
64 2.1644590643 -2.675677 -0.809606 -1.852451 -3.220098 4.897220 -0.568260 -1.062118 -4.610118 -0.715799 3.635401 -3.105647 -3.894345 2.884681 4.991651 -0.950399
65 2.3891431413 -2.193139 0.883053 -1.486866 -2.516446 3.563412 -0.756501 0.711015 -3.701078 1.276121 3.619962 -4.311926 -4.999358 2.891109 3.095127 -0.228505
66 2.4780966993 -2.157924 0.564528 -2.212045 0.820605 3.756260 -3.334245 2.782767 -4.582808 -1.223136 4.231919 -3.394271 -4.548343 4.597204 4.199620 -0.193553
67 2.3561019134 -2.446081 1.974074 -0.088425 -2.475981 4.810528 -1.925659 1.871746 -2.271452 -1.101317 4.029664 -4.216279 -3.913797 4.850247 4.472840 -1.526513
68 2.4677172949 -2.209430 0.399791 -1.670480 -0.908284 4.966537 -1.520944 2.179177 -2.800886 -0.808901 2.427071 -4.153538 -4.849992 4.888071 3.964042 1.141849
69 2.3890432619 -2.222377 1.906379 -0.526476 -1.520406 3.209609 -0.507494 0.969320 -2.695149 -0.387174 4.971655 -3.268594 -3.844692 4.289071 2.087156 2.656073
70 2.3419135635 -2.608104 -0.024720 -2.431998 -0.836925 4.101336 -0.101214 -0.337709 -4.488186 -0.983916 4.997174 -2.168479 -4.856434 3.944426 3.592259 -0.309328
71 2.3015678824 -2.552957 0.939046 -2.367906 0.083273 4.031938 0.147791 1.246583 -4.165414 -1.487351 3.940943 -3.715134 -3.728226 4.997099 2.273101 0.264023
72 2.6732837272 0.668852 0.259383 -1.069718 -1.830941 4.865470 -2.205414 0.372563 -3.155459 -2.128731 4.292915 -4.805918 -4.413601 4.975254 4.717211 1.174240
73 2.2272524204 -2.685117 -0.491661 -2.426961 -2.948169 3.911642 1.090835 0.737601 -4.122862 1.650493 3.196180 -3.561490 -3.897551 3.872950 4.191314 0.284917
74 2.5187459770 -1.561206 1.172870 -2.661025 -1.364978 4.321624 1.046290 -0.690267 -4.839148 -0.922454 2.509777 -1.003071 -4.056810 2.110571 4.025011 -0.499391
75 2.5300332417 -1.082724 1.596868 -1.246929 -1.561691 3.436918 0.670824 1.932937 -4.107431 0.829592 4.427710 -4.163566 -4.058598 4.596542 2.064405 0.852963
76 1.8632129528 -3.844686 1.679057 -0.983425 -1.277260 4.999850 0.356849 0.106022 -4.041614 -0.607462 4.861533 -4.408616 -3.906979 4.995990 4.871024 -0.484414
77 1.8521192760 -3.865524 1.293939 -0.622770 -2.612831 3.972637 -0.924129 3.639592 -2.206076 -1.379333 2.397569 -4.517657 -4.723972 4.910299 3.387701 0.865385
78 2.4044730779 -2.167961 -0.130907 0.780302 -2.767048 3.066868 -0.499377 -1.798975 -3.344863 1.307201 4.971339 -2.343212 -4.873055 4.915878 4.273836 1.676757
79 2.1068031179 -2.695180 -0.697834 -0.560099 -3.231663 4.881830 0.032520 1.362118 -4.336355 -0.680542 4.084851 -3.562524 -4.255571 4.883660 2.529187 1.528186
80 2.5433710464 -1.636758 1.475067 -2.172747 -2.392885 3.756276 -0.822356 0.087157 -3.872133 -2.042507 2.189792 -3.165445 -4.812977 4.055153 3.796825 -0.623473
81 2.4759769001 -1.277818 -0.050150 -0.161343 -3.167175 4.303371 -0.176320 0.653306 -2.726337 -0.953161 4.844677 -2.504777 -4.326103 3.748869 4.699257 0.050224
82 1.6136491725 -4.147293 -1.242657 -1.815752 -1.501158 4.523838 2.347508 2.886604 -4.892811 0.710355 3.681386 -3.051498 -3.589476 4.997463 2.695416 1.767612
83 2.0559511322 -3.249964 -0.752467 -1.553062 -1.977379 4.342906 0.099276 0.987607 -3.796153 -0.218857 4.992545 -4.650564 -4.475129 4.197880 4.236297 2.534803
84 1.4491537528 -4.821693 0.840921 -0.585003 -1.755477 4.659888 -0.447781 -0.635596 -3.441849 0.698428 4.551180 -3.663040 -4.835961 3.254915 1.634734 -0.163830
85 1.8784121282 -3.693562 0.564243 -2.274614 -2.554783 4.547929 -1.320715 3.619977 -4.610889 0.058310 4.814117 -1.615376 -3.664678 3.844873 2.420090 -2.130477
86 2.4576560490 -2.301761 1.909747 -1.965010 0.215943 4.041480 -1.901541 0.100039 -4.033108 1.130223 3.058266 -1.708526 -3.794921 2.311550 3.439355 2.145176
87 1.8762966680 -4.047673 -1.184990 -2.436064 -2.352668 2.729946 -1.265907 1.198334 -2.538610 0.735137 2.532724 -4.974356 -1.166685 4.551539 3.579955 1.958754
88 1.3886812681 -4.904390 -1.251646 -0.884407 -1.594426 4.988247 -0.144575 -0.487261 -4.580681 1.599188 4.630187 -0.831557 -2.172734 4.998594 2.515909 -1.375806
89 1.4016422494 -4.860172 -1.384081 -3.396279 -4.297726 4.999934 -0.055153 -0.313281 -3.684754 -1.723847 4.784897 -4.941379 -4.297070 4.434857 3.446924 -0.514341
90 2.0569390607 -3.269929 -1.160550 -1.578488 -1.850528 4.897996 -1.198906 2.547142 -3.416966 0.755841 4.978967 -4.997231 -4.951003 3.534882 3.665073 0.613017
91 1.4114365796 -4.646417 0.590864 -0.356071 -1.720116 4.855732 1.199491 0.522706 -4.336673 -1.748497 4.999349 -4.415951 -4.999351 4.883423 2.270314 0.511922
92 1.7584977970 -3.773960 0.768155 1.198928 0.148672 4.889120 0.623533 1.856616 -4.829172 1.243386 3.358633 -4.003395 -4.981417 4.720209 2.135837 3.147317
93 1.5690126311 -4.742658 -0.380330 -2.791559 -0.569813 3.652094 0.540572 1.706353 -3.232266 3.587342 2.835729 -4.867722 -4.657299 3.012341 0.803288 0.076690
94 1.2954973409 -4.889403 1.044260 -1.282014 -3.162076 3.634422 0.245912 3.772002 -3.911244 0.067836 4.995335 -3.723178 -4.636391 3.757674 4.406147 0.205031
95 1.2369427405 -4.852693 -0.812027 -0.677204 -3.564846 4.943501 0.451824 2.818763 -3.408296 0.902504 4.434078 -3.766102 -3.327254 4.063302 1.592189 -0.264059
96 1.5587698787 -4.415293 1.081958 -1.146878 -1.503482 3.870582 -0.018953 1.235950 -4.550093 -0.167267 4.996549 -4.827393 -4.849510 2.885131 2.345760 0.058854
97 1.2349360700 -4.953717 -1.929735 -0.785008 -2.831341 3.359998 0.104247 4.966588 -2.839380 -0.591858 4.104314 -2.381913 -4.917911 3.800532 1.448769 0.627326
98 1.2797240933 -4.937959 0.578682 -0.390307 -2.946984 4.989436 1.505992 1.801920 -3.777303 1.582286 4.724284 -2.584277 -4.932149 4.982101 2.269762 -1.393519
99 1.5548309165 -4.564184 -0.297355 -1.469645 -0.031784 4.720016 0.386972 0.222627 -4.685278 1.619356 4.344233 -2.381282 -4.291222 3.934458 0.157089 1.344200
100 2.3152416882 -2.680157 -0.065071 -4.957845 -4.760022 3.689200 1.165573 0.639562 -4.834626 1.404520 2.389601 -3.315811 -4.446157 3.855332 3.500737 -0.460970
101 1.1157400433 -4.903878 -1.249525 -0.722402 -4.995206 4.163663 0.614865 3.288303 -2.010379 -1.156237 4.979955 -4.837769 -3.280957 4.080229 0.672697 1.657493
102 1.9607725803 -2.968436 -0.934875 1.508196 -2.534948 4.894358 -0.195119 2.874481 -4.989317 0.319482 4.998173 -2.309540 -3.737277 4.221388 3.503496 -1.821853
103 2.1207189453 -2.692241 0.961283 -3.095216 -3.446683 4.537804 1.334992 3.818117 -4.943435 0.304039 4.369074 -3.242097 -2.343099 4.418414 3.930512 -0.576406
104 1.2329582876 -4.997139 -0.849913 -1.162880 -2.897173 2.564527 -0.126151 1.663473 -4.978822 -0.198191 4.974833 -4.997958 -1.485477 4.971415 2.658907 -1.928138
105 1.7463866715 -4.681145 4.952040 -3.963742 -1.516586 3.512420 -0.332687 2.740270 -3.565730 -0.507360 4.813667 -4.571462 -2.669611 3.806562 1.209343 -2.290912
106 2.2275822193 -3.055567 2.576263 -4.047063 -4.047392 4.514192 -0.988466 1.188567 -4.744617 1.327750 3.158463 -4.825174 -0.368488 4.822051 3.774398 -1.569862
107 1.6324905203 -4.038918 1.409581 0.103466 -0.322467 4.517034 2.568352 3.063640 -4.060158 1.892550 2.903695 -3.062479 -4.700391 4.477718 -0.054504 -1.208961
108 1.8835020468 -2.887218 -0.295732 -0.979646 -4.936602 4.814934 -0.709816 3.531557 -3.698976 -1.275546 4.560033 -2.835405 -1.500249 3.999584 4.277115 0.469587
109 1.7096333945 -4.429384 1.554653 -2.517043 -4.372269 2.932572 -2.576255 2.449516 -2.369804 -0.057442 4.995828 -4.878780 -4.390901 4.687737 1.450990 0.265109
110 1.7227360452 -3.016543 -1.436619 -0.794934 -4.990794 4.677729 1.753555 4.672125 -3.656957 -2.167008 2.966985 -3.881298 -3.053726 4.941660 3.927270 -0.805499
111 1.9194417433 -3.159390 -2.500765 -1.014810 -4.836172 1.058441 2.718732 3.295770 -0.557888 0.659410 3.975037 -3.286018 -2.567857 3.778678 1.066874 -1.004760
112 1.3999233500 -4.388676 2.607183 0.250885 -4.155279 3.477076 1.171085 4.346548 -2.773933 -1.505282 2.865210 -3.370792 -4.805022 4.999070 -0.668125 0.461607
113 1.0860680184 -4.967376 -0.119944 -1.385044 -4.448440 4.926998 0.094166 3.738277 -3.862920 -0.111234 4.987790 -1.287234 -3.479719 2.752488 1.114022 -2.445082
114 1.7076713651 -3.761552 1.813655 -0.712713 -3.319001 4.945424 1.132614 2.378049 -3.431641 -0.298836 4.755311 -4.363197 -2.840033 4.301985 1.182635 0.881855
115 1.3686563157 -4.745479 0.056653 -2.773994 -4.594401 4.530987 -0.411852 3.447128 -4.718009 1.473282 3.561534 -0.948799 -3.387129 3.977482 2.781700 -0.695315
116 1.0350749661 -4.711949 1.609303 -0.958653 -4.761402 4.853999 1.731087 4.970480 -4.418388 -0.626651 4.548174 -4.262011 -1.672030 4.091049 0.174317 1.913737
117 1.1446998024 -4.968833 -4.978219 0.004073 -4.143265 3.150653 2.086854 2.893287 -1.815025 -0.927425 2.529085 -4.719084 -1.885026 4.343242 1.421461 -1.730337
118 1.1995416166 -4.989184 -2.995104 1.469308 -3.091377 2.936462 1.667911 2.903362 -1.448891 -2.161947 2.172100 -2.650773 -2.118018 4.971249 -0.849330 0.129022
119 1.7593692257 -3.812364 -1.453125 1.616515 -3.825729 2.834038 -0.445901 0.969281 -3.609758 0.068199 4.382198 -3.876581 -4.996258 4.514960 0.822727 0.158343
120 2.3684801426 -1.891839 -0.887096 -2.424126 -2.715769 2.563656 0.007380 2.577816 -4.954791 -0.749504 4.351519 -4.033039 -3.415575 4.756495 -0.414311 0.336588
121 1.5714056891 -3.699044 -1.841289 -2.070502 -4.589544 4.666686 0.859824 4.415747 -3.896294 -4.005525 4.874646 -1.877282 -2.559968 3.447420 1.835893 1.127270
122 1.8653161148 -3.280832 -0.890501 -1.575828 -3.195728 3.864149 2.087893 3.755152 -2.833829 -1.971200 3.589288 -3.202841 -3.364951 4.344568 -1.463538 0.895578
123 1.2453991794 -4.597793 2.015525 -3.063787 -4.587795 3.704237 2.396273 3.947143 -4.563221 -2.074234 2.966773 -4.034246 -1.076895 3.692288 -2.514333 1.169964
124 0.9296338845 -4.991752 1.742002 0.157550 -4.872462 4.157011 2.114367 2.718185 -4.946764 1.620601 4.445395 -1.912948 -1.454356 3.579807 -1.045718 0.958918
125 1.0771272304 -4.988725 -3.260650 -0.872088 -4.970489 2.934616 0.960288 3.416745 -2.221110 -4.245148 3.848129 -3.148166 -4.460878 4.995199 0.283073 1.631605
126 2.2844466588 -3.182169 1.314231 -3.581149 -2.099760 2.807765 -1.967124 4.431160 -3.967639 1.442699 4.585440 -4.657563 -4.934624 4.249808 1.424242 1.202408
127 1.7141012006 -4.443700 1.522750 -4.979690 -4.674520 3.573652 -1.603753 4.994165 -3.613130 -0.091736 3.485151 -2.481544 -1.280477 4.863944 -0.098031 1.530111
128 1.5536934424 -4.480381 -2.274856 -1.739871 -4.045194 1.915571 -0.151801 0.888440 -3.472178 1.711173 4.930723 -1.025699 -2.370993 4.357568 0.241612 -1.004722
129 1.4947512106 -4.053604 -1.888980 -1.472144 -4.996771 3.776453 -1.574580 4.095472 -4.408676 -0.874077 4.240182 -3.373675 -1.776399 4.651291 0.285957 -2.233050
130 1.7886761320 -3.476854 1.774784 2.028468 -3.064211 4.430031 1.227342 4.522523 -3.562679 1.128745 4.973833 -2.533508 -3.393456 4.511953 4.337838 -0.660605
131 0.9358630127 -4.952689 -4.446134 0.401889 -4.387194 4.866265 3.475034 4.507219 -4.733893 0.435168 4.628185 -2.620073 -1.178703 3.414554 3.382883 -0.767984
132 1.7070326826 -3.618575 -0.183886 1.943195 -0.916967 4.149393 3.962915 3.787333 -2.634946 2.059055 3.829072 -0.419217 -1.050046 1.066073 -2.362696 -0.457761
133 1.4502888706 -4.330646 -0.326790 -0.417372 -2.936467 1.286970 2.483347 4.996886 -4.324199 -0.762705 3.845890 -1.858091 -4.194445 4.718778 4.058427 -1.579334
134 1.4770522850 -3.670525 -2.314992 2.426069 -4.827503 4.628558 4.544371 3.080590 -4.528885 -2.170120 3.635156 -2.208909 0.366480 1.974617 -2.511728 1.014719
135 1.4977607756 -4.479528 -4.967187 0.948622 -2.769463 2.477559 2.625620 2.754630 -2.345960 -0.996187 4.966865 -1.991299 -2.476699 3.499905 0.480435 1.886738
136 1.2031753721 -4.469466 2.159933 -1.188576 -4.142469 2.987023 1.697155 4.774836 -4.975069 0.620122 4.134419 -3.814998 -0.866228 1.314892 0.920474 2.039309
137 1.5214858456 -3.914002 -2.429027 0.572875 -3.168320 4.593095 1.756699 4.338427 -2.815006 -2.338173 3.221753 -3.142289 0.179665 3.021976 0.402769 2.093725
138 1.7214350414 -3.170685 0.340407 -0.765534 -4.357805 4.177593 3.993334 4.881254 -2.892628 1.425586 2.125613 -3.816878 -1.066245 4.739058 0.640572 2.918068
139 1.9018240009 -2.976921 -4.921716 0.637465 -3.439429 1.761811 3.363763 4.892829 -4.847650 -1.695327 4.992219 -0.936196 -3.277322 3.771804 0.200975 0.265358
140 1.8607199016 -2.677542 -2.576436 1.444304 -4.689949 3.215502 4.982059 3.741750 -4.701438 2.312905 4.772913 -2.513042 -3.937657 4.439871 0.373391 1.014648
141 2.1468461072 -1.613524 0.808344 1.446167 -4.936768 1.559266 2.363693 0.088116 -4.573334 -0.301955 2.116545 0.916660 -1.157372 2.984470 -0.749145 0.220000
142 2.2952507866 -1.067663 -0.066848 -1.596126 -4.876327 -0.557267 3.354369 3.157916 -2.987047 1.046866 1.896673 -3.542360 1.020174 3.778405 2.891578 2.715072
143 1.9195278497 -3.033944 0.807716 -1.348098 -3.375259 4.094360 0.617489 4.736956 -4.048583 0.927727 4.543955 -1.388552 -2.383750 3.835708 0.265937 2.422234
144 1.6156134981 -4.295929 -2.446407 4.071481 -1.076358 4.204814 1.159540 0.888554 -4.351296 -2.442158 3.222143 -3.292455 -2.825613 3.944608 0.374029 2.437369
145 1.1045430608 -4.952125 -2.232079 -1.649283 -4.482659 3.388090 3.579551 4.408969 -2.544106 -0.639473 4.856569 0.180222 -2.127097 3.347988 -2.014537 -0.187124
146 1.9887565624 -2.217253 -2.593403 3.781350 -4.078258 3.303917 4.989517 3.868999 -4.040634 -3.099130 3.162090 -2.193076 -3.391941 4.737972 0.690777 2.196815
147 1.7479024009 -3.297808 -1.629720 0.535028 -3.140966 4.152315 2.335882 4.676832 -4.414391 1.376499 2.686515 -1.477596 -1.888602 2.871063 0.347014 2.629184
148 1.9075606235 -2.807782 -2.151661 3.082879 -4.122905 2.880258 4.882094 4.521195 -1.344302 0.756982 2.155124 -0.923389 0.846626 3.236648 0.325070 1.302581
149 1.1014978588 -4.857741 -2.693174 -0.053369 -3.519802 4.447777 3.161606 4.556786 -4.133771 1.257924 3.915848 -2.233401 -1.598622 4.605571 1.363929 2.860045
150 2.0921703095 -2.122580 -0.754201 0.477545 -2.102263 4.159405 3.193120 3.714671 -3.981891 0.008297 3.947439 -1.031719 -0.498665 3.746361 0.669359 2.288990
151 1.6403339442 -3.633247 -2.391074 -2.002842 -4.585005 3.943113 0.325983 4.977105 -4.187089 -1.500041 4.595575 -1.642970 -0.704541 3.979590 1.351379 0.343681
152 1.7905056187 -3.775010 0.027634 -2.079916 -2.203442 2.377667 4.101542 0.393227 -4.183336 1.013534 4.870480 -1.955709 -1.932002 2.050709 1.263341 1.682191
153 1.4156483913 -4.588316 -4.841274 -1.460787 -2.727203 4.668670 2.310863 3.791111 -4.129200 2.140848 3.064360 -3.494987 -0.652905 2.932149 -1.004571 2.582734
154 2.1301999184 -2.298735 1.997649 0.388928 -2.670124 1.862696 2.614614 4.488024 -3.740783 1.803343 3.321704 -3.038505 -1.543816 4.250219 2.055455 0.970469
155 1.7220706070 -3.146837 0.455494 0.935305 -3.144241 4.948414 2.830738 4.093059 -3.072595 2.571746 4.143050 -3.032003 -0.006294 0.587303 2.960995 1.207609
156 1.2500190009 -4.558657 -2.052602 0.190547 -4.563960 3.767434 3.232904 1.048770 -4.243482 -1.309544 4.833034 -3.154936 -3.340541 2.635764 -1.862203 1.980824
157 1.5591672170 -3.554494 -1.693888 -0.949923 -3.810629 4.988710 4.887344 3.452293 -3.648884 -1.450637 1.917615 -3.397642 0.675770 4.380220 0.915300 1.373161
158 2.4110985813 -1.374894 -3.942127 2.605594 -3.233821 3.794821 4.246497 0.765914 -1.725114 -2.627683 4.460963 -0.766817 -2.799128 2.066407 1.227266 -0.742674
159 1.1186649149 -4.876165 -1.919460 -0.829243 -3.723344 1.835708 4.956433 4.223285 -4.233081 2.383846 0.183318 -4.326442 -0.124350 3.511962 -1.811370 0.681536
160 1.2723969862 -4.901786 -4.053478 1.194988 -0.383215 2.985698 4.544587 2.565384 -3.821575 -0.517646 3.620326 -2.654215 -1.056634 1.633472 1.242734 -1.097482
161 1.2524685155 -4.965525 -1.875246 -3.868951 -4.320084 1.834674 4.323131 4.944081 -3.501394 1.790558 3.870147 -1.744944 -2.056007 4.115953 -0.812374 1.405277
162 1.0374672916 -4.888231 -2.425973 0.398685 -3.712277 4.966397 4.519681 4.999516 -3.091654 1.406503 4.397604 -2.435983 -2.699642 3.766579 0.666640 0.099453
163 1.9088371468 -3.592486 -4.739790 -4.564923 -4.742879 3.442833 4.104271 3.278603 -1.720333 -0.479717 3.665721 -1.382054 -1.697690 3.416755 2.691192 2.080842
164 2.0948067559 -1.659447 -4.399258 3.031609 -4.822042 3.571857 4.381502 3.643251 -4.730972 -0.460292 3.747113 -1.148369 -0.253878 4.895379 1.103963 2.633269
165 1.3501379352 -4.434960 -4.426388 0.456351 -4.934418 2.557096 4.767635 2.971062 -0.663846 -1.119554 1.686442 -1.064137 -1.961032 4.545301 -1.241431 -0.539159
166 1.3873787917 -4.498697 -1.636347 -1.319502 -4.330144 4.271524 4.958115 1.474808 -3.928193 1.957954 4.754631 0.847564 -4.873121 3.546764 0.892288 2.997444
167 1.7586898711 -3.923336 -4.196503 -1.080974 -2.600176 0.853094 2.372617 2.687850 -4.331989 1.394890 3.082666 -2.309537 0.727832 3.236036 -0.429995 3.228054
168 1.3318331655 -4.309216 -3.653042 -0.057697 -4.883182 2.564181 4.189477 3.093677 -4.876678 -0.125215 4.880655 -0.519330 -2.119332 2.514777 -3.171625 3.767529
169 1.1225624114 -4.772809 -3.158414 0.144971 -4.004742 4.325507 1.850183 4.994012 -3.035209 2.118838 4.463805 -1.766991 0.703115 1.783658 -4.480305 1.261833
170 1.7422667709 -3.174700 -1.102602 1.290614 -3.720678 3.721394 3.395191 4.494890 -2.541662 -1.195667 1.620048 -4.598707 -2.233322 3.706060 1.076426 -0.640796
171 2.0627225860 -2.537779 -2.618273 -1.232434 -3.803141 3.429108 3.924598 2.546063 -4.601595 3.553429 1.572461 -1.623203 -2.884797 3.505126 -1.244160 -1.446670
172 1.6786543134 -3.425477 0.928436 0.359527 -4.825602 3.101629 -1.167132 4.664750 -4.955030 1.875075 3.304795 -3.747914 -0.138181 4.553108 1.227839 -0.697625
173 2.3634899015 -1.792988 -2.945703 -0.763104 -1.325260 2.221944 3.423351 4.998143 -2.967168 4.702569 0.605564 -0.537364 -3.436360 2.190213 1.623549 2.077960
174 1.5833698400 -3.720773 -2.623252 0.893803 -3.027427 3.245860 3.234170 4.874249 -4.911015 -0.232177 2.319775 -1.751129 -3.571622 1.393334 0.161218 -1.307047
175 1.8518030216 -2.815218 -1.076071 -0.678746 -2.066792 2.720482 4.644809 4.480222 -4.549844 -1.728834 2.944965 -3.270848 -0.352033 4.869511 2.568320 0.535269
176 1.7476222369 -3.617025 -4.974651 -0.366663 -3.238582 4.012522 1.070669 4.321253 -4.352958 0.022426 0.387031 -2.245601 1.424323 4.497665 2.090852 0.851516
177 1.2527537523 -4.655291 -0.627384 -3.142367 -4.016689 4.343746 3.551223 4.996647 -3.750667 -0.011377 4.892513 -1.062413 -2.979987 3.892359 -4.545827 2.181967
178 1.1847298765 -4.864855 -3.995614 2.345985 -3.901783 3.336748 0.967297 3.867203 -4.104544 1.220939 0.453554 -3.888072 -1.129447 3.187543 0.339336 -0.168909
179 1.4334314858 -4.395078 -2.557119 2.204541 -2.858196 1.756471 3.407291 3.468580 -4.993750 3.429155 1.970494 -4.932649 -2.801161 4.754900 -1.906843 2.086506
180 1.2373576620 -4.583353 0.955608 0.713117 -3.874479 0.386047 4.985896 3.494766 -3.839295 2.857037 3.353077 -4.896049 -4.818468 2.517279 -1.676430 -1.149711
181 1.8236918441 -3.400146 -3.280905 2.939900 -2.874305 1.936766 4.109432 4.593550 -3.341364 1.747095 2.799682 -0.827520 2.194878 -0.869381 -1.900074 1.258973
182 1.5948477605 -3.845291 -4.844305 4.006460 -4.798771 4.923112 1.557824 2.728523 -4.670842 -2.536287 3.872836 -1.267744 -1.873731 1.379228 -0.463926 1.550059
183 1.6887906488 -4.114786 -2.520982 1.276953 -1.718591 4.884676 -0.237697 1.414704 -3.398343 0.747901 2.002422 -3.842010 0.325188 3.145603 -3.162799 -1.548172
184 1.3374186808 -4.723168 -2.409466 2.978918 -3.244535 4.906995 -0.539031 3.093200 -4.339768 2.158809 2.174496 -4.074478 -4.190892 3.704480 -2.848438 3.086047
185 1.1741857847 -4.996237 -4.855713 -0.576962 -1.688438 2.752360 1.396416 4.288804 -4.111188 4.373881 4.062029 -4.485324 -2.662699 0.497455 1.199574 3.178111
186 1.7122931338 -3.714851 -0.716845 -1.112236 -2.060441 4.079557 3.245243 1.614807 -4.951606 -2.339955 -0.371576 -2.778963 -0.084565 3.128865 -2.175550 -0.244834
187 1.8402890227 -3.622788 -4.965706 1.566221 -3.350000 3.371596 -0.430609 3.343134 -4.923076 1.795090 3.340677 -0.359450 -3.472598 2.582290 -1.731901 1.652922
188 1.6316988349 -3.341300 -4.320393 0.468170 -4.999948 4.429986 3.508469 4.167938 -4.889520 4.283279 4.982988 -2.640928 -2.106430 2.128534 -3.529686 -1.936526
189 1.1820792881 -4.483154 -0.726728 0.108967 -3.936552 1.920195 3.062824 3.532944 -4.909353 2.962306 4.981701 -2.689875 -1.834601 -0.178696 0.722422 -0.490454
190 1.2059896240 -4.768982 -3.746427 0.717165 -2.132526 3.620824 3.636273 3.103812 -4.545963 3.115570 4.622038 -3.230657 -2.822433 0.956553 2.000556 -1.151744
191 1.1615334818 -4.972986 -0.647710 3.227905 -2.896997 2.765263 4.998727 3.700936 -4.198112 1.385655 -0.564912 1.003808 -2.974422 1.985615 -3.344521 -2.747495
192 2.1693123194 -1.773300 -1.615619 -4.371484 -4.515213 4.989510 4.933892 4.819895 -3.747227 4.005583 3.606770 -4.806350 -4.654597 1.477696 -0.159735 -0.308463
193 2.2594561653 -1.807921 -1.990619 -2.028696 -0.411626 3.190660 3.706616 4.869206 -4.907358 4.587934 4.391470 -3.050485 -3.243924 2.643601 2.168825 -3.492729
194 1.4807495653 -4.822151 -4.865408 -2.923806 -1.877627 1.570993 0.538393 4.875822 -4.407117 4.628816 2.797713 0.728150 -4.464955 0.354379 -0.292467 3.742708
195 1.0079625090 -4.973192 -2.400589 -0.079650 -4.231380 2.983213 3.111510 4.726924 -4.962695 -0.584493 2.381232 -2.934142 -4.952091 3.557730 -1.002304 -0.540006
196 1.1493098819 -4.885557 -3.178984 3.014648 -3.048793 2.609823 0.548530 4.936067 -4.645246 4.958918 4.331627 -0.953096 -2.105553 1.296443 -3.168359 -3.894478
197 1.2758596930 -4.268182 -0.946450 2.740642 -4.828845 3.056981 4.976743 4.296760 -2.131091 2.040855 4.667337 -1.606327 -3.403370 1.096084 -1.690134 -3.171124
198 1.2124130698 -4.757072 -4.801361 2.219092 -4.612051 3.886597 0.699031 4.320333 -4.961371 1.713405 2.488122 1.130259 -1.995521 1.714671 -1.382937 -2.395053
199 1.2592318264 -4.482414 0.569229 0.679928 -2.152099 4.962030 4.488183 2.110988 -3.612438 3.332559 2.312483 -1.034474 -3.423514 -1.320521 1.652254 3.526902
200 1.2963448705 -4.561250 -1.952927 3.068516 -4.893599 4.000724 1.628062 0.723297 -3.153997 -0.298821 2.175942 -2.947244 -1.959266 3.988867 -0.259809 2.008844
201 1.4089466331 -4.681597 -4.441202 3.740335 -3.787102 0.007558 -0.065574 1.162169 0.324792 2.402935 0.367088 -4.359270 -0.610814 0.538184 -0.545366 -3.132730
202 1.2352689238 -4.883277 -3.282273 1.134217 -3.964751 0.727920 3.515690 3.382618 -1.675944 4.068274 0.806095 -4.218982 -4.418517 2.825121 -1.643949 -0.829926
203 1.3791819819 -4.259639 -1.506066 0.348108 -3.114889 3.143805 4.887931 4.297387 -3.924489 3.314799 2.172300 -3.341592 -1.002163 3.832272 -4.024702 1.796941
204 1.6117097368 -3.752628 -1.625743 1.793226 -4.878874 4.586037 1.208765 4.747230 -3.152707 4.557617 3.580589 -1.404991 -4.517851 4.985183 -0.972072 1.658393
205 2.3299505133 -1.571319 -2.757845 3.308778 -2.221239 -2.330012 -1.730857 4.482510 -4.660584 4.988763 2.934935 -2.292393 -4.983530 -1.087998 -4.529130 -3.793355
206 1.7094850000 -4.043249 -4.935220 -0.420440 -2.213988 -0.185474 3.595476 4.807622 -4.058130 2.331148 2.818445 -2.315485 -1.871112 0.519729 -2.815565 0.161491
207 2.2425777966 -2.035963 -3.599703 4.243142 -4.363992 1.769640 -0.961501 4.368134 -4.298179 1.629837 2.328478 -0.514850 -3.980728 2.256375 -0.407660 -3.413485
208 2.1323270448 -1.622658 -3.433126 4.228110 -4.986051 4.382410 4.597945 4.989398 -3.345195 1.377873 1.814595 -1.508976 -3.274011 1.528004 -0.222618 -1.200464
209 1.5193019876 -4.081023 -3.098034 2.294024 -4.417976 4.949892 1.696850 2.454043 -3.375085 0.898155 4.359779 -1.115259 -1.915423 2.719115 -4.999699 1.901205
210 1.1927960358 -4.998546 -3.614019 -3.274446 -4.896175 4.080078 4.029975 1.914111 -4.675957 1.495022 1.711809 -1.500583 -4.264033 2.686801 -2.139503 -1.525971
211 1.4472170032 -4.246754 -0.460013 -0.007882 -2.928956 1.595910 -2.833184 4.939450 -2.898527 4.281889 3.226501 -0.139234 -2.719061 -0.361459 -1.492839 -1.595873
212 1.7988513918 -3.356229 -4.210838 2.112146 -3.259743 0.663833 -3.045533 4.865927 -4.977199 3.130355 3.560367 0.822883 -1.767820 -1.024273 -2.305267 1.990169
213 1.1993640786 -4.896233 -3.631027 1.515308 -3.949615 1.308962 -2.511965 3.774406 -2.527959 3.226356 3.902474 -1.521073 -3.321165 2.084556 -1.378245 -4.062012
214 1.5107472508 -4.446825 -3.862675 1.544609 -0.296094 4.299695 3.260271 1.423992 0.980910 2.385168 4.982172 -2.171107 -4.552935 -2.381983 0.301381 -2.177778
215 1.1968849917 -4.776821 -4.104924 1.610986 -4.994178 0.435337 0.767490 3.114697 -4.948880 2.811267 3.428275 -1.766566 -2.825543 2.014603 -1.906617 -0.682943
216 1.7537821480 -4.330408 -3.364356 4.442491 -2.058511 0.264664 4.958773 2.977620 -0.195148 2.385587 4.999781 -4.978194 -3.249958 4.831946 -1.140771 0.190130
217 1.2789564835 -4.608507 -2.078310 -0.352980 -4.865894 2.311934 0.188434 3.377035 -4.003494 3.517334 -2.948706 0.046489 -4.141814 1.091432 -1.387052 -1.865852
218 1.4625723109 -4.229545 -3.086569 1.782421 -4.270152 2.695043 4.977563 2.520153 -2.967602 1.210518 3.575790 -0.850065 -3.216121 1.229762 -2.806872 -2.691829
219 1.2893438350 -4.591938 0.465550 2.797790 -2.651571 3.847444 1.028053 2.129322 -2.956952 4.988376 0.841284 2.033525 -3.569924 -2.023370 -0.449578 -1.893134
220 1.1867218429 -4.849959 0.048361 -0.114281 -4.246112 3.194424 0.918838 3.910145 -2.168754 3.090885 -1.192165 -1.603275 -2.557624 2.195442 -1.064645 2.631717
221 1.2556638102 -4.702652 -3.023950 -1.488715 -4.999328 0.054629 0.621792 4.967024 -0.454535 -0.480931 2.916869 -0.034793 -1.414496 2.850355 -1.431954 -3.382202
222 1.9887451524 -3.136686 -4.139214 -2.060078 -3.518847 4.919757 -0.172537 4.337479 -4.406976 2.802059 4.483235 0.535616 -2.703075 3.781929 -4.996460 -3.113571
223 1.9681680891 -2.389196 -4.130482 1.779219 -4.330786 4.211893 0.601024 4.371737 -4.458372 0.139044 3.919565 -3.337770 -3.805041 1.463118 -0.455558 -2.122618
224 2.0611427598 -3.087945 -4.454820 4.701781 -2.991602 3.331094 1.330811 2.857834 -4.937207 -0.122557 3.160484 -1.805007 -2.661334 0.614139 -1.431876 0.147716
225 1.8936127162 -2.813582 -1.620768 -2.901203 -4.468150 4.966288 2.546444 4.946049 -4.574617 3.511872 4.807052 2.884580 -3.685768 -0.180242 -2.009768 -4.256737
226 1.4344875604 -4.401122 -1.873380 0.347932 -1.583648 -0.506970 4.330113 3.329524 -4.395672 4.924801 4.967304 -3.543764 -4.204562 -0.104278 -4.999971 -4.361260
227 1.3182886359 -4.932629 1.884061 -2.316165 -1.524461 2.444979 3.755222 3.370973 -4.196035 2.616554 0.584938 0.087027 -2.963759 -0.989023 2.096523 0.815325
228 1.3389981495 -4.774135 -4.999893 1.873056 -2.348252 4.511266 2.450361 4.905897 -4.205594 2.183936 4.988040 -0.283676 -4.719261 4.632928 -1.700185 -3.900013
229 2.2522973788 -1.637102 -3.396341 0.517649 -2.541418 3.476972 0.983410 4.918964 -3.914608 2.490871 0.660393 -1.958171 0.280029 0.082126 0.349945 -2.211037
230 1.3557654216 -4.364627 -2.308506 -1.062224 -4.986194 3.087039 1.574184 4.964691 -4.575616 4.416961 -1.262598 2.621297 -1.575717 0.375047 -2.691098 -0.495088
231 2.1676978338 -3.010496 -2.963411 -4.417980 -4.744542 -0.839336 1.146816 4.995672 -4.619377 1.398006 0.082054 -0.158365 1.656929 2.391707 -2.714280 1.280916
232 2.0103833702 -3.950035 -2.221651 -4.932413 -2.866965 2.491697 2.319967 2.841321 -4.667183 3.359474 -1.061458 2.377238 -4.522871 -0.073500 -2.144738 -0.594425
233 2.1704696971 -2.041042 -4.450031 0.618926 -4.756835 1.544742 2.332885 4.929544 -1.802133 4.989204 -2.233151 1.515117 -4.730957 1.856867 -1.444554 -3.460101
234 1.8317869884 -2.898333 -4.024860 -0.106431 -4.997944 3.122480 0.669959 3.962324 -4.814214 3.784832 1.492192 -3.790957 -1.822243 0.576038 -3.228004 0.762179
235 1.5545709866 -4.693366 -4.666927 3.618946 -2.106039 3.396946 -0.305723 4.841618 -3.228661 2.519261 -1.495897 0.351203 -1.645443 4.280552 -4.660916 -2.053165
236 1.5135935931 -4.491348 -0.933532 -1.900854 -0.158071 2.614034 1.516155 4.582305 -2.784873 -0.248051 3.936714 1.347787 -4.873291 3.784798 -2.961672 4.999992
237 2.3475860983 -2.051778 -1.869707 4.375490 -4.625803 0.367789 -0.129995 4.254093 0.114975 3.549537 1.808131 2.800947 -4.481629 4.474413 0.656101 -2.043401
238 1.6886804862 -3.755985 -2.561190 -1.821566 -4.407882 4.438822 0.875491 4.381172 -4.568128 2.565683 0.066628 -0.945293 -1.955476 4.574476 1.449348 -0.515757
239 2.0121178174 -3.437657 2.059784 -2.185414 -3.293583 0.198315 -0.626332 1.332804 -2.455975 0.044470 0.292366 3.273177 -4.998800 -2.984047 -0.906572 -0.796116
240 1.3948167910 -4.723664 -3.909730 -1.357956 -4.016959 2.020292 2.749859 1.551503 -0.560727 4.503809 0.932246 -0.854604 -2.485584 2.421309 -2.427552 0.981896
241 2.0638639649 -2.477365 1.007650 2.456931 -4.545115 3.776062 -1.975239 4.195129 -0.897773 1.465009 -2.499530 2.783430 -1.548285 2.271839 -2.396355 1.565156
242 1.5404935779 -4.887969 -2.558114 -3.307294 -2.779934 1.554569 -0.631818 2.775091 -4.589291 3.890504 1.906235 1.561687 -4.076492 3.215095 -2.053475 1.758003
243 1.0927700512 -4.932839 -4.167415 -2.812918 -4.603837 4.905937 2.538962 4.691265 -4.294678 4.353134 2.606142 -1.747249 -2.504271 0.109988 -2.874404 0.849773
244 1.9831440461 -2.829111 -4.997111 -1.364318 -4.998016 4.947587 4.908696 4.359269 -2.857101 2.488730 0.920015 3.867358 -3.979935 1.278177 -1.166409 -1.986386
245 1.5439650016 -4.811125 -3.301917 -4.476100 -3.211469 1.392817 4.145674 4.843440 -3.791876 4.245178 2.154429 1.918331 -3.601912 2.129786 -3.177459 -0.057584
246 1.4733393301 -4.095617 -0.697477 -0.369875 -4.997742 1.627087 3.035887 2.718184 -4.045616 4.625390 -2.805973 1.142632 -4.855482 0.645238 -0.329918 1.135057
247 1.8653148978 -3.717662 -2.730685 -1.436207 -2.826170 0.832195 4.066697 3.530264 -0.946370 2.578158 -0.077996 3.265661 -1.558574 0.004172 -4.102971 -0.313100
248 2.1234577821 -3.361202 -4.888597 1.733019 -1.293536 1.836672 -0.188331 2.365169 -4.583054 2.752300 -0.281539 -1.540915 -4.202171 2.639247 -3.762859 0.473622
249 1.5637652210 -4.096357 -1.941350 -0.542925 -4.914540 0.999584 2.793049 0.871245 -4.729241 2.158474 -0.074552 2.098545 -4.974938 0.119444 -4.582318 0.001481
250 1.8793409011 -3.398277 -0.256649 -1.976090 -3.907643 1.462657 -0.059067 4.469251 -3.341165 3.388972 -0.825874 1.949958 -3.651295 -0.013084 -3.957412 4.218443
251 1.8417546298 -3.768250 -3.015839 0.371618 -1.511223 4.652815 1.445039 2.063270 -4.322723 4.550386 0.807039 -0.721757 -4.179242 2.900882 -4.965848 -0.746301
252 1.9829840614 -3.477874 -4.969523 -1.085892 -3.277632 3.025904 3.635645 2.622548 -2.923809 3.069497 2.217946 3.458370 -4.407350 1.168905 -0.528477 1.097303
253 2.0190081764 -3.818150 -0.709223 -3.129424 -1.004908 -0.931468 -0.270136 2.205979 -4.477481 4.907035 -0.961259 -0.717923 1.005432 3.898153 0.058976 -0.848355
254 1.9104547164 -3.567652 -3.373330 -0.910570 -2.055617 3.864195 2.749115 2.737464 -3.472572 3.898553 1.717742 1.152718 -4.949258 0.921663 -4.989397 0.155172
255 1.6346182847 -4.103953 -0.243078 -3.566958 -4.934950 -0.793927 1.955980 4.999725 -4.098717 2.726214 2.306642 2.001243 -4.942012 -0.779061 -2.669573 1.091082
256 2.3315523881 -1.171835 -3.669792 0.068373 -3.861953 3.002543 3.423333 4.124031 -2.715768 3.360517 -2.028620 -1.005353 -3.660254 1.209564 -2.128814 1.809175
257 1.6410434809 -4.464595 -4.917706 -3.614398 -4.582484 2.540007 4.798197 0.397457 -4.613497 -1.730038 1.644122 0.831483 -3.401396 -1.886940 -3.689757 0.857312
258 1.3785228325 -4.969349 -1.911737 -4.315363 -4.985411 2.312152 4.043054 3.131983 -1.170006 3.981099 2.280094 -1.404858 -3.619740 4.963804 -1.550829 2.573081
259 1.6200657494 -3.872639 -2.471798 -0.045850 -3.781049 4.917895 -0.481524 4.798987 -3.863967 3.936604 2.206638 0.626813 -3.614859 2.938042 -2.992762 -2.655153
260 1.7013582744 -3.718127 0.558290 -2.351986 -2.430240 3.870425 4.343274 4.985054 -1.946344 4.894210 1.845676 -2.477535 -4.392955 -1.093848 1.105979 1.761586
261 1.8673320214 -2.967916 -4.696663 1.290279 -4.658414 3.656636 2.081350 4.848445 -4.138223 4.077698 4.805340 -0.482853 -4.922497 2.326113 -0.376842 0.856960
262 1.9661697073 -2.520760 -4.990282 1.055172 -3.463948 3.338677 -0.262604 4.704895 -4.897820 1.997549 2.049698 -2.482342 -2.917359 -2.509831 -1.433714 0.625291
263 1.9024948833 -4.034294 -3.274055 -4.222561 -3.712893 1.161130 0.032562 4.421073 -4.489128 3.543598 -2.283055 2.008623 -2.951639 -0.431809 -2.499238 0.408751
264 1.7498779270 -4.036148 -0.714289 -2.871956 -2.795438 4.945398 3.060911 2.999883 -4.368367 4.998645 0.751923 4.933687 -4.852680 0.297964 -3.097203 3.038077
265 1.8517751731 -4.755079 -4.613613 -4.998098 -1.925470 -3.219318 1.448080 -0.351617 -1.675480 4.759458 2.683975 1.708421 -3.362797 2.331808 -4.411666 2.191125
266 1.5219942115 -4.286525 -4.933662 -1.643293 -4.847826 1.867865 1.296040 4.753816 -4.990684 4.358216 0.967817 -0.931458 -4.761576 2.432131 -4.655008 4.512722
267 1.4460839184 -4.996041 -2.289032 -4.879457 -2.585577 4.988801 1.649778 3.886200 -3.651369 4.451628 -0.082737 0.480388 -4.075601 -0.296542 -3.703330 2.499087
268 1.1843086666 -4.859447 -3.576452 -2.635039 -4.999387 4.998565 3.641534 4.011895 -1.159906 4.807059 4.882518 -1.362736 -3.251850 2.581677 -2.512000 2.087468
269 1.3039366271 -4.909190 -0.688172 -2.281217 -2.697909 2.221015 2.947066 4.991768 -0.687058 3.195886 -0.326358 0.184834 -3.975508 -0.304574 -2.177699 -0.943249
270 2.0546011362 -3.985025 1.525274 -4.343300 -1.455438 0.064708 2.653009 1.228353 -2.141933 4.303308 0.835174 0.190782 -3.501829 1.310546 0.824871 4.284533
271 1.4518508178 -4.872666 -1.689809 -3.902326 -3.422301 4.313923 1.372443 2.547824 -2.801473 3.566948 2.530017 -0.576387 -3.017607 2.848472 -2.268714 2.905013
272 1.5036116445 -4.896858 1.733630 -3.938741 -0.706294 3.122882 2.374613 4.634617 -1.538667 4.141211 -1.561796 0.044052 -2.302658 4.276117 -4.221194 0.180474
273 1.6355832202 -4.212170 -0.450764 -3.900986 -4.992514 -2.121631 4.912548 3.191781 -2.893034 1.650103 1.959815 -0.395010 -4.168829 -1.348926 -1.504702 -2.104620
274 1.3112789829 -4.999591 -4.733262 -0.373758 -1.896180 3.744716 1.602163 2.842989 -4.169576 4.758822 0.521619 -1.954257 -4.903246 1.915778 -1.961464 -0.681974
275 1.9389796528 -3.385215 0.627978 -2.664662 -2.414998 2.730521 3.501712 1.618239 -4.344357 4.962273 0.657408 -1.940162 -0.856578 3.198370 -1.760671 0.730389
276 1.2438982984 -4.966497 -1.778292 -3.977431 -4.479290 4.242944 4.844462 3.520946 -4.677378 3.583735 2.953597 0.556140 -4.595924 2.826118 -2.233852 2.623106
277 2.2448586741 -3.012547 -1.711391 -3.759341 -1.830506 2.997152 1.491748 4.431641 -1.496482 4.223609 4.888879 -2.950527 -3.290522 4.820746 -2.386584 0.143598
278 1.2230775869 -4.971699 -3.329992 -4.657331 -4.328050 4.189060 3.726926 3.693540 -2.660162 4.687039 3.619257 -2.920073 -0.349427 -0.739448 -1.427539 3.041079
279 1.2156530010 -4.828541 -4.985386 0.250200 -4.999931 4.271820 1.155167 4.484360 -3.392164 4.265629 0.511025 1.696214 -2.948547 3.296171 -1.446610 0.666253
280 1.7262700139 -3.792066 -4.207006 -3.494129 -4.337164 4.534795 1.910545 4.919837 -4.805897 4.973134 0.575858 -0.511482 -3.867195 0.359442 -4.301685 4.444596
281 2.0174389069 -3.877871 -3.550481 -4.992910 -2.142014 2.421622 4.458589 3.711029 -3.416621 4.255186 2.732986 -0.907148 -3.242076 4.855799 -2.002383 2.708043
282 1.9260863617 -3.413519 -2.904073 -3.032483 -3.397416 3.384474 2.813410 4.952996 -4.796053 2.970751 1.498093 0.314648 -4.617231 2.443753 -3.401362 3.491745
283 1.7512322561 -4.010514 -2.985312 -3.720913 -2.854188 3.647601 -0.227701 4.897502 -1.299236 4.967343 3.667036 0.817826 -3.607925 0.351293 -3.816000 -0.542347
284 1.2537463008 -4.932874 -4.321453 -0.950506 -3.613127 2.590757 3.876527 3.518423 -3.582797 2.789568 -1.860824 -3.920390 -4.194133 3.598409 -3.845173 2.012630
285 1.5640680611 -4.406347 -4.666818 -0.205072 -3.072820 4.109131 4.257398 1.736727 -0.295457 3.649555 3.121452 -3.140031 -3.232337 2.569877 -4.621042 4.999706
286 1.8228185119 -3.670658 -4.977468 -1.158623 -4.607970 1.099142 3.739293 4.147708 -0.676083 3.030610 3.023698 1.281659 -4.998665 2.317952 -3.602553 -0.812541
287 1.4466844394 -4.427591 -2.441404 0.247514 -3.162095 4.949090 1.018820 4.895460 -2.968172 0.802192 2.969505 -0.746627 -4.972688 4.959804 -3.999723 1.341550
288 1.2399287218 -4.988985 -2.319318 -2.923892 -4.356121 4.784807 3.791802 4.264120 -3.745726 2.350239 0.880207 2.120147 -4.712899 3.142152 -1.133619 1.671978
289 1.2846405465 -4.582586 -2.279639 -1.207181 -4.996704 4.359677 4.177222 3.555614 -2.697818 3.994645 0.322924 1.323203 -2.828389 4.894263 -3.003423 2.199280
290 1.1993102546 -4.559946 -3.084364 -1.327077 -4.815487 4.264161 4.998830 3.915464 -4.230257 3.195574 3.790473 -2.235890 -4.973865 1.838516 -3.641500 -0.108245
291 1.2656735720 -4.837464 -3.832783 -0.989179 -3.632548 1.568213 4.989807 4.822350 -4.828590 4.733610 1.435897 0.469218 -3.612033 4.890114 -3.773584 2.684795
292 1.8020818252 -4.210990 -4.691817 -4.526265 -2.018110 4.276027 3.569888 4.963396 -3.814441 0.572738 2.164090 -0.077387 -0.873956 3.620862 -4.208152 0.247695
293 1.3301411170 -4.449440 -1.298477 0.039094 -4.792758 4.973249 2.679968 3.412497 0.325203 2.761013 -2.615509 -0.264503 -4.989476 1.397153 -3.175289 2.896926
294 1.2104083364 -4.989016 -4.237654 -4.310104 -4.977552 4.288986 3.971103 3.832375 -4.956334 3.554338 4.714085 -0.790181 -4.837773 2.548277 2.856417 -1.168319
295 1.7080244719 -3.762062 -2.511280 -1.544662 -4.251071 4.249497 3.738798 2.735774 -2.990476 3.608976 2.107446 -1.255247 -3.364598 4.812762 -1.803674 2.959030
296 1.6636055495 -4.386150 -4.409137 -1.082262 -3.343215 4.998221 -0.489121 2.319056 -0.606046 4.932900 1.767531 -2.248365 -4.619839 4.992453 -3.095611 2.095232
297 1.7534052275 -3.707746 -4.067654 1.172713 -3.163571 2.378889 2.382691 2.393889 -4.562411 3.095928 1.366884 0.479700 -3.337635 -0.324601 -1.694979 3.185127
298 1.3147436420 -4.778051 -4.654383 -0.291940 -3.551945 2.286749 4.037649 3.008199 -3.281181 1.468452 3.973398 -2.741385 -4.587621 4.884844 2.153618 2.644574
299 1.2951282688 -4.482611 -2.935924 -1.078206 -4.989083 4.222218 4.090820 4.584459 -4.082294 4.239110 1.508966 1.289121 -4.245462 2.753537 -1.434062 0.335229
300 1.4724727913 -4.086488 -3.567647 -0.147814 -4.725879 3.438098 3.000631 4.673887 -4.426752 -0.578539 -1.186088 0.015942 -4.946325 2.686305 -0.911225 1.675548
301 1.4218182624 -4.973416 -1.434559 -4.770542 -3.193103 4.420562 3.220626 1.847534 -4.582656 4.863801 1.390845 -2.228233 -4.425939 2.664373 -2.886799 0.445200
302 1.0857654063 -4.554366 0.621305 0.405006 -4.968183 4.333498 4.931290 3.482586 -4.697498 4.999770 1.920485 -1.721099 -2.465817 3.808111 -1.894740 -3.337443
303 1.1771609411 -4.695281 -4.141946 -2.300032 -4.997187 3.378341 2.199102 4.980067 -3.924673 4.727894 3.030671 -0.782500 -3.868939 0.117485 -1.350955 -1.448964
304 1.3030020170 -4.512672 -2.167655 -1.751599 -3.748135 4.193694 4.690609 3.922834 -4.640043 3.684887 3.660176 1.105794 -2.478760 1.932041 -2.233935 3.926087
305 1.3698501657 -4.240720 -0.262299 -0.302890 -4.527329 2.618818 4.456318 4.719848 -1.185308 4.744734 4.185693 -0.851334 -4.228895 0.671046 0.125300 0.693942
306 1.3088828235 -4.936690 -4.436891 0.454484 -2.771568 4.637670 4.073478 1.041291 -4.100922 3.343040 1.847356 -0.389245 -3.171183 4.839333 -0.879490 2.215917
307 1.2624959828 -4.453546 -2.131243 2.260071 -3.887095 4.499442 4.988038 4.697835 -4.543242 3.945772 1.757946 0.763042 -4.135170 1.644091 -1.738572 0.776976
308 2.0526779902 -2.223020 -3.641564 -0.636168 -4.977643 3.123573 4.127491 3.476885 -4.997543 3.619745 4.224856 1.117011 -3.072457 2.384813 -1.700970 -0.328750
309 1.1201000250 -4.969131 -3.331300 -2.328538 -4.303212 3.738262 4.499929 4.996867 -4.251962 4.016272 2.109733 0.483100 -4.531743 0.651892 -4.870520 -0.543215
310 1.3757493965 -4.362773 -2.199980 -0.472151 -4.528025 4.952625 3.240685 3.510361 -3.172108 3.504955 2.992528 -2.645514 -3.690890 4.949795 0.243135 -0.264128
311 1.8750432237 -3.191144 -4.983775 -1.581621 -4.188248 3.746483 4.318599 4.058472 -2.924481 4.301677 4.111617 -4.900395 -2.444489 2.840169 -3.311336 -0.120186
312 1.0587084056 -4.928890 -2.813474 -1.424392 -4.438813 4.857958 1.852115 3.745002 -3.096330 4.413520 2.189563 -1.652912 -4.409743 -0.031526 -0.177051 0.621986
313 1.1874850251 -4.978120 -1.973074 -2.421798 -3.652855 4.468592 4.058105 3.374125 -4.414992 2.412880 1.129729 -0.049810 -1.547639 3.935005 -3.103853 0.777419
314 1.2361842843 -4.774350 -1.572045 -2.810839 -4.002126 4.528355 4.833408 4.431537 -4.146011 4.830144 3.492632 -1.578866 -3.628082 4.045500 -0.744261 -0.289902
315 1.0446203901 -4.637819 0.290991 1.374317 -4.907906 3.191934 3.076762 2.181201 -4.999226 3.750018 3.781356 -3.981630 -4.334216 0.796929 -1.972913 -2.285127
316 1.3929658758 -4.390325 -0.973926 -1.271407 -3.449291 3.131421 3.909042 3.501363 -4.283271 3.469081 3.144633 1.840719 -4.019491 -0.210675 -1.910192 1.234281
317 1.2548867770 -4.992828 -4.991704 4.170275 -2.410727 4.647084 3.482424 4.427817 -4.260472 4.114359 4.994172 -4.229468 -4.210877 4.994909 0.092251 2.632567
318 1.5349068314 -3.980264 -4.422577 -2.042573 -4.442730 3.145170 2.618699 4.547688 -3.662755 4.485310 3.843805 -0.326252 -2.832133 0.039444 -0.533483 -2.623563
319 1.1099888689 -4.910713 0.181457 0.917049 -3.672901 3.294701 4.998942 1.782868 -3.318256 2.001266 4.059277 -0.815708 -3.738214 2.232729 -4.335953 0.708338
320 1.3630739124 -4.609631 0.067183 -1.986842 -3.625380 2.866737 3.525727 3.975305 -3.013972 4.247129 3.490138 -1.339200 -4.398207 1.741105 0.733331 -2.520132
321 1.2425242136 -4.674176 -2.707351 -2.459609 -4.066649 4.959170 1.792302 3.866720 -3.719159 4.960406 0.409642 -1.733771 -3.663020 0.463235 1.437021 -2.475108
322 1.5042287079 -4.063432 -0.681861 -0.419483 -4.989636 4.390715 3.026271 1.391582 -2.196129 2.722143 0.880659 -1.603544 -3.762615 3.463693 -3.397041 1.263187
323 1.3867248573 -4.484317 -2.445489 -2.597305 -4.803150 4.251908 4.919605 1.974849 -2.193028 4.767573 2.880319 0.001982 -4.768953 0.805175 -4.580836 0.235337
324 1.2528913292 -4.999767 -4.273779 -4.260753 -3.374764 4.897307 4.991618 3.139530 -4.976428 4.990007 2.155013 0.035509 -3.757010 -0.629275 0.692989 -0.440241
325 2.1661072864 -2.873365 -3.950143 3.873409 -0.583924 0.998857 2.812435 4.853793 -4.890782 2.501947 0.699098 -2.264666 -4.367283 1.330096 -1.820813 -0.893277
326 1.0575714759 -4.577292 1.721273 1.337703 -4.913692 3.289520 4.296410 4.267334 -4.745312 2.038963 1.641135 -2.213958 -3.706179 2.497641 -2.918905 -1.609600
327 1.0047582678 -4.837885 1.620700 0.443621 -4.714486 4.355415 4.853389 2.650173 -4.939470 4.784537 4.580843 -2.959940 -4.618685 4.134231 -1.859703 -2.414468
328 1.3382138553 -4.382964 -1.103292 1.021308 -3.450795 4.626230 3.429903 4.752050 -3.598585 1.566751 -1.833432 -1.197318 -3.810967 1.334309 -3.967617 -1.273495
329 1.1318265848 -4.999097 2.823051 -2.443282 -3.205614 3.533589 4.583424 4.026490 -2.973946 1.016860 2.767601 -2.461125 -1.988423 0.759094 -0.696830 1.474331
330 1.5254369296 -3.784143 0.410779 1.420850 -3.091663 3.630126 4.177761 4.957252 -4.277631 0.537347 4.294566 -0.477425 -3.353839 3.255186 0.636025 -3.499589
331 1.3842878957 -4.735157 -3.918562 -3.216078 -3.540686 4.988047 4.772029 -0.163707 -4.442262 2.795459 4.922001 -3.865378 0.447409 0.163675 -1.973796 -1.457705
332 1.2128033278 -4.656331 0.199128 2.599707 -3.204264 1.842182 2.586251 4.931992 -4.894956 3.167620 1.620296 -1.322262 -3.470917 2.399183 -4.100457 -1.297064
333 1.7497650828 -3.590955 -0.384285 -2.383566 -3.264359 3.640438 4.998387 2.897490 -2.034308 0.164519 1.048128 -3.476035 -2.731137 -0.195782 -2.621129 0.611585
334 1.7841598887 -3.914083 -1.739931 -3.033884 -3.408051 1.735123 4.447184 1.786390 -3.231907 3.575795 0.693969 -0.900459 -1.951530 4.895056 -4.007743 0.817569
335 1.5404176704 -4.091008 3.854758 3.634892 -3.212756 4.001426 1.395954 0.004865 -4.709935 2.364267 1.201215 -2.082062 -4.222681 1.561538 -4.580008 -0.785952
336 1.1747465677 -4.556002 1.718928 0.702760 -4.990331 4.396204 1.988833 2.036674 -3.285585 3.751712 -0.090314 -0.506580 -4.987126 0.176477 -3.385862 -0.420517
337 0.9261752601 -4.999168 2.065741 2.125420 -4.970311 4.784431 3.189868 1.044260 -4.080383 3.358181 3.216163 -3.268571 -4.528690 2.062876 -4.285620 -0.426587
338 1.2497589258 -4.488242 2.584003 1.413563 -4.220273 3.798826 2.895386 4.998445 -4.951026 4.478162 4.407026 1.921807 -4.667441 3.638555 -0.235918 -3.597903
339 1.0638127191 -4.998429 -1.227585 0.182051 -3.166661 2.461623 1.045740 3.505522 -4.891221 3.638562 3.604759 -4.351594 -4.591618 1.103416 -3.949390 -3.379610
340 1.2107787386 -4.510572 1.809791 -0.565124 -3.829033 4.494938 4.952899 4.166816 -3.765895 1.786235 1.636413 -0.883984 -3.866666 1.157914 -1.498734 -1.349567
341 1.0137753755 -4.601841 3.351454 2.188202 -4.183018 4.978572 4.431181 2.322172 -3.904930 2.887961 4.635814 -2.718891 -4.252069 -1.207997 -0.173407 -3.772290
342 1.5850409269 -3.860368 1.143387 1.540466 -4.566401 4.025811 2.405106 4.033993 -2.842853 2.011740 3.548691 -2.295469 -4.997541 4.484501 0.677937 -1.834939
343 1.0703680308 -4.992355 2.544316 0.821401 -3.768542 4.950967 3.130118 3.425299 -2.069788 -0.319273 3.480197 -4.264979 -4.840975 4.205685 -1.754784 1.962873
344 1.5581100667 -4.150489 3.817351 4.999623 -3.572459 2.099201 3.054706 3.835139 -4.138379 4.469156 -0.346635 0.153499 -4.397241 2.552380 -1.505776 -2.121999
345 0.9348137446 -4.816162 2.921107 -0.453179 -4.677155 4.533479 4.670742 4.282912 -3.908453 3.943373 3.726474 -0.709089 -2.471336 2.101016 -4.006146 -4.960151
346 1.6807445925 -3.453095 4.963707 4.311900 -3.245072 4.455661 2.873300 4.990153 -4.996046 2.317521 2.525880 0.762206 -4.667040 4.783811 -4.920381 -2.609053
347 1.9902175228 -2.888135 4.966757 2.528008 -1.653430 3.513132 0.875163 3.842248 -4.004267 4.740384 2.112732 -0.735891 -2.873140 2.423226 -2.266082 -4.035614
348 1.9374479891 -2.415869 4.438462 0.397060 -4.080571 3.718827 4.670351 4.070459 -4.173656 2.922399 2.579812 -2.561931 -2.154293 4.533565 -0.816164 0.032258
349 1.6527369711 -3.271673 2.677735 -0.783301 -4.976940 3.760891 2.096107 2.193832 -3.748360 2.660835 4.360050 -2.017231 -3.496847 0.893902 -4.920438 -4.023223
350 1.2124804288 -4.349288 1.124493 1.990101 -4.566174 4.368721 4.706139 2.705058 -3.562880 3.847103 3.362922 -1.734430 -4.832588 1.285488 -4.743560 -0.528293
351 1.6099553163 -3.307406 0.086023 1.131025 -4.960491 4.347989 4.754682 2.247175 -2.371158 4.282106 4.242182 -4.640890 -2.928016 1.489096 -2.886272 -2.853269
352 1.7690315706 -3.255921 0.690816 0.879952 -4.618670 3.561304 3.111391 -1.151304 -4.233478 -0.638148 2.605648 -1.289640 -2.334479 0.736982 -3.774788 -0.395352
353 0.9549860699 -4.966615 0.117515 3.980815 -4.523581 4.902920 3.920113 1.465427 -4.837978 2.902907 4.001238 -2.945176 -1.256771 0.584130 -4.531687 -2.661991
354 2.3579656159 -0.085418 4.226211 0.235749 -3.491352 4.524584 2.253825 2.306124 -2.934088 1.091758 4.668123 -2.529340 -1.854840 3.314858 -1.728018 1.534422
355 1.4966391636 -4.239611 2.592553 3.120970 -3.026090 4.742339 2.965430 1.004237 -1.578236 2.872140 3.911654 -2.985334 -4.489588 1.466375 -4.227060 -2.002379
356 0.7855977823 -4.981857 0.924086 1.076595 -4.528841 4.960199 2.520095 4.956208 -4.138524 3.724755 3.858188 -2.052288 -2.528026 0.550787 -3.948581 -2.021886
357 1.0117048570 -4.916657 -0.722408 0.148374 -4.388759 4.104188 2.104617 2.622186 -4.934323 4.377787 1.100525 0.020580 -3.246182 0.258429 -2.095456 -4.237637
358 1.0337454839 -4.978887 2.838337 1.793994 -2.990106 3.868841 3.964158 2.584471 -2.435874 4.963929 4.947697 -0.546630 -4.884357 0.920939 -3.761379 -0.634093
359 1.0977898955 -4.504471 1.888387 2.731819 -4.654992 4.192105 4.390654 2.975379 -3.078263 4.875303 2.709339 -2.978061 -0.768986 1.203362 -2.573765 -4.411483
360 0.8545053021 -4.999625 3.740801 0.665173 -3.910902 4.281101 3.559748 4.999946 -3.330601 4.995849 0.910121 -2.298998 -0.758338 0.884193 -4.694251 -3.747711
361 1.3863272014 -3.563662 -1.189101 0.329153 -4.927809 2.869182 2.639444 4.253726 -3.917222 3.561528 4.998609 -4.391521 -4.950012 -1.498008 -0.067518 -1.952651
362 1.6540768971 -2.731009 3.850540 1.899587 -3.265027 3.070446 3.015199 2.569668 -4.997627 4.901969 4.066986 -3.358260 -2.912156 -2.610158 -2.884650 1.165778
363 1.4744588564 -3.787760 2.536093 0.651467 -3.078451 3.930154 4.017806 4.737647 -3.364229 4.782443 4.118149 -2.690971 -1.021666 3.453071 -4.009998 -1.330961
364 2.0433449739 -2.058967 3.450480 3.226734 -0.503411 1.180273 4.996540 4.165362 -4.940649 2.738081 4.933921 -3.619066 -1.752241 3.922492 -2.656781 -0.671237
365 0.8260177396 -4.648546 4.755580 0.207555 -4.776640 4.939339 4.426974 2.296389 -2.835552 4.074353 4.941271 -1.496181 0.392514 -4.276327 -4.132384 -3.590795
366 1.2811771412 -4.785616 2.973149 4.565769 -2.298582 3.854642 4.611167 -2.348409 -4.966415 4.083194 2.943209 -1.751111 -1.915878 1.729360 -4.287191 -1.758120
367 0.9622474801 -4.824478 -0.091608 -1.453538 -4.872786 2.757356 4.767764 4.321758 -4.595892 4.999775 3.629050 -0.108764 -0.570672 -0.294660 -4.412103 -3.465306
368 0.8744439899 -4.993714 0.083678 1.491664 -4.483699 4.072693 3.063273 4.983477 -2.890319 4.927762 2.780376 -1.603114 -1.356191 1.835874 -4.894188 0.020249
369 1.2425110446 -4.331497 1.812215 3.483954 -3.567092 1.616611 2.863528 2.975078 -4.916210 4.919166 3.612103 0.188561 -0.804413 -0.604840 -4.938384 -1.677499
370 1.7897557623 -3.139313 0.047727 0.287868 -2.194813 4.994240 2.753954 2.723787 -3.495638 3.628039 3.768027 1.533931 0.143140 -1.420226 -4.179016 -4.952629
371 0.8578168332 -4.936450 4.161544 1.544041 -4.939208 2.900414 1.846426 1.376004 -3.116440 4.999997 4.030005 1.916967 -2.742078 -2.032183 -4.190813 -2.840239
372 1.0675975391 -4.831185 1.771715 2.083100 -1.948701 3.898749 3.840548 4.697378 -4.903439 2.566496 2.239310 0.340945 -2.465894 0.123246 -2.901266 -4.651293
373 0.8011444662 -4.825250 3.018928 2.424138 -4.619817 4.668821 3.290358 3.817400 -4.988183 4.983405 3.555372 -2.703171 0.311528 0.839930 -4.920384 -1.526860
374 1.3839798753 -4.047456 -0.692022 0.873952 -3.665681 4.784586 4.886604 0.126439 -4.966141 3.550271 4.331674 -0.389711 -1.558702 -2.310213 -4.145553 0.839861
375 1.4210291910 -4.042231 4.388621 -0.073421 -3.928859 4.153306 4.930563 2.217866 -1.247471 3.110861 2.615130 0.267107 -2.580458 -1.536355 -4.075913 -4.802900
376 1.4975649418 -4.012785 4.132938 1.850033 -0.774763 4.409583 1.316841 1.684839 -0.731955 3.958083 4.085445 -1.223061 -1.454406 -2.043899 -4.764176 -4.503121
377 1.1346068465 -4.819844 3.610144 -3.869725 -3.385031 4.897948 3.917964 4.968826 0.428895 3.681050 4.772319 0.949368 0.656931 -4.269418 -4.209862 -0.192413
378 1.1784271923 -4.575732 3.894689 -3.929278 -4.686874 4.334811 4.496091 3.105094 -3.643934 4.999941 3.954281 -0.833249 -0.279650 -2.158399 -4.321497 -4.726882
379 1.5330958359 -3.409646 0.373748 2.454980 -4.985519 3.190100 1.413086 1.960715 -4.489321 3.780752 4.984586 -1.894090 -1.433996 -0.075072 -3.039315 -4.321776
380 0.8442454366 -4.918699 4.302432 0.525945 -3.949802 4.439956 2.373573 0.938030 -4.530172 4.810486 4.761266 2.316714 0.214216 -3.335357 -4.735441 -3.527910
381 1.1001088773 -4.543480 4.128003 -0.089844 -3.528140 4.101459 4.012250 2.961293 -3.599111 4.991077 3.300669 1.124321 0.359890 -3.684758 -0.873257 -3.458685
382 0.9492723594 -4.991625 2.970652 0.984219 -0.886411 3.946728 3.788224 2.748576 -4.023641 4.884870 3.555245 -0.428742 -0.248734 -2.765709 -4.738317 -3.109426
383 1.2055342206 -4.055290 2.558120 -2.690120 -4.017031 4.785061 4.669632 4.427598 -4.247559 4.039921 4.626693 -0.999345 1.487511 -4.353092 -4.970297 -0.647979
384 0.8409410973 -4.998351 3.368373 -1.257726 -3.840702 4.927108 4.307176 4.218270 -1.115249 4.055734 3.614845 -0.655485 -2.228455 -3.556084 -3.620579 -4.258557
385 0.8357787485 -4.970318 4.194714 2.793363 -4.037945 4.496396 2.219944 2.750431 -3.056560 4.118907 4.106901 0.834597 0.189530 -2.406069 -2.510865 -3.411976
386 0.8912392699 -4.983650 3.250895 4.450140 -4.907522 1.355889 2.958257 2.274358 -3.625525 4.063045 4.642875 -0.300748 -1.688783 -0.774011 -3.275131 -2.532231
387 0.8809693146 -4.802114 -2.490212 -0.232140 -4.652055 4.214749 4.331626 4.445977 -3.422043 4.854623 4.080437 -2.192818 -0.902455 -1.835783 -0.008905 -3.804559
388 1.8349669752 -3.129162 3.784802 -2.153625 -4.973216 3.237782 2.463844 0.822909 -2.600392 2.900797 4.348538 4.824992 0.067378 -0.172312 -4.635947 -3.728955
389 1.1508571562 -4.825409 3.219284 4.846939 2.673632 3.908223 4.319705 2.219150 -2.399401 4.924109 3.966206 1.076625 1.694621 -3.392930 -2.884927 -2.789007
390 1.0218014853 -4.944631 3.227120 2.054931 -3.575070 3.565224 4.368320 1.269653 -1.292082 1.156118 3.170729 1.561546 -1.519450 -4.761796 -1.471513 -3.214679
391 1.0687612770 -4.670481 -0.100364 -0.366993 -2.847662 4.994450 0.969247 4.086260 -2.661687 4.871280 5.000000 1.380733 -0.636165 -1.829042 -4.998406 -3.181694
392 1.0106670760 -4.758021 4.248733 3.954908 -4.173591 4.300458 4.471538 3.714419 -4.805442 2.345677 2.417891 -1.128162 -2.641119 1.343376 -1.815190 -3.708543
393 1.4287555932 -4.071731 3.920549 0.267127 -2.721662 3.833436 1.134851 3.851215 -0.777249 4.366756 4.547823 -2.832447 2.312378 -1.163413 -2.024832 -1.050379
394 1.6060013129 -4.139253 4.935106 -2.187389 -3.844294 4.994799 0.813098 3.450394 -4.737034 4.893987 0.165295 1.545772 -3.143187 -0.343092 -0.185533 0.367348
395 1.2104268603 -4.351131 2.085705 0.511896 -3.465575 4.247712 3.530748 4.229124 -2.964139 4.995713 1.109611 -0.325990 0.393091 -1.090652 -4.004640 -3.050530
396 0.8876000829 -4.980213 4.675408 0.766388 -1.131497 4.943887 4.991020 1.536786 -4.075183 4.590297 4.362126 -0.900363 -2.264799 -3.753611 -4.137310 -4.606700
397 0.8575945287 -4.989794 3.451432 -0.022380 -4.159318 3.686819 4.986806 3.154601 -4.188149 4.300460 1.871201 -0.411555 -2.895943 -2.043719 -2.608126 -4.807746
398 0.9804044241 -4.443639 -2.922748 1.400569 -4.811756 2.538659 1.141127 4.595051 -3.841623 4.142161 3.605141 -1.944165 -2.593330 -4.835037 -4.932711 -1.755030
399 0.8627332666 -4.680011 2.430001 2.645421 -4.917600 0.923596 1.368238 4.938564 -4.750864 3.551510 4.949121 0.582628 -2.720727 -2.301383 -3.439981 -1.855755
400 0.6155715770 -4.966552 4.232836 2.094535 -3.912167 4.624405 3.379577 4.119355 -4.499996 3.918415 4.343840 -1.450523 1.468306 -4.999486 -2.743123 -4.714995
401 1.0145607661 -4.606690 1.300710 2.998143 -4.785902 4.679446 2.572168 3.426954 -4.678875 1.750871 4.350293 2.065736 -3.521082 -1.306609 -4.032487 -3.725851
402 1.1551971722 -4.173148 4.391961 2.683179 -4.949747 2.860043 1.209866 1.588281 -1.422130 3.937578 2.748832 1.189199 -0.868153 -4.209078 -4.516262 -3.717280
403 0.9273336828 -4.564400 4.750635 -0.362848 -4.909844 4.753995 4.697871 4.189665 -3.303693 4.623270 4.887959 -2.329215 -1.595764 -0.416050 -4.086296 -3.819020
404 1.1741980213 -4.815303 4.780075 3.117707 -2.724289 4.628841 3.566993 4.357460 -2.133021 3.820992 4.100201 2.249457 -3.926886 0.627873 -0.873143 -2.316800
405 0.9720754326 -4.974570 4.139419 0.885302 -2.475061 4.466372 4.970684 0.722710 -3.316211 3.513231 0.505634 -2.376043 0.600915 -4.660378 -2.463697 -3.388305
406 1.3461342675 -3.700105 4.872710 4.270660 -2.962273 3.931877 1.494331 4.989735 -4.133077 4.571110 4.418282 -1.547822 -3.912182 -3.023624 -2.927313 -4.231701
407 1.2520751906 -4.629881 -0.174685 2.928256 -1.833958 4.451664 3.089173 3.497881 -4.095104 1.882577 3.021845 1.231115 2.023181 -3.499040 -4.795650 -3.119071
408 1.0076591891 -4.581922 4.809092 4.095234 -2.991880 3.719757 2.883852 4.563072 -4.509184 1.790759 4.868469 -0.701117 -2.211175 -3.025122 -1.185102 -2.379958
409 0.9690898240 -4.557781 4.090228 1.075852 -4.802306 4.999991 4.818782 4.913563 -1.303300 4.878949 3.418193 -2.641227 -2.006255 -0.203605 -3.635315 -1.762012
410 0.7350549684 -4.995200 4.308228 -1.756349 -4.867106 2.253818 4.339534 4.971993 -3.249954 4.116411 4.825812 -1.393459 -3.222521 -4.658086 -2.727108 -2.860927
411 0.9147469908 -4.973341 1.529127 4.889000 -2.370335 4.569381 3.699680 4.999200 -4.866964 1.442809 3.224504 -1.785616 -0.636551 -2.819188 -4.822544 -4.719025
412 0.7225741025 -4.941833 4.889551 1.813168 -3.027338 3.493545 4.078849 4.965054 -4.999868 3.813818 3.523425 -3.203167 2.712078 -3.984701 -4.422661 -4.705761
413 1.5331184122 -4.111981 4.227198 0.615301 -1.912672 4.973392 3.229143 0.510288 -4.982109 3.886818 0.385016 -0.293081 -3.059222 1.989812 -2.670017 -3.891892
414 1.3703294855 -3.811477 3.808495 1.102154 -3.168404 3.396924 1.511933 4.630339 -2.512618 4.890815 2.231251 1.185646 0.095859 -4.322166 -3.052176 -3.446993
415 1.8058167972 -1.792065 3.176314 1.295752 -4.764048 1.765396 3.228194 4.254510 -4.081993 4.883830 4.494972 0.444303 3.759454 -2.614716 -4.989065 -1.542822
416 1.1659712731 -4.615283 0.866351 -1.027411 -0.772735 4.444005 4.227166 3.307413 -2.071452 4.497718 3.619416 -3.996173 0.380964 -4.101054 -4.884938 -2.762671
417 1.0031853174 -4.458256 -2.645000 -0.537430 -4.842011 4.735254 2.589385 4.812618 -4.327190 3.392349 4.848976 -0.907777 -0.638930 -2.559891 -0.177190 -3.134671
418 1.4308927532 -3.694892 4.096637 0.517832 -3.534658 4.329978 0.484262 4.049296 -4.950700 4.803564 0.267620 3.212361 -2.033716 -4.515410 -3.619839 -4.976577
419 0.7111203531 -4.954577 2.498590 0.870503 -4.695892 3.740493 4.935471 3.940294 -4.351726 3.141929 1.030369 -1.136669 -0.661936 -4.641673 -2.386104 -4.464279
420 1.0536055805 -4.118978 3.909959 0.307171 -4.999227 4.246480 0.999756 4.466575 -3.236896 4.323603 4.416966 -0.784917 -1.379436 -3.503261 -2.215033 -4.935611
421 1.3266936511 -4.674033 4.777046 4.916995 -0.421940 1.287643 3.498160 1.737617 -4.502807 1.888553 4.395500 -0.276724 -1.629117 -0.594378 -1.159164 -4.274207
422 1.3607949891 -4.293394 2.039719 -1.909454 -2.308410 4.180875 4.685373 4.047131 -3.983576 4.501720 2.131169 -0.363777 -2.190952 -0.907968 -4.657113 -3.300365
423 1.7445574887 -3.027138 1.254993 0.277096 -1.749685 4.717274 4.990269 3.984946 -1.767866 2.849541 4.166912 -1.873466 -0.039041 -2.766313 -2.739186 -4.951082
424 1.4503993222 -4.040634 2.434027 3.186856 -3.779119 3.189666 -1.476770 3.335067 -3.821084 1.498801 -0.417093 -0.776730 0.039478 -1.394998 -4.399849 -2.896041
425 0.9090002010 -4.992744 3.875005 -0.619515 -4.037566 3.796988 4.518610 4.262776 -3.789431 2.640736 2.133342 0.658559 0.893113 -2.698241 -0.585475 -4.998186
426 0.8902333825 -4.821333 2.309319 2.751394 -4.930234 3.236311 4.823818 2.568168 -3.343967 2.105270 4.081472 -0.189231 -1.655667 -2.463484 -3.473010 -4.189179
427 1.2610723677 -3.801647 1.648920 4.466268 -4.637975 4.355766 4.654784 3.901928 -4.928225 1.320739 4.383185 -0.491756 0.667972 -4.013225 -4.974076 -4.965049
428 0.7718757719 -4.943324 3.090128 0.484675 -3.694641 4.451248 1.643643 4.214345 -4.528225 4.874309 1.787121 -0.464776 -1.239193 -4.274128 -2.434582 -4.633316
429 0.7087548446 -4.999494 3.873211 3.492745 -4.395935 2.951150 3.698274 4.466285 -4.432890 3.055534 3.954779 -1.524483 -0.604584 -3.141304 -1.313195 -4.576281
430 1.1152390351 -4.732603 1.667914 -0.315915 -2.310642 3.089136 4.466820 3.608222 -2.139292 3.855368 3.822908 0.015047 -0.919267 -3.640941 -2.503107 -4.546250
431 1.0599084967 -4.953352 0.644623 -2.432388 -4.057781 2.265358 4.882988 3.623099 -4.726049 4.983386 2.690432 -0.780210 -2.817260 0.001052 -3.985420 -3.757017
432 0.7605975629 -4.820824 3.639449 0.683762 -4.243363 3.069687 2.599844 4.231130 -4.914505 4.987659 4.737366 -1.285391 -3.485486 -3.835406 -0.101797 -1.137028
433 0.6097893324 -4.820213 3.668832 1.127993 -4.702913 3.441457 4.999885 3.983699 -4.994078 4.975894 4.949718 -2.182872 -1.123967 -4.519223 -1.925862 -2.627556
434 0.7602520432 -4.848056 2.180990 1.081910 -4.610376 4.856861 4.971285 3.483115 -3.635986 3.423527 3.693668 -0.950867 -2.725888 -3.402792 -2.755475 -1.636260
435 1.3760798058 -3.223329 4.658502 -0.358175 -3.535036 4.891738 4.983947 4.494042 -4.877823 4.320744 2.692340 -4.531926 0.976451 -4.727410 -1.282852 -4.429999
436 1.8637735021 -2.507734 3.465423 -0.667198 -4.699843 4.833690 3.458373 1.190936 -2.689228 3.398864 2.179655 4.469958 0.708226 -4.094932 -3.313970 -1.285564
437 0.9312964395 -4.895165 3.928816 0.454448 -3.594540 4.850382 -0.595269 3.928358 -3.344059 2.105306 3.177210 -3.061893 -2.832661 -3.311370 1.379285 -2.954078
438 1.3511313727 -3.325763 4.446074 1.930849 -4.972631 4.370854 1.730824 4.100968 -4.577549 3.070326 1.568555 -2.213261 -1.596686 -3.813359 -2.245092 -4.605382
439 1.0135725154 -4.988119 0.300186 1.819367 -2.989852 3.845697 1.244806 2.631183 -3.011896 3.274858 2.351253 -3.670594 0.194564 -0.630264 0.445792 -4.971679
440 1.1124926267 -3.854121 4.631665 2.607131 -4.981563 3.949536 3.184561 4.799193 -4.416947 2.433451 3.641610 0.167168 -2.970354 -3.995030 -3.605024 -2.625949
441 1.0202704822 -4.424551 1.762196 -0.393235 -3.317799 4.590740 -0.865802 4.191724 -3.931772 2.795622 4.890541 -2.223569 -1.292646 -4.967710 -0.371419 -1.279539
442 1.2806694589 -3.614530 4.863502 4.244525 -4.016984 4.928386 4.096917 4.948573 -4.990147 2.255509 2.659492 -0.207436 1.236603 -4.430374 -3.205957 -4.382066
443 0.8427727975 -4.204505 2.633104 3.153783 -4.875387 4.947300 4.570492 4.379472 -4.988712 3.400766 4.950155 -2.404105 1.405663 -4.797416 -4.932896 -3.995059
444 0.9008247621 -4.993846 2.236817 -2.089529 -4.099462 4.850247 2.445342 4.776311 -4.459864 2.068230 4.135942 -0.422547 -2.183571 -1.988549 -1.217291 -3.092352
445 0.9903668309 -4.805459 3.574292 -1.035287 -2.568963 4.979022 4.991134 4.972013 -3.239737 3.265444 1.663656 0.109470 -1.048163 -3.783797 -4.204087 -2.441962
446 1.0319907556 -4.276742 1.981984 2.431191 -4.946240 4.966317 2.157861 2.148459 -1.536648 4.471924 4.955331 2.370180 0.311249 -4.645804 -1.791203 -4.446007
447 1.2366800171 -4.043151 4.972083 -0.302417 -2.811398 3.353570 4.616537 4.657717 -4.169668 3.288534 1.267852 -3.668358 -0.816393 -4.820015 -4.212838 -4.350427
448 1.0317950889 -4.517141 -1.045475 3.389759 -3.574871 4.465012 3.484784 3.280150 -4.915452 4.044558 2.051400 -2.332241 -1.282480 -4.996021 -3.610091 -4.999744
449 0.7895971777 -4.968258 2.953696 -0.198933 -4.740441 3.356775 0.890745 4.325037 -4.941568 3.073205 2.023505 -0.313797 -1.757724 -2.723590 -4.910012 -4.643729
450 1.1872986310 -4.217473 4.136827 -0.146058 -3.250928 4.609017 4.453771 3.183478 -1.133578 3.244204 4.881831 -3.210465 -1.717272 -4.939402 -1.520124 -2.675646
451 1.5836099670 -3.370889 4.983460 4.972438 -3.457144 4.423084 3.796034 2.992907 -3.663810 3.471409 2.068221 0.607906 -2.045652 -3.526258 -3.514099 -0.624876
452 0.9030590317 -4.804693 0.341178 1.467917 -2.961800 4.653504 4.981382 4.376818 -3.730398 4.987085 4.669761 -4.945496 1.822690 -1.133838 -4.765184 -4.731808
453 1.4416386454 -3.285232 3.897362 2.719772 -3.767185 2.690325 3.567491 4.998777 -3.948988 4.437589 2.976771 -2.983765 -1.020676 -2.906339 -4.903787 -2.672851
454 0.7386578224 -4.993780 2.687712 2.236093 -3.177918 4.663025 1.035176 4.800789 -2.515474 4.100200 4.877079 -0.534332 -2.457272 -3.402790 -3.487197 -3.585215
455 1.2891154427 -4.362578 1.027282 2.283490 -0.864600 2.760920 3.455180 3.680126 -4.182680 4.885278 3.122380 -1.802264 1.429246 -3.363910 -2.362035 -3.372682
456 0.8506667830 -4.901422 -2.324807 2.775609 -4.889072 4.770208 3.043784 3.431247 -2.680017 4.179518 3.571751 -2.971010 -0.776912 -2.737888 -4.885291 -2.788807
457 0.5365069954 -4.999742 3.015516 1.463919 -3.923557 4.834237 2.121940 4.987214 -3.506685 4.137135 4.869105 -1.345936 -1.454286 -4.970170 -4.540553 -4.730995
