evaluations raw_y x0 x1 x2 x3 x4 x5 x6 x7 x8 x9 x10 x11 x12 x13 x14
1 3.2012057304 0.248928 -0.248928 -0.248928 -0.248928 -0.248928 -0.248928 0.248928 -0.248928 0.248928 0.248928 0.248928 -0.248928 -0.248928 -0.248928 -0.248928
2 3.1591756344 -0.601231 0.601231 0.601231 0.601231 0.601231 0.601231 -0.601231 0.601231 -0.601231 -0.601231 -0.601231 0.601231 0.601231 0.601231 0.601231
3 1.7211240530 -4.877833 4.877833 4.877833 4.877833 4.877833 4.877833 -4.877833 4.877833 -4.877833 -4.877833 -4.877833 4.877833 4.877833 4.877833 4.877833
4 1.9633198977 4.605106 -4.605106 -4.605106 -4.605106 -4.605106 -4.605106 4.605106 -4.605106 4.605106 4.605106 4.605106 -4.605106 -4.605106 -4.605106 -4.605106
5 2.0311958790 2.540968 -2.540968 -2.540968 -2.540968 -2.540968 -2.540968 2.540968 -2.540968 2.540968 2.540968 2.540968 -2.540968 -2.540968 -2.540968 -2.540968
6 1.7636927366 -2.820915 2.820915 2.820915 2.820915 2.820915 2.820915 -2.820915 2.820915 -2.820915 -2.820915 -2.820915 2.820915 2.820915 2.820915 2.820915
7 1.8432041407 -2.326088 2.326088 2.326088 2.326088 2.326088 2.326088 -2.326088 2.326088 -2.326088 -2.326088 -2.326088 2.326088 2.326088 2.326088 2.326088
8 2.1151278019 1.981064 -1.981064 -1.981064 -1.981064 -1.981064 -1.981064 1.981064 -1.981064 1.981064 1.981064 1.981064 -1.981064 -1.981064 -1.981064 -1.981064
9 2.2622959614 1.701131 -1.701131 -1.701131 -1.701131 -1.701131 -1.701131 1.701131 -1.701131 1.701131 1.701131 1.701131 -1.701131 -1.701131 -1.701131 -1.701131
10 2.3025283813 -1.356181 1.356181 1.356181 1.356181 1.356181 1.356181 -1.356181 1.356181 -1.356181 -1.356181 -1.356181 1.356181 1.356181 1.356181 1.356181
11 1.8512699604 -3.166006 3.166006 3.166006 3.166006 3.166006 3.166006 -3.166006 3.166006 -3.166006 -3.166006 -3.166006 3.166006 3.166006 3.166006 3.166006
12 1.8127144575 3.446027 -3.446027 -3.446027 -3.446027 -3.446027 -3.446027 3.446027 -3.446027 3.446027 3.446027 3.446027 -3.446027 -3.446027 -3.446027 -3.446027
13 1.9518972635 4.252870 -4.252870 -4.252870 -4.252870 -4.252870 -4.252870 4.252870 -4.252870 4.252870 4.252870 4.252870 -4.252870 -4.252870 -4.252870 -4.252870
14 1.7166748047 -3.980218 3.980218 3.980218 3.980218 3.980218 3.980218 -3.980218 3.980218 -3.980218 -3.980218 -3.980218 3.980218 3.980218 3.980218 3.980218
15 3.1458098888 -0.873970 0.873970 0.873970 0.873970 0.873970 0.873970 -0.873970 0.873970 -0.873970 -0.873970 -0.873970 0.873970 0.873970 0.873970 0.873970
16 2.5110313892 1.226348 -1.226348 -1.226348 -1.226348 -1.226348 -1.226348 1.226348 -1.226348 1.226348 1.226348 1.226348 -1.226348 -1.226348 -1.226348 -1.226348
17 2.8383722305 0.714216 -0.714216 -0.714216 -0.714216 -0.714216 -0.714216 0.714216 -0.714216 0.714216 0.714216 0.714216 -0.714216 -0.714216 -0.714216 -0.714216
18 2.5183565617 -1.072382 1.072382 1.072382 1.072382 1.072382 1.072382 -1.072382 1.072382 -1.072382 -1.072382 -1.072382 1.072382 1.072382 1.072382 1.072382
19 1.7166748047 -4.093106 4.093106 4.093106 4.093106 4.093106 4.093106 -4.093106 4.093106 -4.093106 -4.093106 -4.093106 4.093106 4.093106 4.093106 4.093106
20 1.9488887787 3.826261 -3.826261 -3.826261 -3.826261 -3.826261 -3.826261 3.826261 -3.826261 3.826261 3.826261 3.826261 -3.826261 -3.826261 -3.826261 -3.826261
21 1.7772153616 3.324540 -3.324540 -3.324540 -3.324540 -3.324540 -3.324540 3.324540 -3.324540 3.324540 3.324540 3.324540 -3.324540 -3.324540 -3.324540 -3.324540
22 1.7555155754 -3.598772 3.598772 3.598772 3.598772 3.598772 3.598772 -3.598772 3.598772 -3.598772 -3.598772 -3.598772 3.598772 3.598772 3.598772 3.598772
23 2.0744404793 -1.859674 1.859674 1.859674 1.859674 1.859674 1.859674 -1.859674 1.859674 -1.859674 -1.859674 -1.859674 1.859674 1.859674 1.859674 1.859674
24 2.2732412815 1.508917 -1.508917 -1.508917 -1.508917 -1.508917 -1.508917 1.508917 -1.508917 1.508917 1.508917 1.508917 -1.508917 -1.508917 -1.508917 -1.508917
25 2.0311958790 2.484632 -2.484632 -2.484632 -2.484632 -2.484632 -2.484632 2.484632 -2.484632 2.484632 2.484632 2.484632 -2.484632 -2.484632 -2.484632 -2.484632
26 1.8474411964 -2.133800 2.133800 2.133800 2.133800 2.133800 2.133800 -2.133800 2.133800 -2.133800 -2.133800 -2.133800 2.133800 2.133800 2.133800 2.133800
27 1.8285651207 -2.699502 2.699502 2.699502 2.699502 2.699502 2.699502 -2.699502 2.699502 -2.699502 -2.699502 -2.699502 2.699502 2.699502 2.699502 2.699502
28 1.8428940773 2.973660 -2.973660 -2.973660 -2.973660 -2.973660 -2.973660 2.973660 -2.973660 2.973660 2.973660 2.973660 -2.973660 -2.973660 -2.973660 -2.973660
29 2.0303192139 4.718068 -4.718068 -4.718068 -4.718068 -4.718068 -4.718068 4.718068 -4.718068 4.718068 4.718068 4.718068 -4.718068 -4.718068 -4.718068 -4.718068
30 1.7587904930 -4.451150 4.451150 4.451150 4.451150 4.451150 4.451150 -4.451150 4.451150 -4.451150 -4.451150 -4.451150 4.451150 4.451150 4.451150 4.451150
31 3.2029330730 -0.089173 0.089173 0.089173 0.089173 0.089173 0.089173 -0.089173 0.089173 -0.089173 -0.089173 -0.089173 0.089173 0.089173 0.089173 0.089173
32 3.1858086586 0.447266 -0.447266 -0.447266 -0.447266 -0.447266 -0.447266 0.447266 -0.447266 0.447266 0.447266 0.447266 -0.447266 -0.447266 -0.447266 -0.447266
33 2.8951883316 0.551002 -0.551002 -0.551002 -0.551002 -0.551002 -0.551002 0.551002 -0.551002 0.551002 0.551002 0.551002 -0.551002 -0.551002 -0.551002 -0.551002
34 3.2027602196 -0.278369 0.278369 0.278369 0.278369 0.278369 0.278369 -0.278369 0.278369 -0.278369 -0.278369 -0.278369 0.278369 0.278369 0.278369 0.278369
35 1.6813294888 -4.554934 4.554934 4.554934 4.554934 4.554934 4.554934 -4.554934 4.554934 -4.554934 -4.554934 -4.554934 4.554934 4.554934 4.554934 4.554934
36 1.9763113260 4.907292 -4.907292 -4.907292 -4.907292 -4.907292 -4.907292 4.907292 -4.907292 4.907292 4.907292 4.907292 -4.907292 -4.907292 -4.907292 -4.907292
37 1.8467419147 2.862563 -2.862563 -2.862563 -2.862563 -2.862563 -2.862563 2.862563 -2.862563 2.862563 2.862563 2.862563 -2.862563 -2.862563 -2.862563 -2.862563
38 1.8390460014 -2.517594 2.517594 2.517594 2.517594 2.517594 2.517594 -2.517594 2.517594 -2.517594 -2.517594 -2.517594 2.517594 2.517594 2.517594 2.517594
39 1.9776428938 -2.022731 2.022731 2.022731 2.022731 2.022731 2.022731 -2.022731 2.022731 -2.022731 -2.022731 -2.022731 2.022731 2.022731 2.022731 2.022731
40 2.0748498440 2.302772 -2.302772 -2.302772 -2.302772 -2.302772 -2.302772 2.302772 -2.302772 2.302772 2.302772 2.302772 -2.302772 -2.302772 -2.302772 -2.302772
41 2.3478987217 1.397846 -1.397846 -1.397846 -1.397846 -1.397846 -1.397846 1.397846 -1.397846 1.397846 1.397846 1.397846 -1.397846 -1.397846 -1.397846 -1.397846
42 2.0743515491 -1.677812 1.677812 1.677812 1.677812 1.677812 1.677812 -1.677812 1.677812 -1.677812 -1.677812 -1.677812 1.677812 1.677812 1.677812 1.677812
43 1.7466859818 -3.487673 3.487673 3.487673 3.487673 3.487673 3.487673 -3.487673 3.487673 -3.487673 -3.487673 -3.487673 3.487673 3.487673 3.487673 3.487673
44 1.7938994169 3.142630 -3.142630 -3.142630 -3.142630 -3.142630 -3.142630 3.142630 -3.142630 3.142630 3.142630 3.142630 -3.142630 -3.142630 -3.142630 -3.142630
45 1.9331283569 3.930044 -3.930044 -3.930044 -3.930044 -3.930044 -3.930044 3.930044 -3.930044 3.930044 3.930044 3.930044 -3.930044 -3.930044 -3.930044 -3.930044
46 1.6589688063 -4.661798 4.661798 4.661798 4.661798 4.661798 4.661798 -4.661798 4.661798 -4.661798 -4.661798 -4.661798 4.661798 4.661798 4.661798 4.661798
47 1.7050529718 -4.702470 4.702470 4.702470 4.702470 4.702470 4.702470 -4.702470 4.702470 -4.702470 -4.702470 -4.702470 4.702470 4.702470 4.702470 4.702470
48 1.6840070486 -4.999981 4.999981 4.999981 4.999981 4.999981 4.999981 -4.999981 4.999981 -4.999981 -4.999981 -4.999981 4.999981 4.999981 4.999981 4.999981
49 1.6813294888 -4.606919 4.606919 4.606919 4.606919 4.606919 4.606919 -4.606919 4.606919 -4.606919 -4.606919 -4.606919 4.606919 4.606919 4.606919 4.606919
50 1.6813294888 -4.595150 4.595150 4.595150 4.595150 4.595150 4.595150 -4.595150 4.595150 -4.595150 -4.595150 -4.595150 4.595150 4.595150 4.595150 4.595150
51 1.7050529718 -4.684169 4.684169 4.684169 4.684169 4.684169 4.684169 -4.684169 4.684169 -4.684169 -4.684169 -4.684169 4.684169 4.684169 4.684169 4.684169
52 1.6813294888 -4.615140 4.615140 4.615140 4.615140 4.615140 4.615140 -4.615140 4.615140 -4.615140 -4.615140 -4.615140 4.615140 4.615140 4.615140 4.615140
53 1.8577594757 -2.093888 1.054816 2.226966 2.093888 1.054816 2.093888 -2.093888 2.093888 -2.226966 -2.226966 -2.226966 2.226966 1.054816 1.054816 1.054816
54 1.6505038738 -4.149148 4.415311 4.945048 4.149148 4.415311 4.149148 -4.149148 4.149148 -4.945048 -4.945048 -4.945048 4.945048 4.415311 4.415311 4.415311
55 2.6256263256 0.884890 4.323567 2.689555 -0.884890 4.323567 -0.884890 0.884890 -0.884890 -2.689555 -2.689555 -2.689555 2.689555 4.323567 4.323567 4.323567
56 1.8943221569 -1.985654 3.086085 -1.619084 1.985654 3.086085 1.985654 -1.985654 1.985654 1.619084 1.619084 1.619084 -1.619084 3.086085 3.086085 3.086085
57 2.0647180080 -3.560261 4.703244 -4.199672 3.560261 4.703244 3.560261 -3.560261 3.560261 4.199672 4.199672 4.199672 -4.199672 4.703244 4.703244 4.703244
58 1.7902280092 -2.205711 4.245986 -1.238232 2.205711 4.245986 2.205711 -2.205711 2.205711 1.238232 1.238232 1.238232 -1.238232 4.245986 4.245986 4.245986
59 2.0768890381 -2.782613 4.362091 -3.879130 2.782613 4.362091 2.782613 -2.782613 2.782613 3.879130 3.879130 3.879130 -3.879130 4.362091 4.362091 4.362091
60 1.7026382685 -3.434379 4.468708 1.308665 3.434379 4.468708 3.434379 -3.434379 3.434379 -1.308665 -1.308665 -1.308665 1.308665 4.468708 4.468708 4.468708
61 1.6281144619 -3.327491 4.222082 4.688702 3.327491 4.222082 3.327491 -3.327491 3.327491 -4.688702 -4.688702 -4.688702 4.688702 4.222082 4.222082 4.222082
62 1.7293083668 -3.718846 4.193480 -1.374160 3.718846 4.193480 3.718846 -3.718846 3.718846 1.374160 1.374160 1.374160 -1.374160 4.193480 4.193480 4.193480
63 1.6774752140 -4.952473 4.288862 4.821777 4.952473 4.288862 4.952473 -4.952473 4.952473 -4.821777 -4.821777 -4.821777 4.821777 4.288862 4.288862 4.288862
64 1.7482396364 -3.878827 2.269166 4.648481 3.878827 2.269166 3.878827 -3.878827 3.878827 -4.648481 -4.648481 -4.648481 4.648481 2.269166 2.269166 2.269166
65 2.4796273708 0.754309 4.131514 4.726967 -0.754309 4.131514 -0.754309 0.754309 -0.754309 -4.726967 -4.726967 -4.726967 4.726967 4.131514 4.131514 4.131514
66 1.7275239229 -3.407434 4.995864 4.620497 3.407434 4.995864 3.407434 -3.407434 3.407434 -4.620497 -4.620497 -4.620497 4.620497 4.995864 4.995864 4.995864
67 1.7659366131 -2.299856 3.793574 4.589459 2.299856 3.793574 2.299856 -2.299856 2.299856 -4.589459 -4.589459 -4.589459 4.589459 3.793574 3.793574 3.793574
68 1.7158129215 -3.916324 3.715863 4.648331 3.916324 3.715863 3.916324 -3.916324 3.916324 -4.648331 -4.648331 -4.648331 4.648331 3.715863 3.715863 3.715863
69 1.6847672462 -3.046392 3.083388 4.728067 3.046392 3.083388 3.046392 -3.046392 3.046392 -4.728067 -4.728067 -4.728067 4.728067 3.083388 3.083388 3.083388
70 1.7074719667 -3.070761 4.932430 4.738462 3.070761 4.932430 3.070761 -3.070761 3.070761 -4.738462 -4.738462 -4.738462 4.738462 4.932430 4.932430 4.932430
71 1.6305785179 -3.511573 4.275978 4.718483 3.511573 4.275978 3.511573 -3.511573 3.511573 -4.718483 -4.718483 -4.718483 4.718483 4.275978 4.275978 4.275978
72 1.6305785179 -3.642777 4.319426 4.718767 3.642777 4.319426 3.642777 -3.642777 3.642777 -4.718767 -4.718767 -4.718767 4.718767 4.319426 4.319426 4.319426
73 1.6442565918 -3.660589 4.196176 4.868079 3.660589 4.196176 3.660589 -3.660589 3.660589 -4.868079 -4.868079 -4.868079 4.868079 4.196176 4.196176 4.196176
74 1.6305785179 -3.465957 4.277770 4.703499 3.465957 4.277770 3.465957 -3.465957 3.465957 -4.703499 -4.703499 -4.703499 4.703499 4.277770 4.277770 4.277770
75 1.6622345448 -3.557432 4.208164 4.635729 3.557432 4.208164 3.557432 -3.557432 3.557432 -4.635729 -4.635729 -4.635729 4.635729 4.208164 4.208164 4.208164
76 1.6295516491 -3.195892 4.141796 4.703071 3.195892 4.141796 3.195892 -3.195892 3.195892 -4.703071 -4.703071 -4.703071 4.703071 4.141796 4.141796 4.141796
77 1.7270344496 -3.440411 4.165413 4.438731 3.440411 3.634053 4.664410 -1.956969 1.956969 -4.438731 -4.224804 -4.224804 3.932838 4.165413 0.166731 3.634053
78 2.6654887199 -0.978795 3.381724 1.779924 0.978795 3.730663 -1.607299 -4.316267 4.316267 -1.779924 -4.549314 -4.549314 0.592565 3.381724 -4.027956 3.730663
79 2.7086815834 0.737675 2.554800 3.794157 -0.737675 0.493224 4.782262 -2.367226 2.367226 -3.794157 0.651999 0.651999 4.717289 2.554800 -1.683255 0.493224
80 1.7672717571 -3.564348 3.878826 1.271904 3.564348 3.458678 4.061678 -1.797991 1.797991 -1.271904 -4.418993 -4.418993 0.513457 3.878826 -1.736269 3.458678
81 1.7677085400 -3.090517 2.535073 -3.473816 3.090517 2.585595 3.778384 -2.591236 2.591236 3.473816 -4.846890 -4.846890 -2.741714 2.535073 -1.885320 2.585595
82 1.8391016722 2.844003 4.569284 4.327067 -2.844003 2.855624 -1.170181 3.118096 -3.118096 -4.327067 -3.019866 -3.019866 4.500063 4.569284 -3.879774 2.855624
83 2.0024404526 -1.535905 4.934338 4.275070 1.535905 3.083937 3.983650 4.592161 -4.592161 -4.275070 -4.860457 -4.860457 1.321555 4.934338 -3.074687 3.083937
84 1.8530943394 -4.896567 1.714734 -3.802750 4.896567 4.281221 1.631695 4.608216 -4.608216 3.802750 -4.728267 -4.728267 -3.119196 1.714734 2.547533 4.281221
85 1.6580330133 -4.692437 4.243850 1.272017 4.692437 3.746167 1.437406 2.096634 -2.096634 -1.272017 -4.656702 -4.656702 -4.616979 4.243850 3.914481 3.746167
86 1.7183917761 -4.385434 4.849324 4.556603 4.385434 3.072946 4.532173 1.974381 -1.974381 -4.556603 -2.145754 -2.145754 4.745510 4.849324 0.331032 3.072946
87 1.7911617756 -4.007486 3.350736 3.040204 4.007486 2.289700 4.626080 1.879482 -1.879482 -3.040204 -3.995379 -3.995379 4.765213 3.350736 0.772958 2.289700
88 1.7541841269 -4.374507 4.565072 4.623793 4.374507 2.631926 0.962151 -4.201588 4.201588 -4.623793 -1.387856 -1.387856 0.295787 4.565072 1.393546 2.631926
89 1.7440648079 -2.799524 4.200727 4.708658 2.799524 3.707102 4.644644 -4.736591 4.736591 -4.708658 -2.892286 -2.892286 3.785612 4.200727 -0.478444 3.707102
90 1.7003687620 -3.098231 4.171388 4.746755 3.098231 1.809230 0.953640 -4.351686 4.351686 -4.746755 -3.837069 -3.837069 4.071043 4.171388 4.757387 1.809230
91 1.7989262342 -2.663400 4.676754 4.867822 2.663400 4.494946 0.443572 -4.556507 4.556507 -4.867822 -3.457453 -3.457453 4.728883 4.676754 -3.265862 4.494946
92 1.5724799633 -4.512522 4.022597 4.022169 4.512522 1.979482 2.988328 -0.155240 0.155240 -4.022169 -4.745712 -4.745712 1.472720 4.022597 4.753247 1.979482
93 1.7559994459 -4.933074 3.489386 2.004556 4.933074 3.054280 2.222778 2.629037 -2.629037 -2.004556 -4.521683 -4.521683 1.398860 3.489386 4.108166 3.054280
94 1.7639230490 -4.846430 4.165776 4.857153 4.846430 3.811222 2.656470 -3.195240 3.195240 -4.857153 -1.885935 -1.885935 1.402699 4.165776 -1.155567 3.811222
95 1.7512803078 -4.918249 3.679252 4.013149 4.918249 2.673512 4.881617 3.192345 -3.192345 -4.013149 -3.862936 -3.862936 3.071058 3.679252 3.201647 2.673512
96 1.7233756781 -4.528140 3.987146 4.089521 4.528140 -1.013533 -2.808798 3.706316 -3.706316 -4.089521 -4.076279 -4.076279 -3.626346 3.987146 1.538983 -1.013533
97 1.7112098932 -4.900343 3.903241 1.103122 4.900343 0.023588 3.352647 4.467346 -4.467346 -1.103122 -2.073311 -2.073311 1.541159 3.903241 2.083629 0.023588
98 1.8043081760 -4.159135 3.511778 4.299642 4.159135 -1.038561 1.868708 -2.596315 2.596315 -4.299642 -0.179148 -0.179148 1.483945 3.511778 4.558197 -1.038561
99 1.7700346708 -4.954515 4.044444 3.839589 4.954515 4.973312 3.348699 3.821880 -3.821880 -3.839589 -4.751695 -4.751695 -2.677687 4.044444 4.222778 4.973312
100 1.6955583096 -4.831618 4.416484 -2.408991 4.831618 -0.576968 2.744961 -3.534933 3.534933 2.408991 -4.799064 -4.799064 2.782697 4.416484 1.363780 -0.576968
101 1.6504229307 -3.501617 4.174791 4.712508 3.501617 -0.688157 2.117814 -2.247245 2.247245 -4.712508 -4.687128 -4.687128 -4.855565 4.174791 4.232523 -0.688157
102 1.5812616348 -4.977536 4.087936 4.847404 4.977536 0.981904 2.888660 -0.409102 0.409102 -4.847404 -4.773516 -4.773516 -2.075825 4.087936 4.311071 0.981904
103 1.6772408485 -4.263693 3.914696 4.438089 4.263693 3.585252 4.266899 1.237645 -1.237645 -4.438089 -4.629183 -4.629183 1.504535 3.914696 4.776968 3.585252
104 1.7539356947 -4.816268 4.232590 2.960717 4.816268 3.637938 1.240727 3.346251 -3.346251 -2.960717 -4.139833 -4.139833 1.453055 4.232590 4.816858 3.637938
105 1.6003134251 -4.212167 4.122320 4.361162 4.212167 1.247948 4.374663 4.964127 -4.964127 -4.361162 -4.771187 -4.771187 -0.590990 4.122320 4.976410 1.247948
106 1.6823399067 -4.215196 4.041670 2.079906 4.215196 0.889849 3.245610 -4.182104 4.182104 -2.079906 -4.974286 -4.974286 1.440816 4.041670 0.387948 0.889849
107 1.6673852205 -4.814918 3.865136 1.466234 4.814918 1.044392 4.950705 -4.514817 4.514817 -1.466234 -4.736573 -4.736573 0.476787 3.865136 3.520303 1.044392
108 1.6339174509 -4.426003 4.325953 4.668180 4.426003 1.434428 3.716166 4.278444 -4.278444 -4.668180 -4.910606 -4.910606 1.462105 4.325953 3.308543 1.434428
109 1.7412134409 -4.341406 4.319529 1.354157 4.341406 2.242490 4.404642 -4.137362 4.137362 -1.354157 -3.390913 -3.390913 1.506916 4.319529 4.873921 2.242490
110 1.6713141203 -4.756795 4.216122 4.726373 4.756795 2.153791 1.619232 -4.983458 4.983458 -4.726373 -4.734948 -4.734948 -2.693356 4.216122 4.879630 2.153791
111 1.5951467752 -4.407371 4.076348 2.687593 4.407371 2.522925 2.958006 3.326297 -3.326297 -2.687593 -4.994507 -4.994507 1.487884 4.076348 4.619315 2.522925
112 1.6697189808 -4.666019 4.003861 4.812003 4.666019 3.644147 3.039290 -2.698979 2.698979 -4.812003 -4.536515 -4.536515 1.474474 4.003861 4.989494 3.644147
113 1.6142992973 -4.274626 3.936529 4.937889 4.274626 1.482462 3.054343 2.089978 -2.089978 -4.937889 -4.737230 -4.737230 3.630310 3.936529 4.300293 1.482462
114 1.5878331661 -4.693338 4.051987 4.634108 4.693338 1.321988 3.101545 1.078364 -1.078364 -4.634108 -4.761530 -4.761530 2.404931 4.051987 4.093598 1.321988
115 1.5900248289 -4.488195 3.955542 1.830417 4.488195 1.291710 3.882783 -0.177133 0.177133 -1.830417 -4.760759 -4.760759 3.758527 3.955542 4.987096 1.291710
116 1.6307011843 -4.646916 4.150037 4.774629 4.646916 1.730402 2.647580 -4.072536 4.072536 -4.774629 -4.803680 -4.803680 1.483061 4.150037 4.480580 1.730402
117 1.5802636147 -4.475013 4.053942 4.988133 4.475013 1.430141 3.309181 -0.160898 0.160898 -4.988133 -4.746058 -4.746058 -0.155515 4.053942 4.991203 1.430141
118 1.7546110153 -4.449459 3.952214 3.451443 4.449459 2.119750 3.191692 3.013490 -3.013490 -3.451443 -4.580369 -4.580369 1.463952 3.952214 4.925982 2.119750
119 1.5480952263 -4.689730 4.201171 2.908836 4.689730 -0.265472 2.227814 0.465909 -0.465909 -2.908836 -4.911567 -4.911567 1.497340 4.201171 4.192853 -0.265472
120 1.5481706858 -4.914064 4.374793 1.624164 4.914064 0.942841 2.408943 0.351173 -0.351173 -1.624164 -4.981679 -4.981679 1.491379 4.374793 3.817427 0.942841
121 1.5879712105 -4.666288 3.989964 0.552575 4.666288 -0.728402 0.278113 0.797011 -0.797011 -0.552575 -4.909188 -4.909188 -0.306417 3.989964 4.832195 -0.728402
122 1.6540222168 -4.740352 3.961841 3.813731 4.740352 -0.657296 3.369700 0.947337 -0.947337 -3.813731 -4.922300 -4.922300 3.861898 3.961841 4.973544 -0.657296
123 1.6048691273 -4.672995 4.303133 2.484534 4.672995 -0.583116 0.721015 0.579468 -0.579468 -2.484534 -4.912512 -4.912512 -0.697794 4.303133 4.716438 -0.583116
124 1.6227757931 -4.682766 4.072009 4.560534 4.682766 -0.756895 -0.285480 0.989807 -0.989807 -4.560534 -4.905170 -4.905170 -1.663927 4.072009 3.874950 -0.756895
125 1.5402935743 -4.859218 4.076058 0.843289 4.859218 0.249785 3.434190 0.481340 -0.481340 -0.843289 -4.895188 -4.895188 -0.090818 4.076058 4.717835 0.249785
126 1.5408324003 -4.730291 4.127684 -0.876872 4.730291 -0.042724 4.894887 1.121646 -1.121646 0.876872 -4.895999 -4.895999 1.188894 4.127684 4.296745 -0.042724
127 1.5268828869 -4.689546 4.191883 -0.489043 4.689546 0.795871 4.928497 0.070571 -0.070571 0.489043 -4.883871 -4.883871 0.676110 4.191883 4.503025 0.795871
128 1.5881676674 -4.711821 4.109453 -2.272593 4.711821 1.124427 4.349796 -0.356481 0.356481 2.272593 -4.890097 -4.890097 -1.742043 4.109453 2.953114 1.124427
129 1.5659536123 -4.508515 4.295320 -2.376462 4.508515 1.343981 4.074145 0.831858 -0.831858 2.376462 -4.867450 -4.867450 1.596875 4.295320 4.615180 1.343981
130 1.5538647175 -4.778463 4.187837 0.081734 4.778463 0.156216 4.813730 0.389271 -0.389271 -0.081734 -4.870886 -4.870886 1.806500 4.187837 3.799628 0.156216
131 1.5565859079 -4.828321 4.176835 0.567249 4.828321 1.301226 4.934723 0.967623 -0.967623 -0.567249 -4.892028 -4.892028 0.060765 4.176835 4.583105 1.301226
132 1.5682772398 -4.528022 4.264152 0.354541 4.528022 1.173536 4.521467 1.104949 -1.104949 -0.354541 -4.899146 -4.899146 0.674355 4.264152 4.350915 1.173536
133 1.5487879515 -4.850329 4.280435 -1.762228 4.850329 0.798612 4.472498 1.138020 -1.138020 1.762228 -4.873768 -4.873768 1.396775 4.280435 4.984052 0.798612
134 1.7322143316 -4.600088 4.060237 -4.472628 4.600088 1.182826 3.272344 0.278100 -0.278100 4.472628 -4.885768 -4.885768 0.812030 4.060237 4.931421 1.182826
135 1.5721940994 -4.921352 4.355936 0.369077 4.921352 1.118443 4.298172 -0.700798 0.700798 -0.369077 -4.870982 -4.870982 1.552582 4.355936 4.714275 1.118443
136 1.5613355637 -4.474093 4.129346 -0.408738 4.474093 0.566275 4.991180 1.392909 -1.392909 0.408738 -4.864685 -4.864685 -0.901274 4.129346 3.159982 0.566275
137 1.5406748056 -4.556556 4.225490 -0.558966 4.556556 0.734882 4.617923 0.764366 -0.764366 0.558966 -4.891622 -4.891622 1.308613 4.225490 4.408048 0.734882
138 1.5406748056 -4.630687 4.280826 -0.735083 4.630687 0.519265 4.602615 0.717658 -0.717658 0.735083 -4.893472 -4.893472 1.480451 4.280826 3.930666 0.519265
139 1.5268197060 -4.689670 4.025466 -0.633717 4.689670 0.649756 4.599321 0.528043 -0.528043 0.633717 -4.874139 -4.874139 -0.164654 4.025466 4.823029 0.649756
140 1.5351936817 -4.823256 4.103821 -0.399985 4.823256 0.323393 4.269653 0.093828 -0.093828 0.399985 -4.863228 -4.863228 -0.735977 4.103821 4.240515 0.323393
141 1.5477644205 -4.605570 4.105239 -0.298955 4.605570 0.889692 4.373446 1.165602 -1.165602 0.298955 -4.868765 -4.868765 0.573506 4.105239 4.936016 0.889692
142 1.5479276180 -4.720514 3.836841 -0.623222 4.720514 0.629875 4.326562 0.267889 -0.267889 0.623222 -4.874934 -4.874934 0.837766 3.836841 4.995707 0.629875
143 1.5406748056 -4.509449 4.096946 -0.281398 4.509449 0.333730 4.518369 0.648073 -0.648073 0.281398 -4.873480 -4.873480 0.599747 4.096946 4.874132 0.333730
144 1.5408324003 -4.651985 4.230795 -0.901613 4.651985 0.430591 4.667062 0.998393 -0.998393 0.901613 -4.865966 -4.865966 -1.205169 4.230795 4.726038 0.430591
145 1.5531247854 -4.691542 3.790228 -0.543865 4.691542 0.466844 4.965775 0.344268 -0.344268 0.543865 -4.867635 -4.867635 -1.176240 3.790228 3.544300 0.466844
146 1.5406748056 -4.741299 4.028039 -0.651900 4.741299 0.706588 4.605313 0.934260 -0.934260 0.651900 -4.870009 -4.870009 0.277064 4.028039 4.606063 0.706588
147 1.4999423027 -4.678951 4.025668 -0.654499 4.678951 -0.054039 4.873596 0.509513 -0.509513 0.654499 -4.951423 -4.951423 0.437402 4.025668 4.970672 -0.054039
148 1.5200603008 -4.746561 4.044039 -0.610214 4.746561 -0.269926 4.658598 0.832299 -0.832299 0.610214 -4.954210 -4.954210 0.922031 4.044039 4.900071 -0.269926
149 1.5083162785 -4.688693 3.981434 -0.599608 4.688693 0.169335 4.968633 0.274406 -0.274406 0.599608 -4.957293 -4.957293 0.034933 3.981434 4.935800 0.169335
150 1.5083162785 -4.744945 3.983313 -0.519129 4.744945 -0.267306 4.991456 0.193115 -0.193115 0.519129 -4.954957 -4.954957 0.012184 3.983313 4.894754 -0.267306
151 1.5145791769 -4.668362 4.025701 -0.625638 4.668362 0.157153 4.767256 0.171709 -0.171709 0.625638 -4.956815 -4.956815 0.585329 4.025701 4.817562 0.157153
152 1.5200603008 -4.747697 4.072286 -0.731066 4.747697 0.147957 4.708583 0.686932 -0.686932 0.731066 -4.957378 -4.957378 0.153284 4.072286 4.951258 0.147957
153 1.5083162785 -4.750274 4.066489 -0.737653 4.750274 0.064316 4.986832 0.240677 -0.240677 0.737653 -4.951934 -4.951934 0.831625 4.066489 4.953642 0.064316
154 1.5013210773 -4.614630 4.058572 -0.819483 4.614630 -0.278361 4.752672 0.483579 -0.483579 0.819483 -4.957120 -4.957120 0.063776 4.058572 4.821541 -0.278361
155 1.5145791769 -4.689146 4.120203 -0.757638 4.689146 -0.213428 4.654923 0.370742 -0.370742 0.757638 -4.956131 -4.956131 -0.148956 4.120203 4.983300 -0.213428
156 1.5145791769 -4.675597 4.064317 -0.774572 4.675597 -0.145701 4.644872 0.251040 -0.251040 0.774572 -4.956206 -4.956206 1.067530 4.064317 4.993424 -0.145701
157 1.5083162785 -4.706567 4.014481 -0.663257 4.706567 -0.007485 4.982002 0.402219 -0.402219 0.663257 -4.951519 -4.951519 -0.339043 4.014481 4.938436 -0.007485
158 1.5083162785 -4.700138 4.006781 -0.651673 4.700138 -0.001400 4.945936 0.447900 -0.447900 0.651673 -4.953946 -4.953946 0.536557 4.006781 4.899821 -0.001400
159 1.5137974024 -4.646145 4.039759 -0.611746 4.646145 -0.087065 4.931302 0.624483 -0.624483 0.611746 -4.953970 -4.953970 0.210627 4.039759 4.979915 -0.087065
160 1.5083162785 -4.654725 4.007666 -0.752119 4.654725 0.018366 4.876395 0.322660 -0.322660 0.752119 -4.952580 -4.952580 0.196439 4.007666 4.993659 0.018366
161 1.5083162785 -4.730416 4.044970 -0.749002 4.730416 0.005839 4.918530 0.416268 -0.416268 0.749002 -4.952876 -4.952876 0.231299 4.044970 4.973244 0.005839
162 1.5083162785 -4.633229 4.047160 -0.748779 4.633229 -0.118877 4.895544 0.369649 -0.369649 0.748779 -4.948786 -4.948786 0.193941 4.047160 4.941415 -0.118877
163 1.5083162785 -4.715388 4.013065 -0.746138 4.715388 -0.023153 4.876543 0.292427 -0.292427 0.746138 -4.953204 -4.953204 0.282255 4.013065 4.960721 -0.023153
164 1.5083162785 -4.713547 4.031647 -0.754936 4.713547 -0.066785 4.923616 0.396267 -0.396267 0.754936 -4.951464 -4.951464 0.193591 4.031647 4.896929 -0.066785
165 1.5145791769 -4.707199 4.039748 -0.680926 4.707199 0.011095 4.724650 0.396031 -0.396031 0.680926 -4.953403 -4.953403 -0.303209 4.039748 4.919722 0.011095
166 1.8559470177 -2.402677 4.824953 1.449769 0.891479 4.378009 3.421860 1.188776 4.233069 -2.524108 -4.736202 -4.814939 -2.694308 2.906184 0.189137 0.297372
167 1.6668441296 -4.175506 3.860401 2.648399 3.096126 1.006371 4.530359 -3.618963 3.814902 4.688575 -4.942595 -2.811524 4.808803 0.315262 4.594524 4.529648
168 1.8990668058 -2.055777 4.300461 2.504700 4.699505 4.579931 2.462502 3.234980 3.713715 2.146231 -4.947253 -3.963359 0.037922 1.207071 4.952672 0.717338
169 1.9141993523 -2.773236 4.771645 -2.676311 0.336102 -3.940643 3.996002 -4.409311 1.306807 2.426485 -4.836833 -2.225028 3.313938 -1.359907 2.498063 -4.979237
170 1.9215188026 -4.640721 3.128003 -1.019911 2.891427 -3.058675 4.971549 4.176151 -0.802059 4.966860 -4.887108 -0.791454 3.713332 2.650400 3.576430 -3.946818
171 1.7031716108 -3.946382 3.227625 1.956484 4.284672 0.709192 3.697801 -3.135648 -2.292794 1.298443 -4.949218 -3.934397 -4.317589 -1.635351 3.251049 -0.099792
172 1.7690215111 -2.579645 3.152907 2.700143 0.095110 -3.572975 4.069057 3.068400 2.915981 -1.478788 -4.848776 -3.437236 -1.166998 3.214407 4.035490 3.576258
173 1.7874778509 -3.246978 3.633589 -1.664221 4.933034 -0.375774 4.320658 -4.803227 3.803275 2.664123 -4.889225 -3.972566 -2.662804 -1.975886 4.386916 -1.043691
174 1.8617933989 -4.118525 4.696354 -0.723328 -1.727487 3.337614 4.531848 -0.404291 -0.087685 -1.649647 -4.976269 -1.158482 -1.581631 3.126049 4.008612 -4.060935
175 1.8276566267 -2.606919 3.678770 -3.468520 -1.113057 3.771194 2.961336 4.470919 -0.853458 -0.626149 -4.871068 -4.674179 -3.874003 4.473985 3.613571 1.474213
176 1.8320043087 -2.627324 3.453878 0.357253 -1.329107 -2.776298 3.466346 4.760577 -4.335731 -4.023253 -4.130394 -4.936176 1.894145 -2.632524 4.579841 4.846948
177 1.7516983747 -3.570264 3.301029 -1.573265 4.226271 -3.794221 3.044496 -2.895894 -2.961621 0.336979 -4.954074 -4.090123 -4.764262 4.665911 4.959831 -2.565901
178 1.6534749269 -4.528498 3.433630 1.927184 -3.566648 -1.196072 4.320749 -0.552452 2.407461 3.182238 -4.956684 -3.416919 -3.980489 3.834678 2.560986 -2.096736
179 1.7558431625 -4.590558 3.730624 -2.039427 -1.474036 -3.344581 3.129166 -2.175038 3.724107 -1.384344 -4.763297 -4.919939 3.461170 1.135629 3.532446 -0.128385
180 1.7970287800 -3.991411 3.420607 -2.348191 1.680733 -2.252155 2.954771 2.263857 1.415533 -2.199835 -4.934296 -4.624644 -3.160419 2.954194 0.923742 4.026140
181 1.6582356691 -4.183627 3.828542 1.217406 3.244506 -3.223615 4.480400 -1.501594 0.662948 0.909571 -4.934880 -4.772106 -3.978334 1.967996 4.785576 1.927611
182 2.1413393021 -4.889077 3.684089 -3.878807 -0.970619 -2.508287 4.927759 3.033760 3.185531 2.176913 -4.978321 -3.699766 3.593629 4.160594 3.551168 1.714407
183 1.8055248260 -4.585911 4.164318 -1.210252 2.021537 -0.312891 3.608215 -1.981605 -4.194241 -4.773669 -4.986538 -4.765473 4.987673 3.415226 4.649945 3.284183
184 1.6696300507 -4.541257 3.873088 0.266270 4.682777 2.917720 1.729884 -1.873538 -3.455177 2.861448 -4.998427 -4.852480 0.812349 3.448689 4.157696 -1.970737
185 1.9758495092 -4.065381 3.793309 0.477635 4.575658 2.044818 4.204806 2.518852 4.633675 -0.646002 -4.944844 -4.812143 -2.630363 4.232101 4.244206 -4.295475
186 1.6578006744 -4.794882 4.116585 -1.180126 4.502536 -3.683107 4.632839 -1.042805 3.524466 -1.823135 -4.986841 -4.711551 1.669761 -0.946713 4.850829 -1.020920
187 1.6500163078 -4.645821 2.455956 2.236700 1.030012 -2.809829 4.229822 -0.085220 -2.736107 2.457125 -4.656112 -4.999788 -0.334443 3.920125 4.725393 1.200413
188 1.6614186764 -4.315464 3.673861 0.114341 4.998218 0.396387 2.986678 -4.323863 -0.388735 -0.743118 -4.994730 -2.264930 -0.183887 3.064991 4.799419 0.560898
189 1.6324275732 -4.690548 4.494103 -0.776698 3.321199 -4.217895 4.970314 -0.479091 -2.350895 4.299730 -4.993281 -4.394535 -3.187731 3.682119 3.633494 0.845561
190 1.6295722723 -4.501466 3.620352 -0.735443 4.514609 1.755743 4.688489 -4.896629 0.698519 -3.884373 -4.378905 -4.989942 -3.187477 4.533016 4.895318 -0.339955
191 1.7730073929 -4.169336 4.128041 -0.280366 3.149489 -4.304567 4.020274 -4.920781 -0.806774 -4.860604 -4.913271 -4.019739 3.559350 2.333035 4.854511 0.537113
192 1.7253885269 -4.354215 3.754349 -0.404560 4.765098 -3.556051 -0.671340 0.789206 -1.461487 -0.654132 -4.992587 -1.054940 -4.945104 4.968727 4.556370 0.591947
193 1.5951970816 -4.943391 4.215197 -0.547794 3.920994 -1.485328 -1.272126 -1.808329 -1.990020 3.518911 -4.975915 -4.705108 -3.159499 4.965535 4.201385 0.184370
194 1.6286469698 -4.736512 3.681296 0.107465 3.479558 0.311059 4.852963 -0.144754 -2.235079 4.735614 -4.977658 -4.137282 -3.274216 4.616354 4.547696 -0.128707
195 1.7242416143 -4.846814 3.719262 -0.592356 4.936750 3.263520 2.394452 -4.245717 0.794491 -2.922898 -4.984801 -4.928990 0.504043 1.969684 3.918115 0.885533
196 1.5768249035 -4.617411 4.118884 -0.253964 4.894554 -0.657635 4.122351 -3.585450 -1.487262 2.466207 -4.939658 -4.962657 -3.834154 3.465430 4.438912 0.399678
197 1.5952495337 -4.861716 4.042637 -1.099946 4.970696 -2.758943 2.798889 -0.770415 -4.155239 -0.080074 -4.926341 -4.717800 0.567448 4.615060 4.918179 -0.472789
198 1.6711256504 -4.897209 4.113144 -0.334470 3.819081 -1.512859 4.913121 -1.101009 -0.077599 2.072291 -4.937384 -4.611102 -0.126295 1.579828 3.875131 0.278423
199 1.5289350748 -4.871038 3.875425 -0.463107 4.787062 -2.727754 2.117664 0.799981 2.604724 1.262821 -4.951502 -4.969911 -4.400014 4.456742 4.889095 0.235615
200 1.5441938639 -4.684165 3.938647 -0.671804 4.871079 -2.988623 4.198581 0.403710 -2.156321 3.156021 -4.164327 -4.931000 2.750652 4.988451 4.524413 0.400917
201 1.4924602509 -4.663513 4.122028 -0.803043 4.964583 -2.291388 4.307242 0.021530 3.815240 2.463727 -4.998269 -4.960326 -1.077899 4.831537 4.941126 -0.433355
202 1.5529692173 -4.436534 4.141383 -1.148744 4.585651 0.845882 3.947246 -0.535193 3.899367 4.720473 -4.891630 -4.978896 2.558516 4.259387 4.491128 -0.620305
203 1.5396423340 -4.402437 4.284963 -1.064109 4.312061 0.273356 4.193197 -0.812512 3.388177 -1.945446 -4.993629 -4.969444 -3.571210 4.324985 4.374258 -0.759934
204 1.5615855455 -4.519980 3.962945 -1.108616 4.945487 -2.966368 4.946410 0.680458 1.952228 3.203810 -4.315485 -4.981359 -2.593045 4.509433 4.247772 -0.774907
205 1.6055834293 -4.614173 3.913870 -0.947436 4.533969 -4.093432 4.852675 -0.218798 4.807393 -1.036592 -4.991774 -4.978575 -2.712397 4.193879 4.978823 -0.891018
206 1.6087907553 -4.506845 4.076142 -1.028351 4.110415 1.469325 4.563666 0.707522 2.629718 -0.231553 -4.965418 -4.942365 -4.924404 4.889494 4.570753 0.270555
207 1.4799573421 -4.850376 3.979205 -0.426590 4.515631 -2.722295 1.262675 -0.740354 -0.722799 4.350308 -4.532145 -4.947360 -4.627792 4.960938 4.862301 0.098184
208 1.5373092890 -4.743280 3.868836 0.382214 4.844496 -4.943998 1.329934 0.291482 -1.994262 3.488819 -3.909329 -4.946008 -4.120768 4.217052 4.620332 -0.143713
209 1.5915799141 -4.646003 4.071889 -0.131393 4.959862 -3.748289 1.974744 -1.282892 -3.680393 3.324327 -3.596820 -4.928486 -2.913791 2.887525 4.951306 0.420181
210 1.6700823307 -4.801390 4.190555 -0.665947 4.330699 -1.445602 2.691187 0.488639 0.350012 2.462280 -4.551706 -3.980349 -3.672073 4.721653 4.228324 -0.085683
211 1.6653900146 -4.997640 3.957767 -0.762795 4.020473 -1.313766 -1.817156 -1.229837 0.324125 1.140857 -4.513524 -4.957557 -4.840570 4.560256 4.865871 -0.141882
212 1.7489171028 -4.935383 3.889752 -0.650919 4.665588 0.577697 0.994636 -1.605808 0.586412 -2.467560 -4.514990 -3.410397 1.636175 4.885052 3.303516 0.102115
213 1.5980763435 -4.673529 3.875428 -0.642419 4.981306 -3.453451 -1.484667 -1.860515 -1.073522 4.898741 -4.552168 -4.966444 -0.361303 4.800909 4.957716 -0.189014
214 1.6458934546 -4.765121 3.960962 -1.200115 4.862490 -4.603469 1.405110 -1.644242 -2.590122 1.614948 -4.556705 -4.861340 -2.387982 3.796578 4.266870 0.405160
215 1.5478954315 -4.947510 4.185758 -0.302905 3.725570 -3.306673 2.888387 0.215499 2.238899 4.148351 -4.883946 -4.932827 -4.511026 3.340870 4.874489 0.152028
216 1.5375779867 -4.832684 4.053290 0.147827 4.913790 -2.033620 2.136645 -1.188212 3.328363 4.798385 -4.297400 -4.942390 -2.603682 4.746212 4.181512 0.387436
217 1.6045500040 -4.883958 3.757662 -0.000074 3.118871 -2.843630 1.993012 -0.018632 -2.747715 4.365083 -4.032869 -4.920917 -3.536826 4.942989 4.222892 0.178795
218 1.5606342554 -4.741924 4.050006 0.223212 4.806235 -3.742186 1.314632 0.196043 -4.258964 4.018738 -4.933431 -4.961801 -2.614188 4.076373 3.983232 0.715868
219 1.5672374964 -4.913375 3.547914 -0.095535 4.641579 -4.100710 2.087267 -1.620264 0.906910 4.958365 -4.672633 -4.950298 -1.990956 4.988343 4.943848 -0.446885
220 1.4606556892 -4.748676 3.980310 0.132495 4.783629 -2.281864 2.071224 0.524862 -0.897482 4.612696 -3.491672 -4.964071 -3.983295 4.966162 4.573188 1.241928
221 1.5010871887 -4.472294 4.166080 -0.240173 4.170336 -1.294074 3.677025 1.479252 -0.658917 4.005955 -3.510704 -4.816823 2.183529 4.998150 4.044397 0.583530
222 1.5562999249 -4.699741 4.174899 0.984948 4.937932 -2.676256 2.572142 0.789520 -2.641168 3.515235 -3.461611 -4.956908 1.014549 4.658577 3.946874 0.595281
223 1.5498688221 -4.728778 3.971718 0.224795 4.899642 1.047884 1.153465 1.324933 -1.887592 4.592238 -3.409046 -4.965904 -3.346102 4.734109 3.216793 4.469456
224 1.6990865469 -4.420597 3.713717 0.001433 3.418623 -2.198744 4.640623 1.127825 -2.780394 2.437077 -3.516050 -4.327745 1.983161 4.726922 3.946920 2.138873
225 1.5255469084 -4.818793 3.988327 0.557555 4.941451 -3.316782 3.352738 1.356313 -0.133926 1.627523 -3.756563 -4.797727 -3.799741 4.502230 3.405239 4.141269
226 1.5952922106 -4.739151 3.823443 0.387004 4.042159 -4.121225 0.941283 1.383373 0.307297 2.296042 -3.514795 -4.962562 1.934065 4.434462 3.613604 1.049741
227 1.6627211571 -4.844764 4.194044 -0.249105 4.587588 1.546542 -0.952764 2.149801 -2.480028 0.213286 -3.500556 -4.479167 -4.171992 4.768751 3.833246 1.632716
228 1.4946066141 -4.617097 4.139937 0.558505 3.998458 -0.567407 3.653021 1.023546 0.358956 4.370009 -3.514338 -4.808819 -4.436054 4.152413 4.494889 1.072776
229 1.5036422014 -4.767721 4.167593 -0.344278 4.411642 -2.091050 2.225256 0.133418 0.987538 3.263318 -3.488189 -4.948288 -1.554691 4.741668 4.804277 2.239173
230 1.6455760002 -4.393088 4.207246 0.669138 4.578046 -4.695401 0.751030 -0.760267 0.757527 4.292111 -3.507717 -4.279585 -1.048661 4.799402 3.592632 0.681122
231 1.6112083197 -4.804466 3.958131 0.526249 3.464066 -3.269070 3.360213 -0.592114 -0.714857 4.794059 -3.687304 -4.908767 0.156312 4.493914 4.870685 -0.546790
232 1.5475816727 -4.740919 3.959549 -0.359808 4.713652 -2.015976 4.803283 -0.033988 -1.610234 4.042440 -4.477679 -4.956296 -4.499161 4.253473 3.579146 3.506839
233 1.5169620514 -4.970952 3.976223 0.578131 4.324437 -0.498026 3.898714 -0.924645 0.170387 4.799461 -3.485263 -4.983534 -3.926135 4.296820 3.348252 1.459802
234 1.4898033142 -4.564470 4.014680 0.514992 3.896458 -1.211592 4.018528 1.089269 -2.158652 4.935697 -3.507181 -4.951883 -4.086014 4.971444 3.833884 2.372455
235 1.4882498980 -4.447001 4.132797 -0.274776 4.413513 -3.939897 3.089366 1.771624 0.680645 4.750503 -3.471525 -4.993825 -3.727458 4.113411 4.696139 0.522447
236 1.4668569565 -4.645491 4.033105 -0.027548 4.840520 -3.905239 2.483974 0.619016 -0.322426 4.724927 -3.506831 -4.953865 -4.892545 4.981628 4.976278 1.303145
237 1.4749406576 -4.639712 3.967211 -0.104052 4.911359 -1.121488 2.981826 0.218436 -1.488515 4.664205 -3.494368 -4.980878 -4.037492 4.803682 4.396270 0.983516
238 1.5031809807 -4.599666 4.002105 -0.079381 4.521122 -2.478905 2.241186 1.067705 -1.390489 4.947151 -3.481715 -4.986791 0.277660 4.631216 4.983095 1.691697
239 1.5464545488 -4.585141 4.080829 0.136255 4.947694 -0.282122 2.319868 -0.055979 -1.282220 3.365906 -3.478223 -4.989134 -3.869027 4.702428 4.542536 1.409933
240 1.5035194159 -4.897521 4.098408 0.216281 4.011281 -2.357925 0.793911 1.147336 -0.652125 4.816750 -3.477908 -4.970003 -4.856821 4.907351 4.135195 1.584562
241 1.4743852615 -4.887045 3.987120 0.085647 4.744324 0.673559 2.745992 0.987700 -0.438077 4.803076 -3.500812 -4.971690 1.689749 4.861451 4.649511 0.826404
242 1.5095138550 -4.919235 3.953676 0.253004 4.899378 -2.153602 3.054611 1.258543 -0.066468 4.251141 -3.502420 -4.976924 -4.574559 4.397940 4.068522 1.022336
243 1.4710900784 -4.879532 4.083287 -0.101111 4.959107 0.258910 2.829025 0.826787 -0.776672 4.944310 -3.482222 -4.980040 -2.267213 4.917794 4.714672 1.424442
244 1.4896088839 -4.756595 4.281404 -0.051428 4.928279 -1.778351 3.101894 1.117739 1.317204 4.127253 -3.504830 -4.985323 -3.894387 4.923690 3.557704 0.890010
245 1.4830689430 -4.839884 3.985911 0.026644 4.065047 0.018656 2.994351 1.349326 -1.647633 4.601429 -3.502527 -4.988488 -2.614225 4.894779 4.987393 1.242343
246 1.4510463476 -4.859961 3.982914 0.331635 4.625349 -3.527817 2.944947 -0.115598 -0.295255 4.992334 -3.489749 -4.987151 -3.698455 4.985079 4.769258 1.508854
247 1.4979449511 -4.982283 3.988074 0.169664 4.455782 -3.973287 2.536065 1.910761 0.282969 4.724883 -4.673491 -4.987007 -4.900956 4.901006 4.853629 1.567489
248 1.4830603600 -4.698955 3.942544 0.247155 4.474350 -3.177511 3.423348 -0.155083 -0.169822 4.833934 -2.564105 -4.980449 -4.485713 4.992612 4.752287 0.972148
249 1.4978637695 -4.993870 3.966951 0.219447 4.804327 -2.989035 2.446257 -0.616335 -0.687280 4.938155 -3.218349 -4.996047 -2.334113 4.864645 4.910038 1.683529
250 1.5234965086 -4.897772 3.903643 0.678435 4.407184 -3.469324 2.799513 -0.956447 -0.619957 4.827408 -4.362199 -4.983199 -4.870502 4.780804 4.971246 1.287347
251 1.4637055397 -4.946747 3.966253 0.238182 4.805438 -3.093958 2.372674 0.713826 -0.459708 4.780330 -3.562382 -4.973895 -3.664296 4.983533 4.942742 0.893612
252 1.4670656919 -4.998185 4.033739 0.076436 4.842548 -2.810875 2.969314 0.715353 0.022376 4.827842 -4.876766 -4.972681 -3.616619 4.991599 4.542378 1.056006
253 1.4895867109 -4.745835 4.070699 0.236459 4.650066 -3.204047 3.050442 -0.288180 -0.271330 4.262934 -2.288290 -4.997743 -4.871828 4.956774 4.988135 1.196502
254 1.5529308319 -4.664373 4.074798 0.019888 4.756259 -4.244630 2.103646 0.372425 0.663120 4.994343 -3.495043 -4.972101 -4.788855 4.676358 4.292136 1.069143
255 1.4867694378 -4.792306 3.904570 0.005865 4.468839 -3.484460 3.200717 1.908471 -0.298753 4.883859 -2.537978 -4.976560 -4.072237 4.945032 4.953966 1.655635
256 1.4512393475 -4.868661 3.976893 0.029351 4.664442 -3.118852 3.331485 1.728470 -0.216914 4.366699 -4.078870 -4.999490 -3.470012 4.901411 4.835916 1.219371
257 1.4785910845 -4.852157 3.968638 0.118660 4.885739 -3.325134 3.406611 0.405689 -0.252765 4.717131 -4.458476 -4.945860 -4.872539 4.851472 4.959497 2.472356
258 1.4920796156 -4.790924 4.091383 0.010437 4.574386 -3.834307 2.922758 2.064639 -0.702546 2.684573 -2.292359 -4.998737 -4.014106 4.919450 4.895977 1.125439
259 1.4512393475 -4.768339 4.074859 0.076168 4.751608 -3.306651 3.190984 1.842295 -0.385703 4.231188 -4.407196 -4.977055 -2.960755 4.934881 4.985866 1.100191
260 1.4463814497 -4.873869 3.995957 0.538885 4.759174 -3.078229 3.452140 1.112587 0.181574 4.983343 -3.567448 -4.965049 -3.245929 4.978330 4.803684 1.297875
261 1.4944782257 -4.923258 4.008995 0.556182 4.993141 -2.477015 4.001356 2.751463 0.417956 4.857928 -4.658019 -4.982436 -2.133267 4.793738 4.560862 1.497769
262 1.4925236702 -4.889751 4.000646 0.201353 4.747887 -2.195568 4.336030 1.344440 0.579593 3.561149 -2.594095 -4.995421 -3.869732 4.980025 4.891462 0.154141
263 1.5377793312 -4.701300 3.938579 0.239297 4.586217 -2.472863 3.463927 1.546364 -0.435966 4.707293 -4.815396 -4.958772 -2.997104 4.674541 4.676066 1.761517
264 1.4786603451 -4.767435 4.191387 0.123880 4.720179 -2.877592 2.239094 1.449890 0.769261 4.896356 -3.745663 -4.969785 -1.438962 4.991721 4.993279 1.618246
265 1.5151675940 -4.952901 4.202017 0.231506 4.913779 -2.615614 4.933538 -0.256751 0.654508 4.683690 -3.681785 -4.948871 -4.753955 4.980938 4.371614 1.455512
266 1.4848160744 -4.855092 2.851984 0.392190 4.867465 -2.896592 3.864300 1.642961 -0.302311 4.581703 -3.532467 -4.977915 -4.355694 4.997029 4.960981 2.071580
267 1.4640526772 -4.851768 4.321160 0.170919 4.483890 -2.706962 3.344118 3.265143 -0.225034 4.766289 -3.591772 -4.981409 -4.379187 4.999369 4.647623 0.926621
268 1.4806983471 -4.849875 4.012325 0.254677 4.545780 -2.435016 3.844323 0.728236 0.973413 4.544792 -3.472827 -4.993185 -2.477230 4.959203 4.700914 1.748306
269 1.4692651033 -4.917947 4.006464 0.229916 4.909035 -2.574243 4.234156 0.947421 -0.594554 3.775915 -4.043279 -4.992756 -4.340157 4.973531 4.363355 1.120080
270 1.4775679111 -4.840551 3.982647 0.284145 4.872917 -2.327335 3.011719 0.969188 -0.638166 2.928228 -3.782778 -4.993520 -3.119633 4.992494 4.692991 2.122396
271 1.5320448875 -4.940731 4.642049 -0.010223 4.858270 -3.334909 2.722352 0.976035 -2.553338 4.536037 -3.722436 -4.970141 -3.909037 4.963363 4.914916 0.785528
272 1.5226621628 -4.964334 3.949386 0.244180 4.959058 -2.939524 2.864958 2.443526 -0.577557 4.771178 -3.282922 -4.963276 -2.661938 4.947455 4.812922 1.257730
273 1.4744461775 -4.881949 3.848676 -0.067094 4.944505 -2.744184 2.704123 1.376378 0.090804 4.737891 -4.001065 -4.968960 -4.330778 4.951146 4.891112 2.074560
274 1.4707747698 -4.987978 4.107159 0.406509 4.702105 -1.785398 2.793774 1.241603 -0.013248 4.824281 -3.230767 -4.952618 -3.820536 4.989301 4.209914 1.342445
275 1.4802004099 -4.864852 4.036491 0.444998 4.896669 -2.485807 2.867655 1.331834 0.421303 3.022562 -3.966157 -4.979314 -3.376269 4.996802 4.858720 0.793052
276 1.5070239305 -4.979510 3.962844 0.392310 4.771013 -3.205814 3.765516 0.728361 -0.230613 4.787870 -3.667477 -4.968165 -4.314038 4.905009 4.958852 1.173998
277 1.4707370996 -4.816078 3.923351 0.389068 4.889164 -3.211333 3.368793 0.902285 0.250385 4.816611 -3.813275 -4.972182 -3.745135 4.992973 4.857168 1.823641
278 1.4744461775 -4.880661 3.898185 0.306573 4.559058 -3.003859 3.616919 1.192437 0.149174 4.999640 -3.783315 -4.971897 -4.538542 4.986099 4.900248 0.955166
279 1.4744461775 -4.791713 3.923967 0.821335 4.907800 -2.814660 3.890409 1.148756 -0.148469 4.985433 -3.716998 -4.967034 -3.768478 4.994889 4.919349 1.122232
280 1.4710891247 -4.792645 4.128623 0.473355 4.955736 -2.835786 3.455156 0.904767 0.369634 4.980736 -3.758466 -4.969766 -2.877497 4.986381 4.980110 1.735999
281 1.4522815943 -4.830241 3.974156 0.483594 4.751013 -2.586508 3.122034 0.721254 -0.091367 4.582601 -3.457756 -4.973655 -3.586788 4.998388 4.865537 1.057024
282 1.4632092714 -4.856375 4.030587 0.516119 4.732758 -2.799153 3.100961 0.923289 -0.037683 4.343689 -3.498471 -4.973570 -4.642044 4.992972 4.930115 1.711806
283 1.4798263311 -4.869498 4.023020 0.396876 4.778916 -2.655221 3.068020 0.681994 0.010374 4.634513 -3.690802 -4.967608 -4.798823 4.996181 4.751530 1.804078
284 1.4864161015 -4.835479 3.943343 0.474232 4.812115 -2.962611 3.086458 0.659588 -0.124659 4.955235 -3.653308 -4.969871 -4.617402 4.962122 4.979106 0.797712
285 1.4716696739 -4.849809 4.046279 0.360654 4.801399 -2.617802 3.030659 1.392933 0.023972 4.506821 -3.683223 -4.965729 -4.733956 4.999438 4.398889 1.597405
286 1.4512393475 -4.838315 3.991791 0.665952 4.820762 -2.091985 3.214616 1.398264 0.012131 4.329456 -3.748337 -4.970607 -4.458155 4.995638 4.835992 1.626811
287 1.4591599703 -4.894861 3.966519 0.370345 4.710478 -2.343555 3.156680 0.940175 0.395238 4.903152 -3.735794 -4.973323 -4.584762 4.976852 4.690964 0.994456
288 1.4952716827 -4.787676 4.070797 0.552892 4.747599 -2.301513 3.507895 1.339644 0.365384 4.272718 -3.734984 -4.970650 -4.866980 4.973500 4.996950 1.511125
289 1.4426723719 -4.812379 4.042634 0.576801 4.795971 -2.497424 3.719717 0.640617 0.016965 4.794858 -3.592472 -4.972147 -4.533565 4.986862 4.935069 0.942644
290 1.4555585384 -4.794572 4.062223 0.386031 4.725625 -1.649411 3.809485 0.403155 -0.202455 4.995156 -3.372707 -4.981246 -4.364745 4.987572 4.887323 1.373495
291 1.5510905981 -4.832593 3.975348 0.586848 4.785658 -1.891034 3.507756 0.323146 -0.239363 4.899481 -3.697663 -4.974445 -4.970015 4.993698 4.697347 1.174122
292 1.4463814497 -4.829996 4.019314 0.409042 4.672318 -2.217841 4.101130 1.149638 -0.288174 4.761145 -3.474392 -4.980445 -4.576556 4.999977 4.984080 0.700467
293 1.4463814497 -4.723681 4.084591 0.509805 4.773733 -2.667121 3.896274 1.069017 0.189914 4.768853 -3.473171 -4.978482 -4.433359 4.989782 4.995914 0.616028
294 1.4600037336 -4.774352 4.058084 0.486067 4.666756 -2.562118 3.284379 0.899167 -0.423668 3.635421 -3.641385 -4.972515 -4.358301 4.984879 4.968133 0.708234
295 1.4559906721 -4.797295 4.032727 0.396328 4.735097 -2.312559 3.449730 1.152256 -0.129806 4.624790 -3.512127 -4.967537 -4.045774 4.953052 4.890513 0.641016
296 1.4463814497 -4.751557 4.039280 0.403891 4.678409 -2.372141 3.657115 0.972066 -0.068582 4.995813 -3.655287 -4.978607 -4.207870 4.887579 4.935537 0.933327
297 1.4739261866 -4.748603 4.039700 0.384374 4.689778 -2.427990 3.478282 1.097324 -0.072985 4.932787 -3.629136 -4.969671 -4.780705 4.973926 4.989914 0.503743
298 1.4475302696 -4.728829 4.044001 0.414064 4.797807 -2.428874 3.423226 0.480607 -0.210942 4.328572 -3.547437 -4.978331 -4.223948 4.997728 4.747884 0.815664
299 1.4554100037 -4.734159 4.065115 0.419585 4.659365 -2.277653 3.824592 0.712559 0.200877 3.961303 -3.681823 -4.976482 -4.442080 4.951358 4.808396 0.496212
300 1.4512393475 -4.778261 4.089440 0.411889 4.694131 -2.566399 3.593235 1.103242 -0.220972 4.289478 -3.623079 -4.974612 -4.401040 4.951736 4.986481 1.018912
301 1.4522815943 -4.730703 4.049812 0.339052 4.691915 -2.249747 3.483895 0.829171 0.168185 4.522646 -3.591222 -4.972332 -4.365217 4.963394 4.999991 1.077755
302 1.4559042454 -4.748019 4.064720 0.485502 4.886013 -2.366148 3.708667 0.243610 -0.129972 4.357080 -3.699749 -4.968570 -4.149658 4.976560 4.999321 0.528088
303 1.4637128115 -4.726915 4.059303 0.577756 4.682988 -2.501208 3.639399 1.164893 -0.516710 3.493267 -3.504455 -4.972287 -4.328832 4.962998 4.980899 0.641312
304 1.5675382614 -4.757120 4.098502 0.387523 4.813883 -2.743554 3.643575 1.168427 0.277100 3.894729 -3.603228 -4.977322 -4.926589 4.976219 4.858339 0.560445
305 1.4426723719 -4.792048 4.044573 0.460840 4.711132 -2.447167 3.782302 0.721818 -0.118038 4.974303 -3.775988 -4.996388 -4.543644 4.972790 4.928482 0.936925
306 1.4426723719 -4.789836 4.039060 0.475578 4.702923 -2.646686 3.534413 0.682058 0.080017 4.920428 -4.125827 -4.980732 -4.491138 4.921419 4.937108 1.187058
307 1.4463814497 -4.826273 4.043094 0.430192 4.673781 -2.610076 3.747982 1.669499 -0.168022 4.987749 -3.572196 -4.973894 -4.528919 4.985803 4.994530 1.044751
308 1.4463814497 -4.762351 4.066617 0.398239 4.768064 -2.534381 3.788009 0.987886 -0.082085 4.791482 -3.782347 -4.973398 -4.530871 4.972176 4.883827 1.033182
309 1.4463814497 -4.811611 4.025629 0.533274 4.663128 -2.509019 3.870587 1.510562 -0.073059 4.963120 -3.541422 -4.969250 -4.525218 4.997321 4.967466 1.052373
310 1.4463814497 -4.798242 4.050298 0.680143 4.942233 -2.448050 3.704327 1.169605 0.223981 4.994406 -3.620747 -4.970536 -4.492465 4.975074 4.985936 1.132397
311 1.4463814497 -4.772737 4.057818 0.435465 4.966048 -2.410350 3.867029 1.331877 0.032231 4.818917 -3.576194 -4.972492 -4.499618 4.972933 4.935710 1.127326
312 1.4426723719 -4.811588 4.039400 0.559595 4.675692 -2.484239 3.523874 0.798327 -0.013337 4.768149 -3.899968 -4.965217 -4.486281 4.980268 4.952399 1.157081
313 1.4426723719 -4.788626 4.054460 0.507564 4.471721 -2.550282 3.619811 0.750431 -0.011260 4.922588 -3.573493 -4.975993 -4.497864 4.950571 4.961320 1.004003
314 1.4463814497 -4.772834 4.050637 0.646495 4.844233 -2.531668 3.779370 1.321650 -0.219110 4.946055 -3.637184 -4.973025 -4.506714 4.976394 4.979666 0.924339
315 1.4493670464 -4.771194 4.027682 0.440919 4.335324 -2.594303 3.787721 1.168782 0.082801 4.921646 -3.568589 -4.975636 -4.499713 4.974292 4.933840 1.099931
316 1.4463814497 -4.784895 4.056996 0.523689 4.588076 -2.515202 3.514165 1.487284 -0.148169 4.984314 -3.652717 -4.975855 -4.504666 4.919830 4.854624 1.035519
317 1.4463814497 -4.822023 4.046955 0.581421 4.579207 -2.400842 3.585921 1.349034 0.199777 4.974525 -3.589594 -4.976220 -4.514595 4.995551 4.929865 1.057681
318 1.4463814497 -4.767670 4.053119 0.512795 4.591760 -2.441647 3.606926 1.405953 -0.232959 4.856048 -3.579182 -4.971420 -4.520448 4.975822 4.943425 1.121459
319 1.4510463476 -4.792184 4.055924 0.452859 4.974343 -2.485831 3.827071 0.337763 -0.256651 4.929400 -3.625696 -4.970958 -4.531167 4.982644 4.953431 1.061584
320 1.4510463476 -4.800886 4.049225 0.590312 4.619797 -2.457900 3.630429 0.456224 -0.100660 4.907583 -3.568145 -4.972227 -4.514343 4.988965 4.977418 1.026171
321 1.4426723719 -4.786502 4.049488 0.605748 4.842411 -2.432777 3.754833 0.915128 -0.101107 4.996904 -3.627996 -4.970135 -4.524734 4.919044 4.956661 0.994747
322 1.4426723719 -4.799557 4.043928 0.544577 4.730918 -2.550658 3.778125 0.815992 -0.031074 4.884283 -3.889929 -4.989517 -4.510744 4.939136 4.998367 0.906028
323 1.4456579685 -4.818263 4.046705 0.494104 4.465118 -2.498088 3.667934 0.919057 -0.029247 4.988032 -3.581101 -4.972312 -4.515804 4.993255 4.988329 0.950457
324 1.4510463476 -4.813031 4.143432 0.684582 4.706272 -2.426070 3.539956 0.458600 -0.049789 4.993531 -3.598077 -4.971866 -4.531096 4.987553 4.982973 0.932121
325 1.4463814497 -4.793386 4.033268 0.539903 4.781096 -2.505215 3.588913 1.048017 -0.111554 4.939193 -3.800429 -4.971628 -4.542063 4.984778 4.996218 0.969824
326 1.4463814497 -4.808748 4.042664 0.500516 4.734576 -2.504345 3.744793 1.061541 -0.003523 4.951057 -3.578807 -4.973274 -4.516808 4.982327 4.993931 1.035119
327 1.4426723719 -4.805489 4.055821 0.500253 4.787049 -2.449686 3.594409 0.643944 -0.104273 4.997319 -3.479077 -4.973211 -4.525177 4.993451 4.997952 0.896597
328 1.4463814497 -4.793436 4.040762 0.515892 4.921378 -2.478359 3.791641 1.006396 -0.089859 4.946909 -3.574266 -4.973127 -4.513984 4.985092 4.973968 0.999868
329 1.4510463476 -4.794532 4.047306 0.523135 4.767805 -2.471892 3.606335 0.288067 -0.034684 4.935932 -3.771188 -4.973035 -4.527981 4.988463 4.997157 0.921355
330 1.4426723719 -4.808644 4.044341 0.617659 4.721077 -2.497776 3.819007 0.876982 -0.062646 4.934945 -3.558543 -4.970979 -4.514985 4.992614 4.991996 1.042437
331 1.4426723719 -4.797925 4.047385 0.584515 4.894257 -2.474481 3.606154 0.931279 -0.054717 4.920132 -3.626313 -4.974163 -4.519479 4.993091 4.977084 0.945938
332 1.4426723719 -4.813682 4.040686 0.590894 4.926078 -2.468510 3.634862 0.920807 0.031234 4.985411 -3.591249 -4.970831 -4.526532 4.991252 4.978359 1.010295
333 1.4463814497 -4.788846 4.055401 0.502500 4.765301 -2.509262 3.465898 0.964479 0.040242 4.911288 -3.645583 -4.974335 -4.527709 4.993637 4.912402 1.011736
334 1.4426723719 -4.794855 4.038419 0.573590 4.836886 -2.489886 3.534138 0.926545 -0.096225 4.973271 -3.641871 -4.969959 -4.525373 4.974484 4.899358 0.984683
335 1.7184089422 -3.626236 4.863261 -0.581155 1.595749 -3.290495 -0.001878 1.418591 -0.947770 2.540553 -4.223642 -4.900639 -4.973480 2.833394 2.918359 2.823107
336 1.5871994495 -3.491299 4.331858 0.828276 -3.428414 -4.015599 -1.565998 -2.379816 -3.171788 4.957120 -2.021457 -4.922020 -4.881346 3.680677 4.977902 2.455882
337 1.6191904545 -4.586536 4.429748 4.421544 -4.076520 -4.001997 4.413962 0.705649 -3.755145 0.785750 -4.945380 -4.849328 -3.545070 3.200782 -0.951908 -1.488934
338 2.0091731548 -3.944176 4.249390 -4.516514 -3.490846 1.105298 4.892985 -1.077024 3.279774 0.657766 -2.164486 -4.843404 -4.352711 4.405345 -2.123156 4.886149
339 1.8182902336 -4.346538 4.555117 2.873190 3.125849 0.315492 -4.996652 3.116847 3.971110 1.638183 -2.002936 -4.860306 -4.192742 4.783631 0.948612 -0.296411
340 1.6313234568 -3.518581 4.277494 4.888631 0.491252 1.092434 2.625806 3.507638 3.324503 3.018969 -4.992258 -4.954268 -3.964566 -0.764493 3.898116 0.308622
341 1.7141686678 -4.504157 3.988066 -3.207227 4.833329 -3.860498 -4.448917 4.731412 -4.854956 2.920506 -3.633203 -4.864808 -4.490206 3.011097 3.876361 2.386290
342 1.5849539042 -3.742941 4.467321 3.695004 4.912613 -3.987598 -3.001655 3.442881 3.809590 -2.922635 -4.791891 -4.847776 -4.065279 -1.041702 2.940245 -2.084826
343 1.6918641329 -3.464142 4.631211 -3.432443 4.987319 -4.761351 2.141295 2.535500 4.271899 -2.397664 -2.720628 -4.854241 -4.405765 2.778954 1.761011 -2.100430
344 1.6347934008 -4.089263 4.291397 -2.375278 0.940845 -0.256029 4.884478 -1.576363 3.570700 -1.567855 -3.311421 -4.890414 -4.405361 4.891056 4.760833 -0.118692
345 1.6361497641 -4.602515 3.306527 4.911693 -4.347634 -1.481997 0.962644 4.747086 -3.079225 3.287204 -1.503662 -4.926530 -4.390200 4.972911 1.124777 4.619328
346 1.5739830732 -4.852494 4.651368 -0.756467 2.855682 -3.130514 -1.595683 3.235477 -4.306194 4.134709 -1.608807 -4.888515 -4.092162 3.598829 -1.866369 4.428673
347 1.7225875854 -4.596358 4.300453 1.446532 4.836435 -3.501522 -0.693930 2.746461 -4.078245 -4.331902 -2.327654 -4.855203 -4.996807 2.121936 -2.202021 -1.217935
348 1.6656892300 -3.790979 4.476769 -0.729109 -4.629742 -4.737643 4.383977 -3.078820 3.993979 -4.929044 -3.849434 -4.850943 -3.689103 -0.883734 -0.749975 2.164979
349 1.6445440054 -4.323291 4.387789 2.219383 -0.106027 -4.807381 0.308172 -0.969416 4.041685 0.286065 -3.470271 -4.847483 -4.569884 4.416187 4.546191 0.978963
350 1.5698742867 -4.911526 4.087491 1.708178 3.516403 -1.622151 3.778729 4.064308 -0.246184 4.888117 -2.672414 -4.880361 -3.836375 3.673906 4.813988 4.387952
351 1.5046341419 -4.235603 3.940885 2.777489 4.561533 -4.644965 0.556225 4.267609 -2.500697 1.246266 -4.529111 -4.990466 -4.226105 4.847683 4.872006 3.054804
352 1.5396940708 -4.456599 4.059638 2.292141 2.994943 -3.029660 -2.612151 3.450596 -2.943147 4.598745 -4.330894 -4.912057 -3.896509 4.929201 4.669398 -1.789526
353 1.7153844833 -4.767501 4.088692 0.265690 1.787223 -4.311037 1.025468 0.102202 -2.853286 3.065436 -4.180552 -4.994722 -4.934107 3.017503 4.936953 3.120637
354 1.5604792833 -4.750564 4.296900 2.875403 4.605526 1.964346 3.211800 1.293974 -4.276111 2.134352 -4.840828 -4.771412 -4.382148 4.944872 4.710820 4.103330
355 1.5295236111 -4.833962 4.270607 4.054742 1.552781 -4.591757 3.290133 3.643595 -2.721035 4.149179 -3.673083 -4.915435 -4.510331 4.891451 2.008315 1.240567
356 1.5292328596 -4.336743 3.782396 3.194434 4.515383 -3.937744 2.005179 4.532539 3.330303 4.609996 -3.286294 -4.991946 -4.112937 4.282160 4.451021 3.980005
357 1.5470039845 -4.682023 4.155850 1.948475 4.583656 -4.560237 0.742663 3.498224 -3.620272 2.541334 -2.861955 -4.908085 -4.053025 4.999536 3.873430 -2.297612
358 1.5513131618 -4.705926 3.151357 4.242612 1.724395 -4.718474 -2.062002 -4.320329 1.135213 2.535933 -4.000396 -4.955918 -4.314401 4.485072 4.802126 0.862360
359 1.4928337336 -4.799559 4.095611 1.910071 4.554957 -4.538968 4.046517 1.959232 -2.322528 2.221657 2.366680 -4.890392 -3.958464 4.932487 4.743415 3.342132
360 1.5400038958 -4.439907 4.082211 2.382456 4.870801 -4.365643 1.519204 4.453108 -1.332967 -0.502376 1.867007 -4.920794 -3.720001 4.885400 4.978456 3.583275
361 1.4692473412 -4.938034 4.046765 3.581818 4.364014 -3.092670 3.254124 -0.421765 -0.378334 4.875988 -0.942234 -4.969315 -4.147825 4.992979 4.695744 3.281350
362 1.5199308395 -4.894321 4.069449 2.056392 4.958728 -2.555439 4.763711 -1.780773 1.747276 4.675030 -3.593098 -4.662235 -4.409777 4.836202 4.748311 -0.611983
363 1.5479725599 -4.900932 4.080308 2.463188 4.494446 -3.037570 0.661011 -2.685491 -0.283590 4.919254 -3.344154 -4.876070 -3.732850 4.998865 4.936942 -2.342221
364 1.5439089537 -4.614013 4.031903 2.018571 4.424278 -3.332819 4.353969 1.409846 -1.332318 2.521954 -4.796820 -4.716509 -4.429194 4.945126 0.734196 1.665635
365 1.4442721605 -4.747269 4.019325 0.970022 4.656901 -2.043607 2.278821 0.986059 0.151947 4.856093 -4.993994 -4.989590 -4.640376 4.947888 4.556245 1.389442
366 1.4986026287 -4.605737 4.102921 1.102971 4.338460 -1.312627 4.152837 4.364771 -1.034702 4.741075 -2.521274 -4.973955 -4.239638 4.976969 4.515695 1.572612
367 1.5770480633 -4.566542 3.942485 -0.017588 4.138414 -2.142222 3.195919 -3.025173 -1.280898 4.900553 -4.039867 -4.996250 -4.405104 4.855526 4.860098 -0.491465
368 1.4782110453 -4.474947 3.914652 2.136581 4.948697 -2.068855 4.688449 1.794558 2.120933 4.314432 -4.439602 -4.999846 -4.300536 4.969960 4.349685 -0.775004
369 1.5442029238 -4.730676 4.069832 1.368852 3.228950 -2.138948 2.478749 1.459947 0.340104 4.502727 -4.486677 -4.987976 -4.298355 4.823018 4.653530 0.788531
370 1.5424675941 -4.269727 3.907990 0.177719 4.840246 -2.640703 2.134102 2.255615 -3.805892 4.583508 -4.491308 -4.955877 -4.686753 4.999176 4.734915 2.088023
371 1.4517105818 -4.609715 4.013320 1.066348 4.963426 -2.896766 3.398360 0.662111 0.442169 4.225670 -4.982764 -4.986286 -4.213995 4.815026 4.789320 1.126410
372 1.5534989834 -4.504321 4.135783 1.783019 4.732508 -3.998935 1.903736 0.801513 -2.543751 4.650415 -3.406827 -4.939315 -4.870656 4.644188 4.986715 0.474617
373 1.4983406067 -4.690707 3.926944 1.660096 4.887066 -0.926753 4.777680 1.564430 2.173054 4.532057 -3.267605 -4.964046 -4.195951 4.961654 4.616188 3.578535
374 1.4544795752 -4.870870 4.159260 -0.405484 4.476389 -3.616864 4.676956 0.666229 -0.975964 4.770230 -4.461644 -4.933763 -4.180667 4.849028 4.238123 0.678165
375 1.5091545582 -4.676013 4.060597 1.493515 4.641993 -3.172232 4.599905 1.625272 0.506453 4.921230 -3.819586 -4.961793 -4.415892 4.138521 4.698429 4.886139
376 1.4618325233 -4.759023 4.026279 -0.434606 4.472689 -1.677171 4.498412 1.666723 1.617349 4.915754 -4.127205 -4.955213 -4.162549 4.724903 4.991930 1.402372
377 1.4445012808 -4.750374 4.026310 1.952137 4.881713 -3.528158 3.872288 1.331650 -0.086329 4.612463 -4.932465 -4.871034 -4.164191 4.920066 4.668929 1.831144
378 1.4908204079 -4.956197 4.073659 1.094013 4.607066 -3.009454 4.669987 1.073061 -1.088535 4.194246 -4.348805 -4.942669 -4.220162 4.924488 4.579865 1.042901
379 1.5989061594 -4.642057 4.068044 -0.429110 4.351607 -3.298816 3.461449 0.611517 -0.860875 4.494874 -4.070878 -4.856110 -4.313928 4.999244 3.732994 -3.166043
380 1.4510463476 -4.760051 4.031143 1.228915 4.710490 -2.602749 4.007560 0.332914 0.100790 4.867426 -4.731026 -4.829800 -4.322231 4.834077 4.975607 1.013281
381 1.5092496872 -4.788243 4.061223 0.031655 4.755494 -2.946892 3.267994 1.630243 4.812299 4.893999 -3.783698 -4.963708 -4.383465 4.567208 4.880847 1.857029
382 1.4606555700 -4.792303 4.749542 -0.288727 4.935844 -2.020751 3.335630 -0.486035 0.275075 4.489143 -4.681195 -4.980417 -4.504120 4.949990 4.935236 0.505132
383 1.4970489740 -4.691992 3.948572 0.862567 4.861741 -2.077775 3.256346 1.780667 0.363068 4.940813 -4.501251 -4.969090 -4.470308 4.954275 4.358812 0.580857
384 1.4599080086 -4.826916 4.096469 -0.143892 4.738233 -1.848564 3.604482 0.746891 -0.993287 4.978750 -4.617498 -4.982330 -4.528112 4.969741 4.716385 0.822013
385 1.4888145924 -4.676002 4.136252 0.621934 4.965340 -2.036043 3.125161 0.012163 0.642632 3.542619 -2.933707 -4.965220 -4.482578 4.960753 4.835787 1.726557
386 1.4641737938 -4.862463 4.064688 0.514400 4.805285 -2.711551 2.605612 0.446836 1.085074 4.701926 -4.931879 -4.978237 -4.392969 4.984942 4.990198 2.106145
387 1.4675339460 -4.693745 4.120192 -0.223926 4.592518 -3.301147 3.862964 0.191747 0.786483 4.797304 -4.337365 -4.991451 -4.538451 4.876067 4.874244 0.921190
388 1.4980442524 -4.716427 4.086536 0.516130 4.730688 -2.152691 4.728992 -0.085682 0.687778 4.860175 0.354179 -4.988829 -4.341530 4.887074 4.903777 1.158649
389 1.4677269459 -4.758216 4.117102 -0.262808 4.555587 -1.783771 3.650539 1.314183 1.066936 4.355121 -4.891541 -4.978621 -4.588553 4.749766 4.825284 1.474677
390 1.4698457718 -4.827997 4.134888 -0.269988 4.679834 -2.083940 2.806419 1.601956 -0.765525 4.661873 -4.558405 -4.953280 -4.454706 4.878293 4.782956 0.756269
391 1.4724782705 -4.758401 4.132108 -0.445300 4.800878 -3.746609 4.347248 1.063626 0.398362 4.593776 -3.220036 -4.973080 -4.555304 4.985827 4.899385 1.718135
392 1.4732263088 -4.888588 4.119017 0.564021 4.943852 -2.736654 3.353568 1.676662 -1.260892 4.587360 -4.469302 -4.963114 -4.587630 4.992687 4.848907 1.761388
393 1.4636170864 -4.788671 4.032812 0.006894 4.541442 -3.230073 2.716506 1.101680 -1.302722 4.960553 -4.274174 -4.992743 -4.341124 4.914213 4.965457 1.586698
394 1.4675339460 -4.827299 4.071409 1.247198 4.915839 -1.999278 3.922566 -0.368058 1.111528 4.853506 -4.064093 -4.967403 -4.404805 4.969006 4.934797 1.341791
395 1.4549956322 -4.763114 4.066645 1.018311 4.750416 -3.027480 3.217454 0.956117 -0.379916 4.785822 -3.082571 -4.970317 -4.501115 4.955379 4.927217 0.593928
396 1.4628690481 -4.744298 4.102183 0.744806 4.742760 -2.482615 3.672012 1.175433 0.550870 4.884151 -4.516107 -4.970222 -4.509261 4.967520 4.930714 1.039025
397 1.4463814497 -4.819336 4.033883 0.557323 4.633191 -2.531681 3.456875 1.051307 -0.571995 4.894531 -4.090216 -4.964507 -4.435356 4.995923 4.988333 1.188560
398 1.4426723719 -4.756871 4.031946 0.534823 4.728120 -2.209258 3.590683 0.817174 0.202111 4.931809 -4.323837 -4.973494 -4.544177 4.987255 4.934170 1.144656
399 1.4591599703 -4.750367 4.067982 0.239052 4.887430 -1.918837 3.385651 0.659199 0.354078 4.954882 -4.021291 -4.968182 -4.497972 4.942924 4.975771 1.336768
400 1.4426723719 -4.617783 4.016293 0.743299 4.841141 -2.251645 3.012488 0.959984 -0.110345 4.969225 -4.385548 -4.968636 -4.571311 4.940709 4.933862 1.304735
401 1.4463814497 -4.572564 4.077839 0.515545 4.724193 -2.385002 4.122280 1.148888 0.153037 4.988802 -4.163311 -4.971461 -4.543321 4.894138 4.999281 1.300924
402 1.4606555700 -4.751627 4.077848 1.028529 4.717186 -2.947924 3.627236 0.381079 -0.186163 4.600514 -4.335746 -4.964672 -4.528187 4.995990 4.833566 1.114162
403 1.4463814497 -4.749685 3.998771 0.915180 4.726753 -2.647232 3.429992 1.093305 -0.146312 4.849426 -4.410508 -4.968352 -4.516572 4.993224 4.913074 1.320932
404 1.4628690481 -4.762109 4.048231 0.385016 4.768616 -2.697162 3.532460 1.220403 0.573084 4.975481 -3.880529 -4.981964 -4.450331 4.976122 4.703648 1.267811
405 1.4549956322 -4.833738 4.070897 0.095383 4.838034 -2.301588 3.263658 0.837686 -0.223319 4.907159 -2.873222 -4.979180 -4.516956 4.986048 4.835336 1.300349
406 1.4463814497 -4.739058 4.105542 0.381791 4.684064 -2.067718 3.488953 0.979321 -0.358658 4.923999 -3.836770 -4.981539 -4.528124 4.999889 4.879453 1.087265
407 1.4426723719 -4.612120 4.014905 0.832003 4.725113 -2.077949 3.827110 0.799519 0.275429 4.927357 -3.883180 -4.968455 -4.522350 4.964888 4.996567 1.143141
408 1.4559906721 -4.757004 4.042846 0.241149 4.757596 -2.610352 3.719432 1.046179 0.190135 4.667504 -3.693679 -4.969722 -4.439967 4.991218 4.987874 1.467575
409 1.4587047100 -4.807605 4.276345 0.197660 4.713294 -2.568052 3.426965 0.995725 -0.228208 4.851047 -2.809798 -4.974943 -4.553210 4.990906 4.963973 1.254294
410 1.4426723719 -4.787027 4.038723 0.346012 4.745087 -2.473402 3.688042 0.612095 0.034556 4.954293 -3.740674 -4.936785 -4.525751 4.984383 4.998615 1.056031
411 1.4426723719 -4.778977 4.012248 0.566640 4.790828 -2.343217 3.439183 0.916441 0.205085 4.806850 -3.971487 -4.970468 -4.519744 4.999764 4.997054 1.053978
412 1.4510463476 -4.820660 4.044085 0.700930 4.856736 -2.331421 3.698887 0.419081 -0.325413 4.966126 -3.680795 -4.972049 -4.485358 4.973757 4.976044 1.134038
413 1.4426723719 -4.806113 4.009341 0.524872 4.742049 -2.215505 4.010975 0.678117 -0.074716 4.906367 -4.002212 -4.969107 -4.515126 4.975302 4.978230 0.836032
414 1.4426723719 -4.667224 4.034411 0.401082 4.813662 -2.354331 3.405535 0.569746 -0.108903 4.976701 -3.827955 -4.975068 -4.546036 4.973431 4.870554 0.918076
415 1.4426723719 -4.788538 4.040072 0.747136 4.787580 -2.575451 3.435364 0.785107 0.011086 4.831309 -3.460421 -4.945595 -4.518480 4.988881 4.979071 1.073596
416 1.4426723719 -4.785231 4.041568 0.579306 4.734568 -2.520592 3.997087 0.858370 -0.002756 4.984079 -3.728799 -4.968908 -4.523727 4.977497 4.972923 1.115297
417 1.4426723719 -4.833902 4.043348 0.323640 4.829663 -2.473703 3.645661 0.511078 0.031812 4.968650 -3.525132 -4.939707 -4.528730 4.997846 4.989496 1.103018
418 1.4426723719 -4.782773 4.039832 0.500738 4.812927 -2.639361 3.477425 0.492288 -0.254339 4.974616 -3.583161 -4.975300 -4.523157 4.968767 4.987035 1.133169
419 1.4510463476 -4.773215 4.046880 0.323985 4.764170 -2.393913 3.620473 0.439923 0.125417 4.942913 -3.823398 -4.947809 -4.544899 4.979844 4.925899 0.838528
420 1.4426723719 -4.809127 4.039871 0.460730 4.788728 -2.635836 3.514353 0.757724 -0.057000 4.989017 -3.787512 -4.979083 -4.517344 4.963733 4.985081 1.067393
421 1.4426723719 -4.772862 4.039582 0.528346 4.829092 -2.597605 3.451998 0.851049 -0.055142 4.955684 -3.701849 -4.936383 -4.514542 4.959321 4.973737 1.011129
422 1.4426723719 -4.790350 4.046371 0.420605 4.763940 -2.312786 3.374768 0.793713 -0.055525 4.981149 -3.697132 -4.948652 -4.532870 4.995601 4.984671 1.054013
423 1.4426723719 -4.809134 4.018398 0.484582 4.748352 -2.365136 3.505931 0.729523 -0.041235 4.983188 -4.006919 -4.976465 -4.516492 4.959059 4.998004 0.978419
424 1.4426723719 -4.779034 4.032771 0.683529 4.769101 -2.496385 3.634320 0.793071 -0.247335 4.963204 -3.833650 -4.968786 -4.519529 4.980891 4.989351 1.224318
425 1.4426723719 -4.811591 4.044181 0.453894 4.822298 -2.328889 3.750199 0.750637 0.065924 4.916242 -3.715918 -4.969939 -4.530825 4.972422 4.972619 0.917602
426 1.4426723719 -4.799348 4.030924 0.522820 4.786622 -2.357866 3.728877 0.539585 -0.087023 4.944902 -3.756559 -4.974190 -4.537916 4.989550 4.988776 1.029507
427 1.4426723719 -4.743914 4.044006 0.479039 4.789937 -2.623726 3.574653 0.752357 -0.027429 4.950080 -3.769327 -4.971875 -4.540262 4.995606 4.955601 0.887765
428 1.4426723719 -4.803318 4.036326 0.686781 4.806408 -2.368536 3.610605 0.752791 -0.078200 4.996503 -3.626072 -4.972881 -4.534206 4.998513 4.949094 0.967917
429 1.4426723719 -4.801811 4.049362 0.479235 4.777343 -2.396550 3.759008 0.590096 -0.051663 4.976163 -3.640267 -4.973427 -4.529956 4.977729 4.996215 0.993146
430 1.4426723719 -4.801614 4.044097 0.459979 4.773757 -2.472054 3.654707 0.780221 -0.118538 4.935478 -3.752514 -4.973465 -4.539879 4.995053 4.993705 0.946267
431 1.4426723719 -4.800220 4.044423 0.551870 4.781757 -2.473133 3.753545 0.664530 0.057042 4.972450 -3.557313 -4.964854 -4.508309 4.993966 4.961004 0.977168
432 1.4426723719 -4.802904 4.048887 0.475783 4.828232 -2.520836 3.653778 0.781716 -0.014718 4.973431 -3.547291 -4.972774 -4.511525 4.991543 4.971043 0.995667
433 1.4426723719 -4.751110 4.053451 0.614285 4.809214 -2.365039 3.655010 0.713723 -0.023862 4.903336 -3.614669 -4.973267 -4.523972 4.985781 4.993935 0.993540
434 1.4426723719 -4.792063 4.043476 0.686940 4.798006 -2.594881 3.547810 0.677592 -0.116619 4.952107 -3.613275 -4.972780 -4.529565 4.982634 4.987243 1.002174
435 1.4426723719 -4.796065 4.044239 0.598025 4.779217 -2.495196 3.847959 0.596669 -0.058873 4.956135 -3.694322 -4.966095 -4.534233 4.955246 4.989609 1.024012
436 1.4426723719 -4.796549 4.050703 0.696487 4.819526 -2.380746 3.560168 0.580142 0.023952 4.997435 -3.771533 -4.970699 -4.534859 4.990283 4.978876 0.993740
437 1.4426723719 -4.737604 4.051411 0.576561 4.800942 -2.586049 3.747784 0.704421 0.007561 4.878689 -3.747894 -4.973491 -4.532351 4.988686 4.999412 0.922771
438 1.4426723719 -4.796857 4.040555 0.599163 4.802280 -2.445600 3.618848 0.605100 -0.063723 4.938232 -3.473542 -4.956067 -4.536762 4.981146 4.994221 1.019755
439 1.4426723719 -4.797346 4.040485 0.571830 4.814068 -2.416212 3.606077 0.700477 -0.126787 4.946571 -3.463797 -4.975891 -4.525930 4.992093 4.959963 1.008643
440 1.6273081303 -4.276508 4.140133 4.853676 4.838145 -1.668146 4.781590 -1.926848 1.809177 -3.414333 3.746894 -3.989052 -3.463478 0.332880 4.051141 1.425667
441 1.6786360741 -4.135337 4.034566 3.264281 4.834116 -2.446264 3.044075 -4.657181 -1.036633 -4.746796 -2.366489 -4.035129 -3.924126 1.383334 -1.908406 3.271483
442 1.7168097496 -4.091014 4.172053 -1.175292 2.660459 3.098261 0.477639 0.318796 -0.306543 0.432232 -1.118988 -4.783320 -4.551110 0.639814 -0.512737 4.685359
443 1.7456890345 -3.499546 4.147168 -1.923954 3.531532 -4.623357 4.281630 -3.476911 -3.209105 0.300482 -0.837565 -3.818044 -4.125970 3.136210 -0.977100 0.573059
444 1.8328477144 -4.905004 3.905845 3.170636 4.277960 -3.537107 -1.141548 -4.420589 -1.230448 2.578373 1.007949 -4.265316 -4.168123 3.920077 -0.975277 2.517853
445 1.7056685686 -4.526634 4.096308 2.516401 4.766777 -0.569513 2.181732 -2.453130 -0.990524 3.530108 1.863262 -4.130854 -4.110589 4.762035 2.738998 4.503449
446 1.8374512196 -4.725193 4.035851 4.648224 3.986939 -4.618439 3.914295 0.326894 -2.125015 -2.936546 0.273521 -3.851456 -4.999024 3.286392 4.756041 -0.029841
447 1.6715252399 -4.764992 3.932290 2.984576 3.490168 -1.831251 1.199866 3.197386 -0.826858 4.460983 3.997049 -4.193000 -3.948745 4.759316 -1.012024 2.218120
448 1.6636896133 -4.219494 4.120547 4.486902 3.864814 -4.498787 2.631618 1.299985 2.071035 -3.829934 -0.361962 -3.955155 -4.251911 4.843912 2.654720 2.451348
449 1.7520650625 -4.990775 3.902886 1.027104 2.968111 2.477741 -3.322066 -3.080366 -2.943445 1.751496 -4.731132 -3.996444 -3.962146 0.017522 1.464054 3.174486
450 1.5372508764 -4.118416 4.179118 4.126737 4.651720 -3.622027 2.702408 1.454175 -1.017332 -0.821958 -0.968571 -4.882323 -4.018635 4.389496 0.830435 3.677828
