evaluations raw_y x0 x1 x2 x3 x4 x5 x6 x7 x8 x9 x10 x11 x12 x13 x14
1 2.1343567271 1.818081 -2.517372 4.999999 -3.453979 -4.074524 -3.434933 -4.765293 1.381375 2.274407 1.698986 1.027289 -0.478580 2.539103 -2.517025 3.861471
2 1.8599600678 2.549851 -2.141745 2.691412 -1.265563 -1.685074 -2.174975 -4.357373 -0.275439 3.420157 0.936589 0.190560 -0.929678 3.201462 -1.902596 4.370083
3 2.0654461734 2.041553 -2.350083 4.907276 -4.384597 -2.110217 -3.964230 -4.653113 3.068858 2.570553 -1.020693 3.683033 -1.069926 4.056483 -1.930921 3.868165
4 1.9307463074 3.262995 -1.942641 3.497524 -4.797326 -4.085636 -3.037019 -4.932011 2.327992 3.024847 0.593476 2.790774 -1.172558 2.731836 -4.535612 4.955684
5 1.8239038541 2.627567 -0.106265 1.998817 -3.309503 -2.143050 -0.924586 -3.227428 2.060308 1.352603 2.428538 2.144860 -1.856988 0.925634 -4.663608 1.685934
6 1.8362073331 3.906732 -1.854481 3.368548 -1.903891 -3.522059 -2.556750 -4.655888 1.074829 1.489289 1.972185 1.771362 -0.799190 3.018513 -2.931179 4.316526
7 2.3148100681 1.529448 -2.474367 3.374341 -2.132570 1.061754 -1.713289 -4.217819 2.199086 3.265191 0.245366 2.653742 -0.683520 4.217105 -3.463856 4.762134
8 1.8354615378 2.657203 -1.044703 4.160853 -3.550122 -1.635956 -1.984134 -3.226662 1.733059 4.324325 0.280998 1.629085 0.094574 3.206111 -2.892141 4.796463
9 1.7617375423 2.659130 -0.240297 2.413423 -3.755201 -2.806821 -1.683582 -3.064844 0.167539 1.015439 1.007286 2.386234 -3.581498 4.369745 -2.629188 4.216418
10 3.0021598217 0.617172 1.075360 1.580459 -2.967812 -2.308211 -3.938337 -4.835668 1.950185 3.840795 0.028409 4.488126 -0.328708 4.826584 -3.813197 4.365127
11 1.8329802138 3.316363 -2.179499 3.642665 -2.079598 -1.248890 -3.109952 -4.124310 1.235108 1.891063 1.760091 2.044774 -0.935210 3.504720 -1.912239 3.712883
12 1.8944013523 3.217246 -2.177262 2.074025 -3.689005 -0.128585 -2.873101 -4.212952 4.052457 3.872185 0.603897 2.111775 -1.184834 4.051841 -2.309664 4.015497
13 1.7786604845 3.733126 -0.851466 3.107751 -2.983039 -2.275633 -2.878620 -3.964858 3.031400 0.963159 0.610524 2.768290 -1.639912 3.083336 -1.963539 3.229131
14 1.8067719573 2.866562 0.783564 2.190622 -3.886388 -3.804073 -0.836625 -2.487615 1.739322 1.932929 2.983722 1.045020 -3.854623 2.692923 -3.528655 4.965286
15 1.8084685505 3.010114 -1.516151 0.342595 -2.799925 -0.255872 -2.317222 -3.258746 -0.603167 0.131286 0.072841 0.849510 -4.889517 4.616350 -4.689528 1.645662
16 1.7681868905 3.719788 -1.282401 1.376741 -3.927646 -3.377689 -1.336813 -2.475918 0.924684 3.722037 2.643543 2.794584 -1.622916 4.995499 -4.592699 3.850111
17 1.7461898443 3.030381 -0.825200 2.683916 -3.777449 -1.441448 -1.793765 -3.033064 -0.745416 1.778684 2.330215 1.917271 -3.140807 3.903936 -3.581413 3.529578
18 1.8187980184 3.754238 -0.527938 3.985713 -3.563942 -2.062200 -4.002032 -3.879957 0.916196 2.060440 2.197175 1.951512 -1.628166 2.573159 -3.685596 2.064522
19 1.9828239725 1.989748 -1.855018 0.801317 -3.361223 -2.410395 -3.225668 -2.971531 1.303433 1.917149 0.420580 2.879513 -2.597581 4.438938 -2.485701 2.169738
20 1.7625603446 3.943342 -1.473726 2.213012 -3.192411 -2.354965 -2.161615 -3.621823 1.274863 2.267082 2.313267 1.602589 -2.668823 4.129388 -3.043198 3.275633
21 1.7674367905 4.774765 -1.021885 2.506382 -3.447564 -0.669087 -2.224671 -2.575265 1.192619 0.180829 3.371091 2.965940 -2.983073 2.700620 -2.514305 3.350734
22 1.7371925939 4.530681 0.453468 2.851931 -4.870051 -2.660683 -2.430839 -3.094162 0.314467 0.788186 2.348586 2.035986 -2.834493 3.901408 -3.368267 2.888901
23 1.8457446641 2.573013 -0.434645 4.866342 -4.686161 -3.304470 -0.965320 -4.923180 2.658946 3.264372 1.329611 0.356689 -1.904198 3.201004 -3.704952 3.375474
24 1.8549605692 2.959770 0.015389 4.479472 -3.696567 -1.096356 -2.630057 -4.579546 1.425505 0.064722 0.642074 4.206668 0.309623 2.750080 -2.956524 3.878100
25 1.9096654872 2.418897 -1.420783 3.211397 -4.677635 -2.805919 -3.919236 -2.017163 1.985989 1.042557 3.401017 3.560842 -1.645238 3.933471 -4.612503 4.852576
26 1.7757024445 3.194811 -0.108736 2.382250 -3.859025 -1.559481 -1.574826 -2.522628 0.217798 2.369045 1.095760 1.368875 -1.932569 3.062857 -4.782968 2.610766
27 1.7875295863 4.031609 0.291504 1.410735 -4.977849 -3.300755 -2.918118 -4.686754 -0.794884 1.157974 1.462542 3.383270 -3.245264 3.629087 -3.218437 3.315715
28 1.8895010222 2.126028 -0.039785 2.562977 -4.789459 -2.729741 -0.430783 -4.743649 0.163824 0.140060 1.372482 1.660720 -3.690478 4.616597 -3.647265 3.547623
29 1.8712679563 3.589763 -2.043020 2.813363 -4.588212 -2.592634 -3.437039 -4.063151 0.678825 0.168797 4.007298 0.819659 -3.701249 3.226780 -4.978294 1.735568
30 1.8338094656 4.695348 -0.974388 3.175356 -4.627291 -1.990305 -3.159523 -4.784692 -0.469341 1.745043 1.661580 2.083823 -2.131271 2.131972 -1.570940 1.549568
31 1.8125747728 3.894905 2.376327 1.356927 -4.997633 -1.578761 -2.237163 -2.612580 1.135137 0.280949 2.384398 3.487634 -1.017947 3.503172 -1.984423 1.315232
32 1.8026925596 3.458539 -0.653808 2.104098 -4.719679 -1.187959 -3.772745 -3.914932 0.459462 2.862580 2.627550 1.276913 -3.600423 2.613273 -1.114791 2.262805
33 1.8400944263 3.875976 2.519345 4.741300 -4.965598 -0.408773 -3.131774 -4.022248 -1.060204 2.472640 3.238025 1.882285 -2.144137 4.050730 -3.148251 3.174588
34 1.8060764542 3.344859 -1.837165 2.166046 -4.832791 -3.404644 -3.116376 -4.986399 -0.651359 2.487261 2.263300 1.261019 -3.193851 3.942575 -2.759460 4.934344
35 1.8491242070 4.581210 0.788891 1.787531 -2.562121 -3.663522 -3.017105 -3.812457 -0.801604 2.376957 3.648564 2.024610 -1.906728 4.855730 -3.698960 4.225247
36 1.9042897470 4.449602 1.058930 3.392989 -3.652904 -3.538722 -3.127485 -4.424356 2.143759 1.802403 1.001327 1.801645 -3.270964 3.679010 -4.053252 4.155935
37 1.7381360950 3.409935 -0.965215 1.948820 -4.773613 -2.860073 -2.812776 -3.264545 -1.582026 2.638713 0.611998 1.433881 -2.359511 4.519637 -1.774679 2.031120
38 1.7762050185 4.495108 -0.798040 2.346771 -3.351467 -1.449923 -2.963224 -3.915516 0.712805 3.327727 1.228528 0.853987 -1.658411 2.984644 -1.521090 3.826553
39 1.7597429831 2.782515 -0.909327 2.306312 -3.711041 -1.359839 -1.424162 -3.442801 -0.273642 1.011498 2.351005 2.705833 -2.197088 4.922214 -4.199852 1.745148
40 1.8485033069 4.832626 1.594687 2.032917 -4.643538 0.035838 -4.697400 -4.303339 -0.655650 2.260508 2.141359 1.922252 -2.339754 4.951049 -2.988281 3.615267
41 1.8120746746 2.965257 -0.436485 2.533451 -3.269856 -1.922711 -3.766634 -4.318749 0.104729 3.459008 2.073166 1.189190 -2.365628 2.979743 -1.673667 2.319330
42 1.9160532297 3.824696 1.529441 2.188010 -4.444587 -1.662396 -3.159121 -4.792008 -0.452470 1.702583 2.394130 2.527809 -4.943437 2.430779 -3.879559 4.789426
43 1.8267375980 3.020035 -0.887871 0.144687 -4.889650 -2.417646 -2.999910 -4.529453 0.003840 1.156582 1.097124 1.640209 -3.252642 2.179132 -2.930809 2.707056
44 1.8126206674 4.829883 0.231408 2.659427 -3.502842 -0.198974 -2.372903 -4.832001 1.097772 1.402436 1.402822 3.125469 -2.558296 2.831090 -4.345612 2.946271
45 1.9002673497 2.448431 -0.095963 3.617890 -4.914844 -2.194410 -1.414506 -4.510918 1.631839 3.018304 2.074902 2.333989 -1.473650 4.511746 -1.796940 3.475040
46 1.7335986549 4.706809 0.247101 2.244079 -4.796968 -2.694053 -1.814718 -2.031346 -0.431072 1.434933 1.796973 1.505031 -2.459169 3.663509 -4.332888 3.170917
47 1.7429052543 4.031771 -0.478831 1.393123 -3.825405 -2.043420 -3.152209 -3.821349 -0.780099 2.553820 2.885277 1.846144 -1.394126 4.148947 -4.997862 3.274266
48 1.8704407310 2.800141 0.899326 1.465863 -4.611796 -4.053576 -3.130375 -4.183123 -0.541897 2.926228 2.632642 2.743316 -2.044779 2.971380 -4.830643 2.392723
49 1.7831449917 3.136703 -0.774165 3.155402 -2.942627 -2.220857 -2.456952 -2.172058 1.582194 1.405568 1.946586 0.835737 -4.247706 4.401370 -4.451986 2.813623
50 1.7487318738 4.400596 -0.283292 3.482217 -4.109927 -1.985131 -3.251675 -2.875039 0.248053 0.944271 1.204170 2.095618 -2.642321 3.424484 -4.534331 3.078189
51 1.7919416579 4.838336 1.639679 3.513331 -4.087812 -1.577977 -3.994792 -1.083797 -2.472733 2.987781 1.947331 0.168925 -3.866272 4.010343 -4.077415 1.285096
52 1.7853697941 4.043783 -0.413710 2.577586 -4.494331 -2.596670 -2.875273 -4.620998 -1.977015 2.869033 1.065416 2.024827 -1.674691 3.441980 -3.087241 1.632208
53 1.7268675710 3.923136 -2.079541 0.997071 -4.322521 -3.179796 -2.165244 -1.891522 -1.627389 1.889955 2.096720 2.359110 -3.398840 3.940785 -3.187641 2.204913
54 1.7226217021 4.472063 -0.178972 1.771877 -4.895179 -3.263634 -2.647539 -2.390548 -1.815708 2.402662 1.249478 1.061419 -1.753363 4.450664 -4.374371 2.572998
55 1.7747624083 2.690384 0.019884 2.423007 -4.867580 -4.219616 -1.678401 -3.217364 -0.268522 1.679880 1.164764 2.146504 -1.588107 2.256126 -3.338492 1.822603
56 1.8346471342 3.371367 0.927493 0.232183 -3.706271 -3.880433 -3.953744 -2.914529 0.296233 1.899563 0.926674 1.349589 -2.094913 3.984892 -3.539301 3.489357
57 1.8799649221 2.449579 1.602618 1.985258 -4.974606 -1.901562 -3.257427 -2.910532 -0.787726 0.716626 3.238578 1.045672 -4.852149 4.534247 -3.740756 1.217359
58 2.1863865681 1.671760 -0.392650 1.643142 -4.210440 -0.696334 -0.542951 -1.291239 -1.204617 2.759195 1.315816 1.472837 -2.870682 4.108402 -3.857089 2.624419
59 1.7629302084 4.999993 -1.703748 1.953895 -3.658253 -3.099016 -1.411765 -2.377745 -1.193910 2.636094 0.766367 0.068756 -3.901562 3.491963 -3.307453 3.425629
60 1.7569811425 4.095738 0.361714 1.461736 -4.989591 -3.097732 -3.560099 -2.165839 -0.183446 0.904879 3.184541 1.001924 -0.578441 4.831069 -4.996027 2.452359
61 1.7677651101 3.772369 -1.170718 2.740489 -3.984638 -3.747051 -3.551724 -2.399085 -0.915868 1.968787 2.033701 1.985775 -3.015120 3.067903 -4.691717 2.385594
62 1.7498270601 3.643788 -0.824895 0.135049 -4.984992 -3.450834 -3.753993 -2.644520 -1.621206 1.650704 1.740611 0.172409 -2.434119 2.825717 -3.579406 0.919366
63 1.7218218074 4.451612 -0.248995 -0.301624 -4.429149 -2.337706 -2.275177 -2.205037 -0.455351 0.770579 3.189215 -0.351132 -3.330755 4.971663 -4.495523 1.588769
64 1.7189529529 4.219562 -0.211062 1.124125 -4.210394 -2.548206 -2.890895 -0.441684 -2.514336 -0.014820 1.328900 0.458411 -3.845795 3.518495 -3.720166 1.318900
65 1.7741588677 4.929877 -0.908221 1.463760 -3.044114 -3.664679 -2.294040 -1.945202 -1.891648 1.926379 1.460075 3.210940 -3.457214 4.472713 -4.835146 0.995727
66 1.7257106072 4.477236 -1.750148 1.552491 -4.232178 -4.190511 -1.812707 -2.026301 -2.201285 1.087612 1.297633 1.672066 -1.289594 4.191567 -4.198405 4.380175
67 1.7457165276 4.478001 0.158118 -0.510135 -4.984985 -1.465831 -1.923979 -2.818510 -0.551826 0.916716 0.900384 0.581242 -2.831666 4.802811 -3.984541 4.956131
68 1.7410172846 4.765889 -2.225311 -0.090896 -3.352842 -3.194980 -4.058959 -3.000836 -3.478570 2.276118 2.902909 1.668277 -1.109612 3.004574 -4.399766 2.502856
69 1.7748436746 4.405383 0.349881 0.794044 -4.989834 -4.795591 -3.989350 -2.218171 -1.388782 2.110301 2.402486 1.938209 -2.106312 3.380237 -3.726958 1.179011
70 1.7883439585 4.999673 -1.408205 1.309089 -4.305900 -3.482908 -3.202788 -2.150014 0.093977 2.862997 0.768396 2.852508 -2.012614 2.460670 -3.088084 1.375252
71 1.8292291242 4.970816 1.046016 0.877020 -4.989515 -3.797374 -2.360608 -4.272866 -0.302993 1.550522 3.092020 1.719352 -1.146736 4.330841 -4.733083 2.966840
72 1.7964330335 4.467208 -2.551329 2.810945 -3.729394 -4.136439 -4.156978 -3.413327 -2.752015 3.186914 1.153189 2.252002 -3.559213 4.423777 -4.851560 3.750481
73 1.7307406988 4.526816 -1.677374 0.926908 -4.915923 -1.048268 -3.941285 -1.157347 -3.042092 2.033318 2.049364 0.866468 -1.010814 4.699478 -2.589498 2.990644
74 1.7776693156 4.999113 0.172163 1.307119 -4.468445 -1.542082 -3.448121 -2.134195 -1.375960 2.687772 0.387423 -0.169226 -2.607944 4.999647 -4.645564 4.142435
75 1.7487935637 4.988982 0.422326 1.993844 -3.173469 -2.124752 -3.094777 -2.083861 -4.835616 -0.055042 1.881488 -0.552499 -2.953950 4.263151 -4.943338 0.248370
76 1.7652495063 4.471616 -0.188968 0.002431 -3.670504 -2.925778 -2.326774 -1.364491 0.152574 3.104104 1.624321 0.035939 -4.212617 4.909566 -4.690415 2.473338
77 1.9680108207 1.933261 -1.418222 1.552987 -4.840392 -4.527303 -4.245000 -0.703005 -1.733404 1.399744 1.815317 2.009330 -2.303293 3.047580 -3.477642 2.344640
78 1.7464479862 3.632326 0.256795 -0.429108 -4.922330 -3.408621 -1.154442 -2.736341 -3.769819 0.591410 3.395585 -1.078950 -2.169565 4.399923 -3.578769 4.174980
79 1.7680973242 4.722819 -1.547161 -0.657712 -4.788435 -3.569812 -2.558898 -1.096882 -1.999741 0.844147 1.272619 -1.136922 -3.779398 3.887586 -4.983077 3.891366
80 1.7255439925 4.483110 0.256346 0.239673 -3.377604 -2.403442 -2.873009 -1.117675 -3.158691 -1.133764 3.046902 0.776240 -0.827451 3.896662 -4.103606 2.073580
81 1.7718545326 3.481555 -0.325210 -0.732167 -4.811749 -1.993077 -4.654346 -1.200003 -2.902582 1.233965 1.558652 -0.044463 -3.636562 4.420161 -4.324870 4.723564
82 1.9174536852 2.465464 -1.896008 0.506967 -4.311229 -3.842897 -4.817447 -2.428608 -1.392192 0.416699 4.357412 0.918281 -3.080900 3.444642 -4.219541 2.036103
83 1.7287580391 4.971125 -0.591898 0.260463 -4.984981 -2.399466 -1.832262 -2.036776 -2.906581 -0.683228 0.542200 2.272200 -2.889682 3.968727 -4.651662 3.352823
84 1.7504591083 4.327925 -1.648793 -1.213891 -4.511413 -3.838509 -2.318306 -0.601562 -4.168659 -1.844082 2.504259 0.847419 -2.306225 4.932932 -4.830804 4.310235
85 1.7503198577 4.628680 0.505923 -0.512546 -4.066451 -4.424538 -3.819625 -2.414908 -4.848959 -2.540664 0.893549 0.794275 -2.603068 4.370958 -3.917086 2.747138
86 1.7238942907 4.941757 -0.376181 -0.597630 -4.490393 -1.588171 -0.572007 -3.103223 -2.703242 1.336452 1.163038 1.659181 -2.754128 4.082569 -3.217003 2.878434
87 1.7328154446 4.009584 -1.236958 -0.579159 -3.735999 -1.775653 -4.669853 -1.105889 -3.040328 -1.676762 2.650854 -1.190370 -1.830836 3.292106 -4.651805 0.875320
88 1.8057551398 4.998697 -1.196556 -0.126667 -4.202083 -0.726039 -4.272878 -0.513994 -1.075829 0.398026 4.304485 0.036254 -1.905202 4.969479 -2.146050 2.534089
89 1.7345329367 3.910579 -0.351373 2.398406 -3.977467 -4.022427 -2.521098 -1.249515 -2.806868 1.326700 0.166146 1.042449 -0.687114 4.870386 -3.575481 3.378382
90 1.7213949308 4.437964 -0.654428 2.081651 -4.907754 -3.450195 -1.879362 -0.121356 -3.185840 0.565326 1.961118 2.963274 -2.187472 3.336164 -3.600239 3.913820
91 1.7305320040 4.747644 -0.553390 0.698483 -4.990795 -2.247450 -3.221181 -1.062404 -4.989836 -0.576848 1.623943 1.179300 -1.562351 4.423980 -4.834007 1.639257
92 1.7132595721 4.938317 -3.186349 0.395176 -4.598417 -2.493840 -0.913615 -1.242338 -2.214984 -1.428031 2.673091 2.409054 -0.616786 4.455750 -3.989238 3.970463
93 1.7417486320 3.654383 -3.030522 -0.287126 -4.474069 -0.710730 -3.867208 -1.619277 -4.942039 2.160716 2.752935 1.379753 -1.680407 4.802684 -4.569281 3.494772
94 1.7536565875 4.871014 -1.339659 0.580493 -4.880341 -3.052178 -2.518540 -2.518684 -4.209609 1.319697 2.187864 2.344392 -2.448527 4.714935 -3.294789 4.351451
95 1.7783607318 4.996529 1.096814 1.675776 -4.079961 -3.622227 -2.999374 -0.796861 -3.547858 -0.453166 3.663534 1.256538 -2.223093 4.869984 -2.703106 1.469287
96 1.7060980157 4.839596 -0.697180 -0.051074 -3.414444 -2.186485 -2.637345 -0.423349 -3.323722 -1.511035 2.559337 -0.730762 0.293327 4.701200 -1.807038 2.126001
97 1.7517227488 4.142130 -1.575306 1.954732 -4.677903 -2.524867 -3.817668 -1.020378 -0.756512 1.319134 0.758045 2.719482 1.181474 4.225512 -4.560694 1.161400
98 1.7241911874 4.999999 -1.652146 0.767388 -4.013231 -3.193766 -3.339094 -0.058719 -2.136431 0.763550 2.308533 -0.156443 0.010169 3.915422 -4.199310 3.351808
99 1.8076896048 3.231519 -0.488110 -0.469450 -1.187960 -3.686275 0.082901 1.115096 -4.052102 -1.363089 1.010735 -0.636629 -1.719408 4.603448 -4.976495 3.932144
100 1.7973139190 4.999158 -0.298950 0.064709 -4.152599 -3.672912 -1.674772 -1.360617 -2.907696 0.792450 4.145626 2.501358 -1.307983 3.251051 -2.077569 2.863811
101 1.7358461550 4.730563 -2.537674 -1.636148 -4.224266 -1.727571 -2.262854 -1.904340 -4.523891 -0.467363 2.205603 2.172662 0.432625 3.714062 -4.440329 1.041133
102 1.7356960371 4.640627 -3.125230 0.887005 -4.686729 -4.168640 -2.266522 -3.490394 -1.098138 -2.513456 1.279521 0.968107 0.358552 4.279115 -4.124951 4.322905
103 1.7455006099 4.327107 -1.445267 0.807341 -3.849192 -3.396539 -3.318741 -0.603017 -2.278026 -3.627988 3.411787 -1.694532 -2.321686 2.214666 -3.234767 3.055191
104 1.7111628435 4.562695 -2.791162 0.053470 -4.487544 -2.778384 -0.332605 0.471288 -3.926453 -0.077049 2.420578 -0.523990 -0.684051 3.955245 -2.667237 2.642462
105 1.7145406106 4.725632 -0.958739 -0.646698 -3.760671 -4.458910 -1.218688 -2.928665 -2.376662 -1.577256 1.001286 0.682017 -0.767202 3.366661 -4.165896 2.098035
106 1.7180869437 4.512690 -1.914817 0.641723 -4.481816 -1.461571 -1.671881 -1.926747 -3.533508 -3.916098 1.036417 2.508364 -1.253816 3.882724 -4.911111 2.190998
107 1.7758012045 3.413552 -0.894671 -1.529217 -4.985181 -3.478742 0.128694 -0.860723 -2.064099 0.373897 1.148694 0.337892 -0.286076 4.024674 -4.786501 4.121173
108 1.7344144634 3.742063 -2.368551 -1.417561 -3.913667 -3.055822 -1.030272 0.631062 -3.816096 -1.621361 2.761447 1.153092 2.429439 4.483955 -4.753104 1.937975
109 1.7177062808 4.440422 -2.985200 -0.482084 -3.051681 -3.432277 -2.379245 0.598093 -1.620376 0.101055 1.409340 1.094250 -1.097638 4.263830 -2.712345 1.839772
110 1.7933521996 4.867845 -1.691152 0.866693 -4.974426 -2.062057 -1.080601 -2.687412 -1.627961 -1.042121 3.945872 1.488025 -1.578847 4.453370 -3.448112 3.768080
111 1.7599724492 4.221541 -1.702623 -0.506419 -2.070884 -3.950549 -1.417420 -0.951891 -1.049160 0.145804 3.422515 -0.382356 3.001687 3.342471 -2.028697 2.849465
112 1.8983169503 2.441572 -0.461733 0.958526 -2.097721 -0.235099 -2.261830 -1.478977 -2.710853 -2.226288 2.059580 -0.397602 0.129131 1.828626 -4.980804 1.852724
113 1.7369326008 3.528427 -4.286879 -0.008165 -4.037582 -2.785920 -1.189920 -0.229796 -2.694782 -1.937435 1.229282 -0.309333 -1.474121 4.199561 -4.283334 2.280530
114 1.7921594990 4.588165 -4.287084 0.783500 -2.096234 -4.878658 -1.223528 1.113051 -3.111872 -0.052359 1.121883 0.560948 -0.644651 4.127113 -2.768315 0.368305
115 1.7295616741 4.323529 -0.835341 0.553858 -2.316388 -2.799646 1.136885 0.399662 -4.550738 -2.607375 2.654756 0.547993 -1.054385 4.981967 -4.803273 2.760288
116 2.5876336864 1.245406 -4.296723 3.982365 -2.452730 -1.890052 0.884473 -3.803787 -2.722535 -0.257296 0.648803 2.665969 -0.477360 2.947352 -4.917606 4.045114
117 1.7270178792 3.878472 -1.659831 0.850823 -4.948424 -1.637241 -1.968245 -0.726290 -3.807668 -0.594159 1.062327 -0.257504 -1.981794 3.730562 -2.477768 0.422083
118 1.7401435941 4.990012 -1.705386 -1.644535 -4.361246 -1.954249 -0.917011 0.723403 -4.189724 0.669703 0.971409 -0.721781 0.230696 3.706364 -3.134613 1.608624
119 1.7611541627 4.910135 -0.494800 -0.035567 -4.372173 -4.670206 -1.355177 0.277612 -3.643003 -3.133616 1.779652 -2.112272 -3.415104 4.962224 -4.727073 0.709125
120 1.7126503528 4.946063 -2.332406 -1.574649 -4.822416 -3.506338 -1.044349 0.254325 -4.135548 -2.002941 2.617831 1.109890 1.751763 4.960760 -4.464498 1.441386
121 1.7848763569 4.020102 -3.439205 0.043021 -4.056340 -3.810612 0.116176 1.540185 -2.232300 -0.308685 0.962231 1.473028 0.018477 1.091888 -4.966410 1.719837
122 1.7823083930 2.663523 -2.471121 0.258675 -3.472921 -2.751053 -1.820596 2.130108 -3.519546 1.849645 2.466063 -1.287659 2.328126 3.505061 -4.148650 1.367756
123 1.7420528279 4.527352 -3.744217 -0.785604 -4.648902 -4.148046 -2.669317 -0.830676 -2.175349 0.910165 0.559728 0.905951 1.355193 4.109348 -3.392135 -1.047980
124 1.7469562658 4.870271 -2.992306 -2.926117 -4.002331 -2.644896 -2.986900 -2.947159 -3.865816 -1.705039 1.502859 1.522342 0.008972 3.431924 -3.477155 0.301675
125 1.8691661196 2.405930 -2.117142 0.358324 -4.657865 -0.583877 -3.136705 1.346608 -2.618531 -1.748243 2.315255 0.189771 -0.282599 1.859677 -4.820219 -0.935874
126 1.7956286369 3.385451 -2.444174 -2.219345 -3.034780 -1.937307 1.125211 -1.717952 -3.726348 -1.148891 2.809585 -0.324518 -0.604139 2.907116 -4.648689 2.393700
127 1.7293992070 4.937994 -1.486332 -0.612213 -3.178480 -3.275877 -1.234816 -0.142332 -3.170365 -3.544702 1.203461 0.066515 3.313737 3.823457 -4.407883 0.982253
128 1.7305696496 4.491053 -2.763604 0.240490 -4.446162 -4.319424 -2.007163 0.336333 -3.041410 -0.202107 3.238614 1.200639 -0.132909 4.185768 -3.401705 -0.632883
129 1.7445457526 3.822197 -1.168167 1.951565 -4.851307 -4.339205 -1.480890 0.935149 -4.819929 0.151456 2.411806 -1.455042 -2.087900 4.646633 -2.933567 -1.405379
130 1.7025909420 4.056845 -2.200687 -0.303679 -3.042496 -2.981257 -0.216811 0.168045 -3.333570 -2.169122 1.533642 2.013073 0.218564 3.314304 -2.914144 2.298199
131 1.7514727291 4.723503 -2.033281 -1.046402 -4.793456 -1.996919 -1.329723 1.548045 -2.911363 -0.986087 3.553531 1.225245 -0.860909 4.358222 -4.942358 0.341608
132 1.7658073573 4.871343 -2.077551 -0.371497 -3.443761 -2.103955 -0.873571 0.254994 -3.757008 -1.711463 2.703690 0.879137 0.497076 1.681177 -4.862644 2.583325
133 1.7638998458 3.900881 -0.996325 1.494179 -2.829621 -4.059954 -3.306020 -1.029845 -3.819570 -1.093929 -1.645235 0.106559 2.522290 1.857361 -2.749077 2.034583
134 1.7834427498 4.524857 -0.720598 0.924724 -1.160092 -3.532478 -2.224890 0.736624 -3.035115 2.061344 1.420311 4.229086 2.113105 3.752321 -1.513263 0.566767
135 1.7021608373 3.991552 -2.668212 1.406096 -1.094173 -3.801528 1.249502 -1.199046 -3.084735 -2.200849 0.585796 1.074793 -0.126592 4.956953 -1.967490 -0.045140
136 1.7608765886 4.185451 -3.431738 -2.836869 -4.649712 -0.956749 -0.203321 -2.801980 -1.630256 -1.480111 1.326702 1.153205 0.177067 2.784683 -3.544797 0.118499
137 1.7428267969 4.978111 -2.855677 1.868850 -2.512807 -4.098705 -1.348430 -0.156936 -2.001095 -1.846477 0.975708 0.403640 1.222022 2.714712 -4.439361 2.857207
138 2.2471189029 1.774689 -4.624062 0.783986 -3.288588 -4.470094 -2.343632 -1.303474 -1.928729 -0.755032 0.025519 1.030215 3.961209 3.991007 -1.403421 3.080964
139 1.7414702201 4.112762 -2.763546 -0.062692 -2.750372 -4.104752 -3.728659 -0.848635 -2.639312 0.305470 1.762083 2.532976 0.032160 4.941014 -3.339000 3.752254
140 1.7163742525 4.846808 -3.059732 -0.020177 -3.567271 -3.560918 -0.818756 0.459812 -4.999033 -4.125342 1.672839 1.207179 -0.112159 4.951867 -3.323152 1.491457
141 1.8499491436 4.725918 -0.583392 -3.356281 -2.938447 -4.268485 -0.103276 1.245391 -4.180296 -4.357894 3.151330 -0.586717 0.988184 1.340874 -3.006424 0.734323
142 1.7206825675 4.286326 -2.320461 -0.555492 -4.246634 -2.674271 -2.187549 -0.607053 -4.769009 0.923270 2.186783 1.120311 0.736873 4.120403 -4.303766 2.047765
143 1.7587795342 4.010249 -0.826019 -2.111908 -3.381632 -4.639738 -1.119203 -0.411833 -3.553555 -1.724439 1.065961 2.562786 2.641028 3.903954 -4.262669 0.077931
144 1.8784678846 4.336218 -1.262439 -3.895284 -4.766637 -2.313152 0.138539 0.363537 -4.511836 -0.987823 1.644561 1.366710 1.263300 4.380930 -4.655427 0.324634
145 1.7719178591 4.995258 -3.020885 0.355241 -2.240626 -4.977998 -0.553363 0.710072 -4.826668 -2.203765 1.013161 1.783169 -2.315362 4.997350 -4.190870 2.322721
146 1.7804789038 4.718498 -2.549495 -1.697919 -0.913308 -4.717405 -1.363296 -0.468464 -3.965183 -0.834320 1.011929 0.154548 0.662365 4.999896 -4.257504 3.370238
147 1.7182024036 4.755217 -4.869901 1.157831 -2.734643 -3.477522 -2.337886 -0.453325 -1.828605 -1.210285 1.256510 1.063386 -0.083053 4.999003 -2.932818 1.822058
148 1.8002429188 3.075207 0.222393 2.346787 -1.672329 -2.978808 -0.182955 -0.259076 -3.105194 -2.292044 4.311948 0.522854 0.111619 4.468010 -4.792931 -0.133198
149 1.8058713779 3.559505 -2.517879 1.318156 -3.534867 -2.173442 -0.610911 -1.697043 -2.755829 0.169489 4.231116 2.341603 -0.535453 2.975891 -2.647477 2.326502
150 1.7301849724 4.821260 -3.578166 -0.747626 -4.878829 -1.942214 -0.334053 -3.857461 -1.993796 -3.264952 0.257903 2.060878 2.864938 4.916643 -3.774672 -0.558368
151 1.7621216000 3.104192 -3.550242 1.309479 -1.498875 -4.051038 0.272649 -0.452655 -4.984217 -3.403809 2.688333 0.934071 0.919794 4.702182 -4.929568 0.392260
152 1.7575320871 4.976039 -3.001789 -1.541554 -2.209962 -2.620572 -0.619352 -0.924483 -1.706010 -3.099463 2.840145 1.197624 -1.325532 2.942131 -3.351481 3.505593
153 1.7098071484 4.976677 -1.473659 -0.152389 -3.224242 -3.925044 -1.222443 0.089971 -3.414811 -2.954032 0.382231 0.910599 1.119393 4.684871 -3.425217 1.721811
154 1.7553932409 4.178638 -3.492696 -1.199093 -3.639912 -2.881715 -1.574934 -0.537342 -4.770102 -4.777170 0.111196 0.604624 -0.639759 4.196732 -3.561025 -0.243321
155 2.6922906837 1.061299 -2.924144 -1.199145 -3.593409 -4.996895 -1.272964 -0.248035 -4.077863 0.326789 3.621274 0.624669 1.148452 4.682839 -3.782858 0.564412
156 1.7197059147 3.252161 -3.407986 2.469458 -0.751782 -3.715477 0.370125 -2.974850 -2.707684 -1.658944 0.157215 0.772287 1.161148 4.997554 -3.152441 0.203936
157 1.7513973318 4.619692 0.092636 -1.472849 -4.078613 -4.340673 -2.928658 -0.026668 -4.299185 -4.084752 -0.756149 0.036260 1.774522 4.535518 -2.389437 0.077715
158 1.8864659632 2.273832 -2.475090 1.641261 -4.147477 -2.667817 -1.874430 0.898972 -4.271746 -2.923696 1.651661 -1.545726 0.692728 3.511089 -4.659596 0.673675
159 1.7374825452 4.382515 -3.757989 -0.077514 0.405370 -4.385516 -2.133153 0.240936 -4.936446 -1.345904 1.196269 0.660317 1.050445 4.764173 -4.433631 -0.157209
160 1.7293462125 4.700786 -1.715077 0.251764 -4.767607 -3.518734 -2.021733 0.815109 -0.765227 -1.683343 1.764272 1.722893 -0.258438 4.358937 -4.095002 1.307325
161 1.7899801863 4.991431 -1.847534 0.941236 -4.960337 -4.880758 -1.438365 -0.418257 -2.820012 -4.848058 2.287152 0.847202 -0.429995 3.905991 -4.644147 2.618101
162 1.7269557983 4.931905 -4.558695 -1.418807 -2.076118 -1.761101 -0.466914 -1.363710 -3.768623 -2.808149 -0.006692 3.911535 3.196833 4.650008 -2.609298 -1.720018
163 1.7266374081 4.789109 -2.799698 -0.021369 -0.504127 -4.093483 1.691178 -0.903419 -1.989664 -1.776927 0.162260 0.113381 -0.156201 3.681645 -3.266822 0.167227
164 1.7745383730 4.545722 -3.131640 0.268547 -2.927720 -4.989139 2.314850 -0.814152 -2.672684 -4.107042 0.379945 1.083905 -0.915875 4.949002 -4.595622 1.481429
165 1.7213644011 4.988440 -4.978595 0.306667 -2.827809 -4.008299 0.461976 -0.835075 -1.818717 -3.613742 -0.008740 -1.454765 0.434826 4.660450 -2.763995 0.347936
166 1.8983193834 2.379093 -3.362585 -0.555864 -2.368233 -2.655953 -0.845605 -3.244413 -3.496996 -1.200505 -0.031496 0.116958 0.535364 4.250185 -4.111577 2.175755
167 1.7563735822 3.013055 -4.998708 1.395005 0.109429 -4.456479 -2.130649 -0.739581 -1.791903 -1.486572 0.882924 1.764219 0.504883 4.872375 -3.344023 1.905929
168 1.6728695308 4.999958 -0.567889 0.941293 -4.960871 -3.007383 0.108652 -1.872260 -3.563511 -2.219858 1.037872 0.519534 0.905375 4.377606 -2.337493 2.152819
169 1.7634215409 3.359315 -0.064955 -1.032395 -2.552552 -3.893388 0.398730 -1.681335 -3.015109 -1.759955 0.380614 3.040158 -0.903917 3.040308 -4.995891 -0.876747
170 1.9586496223 2.030531 -1.616098 -0.728806 -4.985794 -1.366814 0.363070 0.302823 -4.109059 -3.785485 -0.357308 0.866593 1.909677 2.795619 -4.562993 0.253518
171 1.7758231617 3.346680 -0.565180 -0.174038 -4.697558 -4.986233 2.165839 0.184920 -2.938561 -0.893803 0.152401 -1.061702 -1.186917 4.997875 -1.072817 0.647633
172 1.7546293833 4.542980 -1.703069 -0.239437 -2.725780 -3.880051 0.667904 -1.094933 -4.472052 -4.790577 1.891993 1.376518 0.280265 3.444266 -3.761568 1.364759
173 1.8607611651 2.383423 -2.743664 0.008315 -4.999201 -3.723275 -0.377835 -0.911635 -3.726554 -2.630699 1.108382 -0.069514 -0.547552 3.536047 -2.883138 -0.875226
174 1.7688231838 4.974033 -2.649474 -1.383890 -3.270844 -4.906820 0.763957 -0.259276 -2.280509 -1.540990 0.012878 0.119217 0.072685 4.886185 -3.058969 0.020406
175 1.7771801287 2.978102 -3.682690 -0.167238 -4.475668 -4.892166 1.702092 -2.231434 -3.761692 -4.044252 -0.732969 0.750982 0.776394 4.994790 -4.321711 1.370950
176 1.7405305976 3.199716 -1.185673 -1.396361 -3.909822 -2.409019 0.381643 -2.579629 -4.179050 -3.582613 1.311744 0.165877 0.155168 4.321940 -0.632192 0.520545
177 1.7183675153 3.623451 0.602753 -1.247162 -3.800154 -2.745390 1.787810 -0.516430 -2.515038 -3.061638 1.663005 -0.312758 0.798727 4.813178 -2.288100 1.454070
178 1.6902295134 4.393009 -2.956172 -0.928523 -4.941604 -0.734570 -0.686863 -3.523641 -4.895823 -3.118172 0.913661 -0.977281 2.301962 4.815303 -1.026336 2.451980
179 1.7972322209 4.010678 -2.922373 -1.513563 -4.901740 -4.946305 -0.472660 0.296224 -3.846465 -1.441673 -0.568546 -0.545542 -0.017646 3.155806 -4.262832 0.444382
180 1.7410593223 4.739192 -4.699868 -2.054682 -3.852798 -4.414982 2.057295 0.770477 -4.988250 -2.409877 -2.584266 0.604716 0.585659 4.080143 -3.681446 0.433324
181 1.7320986465 2.728871 -1.698602 1.412684 -2.439055 -2.434558 0.980374 -0.586858 -3.615065 -2.716625 0.804609 -0.441727 0.266353 4.671547 -1.577664 1.672213
182 1.7148844524 3.537719 -1.105502 -2.168624 -4.746874 -3.479443 3.037815 -0.358974 -4.467255 -3.700459 1.508021 0.551163 0.862151 4.976142 -2.169487 1.895804
183 1.6834626079 4.181523 -1.568857 -0.615950 -4.307679 0.164364 -0.032346 -1.989864 -4.118569 -1.702197 0.196537 -1.214495 2.699137 4.699247 -1.405766 2.399681
184 1.7143174865 4.443019 -2.358663 -0.367020 -3.897672 -3.121995 -0.235655 -4.474955 -1.653629 -1.822978 -0.901024 -1.392668 0.865237 3.381771 -1.322152 2.566984
185 1.7498106051 3.602795 -3.166645 -0.637123 -4.860573 -3.115185 0.179273 -2.236071 -1.624548 1.435103 1.153298 1.887624 2.504280 4.854295 -4.775847 1.864016
186 1.8971598447 2.043953 -0.274915 -1.103583 -4.015716 -3.044970 1.099673 -0.390185 -4.943612 -0.560272 -0.735521 0.761938 3.456095 4.944690 -3.326056 0.011573
187 1.8802148926 2.194735 -1.971135 -0.043742 -4.991176 -1.016125 1.553398 -4.993152 -2.877928 -1.939520 0.996025 -2.259665 -0.035889 4.662297 -1.723179 1.105226
188 1.7481219373 4.839170 -0.859126 -0.806794 -4.345400 -2.452867 -1.927515 -2.689271 -1.473464 -0.309736 1.303998 -3.134374 0.369779 4.104200 -1.831339 4.021453
189 1.8476535986 2.464924 -0.724381 -2.042553 -2.318790 -3.056855 1.769292 -1.673753 -4.019669 -4.109114 0.221645 0.133191 0.689456 4.715871 -2.863582 -0.910611
190 1.7874682923 3.995046 -1.774548 -1.630744 -4.241523 -3.488141 -0.031593 -0.991537 -3.925995 -4.362058 -1.281100 -0.728536 0.036283 2.154389 -3.294386 0.299112
191 1.7195100064 3.442995 -0.793292 -2.029079 -4.514082 -2.958227 1.308159 -1.310641 -4.960457 -4.186452 2.023256 0.839615 0.757960 4.125565 -0.523787 1.654745
192 1.6935019389 4.961176 -2.508388 -1.192345 -4.979711 -2.385220 -2.103042 -0.862730 -4.988911 -2.856753 0.795708 1.050091 1.314266 4.822795 -1.052279 2.152926
193 1.7182274150 4.986349 -0.707732 0.736290 -1.807987 -1.573163 -1.037680 -1.388087 -2.281495 -1.404846 0.231699 2.111669 3.308642 4.868402 -2.670712 3.110855
194 1.7281559696 4.913731 -1.953212 -1.580159 -1.781628 -0.594760 2.009091 -2.670652 -2.697838 -3.594964 -1.305196 -0.922233 1.791774 3.682509 -1.292012 1.752892
195 1.8993981860 3.507125 -3.773790 -4.259939 -3.157526 -3.888316 0.465285 -2.480535 -1.224428 -4.336791 -0.584902 -1.369969 0.961360 3.994614 -2.492541 1.068837
196 1.6940586381 4.721862 -1.208502 0.534887 -4.871144 -1.844482 1.360615 -1.204234 -3.396899 -2.850287 -0.668967 -0.890285 -0.320928 3.856739 0.852093 4.746477
197 1.7576448584 3.309210 -1.622303 -0.094302 -4.017363 0.054418 -2.097963 -4.779847 -1.299641 -2.030015 -0.137606 -1.234854 2.165003 4.998081 -2.840803 0.691640
198 1.7552102987 3.072504 -4.112957 -1.680995 -2.434645 -2.304612 0.364928 0.466970 -1.867339 -2.542357 1.348433 -0.322861 2.947881 4.059473 -3.114623 2.951150
199 1.7377666467 4.850075 -1.672452 0.245429 -2.576021 -1.318291 1.297364 -4.264556 -1.570740 -2.630124 -0.606131 1.465637 2.350710 3.773845 -0.661489 3.856230
200 1.7499049119 3.299623 -0.382078 1.210411 -4.993099 -2.634663 -0.967188 -2.233850 -3.961396 -0.773872 2.314686 -1.013178 0.675606 2.981174 -4.626070 1.957440
201 1.6987658615 4.760756 -2.064070 1.426320 -4.566463 -1.051404 0.146562 -1.460543 -2.980115 -2.450240 -1.466557 0.357135 0.971606 4.074542 -2.509207 0.881423
202 1.7475686173 3.712424 -2.153362 -3.039108 -4.998900 -0.548105 -0.279950 0.695628 -3.035545 -2.950194 1.605306 -2.438802 2.214214 3.886802 -1.579949 2.216431
203 1.7789445613 4.920502 -1.614243 -0.303245 -3.353187 -4.682213 -1.276969 -4.691146 -4.414479 -1.463030 1.589533 0.079835 0.702450 1.636236 0.197429 4.079890
204 1.7444184663 4.965628 -1.400966 -2.321453 -4.584417 -0.279341 -1.601588 -4.884559 -2.094623 -1.755367 0.668952 -1.361249 3.506773 4.602375 -2.063461 -0.377702
205 1.7168436030 4.348504 0.627829 3.674717 -4.393937 -2.022172 3.163389 -1.145648 -2.467049 -3.698605 -1.599194 -1.459295 3.445615 4.719505 -4.345634 4.957135
206 1.7069237994 4.055782 -2.933521 1.815721 -2.853716 1.889093 0.878099 -3.613045 -4.247941 -1.532843 0.141603 2.250117 2.102256 4.301564 2.497449 2.859566
207 1.6944796642 4.367349 1.156679 0.803606 -4.554320 0.296105 1.454828 0.990069 -4.914018 -2.048269 0.394980 -0.403920 -1.348376 4.702742 -1.143112 1.894375
208 1.7428115329 4.499053 0.680333 1.101034 -4.127688 -0.638973 -0.118375 -0.888696 -3.802911 -1.449465 -0.123891 0.254870 0.100366 3.798637 2.909699 4.999080
209 1.6975958811 3.335007 -2.500625 2.321167 -4.219952 -2.068704 0.879662 -1.845180 -4.681878 -2.396544 -2.107189 -1.535170 -0.404309 4.127114 0.690515 3.593499
210 1.7358685208 3.370392 -3.098553 1.312870 -3.991803 -3.150568 -1.603219 1.441007 -4.798879 -3.291879 0.425529 -1.019083 -0.212851 4.036662 -2.081365 2.310401
211 1.7057408665 2.946898 -1.936007 -0.276695 -4.836623 -1.945672 1.740329 0.564712 -3.449854 -4.215673 -0.135371 1.743663 0.209156 4.889245 -0.473921 -0.482099
212 1.8414049073 2.293491 -1.596804 -0.160340 -3.361777 -0.765260 1.903035 -2.254067 -4.158040 -3.461350 -2.449316 -0.789245 1.283339 3.127398 -1.458298 3.892784
213 1.7248921118 4.980790 -2.133776 -2.479356 -2.825327 -1.400085 1.083336 -3.180659 -4.699572 -0.754991 -0.252775 -0.078299 2.794969 4.918851 -2.089065 2.819719
214 1.6783256819 4.551577 -1.151469 0.972797 -3.427436 1.126778 2.990855 -1.244797 -4.978589 -3.698120 -1.005082 0.773226 0.031145 4.442571 -1.442243 2.034990
215 1.7977438257 4.391941 1.411623 -0.163543 -4.999523 -3.628521 -1.311723 -1.154230 -4.889064 -0.739796 -1.490497 -0.900850 0.381317 4.682663 -1.953865 1.610080
216 1.7736525329 4.973305 -2.411385 0.969621 -2.143901 -3.102885 0.336090 -1.533379 -3.808728 -2.876384 -2.544781 -0.738876 0.807928 1.767268 0.995516 2.206210
217 2.2851982843 1.326550 -1.642392 3.316101 -1.650107 -0.289573 4.104207 0.216147 -3.369871 -1.055132 0.076564 0.288465 -0.046935 2.998207 -0.182338 4.358471
218 1.7001656859 4.868104 -4.073129 1.688776 -2.037898 -1.188027 2.090019 -0.894078 -3.086164 -1.270679 -0.668267 0.320649 2.356212 4.870907 -1.014107 0.503080
219 1.7057702241 4.244668 2.731642 -0.002171 -4.293162 1.200059 2.019030 0.691989 -4.993355 -2.581701 0.567862 -0.335547 -1.222418 4.862282 1.035817 2.017507
220 1.7256674849 4.208287 -0.803502 1.662433 -3.075155 1.847076 1.289899 -0.437710 -2.786972 -0.016826 -0.457249 1.336625 0.958956 3.934426 1.967130 3.246060
221 1.7007605909 4.386560 -1.000330 -0.253555 -4.108045 -1.056408 0.684175 -2.961960 -4.946017 -3.695775 0.635146 0.042834 0.458289 2.886189 -1.574850 -0.183675
222 1.7102303109 3.941314 -1.625817 2.416665 -3.545998 -0.748712 -0.485186 -1.676328 -4.838042 -3.104978 -1.865032 0.411061 0.679682 3.077908 0.148206 3.887925
223 1.6684229200 4.368637 -1.759676 1.715372 -4.988679 -1.092700 1.056433 -0.586700 -3.009071 -3.067064 -0.164301 0.789731 -0.993398 4.619330 -1.330567 2.466402
224 1.6734309922 4.372608 -1.969547 2.716903 -4.472913 0.115163 1.528682 -1.025882 -3.920320 -3.044268 -0.098280 3.322075 -0.840799 4.186673 -1.293109 2.359646
225 1.6830073389 4.085413 -1.009788 2.055391 -4.669509 -0.473249 1.326495 -1.319143 -1.350317 -2.179091 -2.219062 0.376970 -1.195001 3.508275 -0.729325 2.191270
226 1.7922269912 4.956665 1.032802 1.026634 -1.923848 1.985413 3.234149 -0.082246 -4.041549 -4.664948 -0.906774 -0.385087 -2.255204 2.049792 0.346517 3.082751
227 1.6794771435 4.590278 -0.565760 2.132014 -2.813452 -2.181670 1.550630 0.444875 -4.604131 -4.599326 0.830123 1.927668 -1.347616 4.768059 -1.643394 2.047452
228 1.6941751111 4.982126 -0.241634 2.618968 -3.857670 0.082156 -0.096948 -2.446098 -4.987339 -2.791547 -0.966500 0.269762 -2.150390 4.237518 -2.633071 -0.897468
229 1.7252271885 4.807637 -0.526160 2.621628 -2.081013 -0.280224 3.327079 -0.431858 -4.052536 -3.877873 0.524039 1.445171 -0.180106 3.451723 -1.919527 0.295821
230 1.7104775604 4.696692 -1.461290 -0.085044 -4.236323 1.974991 0.280970 -1.215971 -4.282815 -3.453593 0.770171 2.900411 -0.184765 3.370285 -3.932722 2.650020
231 1.7223572570 3.143053 -3.975018 1.088043 -4.411567 -1.175185 -1.141053 -1.166031 -3.431896 -4.085873 0.821687 2.025513 0.244374 3.754798 -1.956970 1.904114
232 1.6574113959 4.652044 -1.795788 2.969633 -4.774708 0.703351 2.555202 -1.723410 -3.755800 -2.736016 0.153939 0.311054 -0.559602 4.985414 -0.386931 1.439991
233 1.7044973248 4.684925 -0.235877 1.794760 -4.969637 -2.125677 1.131748 2.211027 -3.071777 -4.180629 2.063288 0.228738 -1.229268 4.991897 -4.277487 1.271822
234 1.7049864165 4.997457 -0.823362 3.967517 -4.933119 -0.461974 2.363122 -1.583530 -4.182508 -3.927541 -0.349472 0.530113 0.622780 2.105619 -0.029235 3.091462
235 1.7047334737 3.990779 -0.176206 4.405019 -2.877578 -2.568718 1.257522 -3.169077 -3.904061 -3.943082 -2.970641 1.455118 -0.337086 3.509402 -1.441379 3.062411
236 1.7253100417 4.207391 -0.863376 0.443194 -4.293251 -1.778912 -1.192082 1.480612 -4.675980 -4.750246 1.578747 3.367305 -2.684295 4.783622 -2.132747 2.694395
237 1.6612086341 4.850338 -3.914771 1.925073 -4.420507 0.457001 2.821356 -1.313906 -3.998778 -3.206103 0.594154 1.144516 -2.655034 3.165155 -1.273889 1.968610
238 1.7237406538 4.059573 0.110835 0.025171 -4.994728 -1.401583 1.807092 0.800111 -4.597958 -4.935794 0.357187 -1.503677 -0.873493 4.939208 0.506542 3.985619
239 1.6927553814 4.754982 -1.883166 4.257816 -2.844605 -0.773678 0.219163 1.096040 -3.821984 -2.491674 -0.997224 1.433799 -1.492330 4.904225 -1.211834 2.426970
240 1.6708441018 4.734731 -2.117689 -0.415745 -4.456194 0.357408 1.854906 -0.600982 -3.697738 -4.295949 0.485830 0.700602 -1.751004 4.390883 -1.077700 1.645594
241 1.6703123336 4.961130 -2.255132 1.889341 -4.894484 -1.075926 2.150410 1.634564 -4.406023 -1.421510 1.572987 -0.130027 0.863785 3.781054 -0.993171 2.034828
242 1.7271665293 4.038396 -0.687682 -1.224949 -4.358101 -1.219126 3.548882 -0.133102 -4.517733 -4.807205 1.318294 0.343583 -4.909813 3.356975 -1.156052 0.007332
243 1.6794605429 4.423296 -0.715045 2.748027 -4.608499 -2.351975 4.483455 -0.387557 -4.864620 -3.776784 -0.861433 1.185536 -2.463782 3.948610 -0.278639 1.211640
244 1.7660238483 4.699079 -3.599142 1.272145 -0.483880 1.111636 -0.717501 -2.351567 -3.236157 -4.134866 -0.538261 -2.227878 1.474485 3.855451 2.117268 3.229751
245 1.7319975211 4.483197 -2.819219 0.345348 -4.783894 -1.873718 2.037583 -0.727089 -4.121165 -4.994085 0.307619 2.355102 1.326405 2.479804 -2.125133 1.310024
246 1.6940904377 4.806129 1.042076 2.793267 -4.677342 2.059038 1.555938 -3.464121 -4.626685 -3.843304 1.633382 2.142248 -1.572940 4.986984 -1.518925 1.309148
247 1.7134404693 4.968452 -2.921756 1.789681 -3.794428 0.454813 0.139824 0.674780 -4.196234 -4.963232 0.989222 -0.564465 -1.464322 3.043965 -0.819194 0.739059
248 1.7269759927 4.807781 -0.472608 1.743046 -2.960609 2.160156 4.020969 -0.886795 -4.960207 -1.586884 0.665324 -0.046028 -2.924520 3.543900 -2.651353 3.710617
249 1.7012255514 4.438169 -0.027586 0.150654 -4.078077 -0.061595 4.373256 0.311286 -3.895002 -4.798110 -0.668287 -0.699404 -0.399809 4.977755 -0.648296 1.983522
250 1.6531075253 3.871127 -2.159178 2.933761 -4.999684 -0.660901 3.193757 -2.111804 -3.584412 -2.997782 0.454180 1.794038 1.034617 4.420431 -1.198147 3.312050
251 1.7060244066 4.337315 -3.090276 3.766088 -3.282319 -0.570169 2.208345 2.981315 -4.982907 -4.969990 -1.907501 1.701615 -1.431714 4.999163 -1.093905 2.767813
252 1.6941666030 3.207806 -4.471958 1.933810 -4.286322 0.304088 1.188163 -0.649481 -4.820168 -2.119235 -0.196026 0.402680 -0.362347 4.957019 1.597496 3.141354
253 1.6877457607 4.302630 -0.957154 3.970405 -4.467946 -0.490793 2.701628 -0.360935 -4.001495 -2.604617 -0.060719 0.624420 -0.205500 4.913705 -2.513284 3.433178
254 1.7012351482 4.702932 -3.453602 1.607684 -3.553499 1.625948 0.681043 0.722285 -4.971301 -3.906745 1.083686 -0.899661 0.384113 4.360867 -0.846081 0.110029
255 1.7245715875 4.006711 -1.384270 -0.893024 -3.152175 -1.070247 0.339241 -0.084429 -3.475951 -4.824505 1.879476 2.544588 1.195465 4.998708 -1.592922 1.673707
256 1.9873939481 2.224723 -2.137633 4.475690 -2.809579 -0.064656 1.920294 -0.836745 -4.678980 -4.708897 0.859546 1.468343 1.135977 4.633092 -0.689201 3.267459
257 1.6743216276 4.936240 -0.569077 3.021159 -4.046181 -0.201934 3.452091 0.292191 -3.110457 -0.958911 -1.146831 2.993798 -0.425033 4.978859 1.355624 3.327235
258 1.6844472378 4.341522 -0.979041 4.542431 -4.998600 -2.195269 1.457253 -3.167220 -4.538970 -1.538931 1.264163 2.121941 0.773256 4.960770 -2.428173 0.662188
259 1.6935362534 3.424300 -3.249703 3.822510 -4.574765 -0.250790 3.878228 -1.070906 -3.506274 -4.311207 1.226356 0.379587 0.180803 4.174636 -0.861577 2.069386
260 1.6812823005 4.042032 -0.655238 2.400239 -4.907741 1.156665 2.842943 0.484218 -3.718671 -3.177373 2.248566 2.545831 1.443672 2.972156 -2.113134 1.321822
261 1.7216403723 4.998808 -2.878825 1.018199 -0.903468 -1.340196 4.244256 -0.897007 -4.485321 -4.292331 1.308274 2.840155 0.234577 3.154753 -1.173115 4.913586
262 1.7014449751 4.992164 0.533687 2.629381 -4.265838 0.500847 3.099268 -1.858415 -4.249413 -3.769569 1.583768 1.961990 0.165957 3.548709 -2.939418 3.976144
263 1.6693615826 4.699763 -0.894821 2.849292 -4.730079 -0.527646 1.112613 0.415962 -4.942123 -4.378139 -0.082988 1.000371 -1.974092 4.984052 -0.805504 2.826253
264 1.7269285672 4.548430 -3.389869 2.355839 -2.294907 0.683859 3.042225 -1.777823 -4.876111 -3.145346 0.285868 0.738800 1.456293 3.237960 0.974839 3.592531
265 1.7155032663 4.821356 -1.166421 4.389052 -2.372793 0.565341 1.211423 -0.607001 -3.006883 -1.619405 -0.643616 -0.175948 -1.097786 4.176165 1.850405 0.681597
266 1.6889222565 4.980357 -0.446875 3.516749 -3.780017 -0.858539 3.178325 2.511863 -4.272671 -4.671204 1.720748 0.611557 0.350221 4.556202 -0.340397 0.666718
267 1.6703706800 4.734162 -2.531139 2.539470 -4.159302 -1.447552 2.273142 2.223281 -4.998868 -3.943239 0.163376 0.852586 -0.197023 3.957026 0.614078 1.961185
268 1.6829810238 4.602096 -0.275785 2.091409 -3.818219 0.138611 3.460270 -2.461408 -3.298379 -4.047806 -1.727898 3.366300 -0.796954 4.439493 0.615871 3.786439
269 1.6866554533 4.602001 -2.291240 1.848997 -4.616552 -0.420313 1.050269 0.063401 -4.941498 -4.820101 1.131399 1.908339 -2.135069 4.885071 -1.810552 1.592065
270 1.6900006660 4.469311 -0.703137 2.147548 -3.539428 0.372084 3.539005 -0.083591 -2.254287 -4.970037 0.736467 1.277304 -2.991403 4.056458 -0.717920 2.012000
271 1.7080640617 3.849224 -1.548415 3.461006 -4.059634 -2.097467 2.223165 -1.169132 -3.156518 -1.234801 -2.552597 2.071827 -3.408450 4.854365 -1.703297 -0.257166
272 1.7045594070 4.223640 -1.411855 4.152600 -4.792223 -1.115530 0.553440 0.251352 -4.343441 -2.500553 2.002910 3.993774 0.717731 3.427272 -1.651268 2.090260
273 1.7023653384 3.767315 -0.976710 2.992431 -4.784562 0.468196 0.845401 -1.277040 -4.131109 -3.042450 0.903905 3.144642 -1.425153 4.555434 1.117204 3.958024
274 1.7044400282 4.005154 -0.034169 4.997215 -2.811720 -0.347815 3.553414 -0.360236 -2.979453 -0.273568 -0.034512 1.281154 1.479632 4.953196 0.577100 3.913913
275 1.6987356086 4.194665 0.672298 4.013405 -4.990494 0.434307 2.052683 0.389049 -4.279735 -3.976808 -1.207374 1.729579 -0.648756 4.868203 -0.151436 2.853154
276 1.6896697219 4.734537 -2.021763 1.127871 -4.451123 0.721597 0.600096 -0.609246 -4.305521 -3.286069 0.990404 1.149412 -0.349584 4.599921 -2.530232 0.512521
277 1.6804651465 4.974608 -0.024160 2.742634 -4.783919 -0.454710 2.103616 3.227874 -2.278172 -2.760647 -1.288839 3.815908 0.704343 2.658822 0.555535 2.157388
278 1.6998253870 3.330260 -3.724522 2.785012 -3.529954 -0.246642 2.245980 1.563683 -1.377548 -2.616747 -0.460681 1.208813 -1.287569 3.437420 0.368003 2.139284
279 1.6699715541 4.538585 -2.739212 2.643579 -4.459986 -1.271091 1.975758 0.751475 -3.824495 -4.156534 0.715531 2.233814 0.062900 3.767982 0.450687 1.463177
280 1.6824932264 4.641912 -1.631206 0.370522 -3.477374 -1.607568 3.009552 0.490307 -4.744338 -3.000607 0.262130 0.467954 -0.103902 3.469038 0.615789 2.022541
281 1.7092798217 4.333087 -2.577119 3.133160 -3.250425 0.755510 3.226455 -0.137562 -2.895487 -4.834492 -0.034450 1.934865 -1.178152 4.314408 -1.593220 1.948612
282 1.6617392194 4.970624 -3.947022 2.275772 -4.259640 -1.889487 4.197044 2.171483 -4.629419 -2.904136 1.585874 1.030217 -0.573469 3.733989 -0.350600 2.497331
283 1.6959126997 4.798767 -1.371612 3.029015 -4.840048 -0.780948 4.040034 1.820802 -3.499410 -4.976797 -0.465835 1.882584 1.393584 4.740893 -0.228338 1.772846
284 1.6721785248 4.960456 -2.535029 2.517423 -3.901087 -2.961051 2.362028 1.153200 -4.998295 -4.435375 0.007947 0.637655 1.256747 4.614286 -1.017932 2.537690
285 1.6942649264 4.621263 -4.945185 2.110699 -3.261533 -0.836666 3.621232 0.341835 -4.853884 -3.789395 -0.538509 2.228845 -1.159855 3.789485 0.341551 1.709366
286 1.7266754087 3.541732 -1.746698 4.808991 -4.287194 -0.160346 2.389110 1.387325 -4.516292 -4.995647 -1.771484 2.880864 -1.258162 4.877859 -0.542028 3.414176
287 1.6940409514 4.109277 -2.232886 2.778458 -4.094380 -0.415898 1.688070 0.673592 -4.739478 -1.988440 3.123669 0.037004 -0.074394 2.781803 2.652894 2.598643
288 1.6743447013 4.635293 -3.209595 4.126573 -4.162679 -0.588245 1.835975 0.856477 -4.808327 -4.330456 -0.610144 0.440795 0.316050 4.953980 0.027008 0.981726
289 1.6786497480 4.939127 -4.728890 3.792257 -4.175411 -2.753319 2.480465 -0.179992 -3.383684 -3.204231 0.134770 3.247764 -0.198802 3.584553 1.229303 3.631555
290 1.6667317559 4.938406 -4.746164 2.610306 -4.430611 -2.085028 4.698642 0.571579 -3.832543 -3.162649 -1.427123 -0.177024 0.927369 4.999675 1.502241 2.059327
291 1.6998646540 4.446229 -3.379676 4.994842 -4.999655 -2.637542 2.767417 2.345121 -3.242565 -4.276529 1.894241 3.376133 -0.783426 2.516108 -0.558213 3.157245
292 1.6598112264 4.874261 -2.453810 2.327036 -3.682507 -1.549511 3.508455 1.172191 -4.999193 -2.758014 0.463832 1.184970 0.929557 4.956606 -0.837137 0.763041
293 1.6717891886 4.392865 -3.374848 2.945612 -3.849825 -1.901872 4.041498 2.198970 -3.500326 -4.416533 -0.828364 1.932595 -1.159921 3.265359 -0.457688 1.584137
294 1.6767030658 4.986573 -1.154931 3.474013 -3.118538 -2.626161 3.649769 3.233683 -4.894585 -3.523829 1.851568 1.098109 1.278429 3.249810 -1.290474 1.701991
295 1.6997538055 4.710337 -3.169891 3.590075 -4.062796 -1.585795 4.377353 0.919502 -3.210761 -4.993190 3.162052 0.610671 0.290510 3.235564 -1.261275 1.535827
296 1.6963855744 4.510861 -1.341724 2.721957 -4.970698 -2.745337 3.111793 1.368418 -4.932427 -4.914605 -0.874449 2.228729 -3.029987 4.669265 -0.134715 3.615041
297 1.6963500642 4.614009 -3.433863 0.816168 -4.955799 -2.270965 2.427475 2.243037 -4.981464 -4.659795 -0.178916 2.602105 0.203871 4.548705 0.833723 -0.691417
298 1.7083784632 4.067276 -4.191660 2.384394 -3.338745 -1.803112 0.387228 0.171558 -4.841424 -3.491487 1.894544 0.184121 1.241204 3.734586 -1.578518 1.375671
299 1.6724041747 4.378502 -4.174474 2.220410 -4.309724 0.356988 3.158972 2.144731 -2.422539 -3.011205 2.420413 -0.154997 -1.562858 2.827044 -1.025205 0.808674
300 1.7162763531 4.988452 -4.600096 0.363520 -2.656717 -3.669661 0.202792 -0.224872 -2.723904 -1.026283 -1.600101 -0.908965 0.089078 4.745817 0.004429 1.317732
301 1.7260244640 3.552339 -0.477454 0.585786 -3.969082 -0.443550 2.228200 0.954050 -4.792928 -2.622017 -0.643016 -0.450246 2.003043 4.193400 0.652095 0.040135
302 1.6821205515 4.623738 -2.961409 3.616628 -3.652244 -1.893667 2.882406 1.646294 -4.986233 -1.582715 0.342629 1.272925 -1.503350 4.569984 -0.603074 1.318039
303 1.7528190786 2.931325 -3.168003 2.294452 -4.798335 -2.755490 4.772000 1.619128 -3.321172 -4.881728 0.049098 -0.237395 -0.016172 3.358643 -0.295708 1.185121
304 1.6627727389 4.932586 -2.207769 4.051250 -4.988337 0.734450 4.686255 0.059535 -3.367904 -3.822475 1.724910 2.003997 -2.097284 3.850788 -0.308947 0.838584
305 1.7138688429 4.826293 -3.980475 4.525858 -4.986888 -1.267173 4.671030 0.742452 -4.936777 -4.807233 1.095205 1.232320 1.572904 4.992517 -2.024544 0.617649
306 1.7191003213 3.459978 -0.975389 2.419493 -4.644866 -2.431802 1.666577 2.468084 -4.650058 -4.610778 -0.152341 1.208016 0.816524 3.663333 -2.571637 0.228080
307 1.7512358493 4.131348 -4.273173 3.446421 -2.879383 -1.711067 4.352055 -0.789399 -4.302859 -4.955204 -0.034070 0.872153 -2.991958 2.869414 0.508752 1.573650
308 1.6890312521 4.159353 -4.974160 1.227407 -4.512349 -1.453982 4.490513 2.316352 -1.465402 -2.408223 -0.422613 0.124030 0.841550 4.966856 0.265358 2.287946
309 1.7289184130 3.178892 -4.946244 2.434237 -3.520663 0.132332 3.675387 3.116267 -4.312495 -4.096162 -0.868314 0.477443 1.571292 4.068790 0.499693 2.103558
310 1.7574563225 4.697612 -3.468606 2.430017 -2.792167 -1.072820 4.051358 3.131325 -4.593339 -4.994520 0.037144 -0.106784 1.303108 2.894842 1.142410 0.720912
311 1.6975343301 4.053254 -3.243739 2.313094 -4.971610 -1.042435 3.367341 0.857207 -4.515435 -4.676461 -0.298218 -2.689975 0.186574 3.620808 2.304458 2.519986
312 1.7596911392 4.635619 -4.067703 2.299951 -4.635875 -4.963520 3.280213 1.329590 -2.702317 -4.981373 2.146084 0.558197 -0.321121 4.143254 1.522995 -1.874455
313 1.7234797274 3.377020 -2.202089 4.573366 -3.078403 0.437631 2.784651 -1.428658 -4.292443 -1.312804 -0.264168 1.187639 -0.859740 4.181602 -0.750784 0.120385
314 1.6999582842 3.258075 -2.371637 4.992915 -4.806329 -1.106937 4.497724 1.766760 -3.496893 -1.648696 0.254552 3.509017 -0.277502 4.433879 0.256280 0.880537
315 1.7340120646 4.845534 -3.613154 2.311407 -3.251947 2.380987 2.905723 1.696384 -1.589984 -4.617424 0.053337 -0.791374 0.681984 3.964599 -2.430675 0.988188
316 1.6866363785 4.357304 -4.019499 3.678600 -4.895138 -1.246274 3.866703 0.634691 -4.388285 -4.570227 1.049425 2.049975 -0.318569 4.998987 0.921377 1.376015
317 1.6485301663 4.934057 -3.801100 1.256918 -4.814808 -1.247510 3.353743 0.113269 -4.746958 -2.712980 -0.408121 0.986618 -2.594696 4.954204 2.031911 3.139654
318 1.6833982136 4.773239 -3.310181 4.953971 -4.977951 -0.683051 4.855044 0.188597 -4.999145 -4.737810 0.018974 0.257538 -2.033197 4.660395 1.497186 1.563076
319 1.6822945658 4.998226 -3.381999 4.969690 -4.933974 -0.112307 4.186564 0.284892 -4.526817 -0.810842 1.249685 2.404315 -0.818689 3.806972 1.987341 1.924606
320 1.6716989408 4.987507 -1.622782 2.865961 -3.363887 -1.744253 4.264963 1.522589 -3.213607 -4.292725 0.740435 0.234343 -1.188015 4.900996 0.220373 0.978109
321 1.7277307445 3.659907 -4.978007 4.304246 -4.945785 -0.565437 3.949669 3.281376 -4.987065 -3.174580 1.257392 -0.609614 -0.112088 4.180452 0.203383 1.868030
322 1.6797888371 4.694162 -3.181533 3.093507 -4.868624 0.761318 3.456536 -1.270779 -3.535410 0.112200 2.116781 -0.048333 0.783264 4.982508 -1.768399 0.604909
323 1.6586010232 4.541458 -2.719122 2.853861 -4.414016 -1.069775 3.170096 0.497442 -3.874949 -3.080534 1.516322 1.176194 -0.562701 4.714508 2.233385 1.689523
324 1.6912690316 4.398841 -3.472163 2.798735 -4.763145 -1.653113 2.166429 2.824452 -3.415978 -3.081504 -0.275418 -0.990366 -0.971319 3.384414 -1.742078 0.923799
325 1.6933539650 4.338996 -1.821109 2.534174 -3.000988 -0.935883 4.124576 0.674355 -4.358117 -4.019674 -0.429170 2.837043 -0.685946 4.992531 2.036172 1.825412
326 1.6717196853 4.966799 -2.701343 1.455353 -4.994690 -0.113569 3.070350 0.979364 -3.096462 -4.196914 1.103304 -0.635321 0.838553 4.721981 1.402617 2.071986
327 1.6842296014 3.972153 -2.099051 1.350363 -4.513126 1.078902 2.734094 -0.615870 -4.623104 -1.202777 2.405328 1.275833 -2.049743 4.948982 0.816494 1.926878
328 1.6794262837 3.959251 -3.555712 1.653756 -4.357963 -1.358680 3.273655 -0.108008 -4.605165 -4.014564 0.499162 -0.107050 -1.024808 4.932848 2.651043 1.591488
329 1.6787695025 4.789361 -2.825778 2.231952 -4.621009 -0.219923 2.260626 -0.174503 -4.497462 -1.153022 0.879302 1.545046 -0.842290 4.627928 0.364865 2.684919
330 1.6511502721 4.909671 -1.210251 2.418148 -4.921684 -0.987747 3.094659 2.796246 -3.912291 -2.206633 0.770830 0.203947 -1.558122 4.190183 1.736375 0.260794
331 1.7013604406 3.647879 -2.021588 1.773546 -3.680539 -1.023448 3.674317 -0.746687 -4.841495 -4.231845 -0.574228 1.883393 -2.798340 3.978396 1.081229 1.586189
332 1.6636668920 4.996206 -4.991929 2.409576 -4.981374 -0.790308 4.501246 0.830272 -3.414243 -2.649543 -0.175509 1.459092 0.279825 4.827487 3.738685 2.269541
333 1.6532708278 4.886600 -2.243452 2.744520 -4.557488 -2.944178 1.741174 0.571200 -2.566057 -3.126163 0.138166 1.468475 -0.936627 4.982102 2.180430 3.412747
334 1.6739913550 4.728102 -3.669595 2.472634 -3.585534 -0.604554 2.750124 1.444179 -4.595923 -2.416142 1.307514 1.007410 -1.223544 4.252413 1.870251 3.022036
335 1.6802168238 4.427210 -2.138737 1.056561 -2.823529 -2.219252 3.907327 1.000804 -2.783645 -3.574046 0.930520 1.379284 -1.912356 4.947435 0.944032 1.552907
336 1.6799332950 4.780206 -3.967853 3.859074 -4.038061 0.501426 4.612240 -1.262257 -4.822636 -3.292980 0.269287 1.917257 -1.510418 4.138773 1.836257 1.022343
337 1.6757680596 4.416737 -0.977057 2.025430 -4.445741 -0.525170 3.706981 1.211779 -4.957701 -4.219496 0.860755 0.786304 -0.871859 4.413088 2.154776 1.361881
338 1.6871853956 4.665710 -1.588519 1.155425 -4.824122 -0.403390 3.260111 2.427445 -4.346831 -3.187911 1.201826 -0.059842 0.883508 4.318788 1.396937 0.468515
339 1.6720807271 3.764069 -1.966115 1.756740 -3.439915 -0.325965 3.225207 2.230622 -4.984208 -3.776037 -0.105438 1.659464 -2.667900 4.687722 1.850253 1.230419
340 1.6723004467 4.932136 -2.456849 2.751588 -4.798102 -2.181619 0.735587 1.111123 -4.999584 -3.003253 0.894264 -0.293415 -0.882677 3.925316 1.601663 1.769091
341 1.6741069294 4.854414 -2.610799 2.221720 -3.662550 -1.282379 1.655709 0.717523 -3.668607 -1.380975 -0.315099 -0.016677 -0.075323 4.400593 2.339763 0.066625
342 1.7006941529 4.440176 -2.521372 3.448181 -4.895590 -2.488522 3.914052 -0.410638 -3.278268 -1.083997 0.054519 2.427493 -0.871035 4.927374 2.370645 1.756090
343 1.6982317030 4.419339 -2.419177 2.745532 -4.438087 -1.033918 3.303490 4.404956 -3.825885 -2.814762 0.660840 -1.104381 -0.278070 4.989224 2.251535 -0.069563
344 1.6876593794 4.729358 -1.326171 1.941070 -4.530118 -3.179580 4.993966 0.559375 -3.794957 -4.998792 0.107192 0.138842 0.242687 4.988722 3.114099 1.242553
345 1.6998607918 4.224537 -2.947245 2.560451 -3.717292 -0.175352 1.717966 2.654666 -3.618783 -0.483782 0.091206 -0.052604 -0.314656 4.998957 2.111525 -0.598750
346 1.6820969881 4.781540 -4.800084 1.878938 -4.357955 -2.338848 2.684233 0.951523 -4.976700 -2.604560 -0.360980 3.244426 -0.402633 4.805955 -0.947022 0.625986
347 1.6567351438 4.988735 -1.851423 2.888887 -3.956882 -2.176573 2.651112 3.051145 -4.408168 -3.067688 1.082331 0.832818 -1.678511 4.755538 1.747424 -0.393264
348 1.6729076580 4.414725 -3.629593 2.217893 -3.870223 1.132375 3.400284 2.637766 -2.517668 -4.146348 0.641204 0.196719 -0.396726 4.433048 3.382053 1.902091
349 1.6567992651 4.737549 -2.762701 1.612750 -4.370763 -1.698920 2.051034 2.726641 -4.975038 -3.069047 1.390072 1.542616 1.520208 4.407949 2.836902 -0.806839
350 1.6620332092 4.523675 -2.150977 2.399793 -4.752452 -1.078446 1.668907 2.483710 -3.105753 -2.616296 1.986555 1.633525 -2.818993 4.328126 2.540981 1.019684
351 1.7010366863 4.859766 -1.821633 2.392160 -4.718408 -2.833767 3.205247 3.446853 -4.508721 -3.873025 1.678817 -0.953191 -2.336477 4.449193 4.206616 0.603102
352 1.7488451552 2.640693 -0.078533 1.704287 -4.544021 -2.931971 0.750681 0.961689 -3.838146 -3.972452 2.232611 1.240720 -1.344030 3.622567 2.283626 -0.077750
353 1.6608620580 4.924786 -2.614118 2.624515 -4.454339 -0.567535 1.703651 3.043607 -2.162663 -2.971679 0.166228 1.457810 -3.549115 4.519273 2.155015 1.889539
354 1.6567953169 4.873673 -3.498777 1.555287 -3.867802 -1.130658 3.686124 1.955722 -4.233071 -2.604772 1.575378 1.478909 -0.550302 4.884714 2.188379 -0.222217
355 1.6815376865 4.884194 -4.258518 1.699649 -4.247678 -1.634715 2.553876 0.427650 -4.884590 -4.355167 1.328647 -0.460421 0.764388 4.379855 2.651323 0.375160
356 1.7109314778 4.528404 -4.718266 1.503135 -3.693677 -2.459589 1.601641 2.177042 -4.326958 -3.219356 -0.645483 0.369904 -0.153205 4.051705 1.571972 1.836197
357 1.6825742581 4.456221 -3.069857 2.166684 -3.196491 -0.721963 3.758233 2.641157 -4.971275 -3.898685 2.290282 -0.242666 -1.821212 4.495678 3.522994 0.823529
358 1.6747803465 4.915541 -1.894110 1.838585 -3.926334 -1.214643 1.184186 0.518902 -4.593668 -2.204233 1.061999 3.138010 -2.843749 4.990454 2.421388 0.620397
359 1.6586733880 4.521182 -2.319566 3.163168 -3.791228 -1.339865 1.929573 1.614332 -3.337373 -2.992785 1.708287 1.998870 -1.810808 3.982203 2.933903 0.727697
360 1.6978957604 4.937943 -2.329113 4.160308 -3.963614 -3.069306 4.147189 2.564504 -3.830333 -3.307043 0.427552 0.722688 -2.092131 4.437228 4.181624 -0.676248
361 1.6832791473 4.744261 -3.815879 2.516925 -3.570976 -1.857409 1.576878 2.661489 -4.078377 -2.758633 0.141704 1.018953 -0.904993 4.598151 2.899912 -0.252370
362 1.6716157381 3.484844 -3.187002 2.016022 -4.406640 -1.505768 2.072691 1.419268 -3.346372 -3.057598 2.943731 1.775910 -2.324464 3.959055 2.542594 0.775555
363 1.6634314123 4.971900 -3.356528 0.054711 -4.306370 -0.170265 2.242642 2.550061 -4.271906 -1.893850 2.341324 2.405619 -1.210062 4.945569 2.919215 0.068531
364 1.6642555728 4.942169 -1.689561 2.791668 -3.425555 -0.787112 3.511753 2.178121 -3.955983 -3.889518 1.976190 1.934627 2.049334 4.318327 3.619838 0.064551
365 1.6697742678 4.869718 -1.633147 2.133622 -4.998645 -0.554688 4.239253 0.712741 -4.112239 -3.750901 1.125472 1.574950 -0.653002 4.893433 3.405948 1.403986
366 1.6951338367 4.998949 -3.425438 0.310101 -4.856805 -0.226829 3.239332 2.296289 -4.970322 -2.436262 2.446576 2.389059 -1.904568 1.819395 -0.075775 0.688080
367 1.6615412414 4.904518 -1.955051 2.910343 -3.735288 -2.828990 2.765266 1.363412 -1.947062 -0.898836 2.672931 0.268456 -1.547546 3.618273 2.572272 1.330488
368 1.6818130917 4.510580 -3.723829 2.281145 -4.476352 -1.405665 2.012350 1.374509 -3.616921 -2.963470 2.077871 1.277756 0.489159 4.991312 1.264701 0.345560
369 1.6547872173 4.966476 -2.430539 1.425699 -4.583790 -1.231519 3.532733 0.623645 -2.904294 -2.775404 1.962238 0.938701 -0.183474 4.735195 1.241824 0.624599
370 1.6497685127 4.832333 -1.695158 1.205335 -2.688361 -0.812641 1.748796 0.847295 -2.231860 -2.312591 1.705160 1.648921 -2.532106 4.490724 1.680385 -0.447052
371 1.6654510788 4.272847 -0.657064 1.648173 -2.515345 -0.972753 2.218057 1.118571 -4.861456 -2.551836 1.498233 1.977999 -2.164803 4.962517 2.929599 -1.144292
372 1.6590815920 4.735968 -3.550212 2.472543 -4.462056 0.114209 3.628314 -0.611800 -2.967875 -2.990354 1.738132 0.754189 -0.129235 4.433261 3.332376 -0.692435
373 1.6770709902 4.849693 -2.231859 3.054029 -3.807147 -0.559193 4.008193 3.219794 -3.279969 -2.890512 3.036578 2.833658 -0.595604 3.963006 1.599980 0.360094
374 1.6857301337 4.812080 -3.433689 3.361744 -3.251858 -0.178114 3.429171 2.428039 -3.433057 -2.436788 0.539202 1.494474 -0.030747 4.909038 1.903520 -0.037565
375 1.6712618304 4.759068 -2.338901 1.016509 -3.014977 -0.744238 3.034969 1.344235 -4.899029 -4.389167 2.365492 0.686938 1.737506 4.991508 3.035413 -1.702580
376 1.7812955610 4.652574 -2.161439 1.323246 -1.131808 -0.723069 0.256462 1.776606 -2.110194 -3.242606 2.201079 3.765867 -1.432371 4.097596 4.373750 -0.500596
377 1.6737254982 4.921703 -2.169438 1.064662 -2.047602 -1.551050 2.387745 -0.927165 -2.816159 -1.854465 3.271448 -0.716033 -0.887242 4.609812 2.422254 -0.136112
378 1.6470970832 4.862291 -2.797804 1.595996 -4.035084 -0.780954 4.138957 -0.195987 -1.322942 -0.990815 1.780680 0.500668 -1.682487 4.738636 3.663781 0.090350
379 1.6902658352 4.932940 -2.086469 0.225607 -4.212742 -0.935230 1.831520 1.727941 -2.639527 -4.948650 2.594575 -0.320721 -2.352682 4.182623 3.580138 1.723607
380 1.6705977738 4.981678 -3.186894 2.202687 -3.271477 0.038948 4.990659 1.472520 -4.973024 -3.787928 2.086605 1.658791 -0.971403 4.268988 2.350269 -2.070586
381 1.7006460069 4.605946 -3.004399 3.272121 -2.884354 -2.684277 3.451273 0.073293 -1.507349 -2.189813 2.646815 1.809244 -0.773909 2.853938 0.925297 1.358045
382 1.6737499653 4.980179 -0.952446 0.650635 -4.363367 -0.720552 2.376545 3.397800 -4.892980 -3.337201 3.403767 1.597368 -1.419024 4.427726 2.584251 -0.685119
383 1.6440400956 4.921800 -2.239612 2.704739 -4.146983 0.859559 4.077873 1.110846 -2.749655 -2.493331 1.014181 1.931432 -1.603687 3.673572 1.947042 -0.229584
384 1.6820751339 4.900386 -1.736540 1.066224 -3.258896 -0.560126 1.653031 0.570643 -3.509955 -2.042987 3.502986 0.620400 0.077582 3.821954 1.507562 0.392544
385 1.6809434526 4.107855 -3.914018 1.941116 -4.762694 -2.544811 3.200713 -0.003355 -1.170748 -1.924556 1.428886 2.542370 -1.710002 4.194023 2.548893 -0.265927
386 1.6518923740 4.996506 -2.286311 2.476782 -3.547539 -1.900583 4.929569 1.809767 -2.823409 -2.692467 1.177415 0.948332 0.123931 3.632057 2.117777 1.442291
387 1.6742824160 4.900635 -3.353230 2.362461 -4.234702 0.908270 2.397384 -0.794625 -0.800612 -2.427615 2.547494 2.300223 -2.718427 4.786525 -0.313354 -0.763480
388 1.7052072729 4.321312 -2.175843 3.029910 -4.386646 -0.248214 4.372072 -0.736827 -1.882651 -1.350712 1.249183 1.647481 -2.143595 4.948228 4.751799 0.374076
389 1.7110703413 4.031229 -1.253704 2.718865 -3.838198 0.017851 4.492199 0.249816 -1.596128 -1.291491 1.901876 0.771380 0.365093 3.189531 4.410050 0.425547
390 1.6514515816 4.994166 -3.020708 1.208913 -3.481012 -0.876262 3.401889 1.801224 -4.409729 -1.954836 2.923950 0.216483 -2.009099 4.995649 2.403028 0.892567
391 1.7198400493 4.002333 1.226992 3.391998 -4.057615 0.976572 2.401106 1.387515 -3.340383 -3.871507 2.617046 3.188175 -0.361060 3.920609 1.133187 -0.211571
392 1.6720870957 4.993392 -3.164184 1.706870 -4.382738 0.322300 2.997775 -0.817320 -4.266751 -4.130495 2.155592 0.903656 0.042491 3.737186 3.946621 0.086298
393 1.8617915042 4.568746 -4.292950 2.578260 -3.504076 -1.347866 4.886215 1.306764 -3.609734 -3.663127 3.120422 2.219355 -2.444135 3.720946 4.882026 -4.272805
394 1.7776458111 4.992341 -4.074245 1.739505 -4.954472 3.237570 4.441549 1.740060 -4.653466 -3.325151 0.453332 0.725353 0.582243 3.422848 4.579922 -0.093700
395 1.6616851944 4.636834 -2.418500 1.030572 -3.596221 -0.161761 3.816672 -0.471869 -1.909736 -3.078700 1.639915 2.269133 -1.304605 4.995721 2.703979 -2.072985
396 1.6592833424 4.874547 -2.708381 1.173656 -3.390857 0.787066 4.441072 0.472221 -3.898276 -4.404398 3.098346 1.533337 -0.301609 4.624648 3.074533 -0.408499
397 1.6983935217 4.216021 -2.109592 0.554327 -3.003239 -1.485041 2.481372 2.836492 -3.580066 -2.930504 3.523466 0.599249 -1.616849 4.276523 2.163452 0.222395
398 1.6861109794 4.006188 -2.805779 3.886977 -3.487135 -0.926121 4.064816 2.849240 -3.381731 -4.505784 2.303500 1.390333 -0.470924 3.905902 0.490664 -0.042407
399 1.6643130289 4.375210 -3.616970 2.274421 -3.560600 -1.851564 3.019165 1.048190 -1.542066 -2.121075 3.231540 3.151567 -1.274759 3.615039 1.957486 1.677452
400 1.6504771005 4.960863 -3.478366 0.196909 -4.033009 -2.293923 3.726343 1.867032 -3.331094 -1.216296 1.685753 0.078185 -0.349655 4.841658 1.322141 1.166293
401 1.6497343623 4.459911 -2.542618 1.231521 -3.990971 0.896163 4.275905 0.021898 -3.503248 -2.506824 1.818843 0.212433 -0.891232 4.538221 2.965613 0.704988
402 1.6534081461 4.954726 -1.746213 1.798701 -3.217758 -0.777719 2.772822 1.708698 -3.447633 -1.967139 2.220848 1.614477 -2.812398 4.999950 1.991061 -0.253251
403 1.6586048443 4.935848 -2.559829 1.645330 -4.941137 -3.070930 4.964350 0.857697 -3.323076 -3.091572 1.997525 0.135666 0.074432 4.567272 2.310487 1.164223
404 1.6838053744 4.914380 -1.398272 2.867925 -2.990474 -0.828479 1.149938 1.296315 -2.686555 -0.597337 2.713715 0.137042 -2.838029 4.968706 2.006682 1.283899
405 1.6721847776 4.691093 -3.451646 2.648472 -4.179037 -0.792035 4.991761 1.188917 -3.895712 -3.449058 2.529790 0.504066 -0.641189 4.193211 1.094782 0.892259
406 1.6680403916 4.950273 -2.484975 0.428130 -4.395277 -1.345767 4.336167 2.800384 -4.683358 -3.796339 0.690778 0.106936 -0.715197 3.962755 3.170967 0.639357
407 1.6531912877 4.919989 -3.691674 3.592756 -4.418966 -0.008135 3.413464 0.220288 -2.902794 -2.501218 1.763309 1.895469 -0.758261 4.850317 1.718071 2.733501
408 1.7176962037 4.572718 -4.945730 1.905063 -1.814920 -0.264334 4.355648 1.498696 -3.829672 -3.786538 3.266244 -0.653626 -0.353388 4.953431 3.647362 0.442504
409 1.6545182012 4.406277 -3.010043 1.768607 -3.996857 -1.163262 2.236823 -0.771203 -3.652408 -1.553165 2.259769 0.422722 -0.581695 4.734976 2.962148 0.130136
410 1.7381299935 4.451811 -2.640292 1.805175 -4.888216 -0.325208 3.250890 -1.149391 -3.748746 -3.327670 3.784100 1.165719 -0.229579 4.941127 1.943084 0.120578
411 1.6749512204 4.009594 -2.430592 1.858536 -2.609702 -1.636538 4.513717 1.653769 -3.802307 -1.621480 1.817731 0.650342 -2.092152 4.998619 2.514072 -0.122212
412 1.7273443143 4.605320 -3.110238 1.697840 -4.089728 -1.639259 4.912091 1.373656 -1.583733 -2.260379 3.028494 -0.445799 0.672594 4.630637 4.112439 0.902555
413 1.6951997412 3.738807 -1.795624 1.977897 -2.608520 -0.317859 3.340691 2.165360 -4.631033 -1.537567 1.344386 -0.101328 0.031581 4.993501 2.687030 1.063130
414 1.6760785257 4.782920 -3.387074 1.048131 -3.079241 -0.248078 4.514653 2.259271 -3.759925 -2.441036 3.059396 2.216895 -1.164935 4.999495 1.001339 -0.610384
415 1.7066880971 2.673466 -2.948480 1.685209 -3.979983 -0.375948 4.999999 0.530462 -3.734001 -2.379713 2.461603 -0.026229 -0.207471 4.463310 2.745452 1.354297
416 1.6509457369 4.971490 -2.919400 0.669470 -4.776825 -0.408105 4.898447 -0.571185 -4.890543 -1.309710 1.941153 0.891144 -0.708959 4.409170 3.656733 -0.037081
417 1.6929857932 4.910307 -3.905629 1.395925 -3.414338 -1.088863 2.805083 0.276984 -1.659926 -1.163574 3.463043 2.536725 -1.403982 4.881489 1.974779 1.518975
418 1.6745846996 3.717734 -3.065163 1.168627 -4.084564 0.382961 4.040387 1.653714 -3.038842 -3.274856 -0.187345 0.436403 -1.484005 4.993325 3.037718 2.120976
419 1.7296002904 4.996500 -1.598280 1.347062 -2.443147 0.283889 3.261558 -1.024963 -3.023473 -3.437578 3.697880 -0.746992 -1.002895 4.177502 2.308066 1.205538
420 1.6703037235 4.072486 -2.252803 0.528340 -4.082878 1.075183 4.990059 -0.917378 -3.772987 -1.467114 1.879909 0.371648 -1.314195 4.685678 2.063028 0.558068
421 1.6721064129 4.752518 -3.286927 1.875524 -3.569983 -0.646992 3.283501 0.935692 -3.725276 -2.750451 2.086933 0.412647 -0.044803 4.615418 2.456404 -0.946819
422 1.6920790335 4.884690 -3.165913 0.722944 -4.309772 0.449356 2.997201 -1.474280 -4.932044 -2.222784 0.956774 1.267759 -1.251913 4.413915 4.530351 1.145538
423 1.6598957046 4.966656 -2.250389 1.131064 -3.800250 -0.312461 3.504933 0.646508 -4.197110 -1.840476 2.823218 1.965561 -0.024286 4.999801 2.604789 -0.115400
424 1.6774108956 4.837276 -2.785397 2.398005 -3.673187 1.211309 3.053287 -2.722128 -3.219761 -0.671485 1.854679 0.198580 -0.680914 4.971376 4.054743 0.797489
425 1.6686985512 4.998704 -2.431828 0.786306 -3.019895 0.145013 4.013418 -0.446101 -4.917305 -1.698514 2.392131 2.397384 -0.572659 4.820603 3.359343 -0.723457
426 1.6553434766 4.940838 -2.273979 0.736452 -2.748720 -0.494951 3.441875 -0.883105 -4.483468 -1.682492 0.929795 1.145433 -0.811984 4.414879 2.060206 1.066628
427 1.6635470301 4.492451 -3.540890 2.806330 -3.055911 0.036094 4.976157 1.265902 -3.944116 -2.521740 3.141857 1.599909 -1.932989 4.741091 2.037019 -1.957368
428 1.6504718330 4.901226 -1.803379 0.176905 -4.977836 0.006444 3.702742 -1.738170 -3.965571 -1.597754 1.919772 -0.079613 -1.912090 4.415285 2.395469 0.814093
429 1.6869560267 3.900236 -2.515602 0.485314 -4.661872 -0.074702 4.849870 0.064255 -4.727766 -2.072929 0.916608 2.093075 -0.889388 4.310501 3.916242 -0.299182
430 1.6501832345 3.810972 -2.564088 1.046120 -4.169489 -0.222673 3.729981 -1.660225 -2.732156 -1.400340 1.729814 1.161767 -0.994952 4.880422 2.955440 1.023108
431 1.6747844531 4.893392 -3.175790 1.475613 -4.483439 0.514505 4.277534 -3.079540 -3.314595 0.694727 1.590038 0.534192 -0.028526 3.733039 3.972433 -0.728221
432 1.7369072807 4.589192 -2.815455 -1.359502 -2.986791 -0.906681 4.489460 0.484032 -4.929382 -1.249753 3.427272 -0.894576 0.638863 3.895336 3.941189 -0.002587
433 1.6630622768 4.828634 -1.968997 1.287456 -3.498780 -0.678791 3.256848 1.145451 -3.368566 -2.712281 2.193570 0.536645 -0.444133 4.995217 2.754599 1.589501
434 1.6992448920 2.990975 -1.232791 1.794334 -4.906357 -0.102663 2.779448 -1.422014 -3.202374 -1.417119 1.334007 1.151230 -0.533440 4.028511 2.051656 -0.207025
435 1.6488106621 4.680950 -2.682084 0.529029 -3.555320 -1.556152 3.439617 -1.919362 -2.294002 -1.229694 2.301445 -0.017102 -1.418505 4.974426 1.857996 0.141135
436 1.6637792082 4.633896 -3.706856 0.453546 -4.990146 -1.174845 3.987197 -1.738473 -4.546429 -0.429743 1.588004 0.292955 -0.110181 4.881575 2.158132 0.261687
437 1.6681662777 3.978524 -3.202850 0.926185 -4.135388 0.452777 2.761138 -0.388728 -3.406581 -1.502989 2.405316 0.975427 -1.073195 4.985669 2.873686 1.477139
438 1.6590771245 4.188040 -2.350403 0.371706 -3.092395 -0.910150 3.384569 -2.874269 -4.147479 -2.297716 1.067280 1.933905 -1.622679 4.665119 1.833417 0.737841
439 1.6421591162 4.955370 -2.212838 1.193253 -4.997036 0.237100 2.446947 -1.899775 -3.730797 -1.511810 2.139408 -0.230973 -0.143316 4.497809 2.820010 1.027099
440 1.6718571752 4.735207 -1.402195 1.284527 -3.852118 -0.254383 2.795181 -0.387157 -4.263613 -2.460420 2.042718 -0.278216 1.430276 4.925567 3.177879 0.532670
441 1.6787853019 4.734095 -1.333660 1.313671 -2.970127 -1.458685 3.996153 -0.218074 -3.739482 -3.895158 1.062159 1.753914 -0.242446 4.958895 1.498742 0.580431
442 1.6485600473 4.999995 -1.977230 0.787152 -4.735916 -0.907718 2.403620 -0.698415 -4.382854 -2.381473 2.898012 1.007182 -1.107329 3.643058 3.370370 0.860373
443 1.6613001968 4.518405 -1.464089 2.182029 -4.997368 -0.250656 3.476552 1.237319 -3.012895 -1.741811 1.349793 1.508717 -1.703094 4.989130 1.403348 0.071459
444 1.6860953062 4.736241 -1.218551 1.108401 -2.284034 0.845247 2.127863 -2.674116 -4.605749 -1.627563 1.046185 1.565739 -1.822156 4.754179 3.146521 1.478174
445 1.6620505722 4.443633 -2.555514 1.377524 -4.601064 -2.322853 2.594681 -2.764991 -2.332912 -1.323146 0.186068 1.797383 0.316888 4.672630 2.307017 2.230116
446 1.6730085146 4.612264 -0.828295 1.705643 -4.144503 0.263459 2.468393 -3.549195 -4.149198 -0.781478 2.884760 -0.668186 -0.940008 4.609929 3.168520 2.883516
447 1.6660039659 4.712109 -2.177013 0.064016 -4.958565 -0.653677 3.003199 -0.256130 -4.913254 -2.714219 0.797823 1.436812 -1.212624 4.998799 3.045884 1.416190
448 1.6454673370 4.726784 -2.831645 0.716587 -4.698118 -1.555191 3.294752 -2.877521 -3.434435 -1.682284 1.987005 0.436579 1.054751 3.742706 2.695127 1.776783
449 1.6495233320 4.976477 -2.540431 2.590820 -4.990680 -0.365973 4.605939 0.347948 -3.755059 -2.010831 1.875225 1.689297 -1.071182 3.614278 3.677252 1.164952
450 1.6709835636 4.664116 -2.738102 1.713382 -4.990438 0.570136 3.620543 -1.390056 -2.851372 -0.245407 1.026430 0.894233 -1.642938 4.917612 2.567333 1.155144
451 1.6573099070 4.900849 -2.749539 0.570585 -4.519332 -1.183097 1.504078 -0.668760 -4.377652 -3.576800 2.022817 1.190966 -1.393370 3.368947 1.535137 -0.038434
452 1.6692629139 4.931941 -2.314252 0.436403 -4.822076 -0.550871 2.979602 0.097174 -3.879543 -3.245856 3.124247 1.299272 -1.013164 4.983995 2.743487 1.523096
453 1.6652546487 4.103202 -1.949330 1.551533 -4.303186 -1.361186 2.854197 -2.113371 -4.225821 -2.686493 1.004918 -0.560817 -1.048371 3.750554 2.127038 2.250219
454 1.7006099997 3.585079 -1.424545 1.698925 -4.974207 0.587017 3.599085 -3.169603 -2.011961 -0.330305 2.356867 0.183464 -1.760098 4.232291 2.210782 -0.464850
455 1.6556648183 4.735506 -2.282862 0.952721 -3.326057 -0.941515 3.168390 -1.958239 -1.540427 -2.160689 2.583226 1.843318 -2.571374 4.000703 1.722445 -1.027039
456 1.6690888633 4.665261 -2.497649 -0.207035 -4.993398 -1.417740 2.168085 -1.546483 -3.325830 -2.293799 2.514399 -0.770710 0.144834 4.822454 2.008746 0.719667
457 1.6455432270 4.916160 -2.627308 1.267155 -4.627704 -1.152973 3.372019 -1.657382 -3.286037 -2.039819 1.943045 1.126165 -0.420008 4.931483 2.629566 0.999949
