evaluations raw_y x0 x1 x2 x3 x4 x5 x6 x7 x8 x9 x10 x11 x12 x13 x14
1 0.4046999122 -3.476058 -4.173041 -2.397470 -1.038879 -4.155910 -2.773486 -0.427257 -3.433385 -3.243057 2.810182 3.428449 -0.113611 -1.774669 4.795396 1.207589
2 2.6230815849 3.686367 -4.145783 -4.190273 -0.521567 -0.946806 -1.166493 1.842232 1.889946 3.404766 0.581446 2.935998 -0.753526 -2.209815 0.378571 2.610851
3 -0.3289082140 1.427536 -0.819849 3.938188 3.362257 -0.165097 -2.503305 -1.613514 -3.511168 4.191781 -4.753177 -2.378333 2.743018 -0.399336 -4.484340 -2.807339
4 0.3780708526 4.266095 -4.732848 -3.896059 4.818879 -4.867730 1.984999 -4.265635 4.124244 -4.394879 -1.707550 1.280690 0.559847 -4.849281 -3.797941 0.180755
5 0.4986856575 1.242907 4.057015 0.161564 4.566313 -4.204616 -1.097510 1.273729 2.679409 2.352808 -0.119769 0.770592 -3.208278 2.972639 4.926333 -1.643037
6 1.6573411276 -0.597520 4.523500 -4.325480 1.579827 1.142239 3.822783 -4.194439 1.828583 0.231955 2.803450 -4.447408 -0.499731 3.233263 0.885036 -2.183406
7 0.2148253176 0.034714 -4.929664 -1.708254 -0.506677 1.218661 -2.613988 -3.377829 -3.060018 3.705689 -2.456840 -2.500669 1.316319 -3.922167 -4.084258 -3.060465
8 2.0010750609 2.756007 -1.441870 -1.352829 -0.592069 1.600048 2.607945 3.394325 -4.033060 -4.740847 0.128583 1.205558 4.604300 -2.705184 1.751147 1.501035
9 0.3984679854 0.625504 -2.922902 3.081182 4.376217 -0.070601 -2.229707 -4.762661 1.551323 -2.906941 -4.112847 -3.587210 -3.479570 2.710942 4.768402 -3.121374
10 0.4816526215 2.590437 -3.445697 -0.764841 3.331486 -0.850746 2.980853 -4.057853 -1.867287 -3.816777 0.339651 4.916569 4.298930 -4.749615 1.180033 -4.386553
11 1.0635070018 -4.658802 -0.861438 3.661452 -1.120876 -0.415868 0.432415 -2.285225 0.572264 4.840216 2.286880 -2.091752 0.114810 -2.854879 2.092207 3.269841
12 1.3118579865 4.598042 1.841526 -2.428438 3.163216 2.561222 -3.915781 2.711601 3.673638 4.581319 -2.097924 2.216393 3.488835 1.955640 -4.081814 -3.980606
13 1.2845563158 -4.277699 -3.855545 3.418977 2.450793 -4.351733 -4.760981 1.143027 -1.156273 4.150679 4.856228 2.063852 -0.775764 3.561855 2.212358 -0.777127
14 0.2357402781 1.824830 4.172289 2.852973 -4.353880 1.114160 -3.621166 -4.892787 -0.519615 -3.011443 1.880493 1.333492 4.121901 4.603588 -0.602708 -3.079425
15 0.7876951306 -1.440344 1.262300 -2.616194 -0.576266 -4.072812 2.414370 3.239382 0.915060 1.087708 -4.953505 0.124226 -1.278511 2.316785 -2.944960 3.801192
16 1.9129275855 -0.154775 -1.155939 -2.137620 0.282319 2.329234 -4.525445 -0.044375 1.715542 -2.621213 -3.121690 4.626282 0.102813 -1.438478 -1.319939 -4.063495
17 2.0602601467 -0.412624 1.388086 1.770791 1.721828 -2.498857 1.457812 -2.879491 1.126309 -1.853073 -0.041646 1.468888 1.220495 4.774807 1.446736 2.386014
18 1.3186854358 3.353490 -0.697877 -3.991258 1.848946 3.515286 4.649237 0.758342 3.291121 0.532007 1.981110 -4.796519 -4.250779 -3.837869 2.387198 0.643194
19 0.9304247718 -1.831089 -4.983178 -4.494634 3.138603 2.130476 -4.011521 -2.857461 0.223190 -4.668452 1.593385 -0.945914 -2.592527 -4.467625 -3.466586 -4.491031
20 0.9553671187 -1.738433 -2.424071 4.694966 0.109635 2.968511 0.758903 -1.761096 3.924380 3.602614 4.363177 -3.143529 0.640816 3.341960 3.159146 2.100219
21 0.9958016351 -4.948539 -3.342571 1.280313 1.760916 -0.052320 4.724386 -1.123825 0.057573 -0.674638 -2.188466 0.685327 -1.319727 -2.800410 -1.315417 -3.945592
22 0.4804641501 3.468405 0.131486 -3.688423 -4.910796 -1.775737 3.674549 1.517750 -2.092194 -4.716165 -3.915823 1.877666 -1.758996 1.756477 -1.651610 -3.103312
23 1.0176778587 -3.248450 0.472060 -4.522468 0.266317 1.554463 -2.943484 4.452325 2.557573 -4.271718 -1.991567 -0.218270 -0.128743 -1.612018 4.112319 -3.359800
24 1.3769852839 1.538699 -2.803841 1.051634 -4.801621 1.845963 1.646441 -0.139082 2.148544 -1.337693 1.403366 4.850838 -0.752576 -4.583854 3.359781 -4.895345
25 0.5379660094 3.513239 3.028595 -3.669690 -0.338902 3.031682 3.306840 4.027222 -2.912484 -3.978384 -1.679472 1.665256 1.804243 -2.948614 3.797423 -4.041440
26 1.9552828778 -4.428068 4.678863 0.223343 1.532052 -0.491987 3.438345 -2.651809 -1.467464 -1.554893 1.159933 1.285482 -2.883298 -2.649136 0.943691 2.294145
27 0.5837246438 -2.309055 -4.507728 -1.228185 -2.960612 -0.043665 0.680130 -1.655163 -4.693488 4.383612 1.573104 1.256449 2.140196 4.498897 -1.143990 -3.624005
28 1.1721881631 2.385777 -0.227117 2.079185 -0.691063 4.669264 3.182448 -2.225189 2.531178 -2.759016 -1.046147 -3.500042 -1.676688 0.229530 -3.102095 3.407098
29 1.5064325121 2.498133 0.629999 -2.788378 -1.825684 3.069097 -0.195134 -2.564921 2.961294 -2.851273 3.079070 -0.302805 0.575219 -3.679011 -1.771002 -3.757646
30 0.8835798763 1.158103 3.018017 0.925532 1.660323 -3.393360 -4.031209 2.410612 -4.128521 -1.244596 3.071645 3.918826 -3.432807 2.615752 3.807916 -1.415991
31 1.2290815988 1.244284 -0.441816 4.654521 0.748351 -3.048370 3.148563 2.221406 2.086082 -0.944028 3.847345 -1.825387 3.323709 2.483047 3.383664 1.577994
32 0.9330192334 -0.768928 4.759499 3.137671 3.032913 -1.807839 -3.545793 -3.232235 -0.450721 2.864508 -3.539563 1.744788 -0.223222 -4.800973 0.175593 -0.223856
33 -0.0922600980 -0.570419 -0.339491 4.889262 -0.099189 1.143107 -0.031517 1.231504 -2.925265 -1.835089 4.040812 -0.543875 -0.021324 -3.475433 -2.027668 0.659333
34 -0.2020601935 -2.112867 -1.683865 2.909638 -4.099135 4.735945 -4.325926 -2.265756 -3.823194 3.486300 0.251671 2.524688 -1.029630 -3.891547 2.682431 3.866337
35 0.0011047183 -1.413126 4.165975 -4.618164 -3.279991 4.393656 -2.983424 -4.419672 2.158096 -0.143513 0.435404 -0.019410 0.731339 3.933183 4.205519 -1.621376
36 1.6964797987 0.551050 -0.174857 -0.815184 -2.076696 1.994432 -0.341877 -4.350416 -3.801252 2.617657 3.571269 3.242913 1.263387 -3.401339 2.946455 -0.019517
37 0.6755205251 -1.263886 0.605115 -3.388680 3.859121 -4.063357 -3.812085 -2.334560 -2.044413 -3.388037 1.454203 -0.617264 -1.108650 0.982446 0.479701 -0.228191
38 0.0180593944 -1.625414 -0.801038 -4.752398 1.389064 -3.402805 -3.260477 3.605777 -0.535107 -3.558416 1.687661 -3.542655 -3.521034 -0.811071 -4.578299 -3.273698
39 0.7365443934 2.822103 2.955239 4.779119 -1.834975 3.737569 -3.735148 -1.041713 1.313476 0.498820 2.816915 -2.909171 -2.449328 -2.680866 -3.383603 1.579549
40 1.5991393630 4.652798 3.627585 -4.963561 -3.555651 0.757917 0.401599 1.403253 4.904415 -4.962593 -0.854928 -0.319590 3.446918 2.812762 2.730469 -2.702881
41 1.4889143763 -0.259763 2.193981 -4.939517 -2.804265 4.741562 1.120186 0.133387 3.288842 4.033115 -4.112377 -2.535324 1.239804 3.454753 1.562271 -2.818659
42 0.0407688585 -1.513252 -3.479681 -3.573790 -2.786912 0.470033 3.622518 -4.790387 -4.815211 -2.917994 -0.338080 -0.435672 3.542119 1.299516 -3.159369 0.845580
43 0.3289421140 -4.179642 -4.538273 0.383796 -0.402339 3.639585 -3.178007 2.426102 1.311187 -0.502160 1.215267 -4.681150 -1.109037 4.922302 -4.318930 -3.434736
44 1.6786414540 -4.687144 0.222139 -4.017202 -2.091269 0.683270 1.697052 3.977444 4.065500 2.977791 1.329088 2.267970 2.264583 1.639585 -4.888664 0.893295
45 0.5955233432 3.179183 4.848309 1.714225 -0.233878 -2.428638 -4.165852 -4.257112 -3.370369 -3.223752 4.433691 -1.288717 -1.797407 -1.318893 -1.695337 -1.563808
46 1.2717091003 -2.043870 -0.046037 5.000000 1.737516 -4.002602 -0.591808 3.257524 -5.000000 -0.861664 0.183497 -2.506915 0.702015 -1.247972 -3.584536 -0.368085
47 -0.2043201493 3.060857 2.478044 4.494476 -1.613675 0.884612 -4.856044 -5.000000 -4.543370 -1.549697 0.618105 -2.179468 5.000000 2.489129 -3.345279 -1.955671
48 0.2027527953 3.578838 -1.548179 -2.076856 0.679323 -0.897579 2.245195 -5.000000 -5.000000 -5.000000 -2.806816 -3.517642 4.979167 2.944961 -4.977105 -1.335152
49 0.0673855285 -1.765020 -0.521968 1.732340 -0.381346 1.609346 -1.142395 -4.863433 -3.901557 -0.402790 -0.841510 -1.010970 2.387520 2.154796 -3.230932 -0.460965
50 0.2577853148 -2.112285 5.000000 -5.000000 -2.272043 5.000000 -5.000000 -5.000000 -1.218868 -5.000000 2.388808 1.011609 -1.009322 4.818170 5.000000 -2.246006
51 -0.2057071982 -5.000000 -1.132869 5.000000 -5.000000 5.000000 -5.000000 -3.053287 -5.000000 5.000000 -2.369766 2.319839 -3.963627 -5.000000 2.512447 5.000000
52 0.4224136405 5.000000 1.069568 5.000000 3.025424 0.713301 -5.000000 2.339374 -2.477590 5.000000 -0.941763 -3.481167 3.623389 -2.488464 -3.628428 -2.781142
53 0.9580355251 -2.523659 -4.485096 5.000000 -0.522766 0.006184 -0.651714 -3.351934 -4.919616 2.938734 -3.655953 1.282785 0.574602 -3.502280 -3.926445 -0.839427
54 0.1755421023 3.480730 5.000000 5.000000 -5.000000 0.485897 -3.717536 -5.000000 -5.000000 -5.000000 3.359699 -0.659695 5.000000 5.000000 -2.097557 0.061862
55 -0.7773560289 -0.493870 1.884617 3.108785 1.028597 -0.548536 -5.000000 -4.624037 -3.082903 -1.861225 -2.219581 -2.305500 1.578018 5.000000 -4.482101 -3.526621
56 0.3110459195 -5.000000 2.402313 1.092361 -5.000000 5.000000 -5.000000 -4.406169 -1.278585 4.663275 -3.690072 1.455342 -2.763112 -0.923103 3.928078 4.121838
57 -1.0501170779 -5.000000 5.000000 5.000000 3.241058 -0.295714 -5.000000 -5.000000 -5.000000 -4.458465 -5.000000 -2.925706 5.000000 5.000000 -4.520464 -3.811483
58 -0.8159462588 -5.000000 -5.000000 -5.000000 -3.613952 4.569960 5.000000 -5.000000 -5.000000 -5.000000 5.000000 -4.623620 5.000000 -1.898790 -2.151932 0.236882
59 -0.4641783618 -2.312512 5.000000 5.000000 5.000000 1.352692 -2.989984 -5.000000 -5.000000 -5.000000 -1.348697 -5.000000 5.000000 5.000000 -4.642622 -3.336493
60 -1.4649164841 -5.000000 4.069849 5.000000 2.219332 -2.337327 -2.984294 -5.000000 -5.000000 -1.826264 -5.000000 -1.996078 5.000000 5.000000 -4.659899 -3.965174
61 -0.2309402906 -5.000000 -0.643593 5.000000 3.130174 -3.573798 -5.000000 -5.000000 -5.000000 0.563624 -5.000000 -2.170048 5.000000 5.000000 -5.000000 -4.111719
62 -0.6603912909 -4.920215 5.000000 5.000000 -0.570402 -2.321928 2.769662 -5.000000 -5.000000 -1.961981 -5.000000 -2.143257 5.000000 4.455052 -4.465110 -3.745279
63 0.6289736842 -5.000000 5.000000 4.214984 3.025690 -1.714164 -2.448654 -5.000000 -4.385799 0.250882 -5.000000 -1.191858 5.000000 5.000000 -5.000000 -5.000000
64 -0.8361697751 -5.000000 5.000000 5.000000 2.277406 -2.550215 -2.171959 -5.000000 -5.000000 -3.554050 -5.000000 -1.710842 5.000000 5.000000 -4.791758 -3.538711
65 0.6597272442 -5.000000 -3.377959 4.415339 -2.357153 4.214835 -0.586616 -5.000000 -3.775793 -5.000000 4.509504 -4.481899 4.213944 1.440686 -5.000000 0.391921
66 -1.0731330132 -5.000000 -5.000000 -5.000000 -3.607523 3.736008 5.000000 -5.000000 -5.000000 -5.000000 -1.194804 -4.854149 5.000000 -4.643370 -5.000000 -1.877262
67 -0.6046991524 -5.000000 5.000000 2.201929 -5.000000 1.100158 -5.000000 -5.000000 -5.000000 -5.000000 -5.000000 -4.110751 5.000000 5.000000 -5.000000 -3.041985
68 -0.6055979062 -5.000000 5.000000 5.000000 -5.000000 -5.000000 -5.000000 -5.000000 -5.000000 0.574644 -4.821093 -4.383655 -3.133643 5.000000 -4.696646 -3.932247
69 -0.9319243082 -5.000000 -5.000000 -5.000000 -5.000000 5.000000 5.000000 -5.000000 -5.000000 -5.000000 5.000000 -5.000000 5.000000 -5.000000 -3.374502 -1.289770
70 -1.0563536792 -5.000000 5.000000 5.000000 3.280384 -5.000000 -5.000000 -5.000000 -5.000000 -5.000000 -5.000000 -1.815176 5.000000 5.000000 -3.184470 -3.698467
71 -0.7505559303 -5.000000 2.981149 5.000000 -3.552573 -5.000000 -4.427913 -5.000000 -5.000000 0.949884 -5.000000 -2.437070 5.000000 5.000000 -4.350873 -3.830664
72 -1.0359177033 -5.000000 5.000000 5.000000 -5.000000 -3.150979 -5.000000 -5.000000 -5.000000 -5.000000 5.000000 5.000000 5.000000 5.000000 -3.774573 -3.562128
73 -1.1207601428 -5.000000 -5.000000 -5.000000 -5.000000 5.000000 5.000000 -5.000000 -5.000000 -5.000000 -5.000000 5.000000 -5.000000 5.000000 -4.274327 -2.023357
74 -0.7018249709 -5.000000 5.000000 5.000000 5.000000 -4.909355 -5.000000 -5.000000 -5.000000 -5.000000 -5.000000 5.000000 -5.000000 -5.000000 -4.124465 -3.605806
75 -1.0309448010 -5.000000 5.000000 -5.000000 5.000000 5.000000 5.000000 -5.000000 -5.000000 -5.000000 -5.000000 5.000000 -5.000000 -5.000000 -4.249532 -1.688387
76 -0.6268301734 -5.000000 -5.000000 -5.000000 -5.000000 5.000000 5.000000 -5.000000 0.578327 -5.000000 -5.000000 5.000000 5.000000 5.000000 -4.290325 -1.542939
77 -0.7182272059 -5.000000 5.000000 -5.000000 5.000000 5.000000 5.000000 -5.000000 -5.000000 -5.000000 -5.000000 5.000000 -5.000000 5.000000 -2.530098 -0.597881
78 -1.1007953823 5.000000 -5.000000 -5.000000 5.000000 5.000000 5.000000 5.000000 -5.000000 -5.000000 -5.000000 -5.000000 5.000000 -5.000000 -2.975378 -0.533757
79 -0.7057759228 5.000000 -1.613354 5.000000 5.000000 5.000000 5.000000 5.000000 -5.000000 -5.000000 5.000000 5.000000 5.000000 5.000000 0.671349 5.000000
80 -1.2980046356 5.000000 -5.000000 -5.000000 -5.000000 5.000000 5.000000 5.000000 -5.000000 -5.000000 -5.000000 -5.000000 -5.000000 5.000000 -4.707012 -1.644962
81 -1.1330265655 5.000000 -5.000000 -5.000000 -5.000000 5.000000 -5.000000 -5.000000 -5.000000 -5.000000 -5.000000 -5.000000 -5.000000 -5.000000 -4.382291 -1.347798
82 -0.9365625660 5.000000 -5.000000 5.000000 5.000000 -1.823894 5.000000 5.000000 -5.000000 -5.000000 5.000000 5.000000 5.000000 5.000000 2.750580 5.000000
83 -0.5889703313 5.000000 -5.000000 5.000000 5.000000 -5.000000 5.000000 5.000000 -5.000000 -5.000000 5.000000 -5.000000 -5.000000 5.000000 0.376899 5.000000
84 -0.5531890067 -0.972987 5.000000 -5.000000 5.000000 -0.047539 5.000000 5.000000 -5.000000 -5.000000 5.000000 -5.000000 5.000000 -5.000000 2.004853 5.000000
85 -0.7272767625 -5.000000 5.000000 -5.000000 -5.000000 5.000000 -5.000000 5.000000 -5.000000 -1.355877 5.000000 -5.000000 -5.000000 5.000000 -5.000000 -1.600977
86 -0.9908257127 5.000000 -5.000000 5.000000 -5.000000 -5.000000 -5.000000 5.000000 -5.000000 -5.000000 5.000000 -5.000000 -5.000000 -5.000000 5.000000 4.026214
87 -1.0011086222 5.000000 -5.000000 -4.174221 -5.000000 -5.000000 5.000000 5.000000 -5.000000 -5.000000 5.000000 -5.000000 -5.000000 5.000000 5.000000 5.000000
88 -1.0677537057 5.000000 -5.000000 5.000000 5.000000 -5.000000 -5.000000 -5.000000 -5.000000 -5.000000 -5.000000 -5.000000 5.000000 -5.000000 5.000000 5.000000
89 -0.8216773275 -4.078162 -5.000000 5.000000 5.000000 -5.000000 5.000000 5.000000 -5.000000 4.882298 5.000000 -5.000000 5.000000 5.000000 5.000000 4.602718
90 -0.8383873216 5.000000 -5.000000 5.000000 5.000000 -5.000000 5.000000 5.000000 0.903449 -5.000000 5.000000 5.000000 -5.000000 -5.000000 5.000000 5.000000
91 -0.7090890186 5.000000 5.000000 5.000000 -5.000000 -5.000000 5.000000 -5.000000 -5.000000 -5.000000 5.000000 -5.000000 5.000000 5.000000 -1.412574 -4.199778
92 -1.0582189554 -5.000000 5.000000 5.000000 -5.000000 -5.000000 -5.000000 5.000000 -5.000000 -5.000000 5.000000 -5.000000 -5.000000 5.000000 3.939141 5.000000
93 -0.8304141307 5.000000 -5.000000 -5.000000 5.000000 5.000000 5.000000 5.000000 -5.000000 -5.000000 -5.000000 5.000000 -5.000000 5.000000 -5.000000 -2.223908
94 -0.5742484564 -5.000000 -5.000000 5.000000 5.000000 -0.063835 5.000000 5.000000 -5.000000 -5.000000 5.000000 -5.000000 -5.000000 -5.000000 5.000000 4.736946
95 -0.3626879496 -5.000000 -5.000000 -0.925857 -5.000000 -5.000000 -5.000000 -5.000000 -5.000000 -5.000000 -5.000000 5.000000 5.000000 -5.000000 3.959874 4.712958
96 -1.0677537057 5.000000 -5.000000 -5.000000 5.000000 -5.000000 5.000000 5.000000 -5.000000 -5.000000 5.000000 -5.000000 5.000000 -5.000000 -5.000000 5.000000
97 -1.0677537057 -5.000000 5.000000 5.000000 -5.000000 -5.000000 -5.000000 -5.000000 5.000000 -5.000000 -5.000000 -5.000000 5.000000 5.000000 -5.000000 -5.000000
98 -1.0867711870 -5.000000 5.000000 -5.000000 5.000000 5.000000 -5.000000 -5.000000 -5.000000 -5.000000 -5.000000 -5.000000 -5.000000 -5.000000 -4.490010 5.000000
99 -0.9294595757 -5.000000 5.000000 5.000000 5.000000 -0.072412 -5.000000 5.000000 -5.000000 -5.000000 5.000000 5.000000 5.000000 -5.000000 -5.000000 5.000000
100 -1.0677537057 5.000000 5.000000 -5.000000 5.000000 -5.000000 5.000000 -5.000000 -5.000000 5.000000 5.000000 -5.000000 5.000000 -5.000000 5.000000 -5.000000
101 -1.0677537057 -5.000000 -5.000000 -5.000000 -5.000000 5.000000 5.000000 -5.000000 -5.000000 -5.000000 -5.000000 -5.000000 -5.000000 5.000000 -5.000000 -5.000000
102 -1.0677537057 -5.000000 -5.000000 -5.000000 -5.000000 5.000000 5.000000 -5.000000 -5.000000 -5.000000 -5.000000 -5.000000 -5.000000 -5.000000 -5.000000 5.000000
103 -1.0677537057 -5.000000 -5.000000 -5.000000 5.000000 5.000000 5.000000 5.000000 -5.000000 -5.000000 -5.000000 -5.000000 -5.000000 5.000000 -5.000000 5.000000
104 -1.0677537057 -5.000000 -5.000000 -5.000000 5.000000 -5.000000 5.000000 -5.000000 -5.000000 -5.000000 -5.000000 -5.000000 -5.000000 5.000000 5.000000 -5.000000
105 -1.0677537057 5.000000 5.000000 -5.000000 5.000000 5.000000 5.000000 -5.000000 -5.000000 5.000000 5.000000 -5.000000 5.000000 5.000000 -5.000000 5.000000
106 -1.1610301920 5.000000 5.000000 -5.000000 5.000000 -0.245000 -5.000000 -5.000000 -5.000000 -5.000000 -5.000000 -5.000000 -5.000000 5.000000 -5.000000 5.000000
107 -1.0677537057 5.000000 5.000000 5.000000 5.000000 5.000000 -5.000000 -5.000000 5.000000 -5.000000 -5.000000 5.000000 5.000000 5.000000 -5.000000 5.000000
108 -0.7153036009 5.000000 -5.000000 -5.000000 -5.000000 -5.000000 -5.000000 -0.258023 -5.000000 5.000000 -5.000000 -5.000000 -5.000000 5.000000 -1.272259 4.621288
109 -1.0677537057 5.000000 5.000000 -5.000000 -5.000000 5.000000 -5.000000 -5.000000 -5.000000 -5.000000 -5.000000 -5.000000 5.000000 5.000000 -5.000000 5.000000
110 -1.0677537057 -5.000000 5.000000 -5.000000 -5.000000 5.000000 -5.000000 -5.000000 5.000000 5.000000 5.000000 -5.000000 5.000000 5.000000 5.000000 5.000000
111 -1.0677537057 5.000000 5.000000 -5.000000 5.000000 -5.000000 -5.000000 5.000000 -5.000000 -5.000000 5.000000 5.000000 -5.000000 5.000000 -5.000000 5.000000
112 -1.0677537057 -5.000000 -5.000000 -5.000000 -5.000000 5.000000 -5.000000 -5.000000 -5.000000 -5.000000 5.000000 -5.000000 -5.000000 -5.000000 5.000000 5.000000
113 -1.0875582439 5.000000 -5.000000 -5.000000 -5.000000 -5.000000 -0.377809 -5.000000 -5.000000 -5.000000 5.000000 5.000000 5.000000 -5.000000 -5.000000 -5.000000
114 -1.0677537057 -5.000000 -5.000000 -5.000000 5.000000 5.000000 -5.000000 -5.000000 -5.000000 -5.000000 -5.000000 5.000000 5.000000 5.000000 5.000000 5.000000
115 -1.1576846259 -1.653677 5.000000 5.000000 -5.000000 5.000000 -5.000000 -5.000000 -5.000000 -5.000000 -5.000000 5.000000 5.000000 5.000000 5.000000 5.000000
116 -1.1741796426 5.000000 5.000000 5.000000 5.000000 5.000000 -5.000000 -5.000000 -5.000000 -5.000000 5.000000 5.000000 -5.000000 5.000000 -0.432844 -5.000000
117 -0.1737793038 5.000000 -5.000000 -5.000000 5.000000 5.000000 -2.362555 -3.979403 -3.593916 -5.000000 -4.950183 -5.000000 -3.959785 -5.000000 5.000000 5.000000
118 -1.0677537057 5.000000 5.000000 -5.000000 5.000000 5.000000 5.000000 5.000000 -5.000000 -5.000000 5.000000 5.000000 5.000000 5.000000 5.000000 -5.000000
119 -1.0677537057 5.000000 -5.000000 -5.000000 5.000000 -5.000000 -5.000000 5.000000 -5.000000 5.000000 -5.000000 5.000000 -5.000000 5.000000 5.000000 -5.000000
120 -1.0677537057 -5.000000 5.000000 5.000000 -5.000000 5.000000 -5.000000 5.000000 -5.000000 -5.000000 -5.000000 -5.000000 5.000000 5.000000 5.000000 5.000000
121 -1.0677537057 -5.000000 5.000000 5.000000 5.000000 -5.000000 5.000000 -5.000000 -5.000000 -5.000000 5.000000 5.000000 5.000000 5.000000 5.000000 -5.000000
122 -1.0677537057 -5.000000 5.000000 -5.000000 -5.000000 5.000000 5.000000 5.000000 -5.000000 5.000000 -5.000000 -5.000000 5.000000 5.000000 5.000000 5.000000
123 -1.0677537057 5.000000 5.000000 5.000000 -5.000000 5.000000 5.000000 -5.000000 5.000000 -5.000000 5.000000 5.000000 5.000000 5.000000 -5.000000 -5.000000
124 -0.9684818541 5.000000 5.000000 -0.116423 5.000000 5.000000 5.000000 -5.000000 -5.000000 -5.000000 -5.000000 -5.000000 5.000000 5.000000 -5.000000 5.000000
125 -1.0677537057 5.000000 -5.000000 5.000000 -5.000000 5.000000 -5.000000 5.000000 5.000000 -5.000000 5.000000 5.000000 -5.000000 5.000000 -5.000000 -5.000000
126 -1.0677537057 -5.000000 5.000000 -5.000000 -5.000000 5.000000 -5.000000 5.000000 5.000000 -5.000000 -5.000000 -5.000000 -5.000000 -5.000000 5.000000 5.000000
127 -1.0677537057 -5.000000 5.000000 5.000000 5.000000 5.000000 -5.000000 -5.000000 5.000000 -5.000000 5.000000 -5.000000 -5.000000 -5.000000 -5.000000 5.000000
128 -0.6557418391 -5.000000 -5.000000 1.705138 -5.000000 -5.000000 -5.000000 5.000000 -5.000000 -5.000000 -5.000000 5.000000 -5.000000 -5.000000 -5.000000 -5.000000
129 -1.0677537057 -5.000000 -5.000000 -5.000000 -5.000000 5.000000 5.000000 5.000000 5.000000 -5.000000 5.000000 5.000000 -5.000000 5.000000 5.000000 5.000000
130 -1.1314100994 5.000000 5.000000 5.000000 -1.802097 5.000000 -5.000000 -5.000000 -5.000000 -5.000000 5.000000 -5.000000 5.000000 5.000000 -3.143167 -5.000000
131 -1.0677537057 5.000000 5.000000 5.000000 -5.000000 -5.000000 -5.000000 5.000000 5.000000 -5.000000 5.000000 -5.000000 5.000000 5.000000 5.000000 5.000000
132 0.0994969040 5.000000 5.000000 -5.000000 4.063468 5.000000 -5.000000 -5.000000 0.650819 3.967331 0.983131 -5.000000 -4.845052 5.000000 -4.530636 -1.220576
133 -1.0677537057 5.000000 -5.000000 5.000000 -5.000000 5.000000 -5.000000 -5.000000 -5.000000 -5.000000 5.000000 -5.000000 -5.000000 -5.000000 -5.000000 -5.000000
134 -1.0677537057 5.000000 5.000000 -5.000000 -5.000000 5.000000 5.000000 -5.000000 -5.000000 5.000000 -5.000000 -5.000000 -5.000000 5.000000 -5.000000 -5.000000
135 -0.8216118410 -5.000000 -5.000000 5.000000 5.000000 -5.000000 -5.000000 -5.000000 -5.000000 -5.000000 -5.000000 -5.000000 5.000000 5.000000 0.249456 -5.000000
136 -1.0677537057 -5.000000 -5.000000 -5.000000 5.000000 5.000000 5.000000 -5.000000 -5.000000 -5.000000 5.000000 -5.000000 5.000000 -5.000000 5.000000 -5.000000
137 -0.8522690634 -5.000000 5.000000 -5.000000 5.000000 5.000000 5.000000 -5.000000 -5.000000 5.000000 -5.000000 5.000000 5.000000 5.000000 5.000000 -1.555649
138 -1.0677537057 5.000000 5.000000 5.000000 5.000000 5.000000 5.000000 -5.000000 -5.000000 5.000000 5.000000 5.000000 -5.000000 -5.000000 5.000000 -5.000000
139 -0.9323142388 -1.009425 -5.000000 -5.000000 -5.000000 -5.000000 5.000000 -5.000000 -5.000000 -5.000000 5.000000 5.000000 5.000000 5.000000 -5.000000 5.000000
140 -1.0677537057 -5.000000 -5.000000 -5.000000 5.000000 -5.000000 -5.000000 -5.000000 -5.000000 -5.000000 -5.000000 -5.000000 5.000000 5.000000 -5.000000 5.000000
141 -0.7294433944 -5.000000 5.000000 5.000000 -0.819236 5.000000 -5.000000 -5.000000 5.000000 -5.000000 5.000000 -5.000000 -5.000000 5.000000 -5.000000 -5.000000
142 -1.0677537057 -5.000000 -5.000000 -5.000000 -5.000000 -5.000000 5.000000 -5.000000 -5.000000 5.000000 -5.000000 -5.000000 5.000000 -5.000000 -5.000000 -5.000000
143 -1.0677537057 -5.000000 5.000000 -5.000000 -5.000000 -5.000000 -5.000000 5.000000 -5.000000 -5.000000 -5.000000 -5.000000 5.000000 5.000000 -5.000000 -5.000000
144 -1.0677537057 -5.000000 5.000000 -5.000000 5.000000 -5.000000 5.000000 -5.000000 5.000000 -5.000000 -5.000000 5.000000 5.000000 5.000000 5.000000 5.000000
145 -1.0677537057 5.000000 5.000000 5.000000 -5.000000 5.000000 -5.000000 -5.000000 5.000000 5.000000 5.000000 -5.000000 5.000000 5.000000 5.000000 5.000000
146 -1.0677537057 -5.000000 -5.000000 -5.000000 5.000000 5.000000 -5.000000 5.000000 5.000000 5.000000 -5.000000 5.000000 5.000000 5.000000 5.000000 5.000000
147 -1.0677537057 -5.000000 5.000000 -5.000000 5.000000 -5.000000 5.000000 -5.000000 5.000000 -5.000000 5.000000 5.000000 5.000000 -5.000000 5.000000 -5.000000
148 -1.0677537057 5.000000 -5.000000 -5.000000 5.000000 5.000000 -5.000000 -5.000000 5.000000 5.000000 5.000000 -5.000000 5.000000 5.000000 5.000000 -5.000000
149 -0.9049219926 -5.000000 5.000000 -5.000000 -5.000000 2.489610 5.000000 5.000000 -5.000000 5.000000 5.000000 5.000000 5.000000 -5.000000 5.000000 5.000000
150 -1.0677537057 -5.000000 5.000000 5.000000 -5.000000 -5.000000 -5.000000 -5.000000 -5.000000 5.000000 5.000000 5.000000 -5.000000 5.000000 5.000000 -5.000000
151 -1.0677537057 -5.000000 5.000000 -5.000000 -5.000000 -5.000000 5.000000 -5.000000 -5.000000 5.000000 5.000000 -5.000000 -5.000000 5.000000 5.000000 -5.000000
152 -1.0677537057 -5.000000 5.000000 -5.000000 5.000000 5.000000 5.000000 -5.000000 -5.000000 5.000000 -5.000000 5.000000 -5.000000 -5.000000 -5.000000 5.000000
153 -1.0677537057 -5.000000 -5.000000 5.000000 5.000000 5.000000 5.000000 -5.000000 5.000000 -5.000000 -5.000000 -5.000000 5.000000 5.000000 -5.000000 5.000000
154 -1.0677537057 -5.000000 -5.000000 5.000000 -5.000000 5.000000 5.000000 -5.000000 -5.000000 -5.000000 5.000000 -5.000000 5.000000 5.000000 5.000000 -5.000000
155 -1.0677537057 5.000000 -5.000000 -5.000000 5.000000 5.000000 -5.000000 -5.000000 -5.000000 5.000000 5.000000 5.000000 -5.000000 -5.000000 5.000000 -5.000000
156 -1.0677537057 5.000000 5.000000 -5.000000 -5.000000 5.000000 5.000000 -5.000000 -5.000000 -5.000000 5.000000 -5.000000 -5.000000 -5.000000 -5.000000 -5.000000
157 -1.3698679574 -5.000000 5.000000 5.000000 -5.000000 5.000000 5.000000 -5.000000 5.000000 -5.000000 -5.000000 -5.000000 -5.000000 5.000000 -3.278681 -5.000000
158 -1.0677537057 5.000000 5.000000 5.000000 5.000000 5.000000 5.000000 -5.000000 5.000000 -5.000000 -5.000000 5.000000 -5.000000 5.000000 -5.000000 -5.000000
159 -1.0677537057 -5.000000 5.000000 -5.000000 -5.000000 -5.000000 5.000000 -5.000000 -5.000000 -5.000000 -5.000000 -5.000000 -5.000000 5.000000 5.000000 5.000000
160 -1.0158093547 5.000000 5.000000 -5.000000 5.000000 5.000000 5.000000 5.000000 -5.000000 -5.000000 -5.000000 -5.000000 -5.000000 5.000000 -2.855726 5.000000
161 -1.3397592852 -5.000000 -5.000000 5.000000 -5.000000 5.000000 -5.000000 -5.000000 5.000000 5.000000 -5.000000 -5.000000 5.000000 5.000000 -3.342066 -5.000000
162 0.3381175487 -5.000000 3.884494 4.713699 2.800842 1.255954 -1.608995 -5.000000 -3.985668 -2.073104 -5.000000 1.565549 5.000000 5.000000 -5.000000 -5.000000
163 -0.7484159041 5.000000 5.000000 5.000000 5.000000 5.000000 -5.000000 -5.000000 5.000000 -5.000000 5.000000 -5.000000 -5.000000 5.000000 -2.387836 -5.000000
164 -1.0199010527 5.000000 5.000000 5.000000 -5.000000 -5.000000 -5.000000 -5.000000 5.000000 -5.000000 5.000000 -5.000000 -5.000000 -5.000000 -3.449014 -5.000000
165 -0.8254884942 -5.000000 5.000000 5.000000 5.000000 5.000000 -5.000000 -5.000000 5.000000 -5.000000 -5.000000 5.000000 5.000000 -5.000000 -2.479340 5.000000
166 -1.0677537057 -5.000000 -5.000000 5.000000 -5.000000 5.000000 -5.000000 -5.000000 5.000000 5.000000 -5.000000 5.000000 5.000000 -5.000000 -5.000000 -5.000000
167 -0.9160556932 5.000000 -5.000000 -5.000000 5.000000 -5.000000 5.000000 -5.000000 -5.000000 5.000000 -5.000000 -5.000000 5.000000 5.000000 0.612237 -5.000000
168 -1.0677537057 5.000000 -5.000000 5.000000 -5.000000 -5.000000 -5.000000 -5.000000 -5.000000 5.000000 5.000000 5.000000 -5.000000 5.000000 5.000000 5.000000
169 -1.0677537057 5.000000 -5.000000 5.000000 -5.000000 5.000000 -5.000000 -5.000000 -5.000000 5.000000 -5.000000 -5.000000 5.000000 5.000000 5.000000 -5.000000
170 -1.0677537057 -5.000000 5.000000 5.000000 5.000000 5.000000 5.000000 -5.000000 5.000000 -5.000000 -5.000000 5.000000 5.000000 -5.000000 5.000000 5.000000
171 -1.0677537057 5.000000 5.000000 -5.000000 5.000000 5.000000 5.000000 5.000000 5.000000 -5.000000 5.000000 5.000000 5.000000 5.000000 5.000000 5.000000
172 -1.0677537057 -5.000000 -5.000000 5.000000 -5.000000 5.000000 5.000000 -5.000000 -5.000000 -5.000000 -5.000000 -5.000000 5.000000 5.000000 5.000000 5.000000
173 -1.0677537057 -5.000000 5.000000 5.000000 5.000000 -5.000000 5.000000 5.000000 5.000000 -5.000000 5.000000 -5.000000 -5.000000 5.000000 -5.000000 5.000000
174 -1.0518733605 -5.000000 5.000000 5.000000 5.000000 5.000000 -5.000000 -5.000000 -5.000000 -5.000000 5.000000 5.000000 -5.000000 5.000000 -2.865332 5.000000
175 -1.0677537057 5.000000 -5.000000 5.000000 -5.000000 5.000000 -5.000000 5.000000 -5.000000 5.000000 5.000000 -5.000000 5.000000 -5.000000 5.000000 5.000000
176 -1.0514401721 -5.000000 -5.000000 5.000000 -5.000000 5.000000 -5.000000 -5.000000 -0.295517 -5.000000 -5.000000 -5.000000 5.000000 5.000000 -3.427329 -5.000000
177 -1.0677537057 -5.000000 -5.000000 5.000000 -5.000000 -5.000000 5.000000 -5.000000 5.000000 -5.000000 5.000000 5.000000 -5.000000 5.000000 5.000000 5.000000
178 -1.1675195933 -5.000000 -5.000000 5.000000 -5.000000 5.000000 -5.000000 -5.000000 5.000000 -5.000000 5.000000 5.000000 5.000000 5.000000 -3.201844 -5.000000
179 -1.0677537057 5.000000 -5.000000 -5.000000 -5.000000 -5.000000 5.000000 -5.000000 5.000000 -5.000000 5.000000 5.000000 5.000000 5.000000 5.000000 5.000000
180 -1.0677537057 -5.000000 -5.000000 -5.000000 5.000000 -5.000000 5.000000 -5.000000 5.000000 5.000000 5.000000 -5.000000 -5.000000 5.000000 5.000000 5.000000
181 -1.0677537057 5.000000 5.000000 -5.000000 5.000000 -5.000000 5.000000 5.000000 5.000000 5.000000 -5.000000 -5.000000 5.000000 5.000000 5.000000 -5.000000
182 0.8427610538 1.692202 -3.022760 1.947546 3.691797 -2.025402 -1.479275 1.825536 -2.809860 -3.560048 -4.843340 -3.836237 0.245459 -2.473930 -0.789889 4.907349
183 -1.0677537057 5.000000 5.000000 5.000000 -5.000000 5.000000 -5.000000 -5.000000 5.000000 5.000000 -5.000000 -5.000000 -5.000000 -5.000000 -5.000000 -5.000000
184 -1.0677537057 -5.000000 5.000000 5.000000 -5.000000 5.000000 5.000000 5.000000 -5.000000 5.000000 -5.000000 -5.000000 -5.000000 5.000000 5.000000 -5.000000
185 -1.0677537057 -5.000000 5.000000 5.000000 -5.000000 5.000000 5.000000 -5.000000 5.000000 -5.000000 5.000000 -5.000000 5.000000 -5.000000 -5.000000 -5.000000
186 -1.0677537057 5.000000 5.000000 -5.000000 5.000000 -5.000000 -5.000000 5.000000 -5.000000 -5.000000 -5.000000 -5.000000 5.000000 -5.000000 -5.000000 -5.000000
187 -1.0612496093 -5.000000 -5.000000 5.000000 -5.000000 5.000000 -5.000000 -5.000000 -5.000000 -5.000000 -5.000000 -5.000000 -5.000000 -5.000000 -1.979450 -5.000000
188 -1.0677537057 -5.000000 -5.000000 5.000000 -5.000000 -5.000000 5.000000 -5.000000 5.000000 -5.000000 -5.000000 -5.000000 -5.000000 5.000000 -5.000000 -5.000000
189 -1.3420481517 5.000000 5.000000 5.000000 -5.000000 5.000000 5.000000 5.000000 5.000000 5.000000 -5.000000 -5.000000 5.000000 5.000000 -3.262114 -5.000000
190 -1.0344663215 5.000000 5.000000 5.000000 -5.000000 5.000000 -5.000000 5.000000 -5.000000 5.000000 -5.000000 -5.000000 5.000000 5.000000 -2.557186 -5.000000
191 -1.0084473411 -5.000000 5.000000 5.000000 -5.000000 5.000000 5.000000 -5.000000 5.000000 -5.000000 -5.000000 5.000000 -5.000000 5.000000 -3.108925 -5.000000
192 -0.8837415272 5.000000 -5.000000 -5.000000 -5.000000 5.000000 0.794614 4.999532 5.000000 5.000000 -5.000000 -4.999938 5.000000 5.000000 -5.000000 -5.000000
193 -1.3793470527 5.000000 -5.000000 0.743299 -4.199571 5.000000 5.000000 5.000000 -4.593828 -5.000000 -5.000000 -5.000000 5.000000 5.000000 -4.002644 -1.766548
194 -1.0677537057 -5.000000 -5.000000 5.000000 -5.000000 5.000000 -5.000000 -5.000000 5.000000 -5.000000 -5.000000 5.000000 5.000000 -5.000000 5.000000 5.000000
195 -0.7825303144 5.000000 -5.000000 5.000000 -5.000000 5.000000 5.000000 5.000000 5.000000 5.000000 5.000000 -5.000000 -5.000000 5.000000 -3.825182 -5.000000
196 -1.2842093265 5.000000 -5.000000 -5.000000 -5.000000 -5.000000 -1.893078 -5.000000 5.000000 5.000000 -5.000000 -5.000000 -5.000000 5.000000 5.000000 5.000000
197 -0.6604693693 5.000000 5.000000 1.699570 -5.000000 5.000000 5.000000 -5.000000 5.000000 5.000000 -5.000000 -5.000000 5.000000 5.000000 -5.000000 -5.000000
198 -1.0677537057 5.000000 -5.000000 -5.000000 -5.000000 5.000000 5.000000 -5.000000 -5.000000 5.000000 -5.000000 -5.000000 5.000000 -5.000000 -5.000000 -5.000000
199 -1.0677537057 5.000000 -5.000000 -5.000000 -5.000000 5.000000 5.000000 5.000000 -5.000000 5.000000 -5.000000 5.000000 5.000000 -5.000000 -5.000000 5.000000
200 -1.3248733476 5.000000 5.000000 5.000000 -5.000000 5.000000 5.000000 -5.000000 -5.000000 -5.000000 -5.000000 5.000000 -5.000000 5.000000 -3.348577 -5.000000
201 -1.1858143918 5.000000 5.000000 -5.000000 -5.000000 5.000000 5.000000 5.000000 -5.000000 -5.000000 -5.000000 -5.000000 5.000000 -5.000000 -3.393804 5.000000
202 1.3205934937 -2.698471 1.700593 2.549652 4.284348 -0.076676 2.956290 -3.515476 -0.227501 3.052065 4.567640 -2.530005 -3.499979 -3.756152 1.629730 -0.405095
203 2.1862722580 4.883485 -2.373003 -0.941135 4.684770 -0.220515 -3.556675 1.724123 3.655854 1.885164 2.225794 3.302882 3.504215 0.014459 1.583884 -1.344974
204 -1.1210247390 -5.000000 5.000000 -3.243866 -5.000000 -5.000000 -5.000000 5.000000 -0.686593 -5.000000 5.000000 5.000000 -5.000000 -5.000000 5.000000 -5.000000
205 -0.6240754998 5.000000 5.000000 5.000000 -5.000000 5.000000 5.000000 -5.000000 -5.000000 -5.000000 -5.000000 5.000000 -4.062268 5.000000 -5.000000 -4.295214
206 -0.9303697306 5.000000 5.000000 -5.000000 5.000000 -0.169681 -4.492253 5.000000 0.041366 -5.000000 -5.000000 -4.970272 5.000000 5.000000 5.000000 -5.000000
207 -0.3077578553 5.000000 -5.000000 0.197333 -5.000000 3.351051 5.000000 -5.000000 -5.000000 -5.000000 -5.000000 5.000000 5.000000 -5.000000 -5.000000 -1.807090
208 -1.0294085515 5.000000 -5.000000 5.000000 5.000000 5.000000 5.000000 5.000000 5.000000 -5.000000 -5.000000 5.000000 5.000000 -5.000000 5.000000 -1.472480
209 -0.8094882404 5.000000 -5.000000 5.000000 -5.000000 5.000000 5.000000 4.465802 -5.000000 -5.000000 -5.000000 -5.000000 5.000000 5.000000 -5.000000 -1.805254
210 -0.9233174369 5.000000 -5.000000 5.000000 5.000000 5.000000 5.000000 5.000000 -5.000000 -5.000000 -5.000000 5.000000 5.000000 5.000000 -5.000000 -1.063891
211 -1.2550737927 -3.359064 -2.990190 2.555063 5.000000 5.000000 -5.000000 5.000000 -3.394399 -5.000000 -5.000000 -5.000000 5.000000 5.000000 -5.000000 -1.391716
212 -1.0491494535 5.000000 -5.000000 5.000000 5.000000 2.396477 5.000000 5.000000 -5.000000 -5.000000 -5.000000 -5.000000 5.000000 5.000000 -5.000000 -1.749940
213 -0.8688557550 -5.000000 5.000000 -5.000000 -5.000000 -4.335670 -5.000000 4.487216 5.000000 -5.000000 -5.000000 5.000000 5.000000 2.501133 -5.000000 4.922772
214 -0.6066033999 5.000000 3.469400 5.000000 -5.000000 -2.531837 -5.000000 -4.421780 3.385957 5.000000 -5.000000 -5.000000 -5.000000 5.000000 5.000000 5.000000
215 -0.7848549878 -5.000000 5.000000 -5.000000 -5.000000 5.000000 -5.000000 4.317565 5.000000 5.000000 -5.000000 -5.000000 4.434035 -5.000000 -5.000000 5.000000
216 -0.0671647417 -5.000000 -2.069400 3.196375 -5.000000 3.234474 -5.000000 -1.821343 -5.000000 5.000000 4.994265 5.000000 -2.769925 -3.530070 5.000000 4.638680
217 -1.4108490393 -5.000000 5.000000 -0.378585 -5.000000 -5.000000 5.000000 -5.000000 5.000000 -5.000000 5.000000 5.000000 -5.000000 -5.000000 5.000000 -4.681048
218 -0.7571329459 5.000000 -5.000000 -5.000000 -5.000000 5.000000 5.000000 5.000000 5.000000 -5.000000 -5.000000 -5.000000 5.000000 -3.072499 -2.435290 -0.135996
219 -0.6366547462 5.000000 5.000000 -5.000000 5.000000 -4.379604 -5.000000 4.327164 0.724143 -5.000000 5.000000 -5.000000 5.000000 5.000000 5.000000 -5.000000
220 -0.8185285781 5.000000 -5.000000 5.000000 -5.000000 1.112779 5.000000 -5.000000 5.000000 5.000000 5.000000 -5.000000 -5.000000 5.000000 5.000000 5.000000
221 -0.7009301801 -5.000000 5.000000 -5.000000 -5.000000 -5.000000 -5.000000 5.000000 5.000000 -5.000000 -5.000000 5.000000 -2.318728 5.000000 -5.000000 4.342136
222 0.6630222185 4.301586 -1.872558 4.510239 5.000000 1.379673 2.102004 5.000000 1.385185 -2.123811 5.000000 4.302564 5.000000 -2.089863 4.086636 0.854671
223 -0.7886350055 -2.012499 2.115205 -5.000000 -5.000000 -4.359722 4.945577 -5.000000 -5.000000 -5.000000 -5.000000 -0.553467 2.733868 1.112178 -5.000000 1.388444
224 -0.4442189963 5.000000 -5.000000 -5.000000 5.000000 1.873396 5.000000 5.000000 2.218683 -5.000000 -5.000000 -5.000000 5.000000 -5.000000 5.000000 -0.831972
225 -1.0752362519 -5.000000 5.000000 -5.000000 -5.000000 -2.378742 -5.000000 5.000000 5.000000 5.000000 5.000000 5.000000 5.000000 5.000000 -5.000000 5.000000
226 1.6279450267 1.430991 -0.860471 -2.797715 -4.903462 -5.000000 3.337154 -0.631827 -4.978244 4.799992 -2.494480 2.926230 0.045741 -1.488133 2.590697 3.850075
227 -1.1471411280 -5.000000 5.000000 5.000000 -5.000000 -5.000000 -5.000000 5.000000 -5.000000 -5.000000 4.948032 5.000000 -5.000000 -5.000000 4.993543 -5.000000
228 0.7029463163 -4.150421 5.000000 -5.000000 5.000000 5.000000 -5.000000 3.353698 -5.000000 -5.000000 4.751965 5.000000 1.715308 0.119012 -1.080537 -4.339746
229 -0.9807345451 5.000000 5.000000 -5.000000 5.000000 -4.616552 5.000000 5.000000 -5.000000 2.218127 5.000000 -5.000000 5.000000 5.000000 5.000000 -4.518611
230 -0.2444944097 -5.000000 5.000000 -3.818362 -3.907201 0.196395 -5.000000 5.000000 -5.000000 -5.000000 5.000000 5.000000 -0.830713 -5.000000 5.000000 -5.000000
231 0.6371952038 0.003533 5.000000 -1.262086 -4.674365 -5.000000 -5.000000 0.179469 5.000000 -5.000000 4.236493 3.401466 -5.000000 5.000000 -5.000000 5.000000
232 -0.9314736135 -5.000000 5.000000 5.000000 -5.000000 -1.233549 -5.000000 5.000000 -5.000000 -5.000000 -5.000000 5.000000 5.000000 5.000000 -5.000000 5.000000
233 -0.7277776907 5.000000 -5.000000 5.000000 -5.000000 -5.000000 -5.000000 5.000000 -5.000000 5.000000 5.000000 -5.000000 5.000000 -5.000000 5.000000 3.350430
234 -0.2041751449 -4.850592 -5.000000 1.210217 -0.154924 5.000000 -5.000000 2.933956 -2.971821 4.313038 4.951411 -5.000000 -2.712435 -1.113226 2.443803 -5.000000
235 -0.7158458054 5.000000 5.000000 5.000000 5.000000 5.000000 5.000000 4.391925 5.000000 -5.000000 -5.000000 5.000000 5.000000 5.000000 5.000000 -5.000000
236 -0.4599817571 5.000000 -5.000000 -0.581558 5.000000 2.353916 5.000000 5.000000 -5.000000 -5.000000 -5.000000 -5.000000 5.000000 5.000000 -5.000000 -1.272096
237 -0.9416915265 -4.185418 -3.382860 -5.000000 -5.000000 5.000000 -5.000000 5.000000 -5.000000 2.511220 -4.267523 -5.000000 1.254722 -5.000000 -3.234671 -1.396771
238 -0.8496630308 -5.000000 5.000000 -5.000000 -5.000000 5.000000 -5.000000 4.899539 5.000000 5.000000 -5.000000 -5.000000 5.000000 -5.000000 -5.000000 4.479498
239 -0.2987599693 -5.000000 -3.126585 -3.377404 -1.845149 1.436843 -5.000000 -2.863263 -5.000000 0.683890 4.995567 -0.417031 0.389594 4.957524 -1.484555 4.315168
240 0.2145533486 4.751817 -0.380293 1.913896 1.341157 -3.640181 -5.000000 -5.000000 5.000000 1.198851 3.796789 2.272328 -2.192906 5.000000 5.000000 5.000000
241 -0.3937894295 5.000000 -3.856056 -5.000000 -5.000000 3.160412 5.000000 5.000000 -5.000000 -5.000000 -4.245693 -5.000000 5.000000 -5.000000 5.000000 5.000000
242 -1.0611533050 -5.000000 -5.000000 -5.000000 -5.000000 5.000000 5.000000 -5.000000 -5.000000 -5.000000 -1.856945 -5.000000 2.322250 -5.000000 -5.000000 -3.483076
243 -0.5492290517 -5.000000 -5.000000 -5.000000 -5.000000 5.000000 5.000000 -5.000000 -5.000000 -5.000000 -1.801804 5.000000 5.000000 -5.000000 -5.000000 0.129264
244 -1.0081175392 5.000000 -5.000000 5.000000 5.000000 -5.000000 -5.000000 -0.829051 -5.000000 5.000000 -5.000000 -5.000000 -5.000000 5.000000 -5.000000 -5.000000
245 -0.6423639152 -5.000000 5.000000 -5.000000 5.000000 -1.125155 -5.000000 -5.000000 5.000000 -5.000000 -5.000000 -5.000000 -5.000000 5.000000 5.000000 -0.008263
246 -0.0958063122 -3.064029 -2.647395 -5.000000 -5.000000 5.000000 5.000000 -5.000000 -1.302938 -5.000000 -1.909108 0.768247 -0.290242 -5.000000 0.115958 -2.072073
247 0.0572326654 -5.000000 -1.255352 2.275279 5.000000 5.000000 -3.520329 0.924810 -4.664167 3.856736 -5.000000 -1.577489 2.573614 1.300721 -3.017147 2.969252
248 -0.9891434889 -4.800151 -5.000000 -5.000000 -5.000000 -5.000000 5.000000 -2.719025 -2.085548 -5.000000 -5.000000 -5.000000 0.276702 5.000000 4.879586 -4.828498
249 -1.1620758867 -5.000000 5.000000 -5.000000 -5.000000 -5.000000 -5.000000 5.000000 -5.000000 -1.367137 3.767070 5.000000 -5.000000 -0.143413 -4.760952 -5.000000
250 -0.9320079988 5.000000 5.000000 -5.000000 5.000000 -5.000000 5.000000 5.000000 -3.444676 5.000000 -3.970333 -5.000000 5.000000 5.000000 5.000000 -5.000000
251 -0.6085234537 -5.000000 0.088904 -4.618151 -5.000000 5.000000 -5.000000 2.072074 4.876384 5.000000 5.000000 -5.000000 -5.000000 -5.000000 -0.395474 5.000000
252 -0.2828598042 -5.000000 -5.000000 -5.000000 -5.000000 5.000000 5.000000 -5.000000 -5.000000 -0.899610 -0.933955 -5.000000 5.000000 -5.000000 -5.000000 -5.000000
253 -0.5045310624 -5.000000 5.000000 5.000000 5.000000 -5.000000 5.000000 5.000000 5.000000 5.000000 2.531702 5.000000 -5.000000 0.031303 5.000000 -5.000000
254 -1.1971607517 -5.000000 5.000000 -5.000000 -5.000000 -5.000000 -5.000000 5.000000 5.000000 -5.000000 3.804408 5.000000 5.000000 -5.000000 -5.000000 5.000000
255 -0.4288089206 -3.744117 5.000000 5.000000 5.000000 5.000000 -5.000000 4.052117 -5.000000 5.000000 0.387901 -5.000000 1.240632 -0.366598 -5.000000 -5.000000
256 -0.9992745781 -5.000000 5.000000 5.000000 -5.000000 -5.000000 -5.000000 5.000000 -5.000000 -5.000000 -3.387109 5.000000 5.000000 5.000000 -5.000000 5.000000
257 -0.5942533891 -5.000000 -5.000000 5.000000 -5.000000 5.000000 3.514162 0.591448 -3.942534 5.000000 5.000000 -5.000000 -5.000000 -5.000000 5.000000 -5.000000
258 -0.5570471584 -5.000000 5.000000 -5.000000 -5.000000 5.000000 -5.000000 5.000000 5.000000 5.000000 3.678466 -1.355455 -5.000000 4.479517 -5.000000 5.000000
259 -0.7165974773 -5.000000 -2.476642 -5.000000 -5.000000 -5.000000 2.488502 -5.000000 5.000000 -5.000000 3.476084 5.000000 -5.000000 -5.000000 5.000000 -5.000000
260 -0.7767595252 5.000000 -5.000000 5.000000 5.000000 -5.000000 -5.000000 2.566166 -5.000000 5.000000 -1.239266 -5.000000 5.000000 -5.000000 -5.000000 -5.000000
261 0.5418961906 -3.380898 -0.829084 1.221210 -3.965060 2.490012 -3.119023 -2.934908 2.601194 -1.143539 -0.155512 -4.829242 -1.926278 -1.216538 0.177032 -0.866123
262 -0.9296885191 -5.000000 -5.000000 -5.000000 -5.000000 -5.000000 5.000000 -5.000000 -5.000000 -5.000000 -1.867673 -5.000000 -3.776869 5.000000 -5.000000 -5.000000
263 -0.8477858426 -5.000000 -5.000000 -5.000000 -5.000000 5.000000 -5.000000 -5.000000 -5.000000 -5.000000 -0.388593 -5.000000 5.000000 -5.000000 -5.000000 5.000000
264 -0.9626411997 -5.000000 -5.000000 5.000000 5.000000 5.000000 5.000000 0.559916 -5.000000 -5.000000 5.000000 5.000000 5.000000 5.000000 -2.236931 5.000000
265 -0.8630764888 5.000000 5.000000 -5.000000 5.000000 -5.000000 -5.000000 3.273111 -5.000000 5.000000 -5.000000 -5.000000 5.000000 5.000000 5.000000 -5.000000
266 0.4471759767 1.795982 4.565231 -5.000000 -5.000000 5.000000 5.000000 0.849442 -5.000000 -5.000000 5.000000 -5.000000 -5.000000 4.225608 -3.896096 0.811582
267 -0.3203284340 5.000000 5.000000 -5.000000 5.000000 -5.000000 5.000000 -1.148989 5.000000 -5.000000 -5.000000 -5.000000 0.913744 5.000000 -5.000000 -0.752328
268 -1.1183169541 -5.000000 -5.000000 5.000000 -0.432094 5.000000 -5.000000 -3.341979 5.000000 -5.000000 -5.000000 -5.000000 -5.000000 -4.035503 -4.322736 -5.000000
269 -0.6425735840 5.000000 -5.000000 5.000000 -3.954390 -5.000000 -5.000000 5.000000 5.000000 5.000000 -1.929509 -5.000000 0.368217 -3.390210 5.000000 5.000000
270 -0.4175710150 5.000000 3.371738 5.000000 5.000000 -5.000000 -5.000000 5.000000 -5.000000 -4.213523 -0.306928 -5.000000 -5.000000 5.000000 5.000000 -5.000000
271 0.4626433734 -1.420169 5.000000 -0.747020 -4.045765 -2.091852 -2.810648 -3.320303 3.236077 2.056592 0.462570 0.415255 0.890438 4.215577 -0.716902 3.598220
272 -0.7521096869 -5.000000 5.000000 -2.437001 5.000000 -5.000000 -5.000000 -5.000000 -5.000000 -5.000000 5.000000 5.000000 5.000000 -5.000000 5.000000 -3.870323
273 -1.2430188229 5.000000 5.000000 5.000000 5.000000 -5.000000 -5.000000 5.000000 -5.000000 5.000000 -3.047507 5.000000 5.000000 -5.000000 5.000000 0.885563
274 -0.0989271709 -5.000000 -5.000000 -1.307428 -5.000000 -5.000000 -5.000000 3.989594 5.000000 5.000000 -2.558407 5.000000 -5.000000 5.000000 -5.000000 1.728758
275 -0.6974233548 5.000000 5.000000 5.000000 5.000000 -5.000000 -5.000000 5.000000 -5.000000 5.000000 -4.120631 -5.000000 5.000000 5.000000 5.000000 -1.245429
276 -0.6075364748 -5.000000 5.000000 -5.000000 -5.000000 -5.000000 -5.000000 -5.000000 5.000000 5.000000 0.664930 -5.000000 5.000000 5.000000 -5.000000 5.000000
277 -0.2080433202 -5.000000 -5.000000 -5.000000 -5.000000 0.326785 5.000000 -1.046370 5.000000 5.000000 -5.000000 5.000000 -5.000000 5.000000 -5.000000 5.000000
278 -0.9120445567 -5.000000 5.000000 5.000000 -5.000000 5.000000 -5.000000 2.759699 -5.000000 5.000000 -5.000000 5.000000 5.000000 -5.000000 5.000000 4.157956
279 -0.9143217203 -5.000000 5.000000 0.011286 -5.000000 5.000000 -5.000000 4.016887 -5.000000 -5.000000 5.000000 5.000000 5.000000 -5.000000 5.000000 5.000000
280 -0.7894517109 -5.000000 5.000000 5.000000 -5.000000 -5.000000 5.000000 5.000000 -5.000000 -5.000000 -5.000000 5.000000 5.000000 5.000000 5.000000 -2.528883
281 -1.0374229813 5.000000 -5.000000 4.776696 -5.000000 5.000000 5.000000 5.000000 5.000000 -5.000000 -5.000000 -5.000000 5.000000 5.000000 -5.000000 -3.292283
282 -0.7445723500 -5.000000 -5.000000 -5.000000 -5.000000 -0.858478 5.000000 -5.000000 5.000000 -5.000000 -5.000000 -5.000000 -5.000000 5.000000 5.000000 4.281321
283 -0.8833880046 -5.000000 5.000000 1.363866 -5.000000 -5.000000 5.000000 -2.804770 5.000000 -5.000000 5.000000 5.000000 5.000000 -5.000000 5.000000 -5.000000
284 -0.7284083256 5.000000 -5.000000 -1.406006 5.000000 5.000000 5.000000 5.000000 5.000000 -5.000000 -5.000000 -5.000000 -5.000000 5.000000 5.000000 -1.413857
285 -1.1079977147 -5.000000 -5.000000 -5.000000 -5.000000 -5.000000 5.000000 -0.175635 -5.000000 -5.000000 5.000000 -5.000000 5.000000 -5.000000 -5.000000 -5.000000
286 1.6538886846 1.118189 -2.107492 2.005183 -1.848701 2.399788 -3.187467 0.413370 -0.147829 -0.476444 -4.048693 0.539281 4.830255 -1.377211 -2.428729 -0.424164
287 -0.6942496394 5.000000 -5.000000 5.000000 -5.000000 5.000000 2.703418 5.000000 -5.000000 -0.751600 -5.000000 5.000000 -5.000000 -5.000000 -5.000000 5.000000
288 -1.1149515881 -5.000000 -5.000000 -5.000000 -5.000000 -5.000000 -5.000000 -0.185605 -5.000000 5.000000 -5.000000 -5.000000 5.000000 -5.000000 -5.000000 -5.000000
289 0.0117426636 5.000000 -5.000000 5.000000 5.000000 3.516634 5.000000 -5.000000 -1.350944 -5.000000 -5.000000 1.047766 5.000000 5.000000 1.868515 5.000000
290 -1.0677537057 -5.000000 -5.000000 -5.000000 -5.000000 5.000000 5.000000 -5.000000 -5.000000 -5.000000 5.000000 -5.000000 5.000000 5.000000 -5.000000 5.000000
291 -0.7082687950 -5.000000 -5.000000 5.000000 -5.000000 -5.000000 -5.000000 -1.097129 -5.000000 -5.000000 5.000000 -5.000000 -5.000000 -5.000000 -5.000000 -5.000000
292 -1.0767600593 -5.000000 5.000000 5.000000 -5.000000 -5.000000 5.000000 -5.000000 5.000000 -5.000000 5.000000 3.589342 -5.000000 5.000000 -5.000000 -5.000000
293 -0.6863668497 -5.000000 5.000000 -5.000000 -5.000000 -5.000000 5.000000 -0.932279 -5.000000 -5.000000 2.990402 -5.000000 5.000000 5.000000 -5.000000 -5.000000
294 -0.0185608449 5.000000 -3.138649 -5.000000 1.103342 4.437986 4.575718 -1.395579 4.142865 1.478876 4.858867 1.690609 -5.000000 -5.000000 -2.380408 5.000000
295 -1.0677537057 5.000000 -5.000000 5.000000 -5.000000 -5.000000 -5.000000 -5.000000 5.000000 5.000000 5.000000 5.000000 5.000000 -5.000000 5.000000 -5.000000
296 -0.4202012253 -5.000000 5.000000 5.000000 -5.000000 5.000000 -5.000000 1.924447 -5.000000 -0.964162 5.000000 -5.000000 5.000000 -5.000000 5.000000 5.000000
297 -1.3193729698 5.000000 5.000000 -5.000000 -5.000000 -5.000000 -5.000000 -3.077548 -5.000000 -5.000000 -2.576693 -5.000000 5.000000 5.000000 -5.000000 -5.000000
298 -1.0765707202 -5.000000 -5.000000 -5.000000 -5.000000 -0.161914 5.000000 -5.000000 -5.000000 -5.000000 5.000000 5.000000 5.000000 -5.000000 5.000000 -5.000000
299 -1.0677537057 -5.000000 5.000000 5.000000 -5.000000 5.000000 -5.000000 5.000000 5.000000 5.000000 -5.000000 5.000000 5.000000 5.000000 5.000000 5.000000
300 -0.8030189418 -5.000000 -5.000000 5.000000 -5.000000 -5.000000 5.000000 5.000000 -5.000000 -5.000000 5.000000 5.000000 5.000000 -5.000000 2.283575 -5.000000
301 -1.0677537057 5.000000 -5.000000 5.000000 -5.000000 -5.000000 5.000000 5.000000 5.000000 -5.000000 -5.000000 -5.000000 5.000000 -5.000000 -5.000000 -5.000000
302 -0.7468893087 5.000000 -5.000000 5.000000 -5.000000 -5.000000 -5.000000 -5.000000 5.000000 -5.000000 -5.000000 -5.000000 5.000000 0.345019 5.000000 -5.000000
303 -1.0677537057 -5.000000 -5.000000 -5.000000 -5.000000 -5.000000 -5.000000 -5.000000 -5.000000 -5.000000 5.000000 -5.000000 5.000000 5.000000 -5.000000 -5.000000
304 -1.0252174635 5.000000 -5.000000 -5.000000 -5.000000 -5.000000 5.000000 5.000000 -5.000000 5.000000 -5.000000 5.000000 5.000000 -4.540832 -5.000000 -5.000000
305 -0.9851555160 5.000000 -5.000000 5.000000 -5.000000 -5.000000 -5.000000 5.000000 -5.000000 0.884013 5.000000 5.000000 5.000000 -5.000000 5.000000 5.000000
306 -1.0677537057 -5.000000 -5.000000 5.000000 -5.000000 -5.000000 5.000000 -5.000000 -5.000000 -5.000000 5.000000 -5.000000 5.000000 -5.000000 -5.000000 5.000000
307 -1.0677537057 5.000000 -5.000000 5.000000 5.000000 5.000000 -5.000000 5.000000 -5.000000 -5.000000 -5.000000 5.000000 5.000000 -5.000000 -5.000000 5.000000
308 -1.0677537057 5.000000 -5.000000 -5.000000 -5.000000 5.000000 5.000000 5.000000 -5.000000 5.000000 5.000000 -5.000000 5.000000 -5.000000 -5.000000 -5.000000
309 -1.0677537057 5.000000 5.000000 -5.000000 -5.000000 -5.000000 5.000000 -5.000000 5.000000 -5.000000 -5.000000 -5.000000 -5.000000 5.000000 -5.000000 5.000000
310 -1.1503351786 5.000000 5.000000 -5.000000 -5.000000 -5.000000 5.000000 5.000000 -5.000000 -5.000000 5.000000 5.000000 5.000000 -5.000000 4.960539 -5.000000
311 -1.0464646157 -5.000000 -5.000000 -5.000000 -5.000000 -5.000000 -1.672787 -5.000000 -5.000000 -5.000000 -5.000000 -5.000000 5.000000 5.000000 -5.000000 5.000000
312 -0.5083317539 5.000000 -5.000000 5.000000 -5.000000 -5.000000 5.000000 5.000000 5.000000 -5.000000 5.000000 -5.000000 -5.000000 0.449084 -5.000000 -5.000000
313 -1.0677537057 5.000000 5.000000 -5.000000 -5.000000 5.000000 -5.000000 5.000000 -5.000000 -5.000000 -5.000000 -5.000000 -5.000000 -5.000000 -5.000000 -5.000000
314 -1.0677537057 -5.000000 5.000000 -5.000000 -5.000000 -5.000000 5.000000 5.000000 5.000000 -5.000000 5.000000 5.000000 -5.000000 -5.000000 -5.000000 -5.000000
315 -1.1210275742 5.000000 5.000000 5.000000 -5.000000 -5.000000 -5.000000 -0.196999 5.000000 -5.000000 -5.000000 -5.000000 5.000000 5.000000 -5.000000 -5.000000
316 -1.0677537057 -5.000000 -5.000000 -5.000000 -5.000000 5.000000 5.000000 -5.000000 5.000000 -5.000000 5.000000 5.000000 5.000000 5.000000 -5.000000 5.000000
317 -0.7876003563 -5.000000 5.000000 5.000000 5.000000 -5.000000 -5.000000 5.000000 -5.000000 5.000000 -5.000000 5.000000 -1.031856 5.000000 5.000000 5.000000
318 -0.9190492706 -5.000000 5.000000 5.000000 -5.000000 -5.000000 -5.000000 -0.968885 -5.000000 -5.000000 -5.000000 -5.000000 5.000000 -5.000000 -5.000000 -5.000000
319 -0.9666820536 -5.000000 5.000000 5.000000 -5.000000 -5.000000 -5.000000 -5.000000 -5.000000 5.000000 -0.652622 -5.000000 -4.142918 5.000000 -5.000000 -5.000000
320 -1.0677537057 5.000000 5.000000 -5.000000 -5.000000 -5.000000 -5.000000 -5.000000 5.000000 5.000000 -5.000000 5.000000 -5.000000 -5.000000 -5.000000 -5.000000
321 -0.9009714222 -5.000000 5.000000 5.000000 -5.000000 5.000000 -5.000000 5.000000 -5.000000 -5.000000 -5.000000 -5.000000 -5.000000 5.000000 -5.000000 0.611154
322 -0.7959055317 -5.000000 5.000000 -5.000000 -5.000000 -5.000000 -5.000000 5.000000 -5.000000 -5.000000 5.000000 -5.000000 5.000000 5.000000 5.000000 0.282684
323 -0.6006201776 5.000000 5.000000 -5.000000 -5.000000 -5.000000 -5.000000 -1.191653 5.000000 5.000000 -5.000000 -5.000000 5.000000 5.000000 -5.000000 -5.000000
324 -1.0677537057 5.000000 -5.000000 5.000000 -5.000000 5.000000 -5.000000 5.000000 -5.000000 -5.000000 -5.000000 -5.000000 -5.000000 5.000000 -5.000000 -5.000000
325 -1.0677537057 -5.000000 5.000000 -5.000000 -5.000000 -5.000000 -5.000000 5.000000 -5.000000 5.000000 5.000000 5.000000 5.000000 -5.000000 5.000000 5.000000
326 -0.9730979009 5.000000 -5.000000 -5.000000 -5.000000 -5.000000 -5.000000 1.333127 5.000000 5.000000 5.000000 -5.000000 -5.000000 -5.000000 5.000000 -5.000000
327 -1.0363236293 -5.000000 -5.000000 5.000000 -5.000000 5.000000 5.000000 5.000000 -5.000000 -5.000000 5.000000 -5.000000 5.000000 5.000000 5.000000 -2.376646
328 -1.0034144358 -5.000000 -5.000000 5.000000 -5.000000 5.000000 -5.000000 -5.000000 -5.000000 5.000000 -5.000000 -5.000000 -5.000000 -5.000000 -5.000000 -2.460757
329 -1.0555290760 5.000000 5.000000 -5.000000 -5.000000 -5.000000 -5.000000 -1.515236 -5.000000 -5.000000 5.000000 5.000000 -5.000000 5.000000 5.000000 -5.000000
330 -1.1462260119 -5.000000 -5.000000 -5.000000 -5.000000 -0.224935 -5.000000 -5.000000 -5.000000 -5.000000 5.000000 -5.000000 5.000000 5.000000 -5.000000 5.000000
331 -0.9722996686 -5.000000 5.000000 -5.000000 -5.000000 -5.000000 -5.000000 5.000000 -5.000000 -5.000000 4.274975 5.000000 -5.000000 -5.000000 5.000000 -3.254621
332 -0.7656568346 0.966314 -5.000000 5.000000 5.000000 -5.000000 5.000000 1.184037 -5.000000 -5.000000 -5.000000 -5.000000 -5.000000 -5.000000 5.000000 -5.000000
333 -0.2782535897 -5.000000 5.000000 5.000000 -5.000000 1.455391 -5.000000 -5.000000 -2.767494 5.000000 1.011923 -5.000000 5.000000 5.000000 1.228971 5.000000
334 -1.3395116519 -5.000000 -5.000000 5.000000 -5.000000 -5.000000 5.000000 -1.502808 -5.000000 -5.000000 -3.124902 -5.000000 -5.000000 5.000000 5.000000 -5.000000
335 -1.1035842283 5.000000 -5.000000 5.000000 5.000000 -5.000000 -5.000000 -0.011885 -5.000000 -5.000000 -3.171686 -5.000000 5.000000 5.000000 -5.000000 -5.000000
336 -1.0677537057 -5.000000 -5.000000 5.000000 -5.000000 5.000000 5.000000 5.000000 5.000000 5.000000 5.000000 -5.000000 5.000000 -5.000000 -5.000000 5.000000
337 -1.0677537057 -5.000000 -5.000000 5.000000 -5.000000 5.000000 5.000000 -5.000000 -5.000000 -5.000000 5.000000 5.000000 5.000000 5.000000 -5.000000 -5.000000
338 -0.5433366006 -5.000000 -5.000000 5.000000 -5.000000 5.000000 3.693764 5.000000 -5.000000 3.376308 5.000000 -3.568872 5.000000 -5.000000 -5.000000 5.000000
339 -1.0677537057 -5.000000 -5.000000 -5.000000 -5.000000 -5.000000 5.000000 -5.000000 -5.000000 5.000000 5.000000 5.000000 5.000000 -5.000000 -5.000000 -5.000000
340 -1.0677537057 -5.000000 5.000000 5.000000 -5.000000 5.000000 -5.000000 5.000000 5.000000 5.000000 5.000000 5.000000 -5.000000 5.000000 5.000000 5.000000
341 -1.1548999614 -5.000000 5.000000 -5.000000 -5.000000 -5.000000 5.000000 -5.000000 5.000000 -5.000000 -5.000000 5.000000 -5.000000 -4.597430 5.000000 -5.000000
342 0.6731236638 0.630274 -2.020898 1.502663 1.304758 5.000000 2.975316 -5.000000 -0.098620 -1.428061 -5.000000 -0.681393 -0.539607 -3.888449 1.020179 5.000000
343 -0.7683422175 -5.000000 -5.000000 5.000000 5.000000 -5.000000 0.922000 -1.480941 -5.000000 5.000000 -5.000000 -5.000000 -5.000000 -5.000000 5.000000 -5.000000
344 -0.4586089371 -5.000000 -5.000000 5.000000 4.975169 5.000000 0.402050 -0.489223 -5.000000 5.000000 5.000000 -2.360589 -5.000000 -5.000000 5.000000 -5.000000
345 -0.8214017603 5.000000 -5.000000 5.000000 -5.000000 5.000000 -5.000000 5.000000 0.485386 -5.000000 -5.000000 -5.000000 5.000000 5.000000 5.000000 -5.000000
346 -0.9500088137 -4.524608 -5.000000 5.000000 5.000000 5.000000 -5.000000 -2.534387 -5.000000 -5.000000 -5.000000 -5.000000 5.000000 5.000000 -5.000000 -5.000000
347 -1.1385659965 -5.000000 5.000000 -5.000000 -5.000000 -5.000000 -0.316271 5.000000 5.000000 -5.000000 -5.000000 -5.000000 5.000000 5.000000 -5.000000 5.000000
348 -0.7816998568 4.996512 -5.000000 5.000000 5.000000 -5.000000 5.000000 -2.610272 -5.000000 5.000000 -5.000000 -5.000000 -5.000000 -5.000000 5.000000 5.000000
349 -1.0176597298 -5.000000 -5.000000 -5.000000 5.000000 -0.636364 -5.000000 -2.944097 -5.000000 -5.000000 -5.000000 -5.000000 5.000000 -5.000000 5.000000 -5.000000
350 -0.3917143821 -5.000000 5.000000 5.000000 5.000000 -5.000000 -1.603965 0.277792 5.000000 -5.000000 5.000000 -5.000000 -5.000000 -5.000000 -5.000000 -5.000000
351 -0.6176177094 4.554329 5.000000 -5.000000 5.000000 -5.000000 -5.000000 5.000000 5.000000 5.000000 5.000000 5.000000 5.000000 5.000000 -2.781162 -5.000000
352 -0.8975290488 5.000000 5.000000 5.000000 -5.000000 5.000000 -5.000000 5.000000 -0.042829 5.000000 -5.000000 5.000000 5.000000 -5.000000 -5.000000 5.000000
353 -0.1897166016 -1.569101 -0.648241 4.821635 -5.000000 -2.720689 5.000000 2.440685 -1.630625 -1.660282 -4.722674 3.664198 5.000000 1.901232 -1.236873 -3.505358
354 -1.0592403360 5.000000 5.000000 -5.000000 -5.000000 5.000000 -0.402896 5.000000 -5.000000 -5.000000 -5.000000 -5.000000 5.000000 5.000000 -5.000000 5.000000
355 -0.6967304736 5.000000 5.000000 -5.000000 -5.000000 -5.000000 -5.000000 5.000000 5.000000 -5.000000 -5.000000 -5.000000 0.027831 -5.000000 5.000000 5.000000
356 -1.0417031634 -5.000000 -5.000000 -5.000000 1.117635 5.000000 5.000000 5.000000 -5.000000 -5.000000 -5.000000 -5.000000 5.000000 5.000000 -5.000000 -5.000000
357 -0.3310402915 5.000000 5.000000 5.000000 5.000000 5.000000 2.205351 5.000000 -1.127336 5.000000 -5.000000 -5.000000 -5.000000 -4.181899 -5.000000 -5.000000
358 -0.8418366360 5.000000 5.000000 -5.000000 -5.000000 5.000000 5.000000 2.452485 -1.513452 -5.000000 -5.000000 5.000000 -5.000000 -5.000000 -5.000000 5.000000
359 -1.0677537057 -5.000000 -5.000000 -5.000000 -5.000000 -5.000000 -5.000000 5.000000 5.000000 -5.000000 -5.000000 -5.000000 -5.000000 5.000000 5.000000 -5.000000
360 -1.0677537057 -5.000000 5.000000 -5.000000 -5.000000 -5.000000 -5.000000 -5.000000 -5.000000 -5.000000 -5.000000 -5.000000 -5.000000 -5.000000 5.000000 -5.000000
361 -1.3418222057 5.000000 -5.000000 -5.000000 5.000000 -5.000000 -2.628870 -3.072125 -5.000000 -5.000000 -5.000000 -5.000000 5.000000 5.000000 5.000000 -5.000000
362 -1.0677537057 -5.000000 -5.000000 -5.000000 -5.000000 5.000000 -5.000000 5.000000 -5.000000 -5.000000 -5.000000 -5.000000 5.000000 5.000000 -5.000000 5.000000
363 -0.9357650330 -1.000192 5.000000 -5.000000 5.000000 -5.000000 -5.000000 -5.000000 -5.000000 -5.000000 -5.000000 -5.000000 5.000000 5.000000 5.000000 5.000000
364 -0.6495194159 -5.000000 5.000000 -5.000000 2.900598 -5.000000 5.000000 5.000000 5.000000 5.000000 -5.000000 -0.481133 5.000000 5.000000 -5.000000 5.000000
365 -0.8909227177 5.000000 5.000000 -5.000000 5.000000 -5.000000 5.000000 5.000000 -5.000000 5.000000 5.000000 4.833097 1.423549 -4.779079 5.000000 -3.522370
366 -1.2015821325 -5.000000 4.158520 5.000000 -5.000000 -5.000000 -0.191169 -5.000000 5.000000 -5.000000 -5.000000 -5.000000 -5.000000 5.000000 -5.000000 5.000000
367 -0.7024322046 -5.000000 -5.000000 5.000000 5.000000 -5.000000 -1.442994 -5.000000 5.000000 -5.000000 -5.000000 -5.000000 5.000000 5.000000 5.000000 -5.000000
368 -0.9939245886 -5.000000 5.000000 -5.000000 -5.000000 -5.000000 -5.000000 5.000000 5.000000 -5.000000 -5.000000 -0.205541 5.000000 5.000000 -5.000000 5.000000
369 -1.0233794790 4.939202 -5.000000 -5.000000 -5.000000 -5.000000 -5.000000 -5.000000 5.000000 -5.000000 5.000000 -5.000000 5.000000 -5.000000 5.000000 5.000000
370 -1.2839842716 5.000000 5.000000 -5.000000 5.000000 -5.000000 -1.894606 -5.000000 -5.000000 -5.000000 -5.000000 -5.000000 -5.000000 5.000000 5.000000 -5.000000
371 -0.6347644455 5.000000 5.000000 -5.000000 -5.000000 -5.000000 5.000000 1.768731 5.000000 -5.000000 5.000000 5.000000 -5.000000 -5.000000 -5.000000 -5.000000
372 -0.5879212544 -5.000000 -2.133764 5.000000 -5.000000 -5.000000 5.000000 -5.000000 5.000000 3.043939 -5.000000 5.000000 -5.000000 5.000000 5.000000 -5.000000
373 -1.1676863006 -5.000000 5.000000 -5.000000 5.000000 -5.000000 -2.501460 -3.123435 -5.000000 5.000000 -5.000000 -5.000000 5.000000 5.000000 -5.000000 5.000000
374 -0.9325405462 5.000000 -5.000000 5.000000 -5.000000 -5.000000 -0.973328 -5.000000 -5.000000 5.000000 -5.000000 -5.000000 -5.000000 -5.000000 5.000000 5.000000
375 -0.6930941050 -5.000000 5.000000 5.000000 5.000000 -5.000000 -1.422666 5.000000 5.000000 -5.000000 5.000000 -5.000000 5.000000 5.000000 -5.000000 -5.000000
376 -0.8065734863 -5.000000 5.000000 5.000000 -5.000000 5.000000 -1.540870 -5.000000 5.000000 5.000000 5.000000 5.000000 5.000000 5.000000 -5.000000 -5.000000
377 -0.8107183182 -5.000000 5.000000 -5.000000 -5.000000 -5.000000 -5.000000 2.420620 5.000000 -5.000000 -5.000000 -5.000000 5.000000 5.000000 -5.000000 5.000000
378 -0.9212184366 -5.000000 5.000000 5.000000 -5.000000 5.000000 5.000000 5.000000 5.000000 -5.000000 -5.000000 5.000000 -0.381471 5.000000 -5.000000 5.000000
379 -0.6589146886 2.639420 2.698430 5.000000 -5.000000 5.000000 5.000000 5.000000 -5.000000 -5.000000 5.000000 5.000000 5.000000 5.000000 0.962440 -5.000000
380 -1.0677537057 -5.000000 5.000000 5.000000 -5.000000 5.000000 -5.000000 5.000000 5.000000 -5.000000 -5.000000 -5.000000 -5.000000 5.000000 5.000000 5.000000
381 0.0627536078 -2.519165 2.649647 -0.325521 -5.000000 -3.997246 2.283380 -4.497510 4.439996 -2.392096 2.542757 1.289090 -5.000000 -1.329852 2.158816 2.272653
382 -0.8593883811 5.000000 -5.000000 5.000000 5.000000 5.000000 -5.000000 -5.000000 5.000000 -5.000000 -5.000000 -5.000000 -0.251331 5.000000 -5.000000 5.000000
383 -1.1395040031 -2.795687 -5.000000 -5.000000 5.000000 -5.000000 -5.000000 -5.000000 -5.000000 -5.000000 5.000000 -5.000000 -1.827139 5.000000 5.000000 -5.000000
384 -1.0677537057 -5.000000 -5.000000 -5.000000 5.000000 5.000000 5.000000 5.000000 -5.000000 -5.000000 -5.000000 -5.000000 5.000000 -5.000000 5.000000 -5.000000
385 -1.0677537057 -5.000000 -5.000000 -5.000000 5.000000 -5.000000 5.000000 5.000000 -5.000000 -5.000000 -5.000000 -5.000000 5.000000 5.000000 -5.000000 -5.000000
386 -0.9884179904 -0.747444 -5.000000 5.000000 5.000000 5.000000 -5.000000 5.000000 -5.000000 1.092708 -5.000000 -5.000000 5.000000 -5.000000 5.000000 -5.000000
387 -1.2296043080 -5.000000 5.000000 5.000000 5.000000 -5.000000 5.000000 -5.000000 -5.000000 -5.000000 -5.000000 -5.000000 -3.501099 5.000000 5.000000 -5.000000
388 -1.0677537057 5.000000 5.000000 5.000000 5.000000 -5.000000 5.000000 -5.000000 -5.000000 5.000000 5.000000 -5.000000 5.000000 -5.000000 -5.000000 5.000000
389 -1.3053700137 5.000000 5.000000 5.000000 -5.000000 -5.000000 -5.000000 -5.000000 -5.000000 -5.000000 -5.000000 -5.000000 -3.385037 5.000000 -5.000000 5.000000
390 -1.0677537057 5.000000 -5.000000 -5.000000 5.000000 -5.000000 -5.000000 -5.000000 -5.000000 5.000000 5.000000 -5.000000 -5.000000 5.000000 5.000000 -5.000000
391 -1.0677537057 -5.000000 5.000000 5.000000 5.000000 -5.000000 5.000000 -5.000000 -5.000000 -5.000000 -5.000000 -5.000000 5.000000 -5.000000 -5.000000 -5.000000
392 -1.0677537057 5.000000 -5.000000 -5.000000 -5.000000 -5.000000 -5.000000 5.000000 -5.000000 -5.000000 5.000000 -5.000000 5.000000 5.000000 -5.000000 -5.000000
393 -1.0677537057 -5.000000 5.000000 5.000000 -5.000000 5.000000 5.000000 -5.000000 5.000000 -5.000000 5.000000 5.000000 -5.000000 -5.000000 5.000000 -5.000000
394 -1.0677537057 5.000000 5.000000 -5.000000 5.000000 -5.000000 -5.000000 5.000000 -5.000000 5.000000 -5.000000 -5.000000 -5.000000 5.000000 -5.000000 -5.000000
395 -1.0677537057 -5.000000 -5.000000 -5.000000 5.000000 5.000000 5.000000 -5.000000 -5.000000 -5.000000 5.000000 5.000000 5.000000 5.000000 -5.000000 -5.000000
396 -1.0677537057 -5.000000 5.000000 5.000000 -5.000000 5.000000 5.000000 5.000000 -5.000000 -5.000000 -5.000000 5.000000 5.000000 5.000000 -5.000000 -5.000000
397 -1.0677537057 -5.000000 5.000000 5.000000 5.000000 5.000000 -5.000000 5.000000 -5.000000 -5.000000 -5.000000 -5.000000 5.000000 5.000000 5.000000 5.000000
398 -0.8457930168 -5.000000 -5.000000 -5.000000 -5.000000 -5.000000 5.000000 5.000000 -5.000000 -5.000000 5.000000 -5.000000 -5.000000 3.035384 5.000000 -5.000000
399 -1.0677537057 -5.000000 -5.000000 5.000000 -5.000000 5.000000 -5.000000 -5.000000 5.000000 -5.000000 5.000000 -5.000000 -5.000000 -5.000000 5.000000 -5.000000
400 -1.0677537057 -5.000000 -5.000000 -5.000000 5.000000 -5.000000 -5.000000 5.000000 -5.000000 5.000000 5.000000 -5.000000 5.000000 -5.000000 -5.000000 5.000000
401 -1.0677537057 -5.000000 5.000000 -5.000000 -5.000000 -5.000000 -5.000000 5.000000 -5.000000 -5.000000 5.000000 -5.000000 -5.000000 -5.000000 -5.000000 5.000000
402 -1.0677537057 5.000000 5.000000 -5.000000 5.000000 -5.000000 5.000000 -5.000000 -5.000000 -5.000000 -5.000000 5.000000 -5.000000 5.000000 -5.000000 -5.000000
403 -1.0137292934 5.000000 -5.000000 5.000000 -5.000000 5.000000 5.000000 -5.000000 -5.000000 -5.000000 -5.000000 -5.000000 -5.000000 -2.336602 5.000000 -5.000000
404 -0.8435905862 5.000000 5.000000 -5.000000 -5.000000 5.000000 5.000000 5.000000 -5.000000 -5.000000 -5.000000 -5.000000 -2.759473 5.000000 5.000000 -5.000000
405 -1.0677537057 -5.000000 -5.000000 5.000000 -5.000000 -5.000000 5.000000 5.000000 -5.000000 5.000000 -5.000000 -5.000000 5.000000 5.000000 5.000000 -5.000000
406 -1.0677537057 -5.000000 -5.000000 -5.000000 5.000000 -5.000000 5.000000 -5.000000 -5.000000 -5.000000 5.000000 -5.000000 5.000000 -5.000000 -5.000000 5.000000
407 -1.0677537057 -5.000000 -5.000000 -5.000000 -5.000000 -5.000000 5.000000 5.000000 5.000000 -5.000000 -5.000000 -5.000000 5.000000 5.000000 -5.000000 5.000000
408 -1.0677537057 -5.000000 5.000000 5.000000 -5.000000 -5.000000 5.000000 5.000000 -5.000000 -5.000000 -5.000000 -5.000000 5.000000 5.000000 -5.000000 5.000000
409 -1.0677537057 5.000000 -5.000000 -5.000000 -5.000000 -5.000000 5.000000 -5.000000 -5.000000 -5.000000 -5.000000 -5.000000 -5.000000 5.000000 -5.000000 -5.000000
410 -1.0677537057 -5.000000 5.000000 5.000000 -5.000000 -5.000000 -5.000000 5.000000 5.000000 -5.000000 5.000000 -5.000000 -5.000000 5.000000 -5.000000 -5.000000
411 -1.0677537057 -5.000000 5.000000 -5.000000 5.000000 -5.000000 -5.000000 5.000000 -5.000000 -5.000000 -5.000000 -5.000000 -5.000000 -5.000000 -5.000000 5.000000
412 -1.0677537057 5.000000 -5.000000 -5.000000 -5.000000 5.000000 -5.000000 5.000000 -5.000000 -5.000000 5.000000 -5.000000 5.000000 5.000000 5.000000 5.000000
413 -1.3845365115 -5.000000 -5.000000 5.000000 5.000000 5.000000 5.000000 5.000000 5.000000 -5.000000 -5.000000 -5.000000 -4.703977 5.000000 -5.000000 -5.000000
414 -1.0677537057 5.000000 5.000000 -5.000000 5.000000 -5.000000 -5.000000 -5.000000 -5.000000 -5.000000 -5.000000 -5.000000 5.000000 5.000000 -5.000000 -5.000000
415 -1.0677537057 -5.000000 -5.000000 5.000000 -5.000000 -5.000000 5.000000 5.000000 -5.000000 5.000000 -5.000000 -5.000000 -5.000000 -5.000000 -5.000000 -5.000000
416 -1.1037386027 -5.000000 5.000000 5.000000 5.000000 5.000000 5.000000 5.000000 5.000000 -2.302034 -5.000000 -5.000000 5.000000 5.000000 -5.000000 5.000000
417 -0.7718322026 5.000000 5.000000 -5.000000 -5.000000 -5.000000 -5.000000 5.000000 -5.000000 5.000000 -5.000000 0.390613 5.000000 -5.000000 -5.000000 5.000000
418 -0.7928844851 5.000000 5.000000 -5.000000 -5.000000 0.596583 -5.000000 -5.000000 5.000000 5.000000 5.000000 5.000000 -5.000000 5.000000 5.000000 -5.000000
419 -1.0677537057 -5.000000 -5.000000 5.000000 5.000000 -5.000000 5.000000 -5.000000 -5.000000 -5.000000 5.000000 5.000000 -5.000000 5.000000 -5.000000 -5.000000
420 -0.8851281691 5.000000 5.000000 5.000000 -5.000000 -5.000000 -1.254665 -3.024127 5.000000 -5.000000 -5.000000 -5.000000 -5.000000 5.000000 0.670083 5.000000
421 -1.1048774040 -5.000000 -5.000000 5.000000 -5.000000 5.000000 -5.000000 -5.000000 5.000000 5.000000 -5.000000 -1.482727 5.000000 -5.000000 -5.000000 -5.000000
422 -1.0503902506 5.000000 5.000000 5.000000 -5.000000 -5.000000 -2.098094 -5.000000 5.000000 -5.000000 -5.000000 5.000000 5.000000 -5.000000 -5.000000 -5.000000
423 -0.4463251455 -5.000000 -5.000000 5.000000 5.000000 0.309831 -5.000000 5.000000 5.000000 -5.000000 -5.000000 -5.000000 -5.000000 5.000000 -5.000000 -5.000000
424 2.1582584444 -5.000000 2.592622 3.607186 2.635840 0.334012 3.009744 -2.585608 -5.000000 -1.535179 -0.694920 -2.691243 -1.495571 -0.329712 1.396031 3.383663
425 -1.0677537057 -5.000000 -5.000000 -5.000000 -5.000000 -5.000000 -5.000000 -5.000000 5.000000 -5.000000 -5.000000 -5.000000 5.000000 -5.000000 -5.000000 -5.000000
426 -1.0766156995 3.446183 -5.000000 5.000000 -5.000000 5.000000 -5.000000 5.000000 -5.000000 -5.000000 5.000000 5.000000 5.000000 5.000000 -5.000000 5.000000
427 -0.4220296958 -5.000000 -0.985266 5.000000 -0.231770 -0.626096 -5.000000 -5.000000 -1.697498 -4.361888 -5.000000 -5.000000 5.000000 -0.153885 -5.000000 -3.281484
428 -1.0677537057 5.000000 5.000000 5.000000 -5.000000 -5.000000 -5.000000 5.000000 -5.000000 -5.000000 5.000000 -5.000000 5.000000 -5.000000 -5.000000 -5.000000
429 -1.0677537057 -5.000000 -5.000000 5.000000 5.000000 -5.000000 5.000000 5.000000 -5.000000 -5.000000 -5.000000 5.000000 -5.000000 5.000000 5.000000 -5.000000
430 -1.0677537057 -5.000000 -5.000000 5.000000 5.000000 5.000000 -5.000000 5.000000 -5.000000 -5.000000 -5.000000 5.000000 -5.000000 5.000000 -5.000000 5.000000
431 -0.6594825939 1.400005 -5.000000 5.000000 -5.000000 5.000000 -5.000000 -5.000000 5.000000 -5.000000 -5.000000 -5.000000 5.000000 5.000000 -5.000000 -5.000000
432 0.5257858071 4.893192 2.847495 2.411741 -5.000000 -2.238670 2.730343 -3.439447 -5.000000 -5.000000 -2.513295 5.000000 -5.000000 3.694364 0.056955 0.858673
433 -1.0677537057 -5.000000 5.000000 5.000000 -5.000000 5.000000 5.000000 -5.000000 -5.000000 -5.000000 -5.000000 -5.000000 -5.000000 -5.000000 5.000000 -5.000000
434 -1.0677537057 -5.000000 -5.000000 -5.000000 -5.000000 5.000000 -5.000000 -5.000000 -5.000000 5.000000 5.000000 -5.000000 -5.000000 5.000000 5.000000 -5.000000
435 -1.0677537057 -5.000000 -5.000000 -5.000000 -5.000000 -5.000000 -5.000000 -5.000000 -5.000000 -5.000000 -5.000000 -5.000000 5.000000 5.000000 5.000000 -5.000000
436 -0.6477708697 -5.000000 -1.134698 -5.000000 -5.000000 -5.000000 5.000000 5.000000 5.000000 2.692301 5.000000 5.000000 2.808338 -5.000000 5.000000 2.642738
437 -1.0677537057 5.000000 -5.000000 5.000000 -5.000000 5.000000 -5.000000 -5.000000 -5.000000 -5.000000 5.000000 -5.000000 5.000000 -5.000000 5.000000 -5.000000
438 -1.0677537057 -5.000000 -5.000000 5.000000 -5.000000 -5.000000 -5.000000 5.000000 5.000000 -5.000000 5.000000 -5.000000 5.000000 -5.000000 -5.000000 5.000000
439 -0.7881065282 -5.000000 5.000000 5.000000 5.000000 5.000000 -5.000000 -5.000000 -5.000000 2.799554 -5.000000 5.000000 -5.000000 -5.000000 -5.000000 -5.000000
440 -1.0677537057 -5.000000 -5.000000 -5.000000 -5.000000 5.000000 -5.000000 5.000000 5.000000 -5.000000 5.000000 5.000000 5.000000 -5.000000 5.000000 -5.000000
441 -1.0677537057 -5.000000 5.000000 -5.000000 5.000000 -5.000000 -5.000000 -5.000000 5.000000 -5.000000 -5.000000 -5.000000 -5.000000 -5.000000 5.000000 -5.000000
442 -0.1329924697 2.266030 -4.481816 -4.035109 -3.970073 3.834139 5.000000 4.462091 -4.673898 -1.384022 -3.191788 -5.000000 5.000000 1.646288 1.258685 -1.690337
443 -1.0677537057 -5.000000 5.000000 -5.000000 5.000000 -5.000000 5.000000 5.000000 -5.000000 -5.000000 5.000000 -5.000000 5.000000 5.000000 -5.000000 -5.000000
444 -0.7715513702 -5.000000 -5.000000 5.000000 5.000000 5.000000 -5.000000 5.000000 5.000000 -2.584431 5.000000 -5.000000 5.000000 5.000000 -5.000000 5.000000
445 -1.0677537057 -5.000000 5.000000 5.000000 -5.000000 -5.000000 5.000000 5.000000 5.000000 -5.000000 -5.000000 -5.000000 5.000000 -5.000000 5.000000 -5.000000
446 0.4486355481 1.618981 1.270143 4.482975 -3.470320 -5.000000 -1.981117 3.517691 4.987889 -2.456387 1.857796 -1.269536 -5.000000 -2.197693 5.000000 -4.792472
447 -1.0682296943 5.000000 5.000000 5.000000 -5.000000 -5.000000 5.000000 -5.000000 5.000000 4.999591 -5.000000 -5.000000 -5.000000 -5.000000 -5.000000 5.000000
448 -1.0677537057 -5.000000 -5.000000 5.000000 -5.000000 5.000000 -5.000000 -5.000000 5.000000 5.000000 -5.000000 -5.000000 -5.000000 -5.000000 -5.000000 5.000000
449 -0.5804216903 -3.958903 -0.095705 -5.000000 5.000000 -5.000000 -5.000000 -5.000000 -5.000000 5.000000 5.000000 5.000000 -2.060787 5.000000 -5.000000 -5.000000
450 -0.4011780321 0.855054 -5.000000 5.000000 5.000000 -5.000000 -5.000000 -5.000000 -5.000000 -5.000000 5.000000 -5.000000 -2.395131 -5.000000 -5.000000 -5.000000
