evaluations raw_y x0 x1 x2 x3 x4
1 3.4858763597 1.291915 -0.020157 4.377348 -3.507236 -3.088459
2 3.5691021619 1.779612 1.559696 3.138589 -2.047537 -4.582905
3 3.6632141395 1.750570 2.872282 4.783099 -3.798000 -3.275824
4 3.6016811309 1.473582 1.489420 4.405464 -3.325775 -3.045521
5 3.5187842880 2.435090 0.105921 3.750950 -3.823052 -3.648108
6 3.4478072582 -0.448527 -0.841943 4.383642 -3.355041 -3.413570
7 3.7170207763 4.078830 2.682859 4.548848 -4.003332 -4.285359
8 3.5089780435 -0.160072 0.131860 4.080827 -2.306586 -3.436106
9 3.5136363686 1.924177 -0.700663 3.215904 -2.200748 -3.460526
10 3.4674042989 -0.483926 -0.631121 4.976485 -1.988775 -4.122250
11 4.2882303200 -0.479679 -1.237703 3.275811 -4.914108 -2.163394
12 3.6638939520 2.100932 1.523049 2.754197 -1.588109 -2.458860
13 3.4218685613 -0.948606 -0.056581 3.290534 -3.430491 -3.001262
14 3.5030373350 0.337118 0.187133 4.997071 -3.077205 -3.864229
15 3.5436165984 1.753929 1.042548 3.156740 -2.005655 -3.996062
16 3.5162369741 1.447693 -1.594293 4.970221 -2.027594 -2.877228
17 4.3012133800 -1.937631 -1.038028 2.232064 -4.161004 -2.154799
18 3.4227440179 -0.058343 -0.372705 1.186998 -2.766127 -3.547353
19 3.5673817133 0.016136 0.440788 3.548202 -0.271438 -3.692654
20 4.5080297600 -1.249469 1.861862 3.471330 -4.469135 -4.971898
21 3.5101533946 -0.705590 1.604083 4.506954 -3.000640 -4.381907
22 3.4532217734 -1.715229 -1.233363 3.991424 -2.065534 -3.859541
23 3.4353700301 -1.409103 0.088044 3.015397 -2.607953 -4.146391
24 3.4680174106 -0.991479 0.497995 3.623012 -2.929783 -4.678891
25 3.4813286093 -0.421515 -0.016257 2.898391 -1.351730 -2.562474
26 4.3793292800 -0.815538 2.944658 1.854090 -1.962081 -4.916165
27 4.3783786200 0.474249 -3.753358 0.853612 -3.076520 -3.444270
28 4.3424341600 -1.211292 -1.050141 3.277451 -3.478845 -3.888244
29 4.2639355600 -2.103279 1.825721 2.446825 -2.931800 -4.160085
30 3.4185234989 0.001405 0.333710 2.153261 -3.295662 -3.972783
31 3.5414875469 1.862044 -0.456173 3.224123 -2.960162 -2.433225
32 4.5752547200 -2.544241 -0.118971 3.441595 -2.706154 -4.752221
33 4.7119219400 -0.365373 -1.130825 3.384211 -4.044882 -4.827656
34 3.4911940723 -0.512428 -0.467705 3.327016 -2.369620 -2.254515
35 3.5045775706 0.482536 1.585880 2.396452 -3.690317 -4.227330
36 4.3328539200 -0.602778 -1.881768 1.743062 -2.248581 -4.557035
37 3.4370881114 -1.937906 -0.899902 3.680724 -2.223476 -4.053175
38 4.2790446000 1.457266 -1.670232 4.798964 -3.663592 -4.631458
39 3.4519040352 -2.179815 0.357605 3.125794 -3.109828 -0.764681
40 3.4353450432 0.649824 -0.210036 1.841865 -3.182036 -4.464531
41 4.3187121200 -1.326474 -1.045955 1.583869 -2.415395 -4.654981
42 3.4836856704 -1.540472 1.463353 3.846123 -4.077481 -3.653930
43 3.4910385523 0.284431 0.985137 2.947670 -2.638730 -4.215176
44 3.3994109203 -1.058805 -1.328679 1.154247 -2.833872 -3.021500
45 4.3850141400 -0.710590 -0.661023 1.717429 -4.907096 -4.323291
46 3.4164745229 0.057878 -0.757744 2.168700 -2.707787 -3.993918
47 4.2919272200 0.816266 -0.577059 4.077817 -3.682296 -4.649797
48 3.4104955219 -0.654408 -0.568463 1.703893 -2.500905 -4.422252
49 4.4987438200 -1.803012 -1.087329 -1.599808 -1.966983 -4.624228
50 3.4540258637 0.006727 -0.917726 4.552711 -4.071470 -2.202673
51 4.3676318600 -1.152093 0.304553 -0.603359 -2.976740 -3.884465
52 4.5591793200 -1.580536 -2.400011 -2.749581 -2.651685 -3.711320
53 4.9069671400 -0.932901 0.852458 -1.511491 -3.947610 -4.959195
54 3.5092970496 -0.435813 0.602127 4.933935 -3.105381 -2.961807
55 4.3521873200 -3.141863 -0.679686 1.681091 -3.811326 -2.650336
56 3.4872069542 -0.115034 -0.371553 4.852022 -2.297784 -3.046468
57 3.4377195226 0.132886 -0.027934 3.402948 -4.378778 -1.359879
58 3.5248637722 1.421618 0.274437 3.488548 -3.884591 -1.291048
59 3.4608266323 -0.401933 -0.140512 4.018574 -4.951539 -0.191716
60 4.3644606000 -0.807356 -1.841945 3.406869 -4.998944 -2.540180
61 3.5329572922 -0.868964 1.293378 4.058388 -4.615125 -2.002495
62 3.4801433050 0.598203 -0.994659 2.698324 -2.899585 -1.504486
63 3.5397338342 -0.147031 1.078459 4.989871 -3.256767 -1.762049
64 3.4905183034 0.730927 0.363691 3.722912 -3.866268 -4.333085
65 3.4808729184 0.082646 -0.823141 4.906200 -3.116310 -2.770207
66 3.4840043482 -0.137976 -0.824308 4.675069 -2.850081 -2.259569
67 3.5018834630 -0.566494 -1.400024 4.685930 -4.171651 0.013616
68 3.5145637862 1.375418 0.317100 2.601060 -3.799454 -2.386904
69 3.5018750131 1.067577 -0.033943 4.999476 -3.482204 -0.341222
70 3.3941682202 0.283309 -0.267531 0.951431 -3.573897 -0.860863
71 3.5058592454 0.728230 -1.427333 3.434041 -2.729458 -0.672560
72 3.5176716288 -0.834266 0.411993 4.690487 -2.625576 -1.712444
73 3.4711250112 0.609821 -0.397293 3.793754 -3.495690 -2.277000
74 3.4924827629 2.185780 -0.775639 1.034544 -4.274383 -1.389566
75 3.4342669958 0.839565 -1.944904 1.592136 -2.988448 -2.208101
76 3.4489937894 0.987839 -0.249844 0.223071 -4.957918 0.224628
77 3.4423730266 2.273202 -1.170976 -0.484152 -4.995361 -2.507269
78 3.4966694477 -1.414526 -0.577647 4.937916 -2.100543 -1.199037
79 4.2700084400 -2.959255 -0.545749 4.720627 -3.345408 -0.774374
80 3.5049165696 -1.378450 0.013503 0.727611 -2.356686 0.409068
81 3.4922533882 4.583260 -3.081578 0.942198 -4.658872 -2.465916
82 3.4572289709 0.532360 -0.807921 2.390143 -2.986393 -2.103625
83 3.3948461318 2.167065 -0.820975 -2.305603 -3.998379 -2.653326
84 4.6694329600 1.975522 -3.456182 -4.590554 -4.171246 0.227714
85 3.4199439149 2.121199 -1.093503 -2.054012 -3.472991 -2.095472
86 4.6902454800 -0.802474 -3.727919 -4.313540 -1.665440 -1.750965
87 3.4669874707 -0.552236 -0.262145 0.068504 -3.425868 0.778726
88 3.4032678336 -0.868260 -2.523968 1.994755 -2.958348 -1.048664
89 4.3803579200 -2.301801 -0.746717 1.783030 -3.931186 -3.042525
90 3.5301344141 2.766360 -2.994157 2.742278 -2.396612 -1.987984
91 3.4719356333 1.688094 -1.359100 3.341003 -4.531375 -3.450875
92 4.5655254200 1.777751 -4.070847 -3.456503 -3.928892 -1.979997
93 4.6522965200 -1.428368 -1.884087 -3.954287 -3.738129 -0.846324
94 3.5062532467 4.636019 -0.583178 0.978728 -4.424226 -3.453537
95 4.2914738600 1.784704 -1.434333 -0.358834 -4.136222 -4.033354
96 3.4462736237 2.643718 -2.644266 -1.409670 -3.730467 -2.694714
97 4.5098841800 2.067398 -2.444098 -4.483008 -4.899597 -2.019336
98 3.5065813766 3.590512 -2.249232 1.833012 -3.844947 -3.761014
99 3.4849536595 4.273723 -1.399137 -0.586582 -4.491347 -1.211800
100 3.4864134739 3.029545 -0.487069 -0.114372 -4.709190 -1.095447
101 3.4889629651 1.913703 -1.662106 2.954265 -4.944679 -1.754917
102 3.5488935302 3.030144 -2.560639 4.528600 -2.690422 -3.777487
103 3.4336985357 2.792326 -2.166313 -3.232026 -4.990849 0.290354
104 3.4118375558 2.604147 -1.517850 -1.580391 -4.086524 -2.527439
105 3.5409414643 1.645342 0.260172 -2.562340 -4.346662 1.337957
106 3.5244043142 3.895447 0.390962 -2.423866 -3.507561 -0.848701
107 4.4073132200 1.399947 -3.715110 -0.705001 -2.907324 -2.267827
108 3.4532522208 4.453699 -1.017120 -2.217386 -4.258989 -1.692139
109 3.4701702048 3.027293 -1.649658 -0.132686 -4.894803 -1.421138
110 3.4236105581 2.844050 -2.796228 -3.223941 -4.376136 0.092743
111 3.4142377133 1.043799 -1.415004 1.981457 -2.990967 -4.081722
112 4.3672600200 0.516769 -0.923237 0.093064 -3.714375 -4.122125
113 4.3063793800 3.582411 -2.496964 -4.612613 -4.617197 1.475201
114 3.4751045779 2.420565 -2.142895 2.427403 -4.336710 -3.490771
115 3.4561881274 3.247095 -2.151280 -2.228408 -3.928367 -1.269519
116 3.4426284250 1.233737 -1.754418 0.997572 -1.331596 -2.921959
117 4.3562191200 1.210814 -0.433542 -1.263308 -4.432506 -2.275674
118 3.4285063450 -0.320562 -1.057380 1.678617 -2.247569 -2.370476
119 3.4156060992 1.466328 -1.814409 -0.952920 -2.327091 -3.820559
120 3.4615613434 1.496990 -1.703933 0.392702 -2.622578 -1.162991
121 3.3905997619 2.285879 -0.791310 -4.228416 -2.510649 -2.813331
122 3.4156289606 -1.310273 -0.799913 0.949452 -1.144673 -3.568980
123 3.4450815802 0.396273 -1.408054 3.115346 -2.238062 -4.515599
124 3.4425397958 2.710652 -2.640358 -1.117606 -2.282170 -4.564325
125 4.2942946000 0.236523 -1.423392 -0.550974 -1.758594 -4.193023
126 4.3014757600 0.700659 -2.077691 0.988753 -3.232630 -1.253428
127 3.4084796371 2.260927 -1.896542 -2.862009 -3.111621 -1.267673
128 3.4368019373 -0.227269 -0.072053 0.026458 -1.141242 -2.787226
129 3.4099881638 0.939661 0.470861 -0.864250 -2.405927 -3.911553
130 4.3143370000 0.055265 -1.021166 -1.923330 -1.596275 -1.380456
131 3.4889258304 4.209514 -2.329855 -2.621993 -1.973472 -2.933492
132 3.4680929414 4.359377 -1.620705 -1.324804 -4.030441 -2.528125
133 3.4336758989 0.235959 -2.031501 0.472956 -0.581798 -2.463829
134 3.4522081632 2.109471 -3.599078 -0.648020 -2.168231 -2.531151
135 3.4205266829 1.423814 -1.805698 -2.253389 -1.019393 -2.196183
136 4.7757644800 3.068855 -1.875341 -4.999721 -2.728214 -4.077816
137 4.7390137000 1.771409 0.016207 -4.795204 -1.709459 -1.899731
138 3.5308297786 3.818648 1.104249 -2.389055 -3.061836 -3.074811
139 3.3944530291 0.697656 -0.598156 -0.618147 -2.550914 -3.956861
140 3.4869571891 0.150063 -0.224960 0.715013 -0.614621 -3.753644
141 4.3951718000 1.682198 -2.092366 2.828351 -2.675765 -4.769512
142 4.6556321800 1.895834 0.368753 -4.995636 -3.187391 -2.368433
143 3.4578640627 1.946962 -2.972583 -0.523902 -2.176323 -2.982591
144 4.2961584600 1.176472 -0.527271 -2.148341 -2.143616 -1.866026
145 3.3955691616 2.214385 -2.337599 -2.773973 -2.875610 -3.528737
146 4.3233387800 1.277924 -0.454580 -2.176525 -1.685111 -4.251405
147 4.2768505400 1.096693 -1.720372 -0.841374 -2.529082 -2.478169
148 4.7404546400 2.955564 -2.182160 -4.850593 -1.694801 -3.177221
149 3.4234553318 3.019089 -0.457210 -3.101131 -3.880769 -1.756610
150 3.3870371270 2.530229 -0.527143 -4.231281 -3.482574 -2.752196
151 3.4424453606 1.436570 0.177980 -3.197499 -0.980815 -2.815801
152 3.4065168883 1.389380 -0.772764 -1.260466 -2.704514 -0.730558
153 3.4067816179 2.297296 -1.076603 -3.343606 -3.214529 -2.643944
