evaluations raw_y x0 x1 x2 x3 x4 x5 x6 x7 x8 x9 x10 x11 x12 x13 x14
1 3.2653535931 -0.248928 0.248928 0.248928 -0.248928 -0.248928 0.248928 -0.248928 -0.248928 0.248928 -0.248928 0.248928 -0.248928 0.248928 -0.248928 -0.248928
2 2.9781934667 0.601231 -0.601231 -0.601231 0.601231 0.601231 -0.601231 0.601231 0.601231 -0.601231 0.601231 -0.601231 0.601231 -0.601231 0.601231 0.601231
3 1.8934091148 4.877833 -4.877833 -4.877833 4.877833 4.877833 -4.877833 4.877833 4.877833 -4.877833 4.877833 -4.877833 4.877833 -4.877833 4.877833 4.877833
4 1.6742119847 -4.605106 4.605106 4.605106 -4.605106 -4.605106 4.605106 -4.605106 -4.605106 4.605106 -4.605106 4.605106 -4.605106 4.605106 -4.605106 -4.605106
5 1.8662514689 -2.540968 2.540968 2.540968 -2.540968 -2.540968 2.540968 -2.540968 -2.540968 2.540968 -2.540968 2.540968 -2.540968 2.540968 -2.540968 -2.540968
6 1.8060530664 2.820915 -2.820915 -2.820915 2.820915 2.820915 -2.820915 2.820915 2.820915 -2.820915 2.820915 -2.820915 2.820915 -2.820915 2.820915 2.820915
7 1.8991415747 2.326088 -2.326088 -2.326088 2.326088 2.326088 -2.326088 2.326088 2.326088 -2.326088 2.326088 -2.326088 2.326088 -2.326088 2.326088 2.326088
8 1.9810008094 -1.981064 1.981064 1.981064 -1.981064 -1.981064 1.981064 -1.981064 -1.981064 1.981064 -1.981064 1.981064 -1.981064 1.981064 -1.981064 -1.981064
9 2.1076683725 -1.701131 1.701131 1.701131 -1.701131 -1.701131 1.701131 -1.701131 -1.701131 1.701131 -1.701131 1.701131 -1.701131 1.701131 -1.701131 -1.701131
10 2.2767631090 1.356181 -1.356181 -1.356181 1.356181 1.356181 -1.356181 1.356181 1.356181 -1.356181 1.356181 -1.356181 1.356181 -1.356181 1.356181 1.356181
11 1.8112390677 3.166006 -3.166006 -3.166006 3.166006 3.166006 -3.166006 3.166006 3.166006 -3.166006 3.166006 -3.166006 3.166006 -3.166006 3.166006 3.166006
12 1.7490213746 -3.446027 3.446027 3.446027 -3.446027 -3.446027 3.446027 -3.446027 -3.446027 3.446027 -3.446027 3.446027 -3.446027 3.446027 -3.446027 -3.446027
13 1.7188167356 -4.252870 4.252870 4.252870 -4.252870 -4.252870 4.252870 -4.252870 -4.252870 4.252870 -4.252870 4.252870 -4.252870 4.252870 -4.252870 -4.252870
14 1.8138814814 3.980218 -3.980218 -3.980218 3.980218 3.980218 -3.980218 3.980218 3.980218 -3.980218 3.980218 -3.980218 3.980218 -3.980218 3.980218 3.980218
15 2.6861486502 0.873970 -0.873970 -0.873970 0.873970 0.873970 -0.873970 0.873970 0.873970 -0.873970 0.873970 -0.873970 0.873970 -0.873970 0.873970 0.873970
16 2.3887926797 -1.226348 1.226348 1.226348 -1.226348 -1.226348 1.226348 -1.226348 -1.226348 1.226348 -1.226348 1.226348 -1.226348 1.226348 -1.226348 -1.226348
17 2.9988973280 -0.714216 0.714216 0.714216 -0.714216 -0.714216 0.714216 -0.714216 -0.714216 0.714216 -0.714216 0.714216 -0.714216 0.714216 -0.714216 -0.714216
18 2.5964959925 1.072382 -1.072382 -1.072382 1.072382 1.072382 -1.072382 1.072382 1.072382 -1.072382 1.072382 -1.072382 1.072382 -1.072382 1.072382 1.072382
19 1.7950443788 4.093106 -4.093106 -4.093106 4.093106 4.093106 -4.093106 4.093106 4.093106 -4.093106 4.093106 -4.093106 4.093106 -4.093106 4.093106 4.093106
20 1.7474574419 -3.826261 3.826261 3.826261 -3.826261 -3.826261 3.826261 -3.826261 -3.826261 3.826261 -3.826261 3.826261 -3.826261 3.826261 -3.826261 -3.826261
21 1.7572737441 -3.324540 3.324540 3.324540 -3.324540 -3.324540 3.324540 -3.324540 -3.324540 3.324540 -3.324540 3.324540 -3.324540 3.324540 -3.324540 -3.324540
22 1.8024095043 3.598772 -3.598772 -3.598772 3.598772 3.598772 -3.598772 3.598772 3.598772 -3.598772 3.598772 -3.598772 3.598772 -3.598772 3.598772 3.598772
23 1.9979416108 1.859674 -1.859674 -1.859674 1.859674 1.859674 -1.859674 1.859674 1.859674 -1.859674 1.859674 -1.859674 1.859674 -1.859674 1.859674 1.859674
24 2.1993310564 -1.508917 1.508917 1.508917 -1.508917 -1.508917 1.508917 -1.508917 -1.508917 1.508917 -1.508917 1.508917 -1.508917 1.508917 -1.508917 -1.508917
25 1.8744216123 -2.484632 2.484632 2.484632 -2.484632 -2.484632 2.484632 -2.484632 -2.484632 2.484632 -2.484632 2.484632 -2.484632 2.484632 -2.484632 -2.484632
26 1.9872937000 2.133800 -2.133800 -2.133800 2.133800 2.133800 -2.133800 2.133800 2.133800 -2.133800 2.133800 -2.133800 2.133800 -2.133800 2.133800 2.133800
27 1.8130235581 2.699502 -2.699502 -2.699502 2.699502 2.699502 -2.699502 2.699502 2.699502 -2.699502 2.699502 -2.699502 2.699502 -2.699502 2.699502 2.699502
28 1.7707847904 -2.973660 2.973660 2.973660 -2.973660 -2.973660 2.973660 -2.973660 -2.973660 2.973660 -2.973660 2.973660 -2.973660 2.973660 -2.973660 -2.973660
29 1.6952652601 -4.718068 4.718068 4.718068 -4.718068 -4.718068 4.718068 -4.718068 -4.718068 4.718068 -4.718068 4.718068 -4.718068 4.718068 -4.718068 -4.718068
30 1.7997008991 4.451150 -4.451150 -4.451150 4.451150 4.451150 -4.451150 4.451150 4.451150 -4.451150 4.451150 -4.451150 4.451150 -4.451150 4.451150 4.451150
31 3.3042559439 0.089173 -0.089173 -0.089173 0.089173 0.089173 -0.089173 0.089173 0.089173 -0.089173 0.089173 -0.089173 0.089173 -0.089173 0.089173 0.089173
32 3.1459632284 -0.447266 0.447266 0.447266 -0.447266 -0.447266 0.447266 -0.447266 -0.447266 0.447266 -0.447266 0.447266 -0.447266 0.447266 -0.447266 -0.447266
33 3.1034107113 -0.551002 0.551002 0.551002 -0.551002 -0.551002 0.551002 -0.551002 -0.551002 0.551002 -0.551002 0.551002 -0.551002 0.551002 -0.551002 -0.551002
34 3.3103048627 0.278369 -0.278369 -0.278369 0.278369 0.278369 -0.278369 0.278369 0.278369 -0.278369 0.278369 -0.278369 0.278369 -0.278369 0.278369 0.278369
35 1.8247992655 4.554934 -4.554934 -4.554934 4.554934 4.554934 -4.554934 4.554934 4.554934 -4.554934 4.554934 -4.554934 4.554934 -4.554934 4.554934 4.554934
36 1.6988495469 -4.907292 4.907292 4.907292 -4.907292 -4.907292 4.907292 -4.907292 -4.907292 4.907292 -4.907292 4.907292 -4.907292 4.907292 -4.907292 -4.907292
37 1.7743794958 -2.862563 2.862563 2.862563 -2.862563 -2.862563 2.862563 -2.862563 -2.862563 2.862563 -2.862563 2.862563 -2.862563 2.862563 -2.862563 -2.862563
38 1.9204747460 2.517594 -2.517594 -2.517594 2.517594 2.517594 -2.517594 2.517594 2.517594 -2.517594 2.517594 -2.517594 2.517594 -2.517594 2.517594 2.517594
39 2.0237736873 2.022731 -2.022731 -2.022731 2.022731 2.022731 -2.022731 2.022731 2.022731 -2.022731 2.022731 -2.022731 2.022731 -2.022731 2.022731 2.022731
40 1.8935290255 -2.302772 2.302772 2.302772 -2.302772 -2.302772 2.302772 -2.302772 -2.302772 2.302772 -2.302772 2.302772 -2.302772 2.302772 -2.302772 -2.302772
41 2.3517815964 -1.397846 1.397846 1.397846 -1.397846 -1.397846 1.397846 -1.397846 -1.397846 1.397846 -1.397846 1.397846 -1.397846 1.397846 -1.397846 -1.397846
42 2.1981002600 1.677812 -1.677812 -1.677812 1.677812 1.677812 -1.677812 1.677812 1.677812 -1.677812 1.677812 -1.677812 1.677812 -1.677812 1.677812 1.677812
43 1.8189200117 3.487673 -3.487673 -3.487673 3.487673 3.487673 -3.487673 3.487673 3.487673 -3.487673 3.487673 -3.487673 3.487673 -3.487673 3.487673 3.487673
44 1.7749341588 -3.142630 3.142630 3.142630 -3.142630 -3.142630 3.142630 -3.142630 -3.142630 3.142630 -3.142630 3.142630 -3.142630 3.142630 -3.142630 -3.142630
45 1.7454668073 -3.930044 3.930044 3.930044 -3.930044 -3.930044 3.930044 -3.930044 -3.930044 3.930044 -3.930044 3.930044 -3.930044 3.930044 -3.930044 -3.930044
46 1.8073948290 -4.998793 4.998793 4.998793 -4.998793 -4.998793 4.998793 -4.998793 -4.998793 4.998793 -4.998793 4.998793 -4.998793 4.998793 -4.998793 -4.998793
47 1.6977979891 -4.806019 4.806019 4.806019 -4.806019 -4.806019 4.806019 -4.806019 -4.806019 4.806019 -4.806019 4.806019 -4.806019 4.806019 -4.806019 -4.806019
48 1.7005571423 -4.420546 4.420546 4.420546 -4.420546 -4.420546 4.420546 -4.420546 -4.420546 4.420546 -4.420546 4.420546 -4.420546 4.420546 -4.420546 -4.420546
49 1.6742119847 -4.640356 4.640356 4.640356 -4.640356 -4.640356 4.640356 -4.640356 -4.640356 4.640356 -4.640356 4.640356 -4.640356 4.640356 -4.640356 -4.640356
50 1.6742119847 -4.665725 4.665725 4.665725 -4.665725 -4.665725 4.665725 -4.665725 -4.665725 4.665725 -4.665725 4.665725 -4.665725 4.665725 -4.665725 -4.665725
51 1.6860515883 -4.536128 4.536128 4.536128 -4.536128 -4.536128 4.536128 -4.536128 -4.536128 4.536128 -4.536128 4.536128 -4.536128 4.536128 -4.536128 -4.536128
52 1.6884642232 -4.514957 4.514957 4.514957 -4.514957 -4.514957 4.514957 -4.514957 -4.514957 4.514957 -4.514957 4.514957 -4.514957 4.514957 -4.514957 -4.514957
53 1.6742119847 -4.595713 4.595713 4.595713 -4.595713 -4.595713 4.595713 -4.595713 -4.595713 4.595713 -4.595713 4.595713 -4.595713 4.595713 -4.595713 -4.595713
54 1.6742119847 -4.594906 4.594906 4.594906 -4.594906 -4.594906 4.594906 -4.594906 -4.594906 4.594906 -4.594906 4.594906 -4.594906 4.594906 -4.594906 -4.594906
55 2.1842213238 -1.542465 1.542465 0.737421 -1.324804 -1.542465 0.737421 -1.324804 -1.324804 1.324804 -0.737421 1.542465 -1.324804 0.737421 -0.737421 -1.542465
56 1.9637554314 -4.917613 4.917613 -4.387972 2.219491 -4.917613 -4.387972 2.219491 2.219491 -2.219491 4.387972 4.917613 2.219491 -4.387972 4.387972 -4.917613
57 1.9552626456 -4.969858 4.969858 -4.762723 -4.885679 -4.969858 -4.762723 -4.885679 -4.885679 4.885679 4.762723 4.969858 -4.885679 -4.762723 4.762723 -4.969858
58 1.6983592287 -4.630914 4.630914 4.923802 -4.872969 -4.630914 4.923802 -4.872969 -4.872969 4.872969 -4.923802 4.630914 -4.872969 4.923802 -4.923802 -4.630914
59 1.8289358122 -4.998678 4.998678 2.630995 -4.528909 -4.998678 2.630995 -4.528909 -4.528909 4.528909 -2.630995 4.998678 -4.528909 2.630995 -2.630995 -4.998678
60 1.8633804579 4.889660 -4.889660 2.349898 -4.741107 4.889660 2.349898 -4.741107 -4.741107 4.741107 -2.349898 -4.889660 -4.741107 2.349898 -2.349898 4.889660
61 1.8412827653 -4.556508 4.556508 0.805936 -0.399117 -4.556508 0.805936 -0.399117 -0.399117 0.399117 -0.805936 4.556508 -0.399117 0.805936 -0.805936 -4.556508
62 1.6939097176 -4.563477 4.563477 4.955006 -4.871493 -4.563477 4.955006 -4.871493 -4.871493 4.871493 -4.955006 4.563477 -4.871493 4.955006 -4.955006 -4.563477
63 1.8195149075 -4.988121 4.988121 4.691335 -4.443689 -4.988121 4.691335 -4.443689 -4.443689 4.443689 -4.691335 4.988121 -4.443689 4.691335 -4.691335 -4.988121
64 1.7223761006 -3.725693 3.725693 3.749475 -4.484266 -3.725693 3.749475 -4.484266 -4.484266 4.484266 -3.749475 3.725693 -4.484266 3.749475 -3.749475 -3.725693
65 1.7032564358 -3.699560 3.699560 4.965092 -4.532906 -3.699560 4.965092 -4.532906 -4.532906 4.532906 -4.965092 3.699560 -4.532906 4.965092 -4.965092 -3.699560
66 1.8140330041 -4.988757 4.988757 3.890770 -4.564551 -4.988757 3.890770 -4.564551 -4.564551 4.564551 -3.890770 4.988757 -4.564551 3.890770 -3.890770 -4.988757
67 1.7421335032 -4.459913 4.459913 1.910443 -4.621274 -4.459913 1.910443 -4.621274 -4.621274 4.621274 -1.910443 4.459913 -4.621274 1.910443 -1.910443 -4.459913
68 1.6926534479 -4.463421 4.463421 4.967666 -4.639068 -4.463421 4.967666 -4.639068 -4.639068 4.639068 -4.967666 4.463421 -4.639068 4.967666 -4.967666 -4.463421
69 1.6803865611 -4.270595 4.270595 4.598567 -4.666284 -4.270595 4.598567 -4.666284 -4.666284 4.666284 -4.598567 4.270595 -4.666284 4.598567 -4.598567 -4.270595
70 1.6780959107 -4.333957 4.333957 4.582551 -4.569912 -4.333957 4.582551 -4.569912 -4.569912 4.569912 -4.582551 4.333957 -4.569912 4.582551 -4.582551 -4.333957
71 1.6780959107 -4.328516 4.328516 4.644542 -4.571176 -4.328516 4.644542 -4.571176 -4.571176 4.571176 -4.644542 4.328516 -4.571176 4.644542 -4.644542 -4.328516
72 1.6780959107 -4.307349 4.307349 4.604444 -4.596759 -4.307349 4.604444 -4.596759 -4.596759 4.596759 -4.604444 4.307349 -4.596759 4.604444 -4.604444 -4.307349
73 1.6858216114 -4.475111 4.475111 4.696516 -4.621019 -4.475111 4.696516 -4.621019 -4.621019 4.621019 -4.696516 4.475111 -4.621019 4.696516 -4.696516 -4.475111
74 1.6731121406 -4.477276 4.477276 4.514720 -4.588308 -4.477276 4.514720 -4.588308 -4.588308 4.588308 -4.514720 4.477276 -4.588308 4.514720 -4.514720 -4.477276
75 1.6780959107 -4.358910 4.358910 4.609020 -4.576018 -4.358910 4.609020 -4.576018 -4.576018 4.576018 -4.609020 4.358910 -4.576018 4.609020 -4.609020 -4.358910
76 1.8888498964 -4.963074 4.963074 3.234379 -2.373307 -3.981665 1.281903 1.429510 1.429510 2.874191 -1.281903 4.986398 -2.373307 4.336656 -4.336656 -3.981665
77 1.7262377638 -4.381143 4.381143 2.066585 2.577411 -2.480720 4.979044 -4.695984 -4.695984 4.486070 -4.979044 4.428917 2.577411 3.623536 -3.623536 -2.480720
78 1.8423029770 -4.979833 4.979833 1.541587 -4.112298 -3.610733 4.649927 -3.834189 -3.834189 -1.800700 -4.649927 4.518523 -4.112298 -0.612817 0.612817 -3.610733
79 1.7611928749 -4.897351 4.897351 -2.417832 4.966176 -4.271384 4.832945 -0.982829 -0.982829 3.901815 -4.832945 4.279456 4.966176 4.118873 -4.118873 -4.271384
80 2.1229028825 -4.549747 4.549747 -4.287348 -3.173007 -4.770992 3.622441 1.500185 1.500185 -0.043240 -3.622441 3.053308 -3.173007 -0.191886 0.191886 -4.770992
81 2.0896179360 -3.575694 3.575694 -4.270661 -4.339895 -2.519105 2.324676 3.996005 3.996005 1.989258 -2.324676 4.558878 -4.339895 4.754575 -4.754575 -2.519105
82 1.7347068536 -3.771737 3.771737 0.306397 2.484293 -4.198718 4.603221 -4.491119 -4.491119 4.831359 -4.603221 4.359995 2.484293 4.956815 -4.956815 -4.198718
83 1.7874767347 -4.953526 4.953526 2.415273 3.389482 -0.556239 4.801560 -0.729046 -0.729046 4.151960 -4.801560 4.551803 3.389482 2.829066 -2.829066 -0.556239
84 1.7332992247 -4.882793 4.882793 4.203141 3.623643 -4.751720 4.207358 -1.114460 -1.114460 4.354176 -4.207358 4.269118 3.623643 3.662982 -3.662982 -4.751720
85 1.7107079289 -4.804941 4.804941 3.938466 3.836117 -4.927855 -0.774527 -4.193586 -4.193586 4.636874 0.774527 4.506474 3.836117 4.604144 -4.604144 -4.927855
86 1.7584691281 -3.458622 3.458622 4.899805 -3.029905 -2.274251 0.314106 -4.534169 -4.534169 4.438420 -0.314106 4.490895 -3.029905 4.008790 -4.008790 -2.274251
87 1.7381374632 -4.862359 4.862359 4.690795 0.137538 -4.240761 4.474374 -4.829495 -4.829495 4.591664 -4.474374 4.508821 0.137538 1.382571 -1.382571 -4.240761
88 1.6864598287 -4.485414 4.485414 4.126390 4.850581 -4.783458 4.409546 -3.998173 -3.998173 4.959346 -4.409546 4.448115 4.850581 4.561091 -4.561091 -4.783458
89 1.7603444927 -4.462019 4.462019 4.794136 -2.654995 -3.649005 3.261576 -3.828693 -3.828693 4.659051 -3.261576 4.847941 -2.654995 4.828476 -4.828476 -3.649005
90 1.7175068384 -4.460715 4.460715 4.469857 2.937073 -4.875633 -1.013371 -4.541088 -4.541088 1.704667 1.013371 4.205989 2.937073 4.958213 -4.958213 -4.875633
91 1.7482453337 -4.381791 4.381791 4.296783 -0.426975 -4.889182 -1.098627 -4.615926 -4.615926 4.763349 1.098627 4.504309 -0.426975 4.352957 -4.352957 -4.889182
92 1.8020875466 -4.986382 4.986382 3.365345 3.994166 -4.438364 2.858456 -4.586610 -4.586610 4.059072 -2.858456 4.047354 3.994166 4.942799 -4.942799 -4.438364
93 1.7420412844 -4.857272 4.857272 2.004274 -4.490962 -4.498660 3.410549 -3.830598 -3.830598 2.936412 -3.410549 4.887768 -4.490962 4.917986 -4.917986 -4.498660
94 1.7337015503 -4.955176 4.955176 4.751829 -3.732182 -4.458525 4.687832 -4.686338 -4.686338 4.849516 -4.687832 4.508680 -3.732182 4.803580 -4.803580 -4.458525
95 1.7177781734 -4.485173 4.485173 4.929716 1.576630 -4.365964 4.835098 -4.610583 -4.610583 2.791126 -4.835098 4.397690 1.576630 4.932566 -4.932566 -4.365964
96 1.7392190154 -4.328134 4.328134 4.983277 -3.892286 -4.460655 2.933142 -4.292771 -4.292771 1.008945 -2.933142 4.868248 -3.892286 4.871257 -4.871257 -4.460655
97 1.7416872464 -4.483115 4.483115 4.873252 -3.170400 -4.838268 3.407136 -3.553181 -3.553181 4.887501 -3.407136 4.487830 -3.170400 4.919289 -4.919289 -4.838268
98 1.7070313463 -4.492232 4.492232 4.050182 -3.577312 -4.354649 4.995994 -4.981883 -4.981883 4.378462 -4.995994 4.405206 -3.577312 4.107660 -4.107660 -4.354649
99 1.7250481037 -4.294283 4.294283 1.490556 -4.843140 -4.703400 3.500196 -4.978259 -4.978259 4.999678 -3.500196 4.481521 -4.843140 4.899700 -4.899700 -4.703400
100 1.6989263739 -4.317648 4.317648 4.653734 -4.940339 -4.053421 4.527934 -4.827616 -4.827616 4.680668 -4.527934 4.467545 -4.940339 2.162597 -2.162597 -4.053421
101 1.7059956457 -4.512363 4.512363 4.706110 -4.989540 -4.482281 2.030606 -4.883556 -4.883556 4.931494 -2.030606 4.461182 -4.989540 2.021162 -2.021162 -4.482281
102 1.6953018274 -3.652581 3.652581 3.788668 -4.976475 -4.856029 4.325852 -4.826507 -4.826507 4.097750 -4.325852 4.480830 -4.976475 4.900983 -4.900983 -4.856029
103 1.6888264182 -4.378311 4.378311 4.493812 -4.977070 -3.393366 4.565596 -4.848170 -4.848170 4.522694 -4.565596 4.484618 -4.977070 4.257752 -4.257752 -3.393366
104 1.7094341964 -4.389056 4.389056 4.016655 -4.688320 -4.927262 4.776438 -4.962433 -4.962433 4.971604 -4.776438 4.476792 -4.688320 3.830964 -3.830964 -4.927262
105 1.7074231633 -4.384083 4.384083 4.998830 -4.855337 -4.659750 4.313037 -4.615722 -4.615722 3.966591 -4.313037 4.468146 -4.855337 4.230759 -4.230759 -4.659750
106 1.6817857428 -4.394040 4.394040 4.676396 -4.948012 -4.474259 4.938145 -4.901377 -4.901377 4.767438 -4.938145 4.481664 -4.948012 4.726395 -4.726395 -4.474259
107 1.7105601346 -4.479633 4.479633 4.943529 -4.824809 -2.984451 4.508592 -4.898435 -4.898435 4.840945 -4.508592 4.428687 -4.824809 4.146855 -4.146855 -2.984451
108 1.7374741287 -4.474402 4.474402 4.804954 -1.167198 -4.799628 4.773928 -4.833452 -4.833452 3.503610 -4.773928 4.436073 -1.167198 4.757639 -4.757639 -4.799628
109 1.6837137739 -4.484118 4.484118 4.629370 -4.985321 -4.979797 4.371685 -4.834561 -4.834561 4.999006 -4.371685 4.252909 -4.985321 4.554270 -4.554270 -4.979797
110 1.6918261931 -4.472773 4.472773 4.889988 -4.980101 -4.909534 4.937989 -4.845200 -4.845200 3.605257 -4.937989 4.690270 -4.980101 4.974655 -4.974655 -4.909534
111 1.6853229460 -4.485617 4.485617 4.234161 -4.951853 -4.995815 1.911175 -4.949171 -4.949171 3.389899 -1.911175 4.324514 -4.951853 4.953955 -4.953955 -4.995815
112 1.6752007398 -4.480857 4.480857 4.335396 -4.809737 -4.224384 4.996074 -4.714259 -4.714259 4.515026 -4.996074 4.390340 -4.809737 4.649153 -4.649153 -4.224384
113 1.6709975894 -4.480095 4.480095 4.495169 -4.798041 -4.913317 4.549113 -4.671770 -4.671770 3.581360 -4.549113 4.364393 -4.798041 4.648490 -4.648490 -4.913317
114 1.6785291901 -4.476401 4.476401 4.388350 -4.975071 -4.880164 4.753312 -4.545381 -4.545381 4.594137 -4.753312 4.278895 -4.975071 4.804889 -4.804889 -4.880164
115 1.6729085597 -4.483621 4.483621 4.490142 -4.974177 -4.719191 4.454763 -4.803910 -4.803910 2.873445 -4.454763 4.245863 -4.974177 4.845826 -4.845826 -4.719191
116 1.6756697932 -4.482500 4.482500 4.604409 -4.939994 -4.932041 4.975237 -4.870659 -4.870659 3.014244 -4.975237 4.251331 -4.939994 4.556987 -4.556987 -4.932041
117 1.6726685306 -4.483893 4.483893 4.333202 -4.928733 -4.326644 4.589343 -4.660943 -4.660943 2.501269 -4.589343 4.239532 -4.928733 4.889766 -4.889766 -4.326644
118 1.6717374113 -4.476430 4.476430 4.454819 -4.937301 -4.257566 4.718136 -4.736826 -4.736826 2.578931 -4.718136 4.254550 -4.937301 4.913483 -4.913483 -4.257566
119 1.6714994847 -4.476814 4.476814 4.553181 -4.957736 -4.897214 4.905740 -4.703003 -4.703003 2.568359 -4.905740 4.265929 -4.957736 4.835919 -4.835919 -4.897214
120 1.6747757401 -4.477951 4.477951 4.374013 -4.969433 -4.905270 4.805139 -4.726488 -4.726488 3.107250 -4.805139 4.269454 -4.969433 4.867529 -4.867529 -4.905270
121 1.6744241378 -4.484241 4.484241 4.388544 -4.943265 -4.589728 4.957882 -4.845755 -4.845755 3.012698 -4.957882 4.322196 -4.943265 4.999161 -4.999161 -4.589728
122 1.6760416069 -4.476754 4.476754 4.687241 -4.903040 -4.989195 3.563367 -4.798571 -4.798571 2.713067 -3.563367 4.251168 -4.903040 4.985567 -4.985567 -4.989195
123 1.6711478823 -4.481672 4.481672 4.477006 -4.835012 -4.547116 4.981744 -4.762027 -4.762027 3.039935 -4.981744 4.314051 -4.835012 4.822861 -4.822861 -4.547116
124 1.6737603383 -4.482078 4.482078 4.601011 -4.931101 -4.580540 4.737668 -4.654407 -4.654407 4.146264 -4.737668 4.331335 -4.931101 4.993278 -4.993278 -4.580540
125 1.6738328343 -4.481987 4.481987 4.606805 -4.944082 -4.854043 4.759158 -4.660425 -4.660425 2.817821 -4.759158 4.302408 -4.944082 4.731075 -4.731075 -4.854043
126 1.6704479269 -4.481875 4.481875 4.517024 -4.933042 -4.814281 4.850589 -4.650472 -4.650472 3.038296 -4.850589 4.299601 -4.933042 4.910509 -4.910509 -4.814281
127 1.6699625692 -4.484012 4.484012 4.455321 -4.994922 -4.783206 4.757099 -4.622074 -4.622074 3.717711 -4.757099 4.237122 -4.994922 4.855021 -4.855021 -4.783206
128 1.6703754308 -4.485879 4.485879 4.504452 -4.832953 -4.646778 4.984822 -4.602404 -4.602404 4.114827 -4.984822 4.168125 -4.832953 4.980471 -4.980471 -4.646778
129 1.6704479269 -4.485344 4.485344 4.492057 -4.987206 -4.779853 4.786458 -4.607552 -4.607552 3.103487 -4.786458 4.170323 -4.987206 4.989662 -4.989662 -4.779853
130 1.6714994847 -4.483785 4.483785 4.434377 -4.982725 -4.984640 4.947445 -4.639220 -4.639220 3.032261 -4.947445 4.175597 -4.982725 4.913523 -4.913523 -4.984640
131 1.6704479269 -4.486259 4.486259 4.422843 -4.992361 -4.723369 4.946790 -4.589162 -4.589162 2.965224 -4.946790 4.161954 -4.992361 4.993846 -4.993846 -4.723369
132 1.6725558535 -4.483619 4.483619 4.418322 -4.996109 -4.910629 4.846722 -4.607742 -4.607742 3.959019 -4.846722 4.231750 -4.996109 4.979634 -4.979634 -4.910629
133 1.6721361082 -4.484934 4.484934 4.441225 -4.983400 -4.791477 4.456033 -4.627907 -4.627907 4.150182 -4.456033 4.200204 -4.983400 4.993602 -4.993602 -4.791477
134 1.6758321090 -4.484577 4.484577 4.401297 -4.998049 -4.932485 4.838056 -4.633038 -4.633038 4.031586 -4.838056 4.229135 -4.998049 4.993978 -4.993978 -4.932485
135 1.6704479269 -4.485141 4.485141 4.421699 -4.990063 -4.771297 4.805384 -4.609903 -4.609903 3.374892 -4.805384 4.226918 -4.990063 4.996889 -4.996889 -4.771297
136 1.6710141270 -4.484380 4.484380 4.508985 -4.994515 -4.969970 4.875887 -4.632309 -4.632309 3.615583 -4.875887 4.206784 -4.994515 4.941148 -4.941148 -4.969970
137 1.6710141270 -4.485122 4.485122 4.419695 -4.992876 -4.940146 4.995569 -4.626123 -4.626123 3.630929 -4.995569 4.223875 -4.992876 4.987519 -4.987519 -4.940146
138 1.6704479269 -4.484186 4.484186 4.412121 -4.993850 -4.766865 4.894834 -4.636077 -4.636077 3.327449 -4.894834 4.207235 -4.993850 4.909253 -4.909253 -4.766865
139 1.6737241824 -4.482787 4.482787 4.401035 -4.978229 -4.784946 4.999773 -4.606799 -4.606799 3.494220 -4.999773 4.211410 -4.978229 4.926303 -4.926303 -4.784946
140 1.6737241824 -4.484493 4.484493 4.402722 -4.947274 -4.794236 4.889814 -4.608232 -4.608232 3.260893 -4.889814 4.212692 -4.947274 4.981301 -4.981301 -4.794236
141 1.7750606161 -3.628680 4.524408 2.578355 -1.231962 -1.498607 -1.501562 -4.981813 -2.481709 0.027003 -3.264634 3.070366 -1.506288 2.535588 -2.337574 -4.708899
142 1.7717702373 -4.415381 4.788708 2.627181 -2.281323 -3.001310 0.890523 -4.754705 -3.765261 -4.030607 -4.421875 2.801467 -4.471739 0.281304 -4.769319 -4.056115
143 1.7553508818 -3.037806 4.539968 1.293749 -3.729218 -2.437402 4.369058 -4.354085 -4.041257 4.060462 -3.137653 4.183301 0.714973 -4.200360 -4.638012 -3.559222
144 1.9547631239 -2.096098 4.420462 1.969638 -0.889781 -1.926572 3.245848 -4.216866 -4.811175 -4.533629 -3.576982 2.868395 -4.348666 3.243967 -0.620462 -4.565984
145 1.7337473084 -4.790685 4.540192 3.846936 0.474772 -4.560431 3.968809 -4.117194 -1.341995 4.312045 3.682253 2.718351 1.378767 -0.032344 -0.736467 -2.866502
146 1.6936560130 -4.553461 4.309256 4.215788 -4.997401 -4.880093 -0.858663 -4.006007 -2.812817 -2.119119 -2.250691 3.318253 -1.676072 0.820787 4.555712 -0.997038
147 1.7076363548 -4.552407 4.140770 4.067118 -3.566294 -4.265243 -1.346329 -4.921420 -1.124144 1.440959 -4.871588 4.678824 -2.447520 4.278017 -2.263026 -0.852873
148 1.7189294853 -4.429441 2.353250 3.462570 0.671521 -4.092544 -3.788553 -3.887613 -4.878526 3.776649 -4.696112 2.900677 -0.823438 4.377514 -4.034009 1.512295
149 1.7526866976 -4.541693 1.293757 2.499266 -2.617993 -4.381121 1.405211 -3.816047 -2.317091 -4.755240 -2.461634 3.704859 -1.270978 4.481851 -3.434053 -0.732750
150 1.7549294685 -4.548528 4.527352 2.293025 -4.963009 -3.397908 -3.445787 -3.858480 -1.825414 -4.354432 -4.846725 2.956585 0.818561 0.599810 4.604640 -4.685495
151 1.7055678813 -3.986238 4.431524 2.597066 -4.687555 -2.637081 2.887371 -4.965556 1.008631 0.329778 -4.008701 3.765608 1.166467 0.650596 -2.625600 -1.835400
152 1.7130986425 -4.688924 4.520076 3.759910 -4.452313 -3.217593 -4.558863 -4.714011 -3.854030 -4.462466 3.751542 4.099331 -0.619776 0.261766 -1.675305 -4.809062
153 1.7499638449 -4.290746 4.465517 4.912083 -4.136446 -3.851072 1.499388 -4.953386 -0.812836 -4.001118 -3.919951 3.163964 0.263519 0.734647 -1.772026 -4.264068
154 1.7492538824 -4.522633 4.839702 1.698594 -1.706025 -4.661076 -1.003067 -4.342099 -1.211722 1.506484 -3.265952 1.842208 -4.694658 3.994250 -4.103824 -1.381077
155 1.7406764605 -4.565588 4.454526 2.395551 -4.565484 -4.053753 3.622403 -4.509492 -4.412098 -2.660162 -4.590487 3.231837 -0.907796 4.254586 0.344948 -3.158867
156 1.7642992786 -4.711708 4.465291 4.964106 -3.435744 -3.929336 -4.484904 -4.518809 -4.932351 0.816663 -4.196903 3.968839 -2.727133 1.247124 -4.683806 -3.114828
157 1.6982071003 -4.502186 4.509502 4.106372 -3.257425 -4.897954 4.364400 -4.108933 -3.506684 -0.509737 -2.637228 3.648760 -4.238720 4.691260 -0.610443 -3.867258
158 1.7589121311 -4.178821 4.504994 4.980719 0.171941 -3.847582 0.607608 -4.437430 -0.428015 -0.681579 4.575818 4.375017 -3.292067 4.344701 -0.689713 -4.736622
159 1.7279071175 -4.278594 4.492089 4.018477 -4.238371 -4.929931 4.465367 -4.722410 -2.629054 1.614476 0.258813 3.898856 -4.638855 3.749023 -4.406596 -3.361361
160 1.7294752298 -4.763342 4.482671 4.070713 -4.372166 -3.535425 4.658393 -4.657048 -4.782411 -2.548262 1.165177 4.510197 -4.970210 4.393711 -4.750150 -4.957582
161 1.7271798771 -3.697979 4.501370 3.075072 -4.908558 -1.340170 -3.957815 -4.187900 -2.942662 2.692985 -3.723480 4.168812 -1.975415 4.487553 -4.704602 -4.683641
162 1.7078441439 -4.555697 4.472185 3.347363 -4.992505 -4.658501 1.897204 -4.876708 -1.104342 3.602208 -3.297478 4.268026 -4.959647 4.938414 -0.577668 -3.125010
163 1.7215831012 -4.518229 4.488330 4.319998 -4.023830 -3.818536 -2.491489 -4.707786 -2.707390 2.891290 0.835175 3.583151 -2.295514 2.848612 1.544378 -4.595086
164 1.7085704740 -4.838780 4.517538 4.479774 -4.688187 -3.598598 0.383789 -4.179075 -0.988042 2.829538 -3.797380 3.971896 -4.301693 3.515324 -4.282931 -4.959747
165 1.6962060161 -4.762799 4.510275 3.624245 -4.932043 -2.314688 4.621461 -4.850777 -4.950867 3.942267 -3.922119 3.864350 -4.151652 4.853823 -0.086132 -4.612013
166 1.7563793230 -4.349650 4.465092 3.337165 -4.454466 0.109539 0.341697 -4.383681 -3.724546 -4.644167 -4.567863 4.017343 -4.402403 4.146633 -4.227313 -4.939873
167 1.6948614535 -3.845189 4.476297 3.824920 -4.711400 -4.847871 4.136322 -4.534767 -4.785496 2.272105 -4.686675 3.920505 -3.064107 4.937269 0.136010 -3.977157
168 1.7097400376 -4.368458 4.463311 4.927524 -2.602978 -2.958162 3.508214 -4.706950 -4.305859 2.056482 -4.601530 3.761582 -4.118896 4.734622 -4.147533 -4.027287
169 1.7127286275 -3.487557 4.516486 2.370593 -4.413473 -4.138525 4.781239 -4.720518 -3.767936 1.608074 -4.857304 4.432031 -4.553979 4.081239 -2.748319 -4.292799
170 1.7025582535 -4.503193 3.090755 3.705084 -4.706661 2.190933 3.189047 -4.750272 -1.689976 0.939961 2.482551 4.138201 -4.945712 4.683815 -4.833190 -2.907305
171 1.8249538370 -4.973009 4.498514 4.719258 -4.935113 -3.657084 4.986688 -4.601970 -4.923971 3.409246 -4.079878 4.092885 -4.946016 4.145628 -3.096742 -4.350494
172 1.7163300362 -4.511754 4.499488 3.927430 -4.728794 -4.998200 4.694326 -4.435935 -1.098196 -2.088083 -4.923993 4.280312 -4.807870 4.929385 -1.722945 -4.651197
173 1.7124278675 -4.489062 3.500618 4.210173 -4.764882 -3.064883 0.067309 -4.465465 -4.545883 3.306921 -1.246822 4.347246 -3.364824 4.232885 -4.970161 -4.804992
174 1.7191309326 -4.513266 4.491826 4.021409 -4.970816 -2.939873 3.939477 -4.518084 -4.010628 3.500139 1.526852 4.241890 -2.064769 4.957616 -3.060837 -4.271611
175 1.7253231210 -4.521750 4.474733 4.321330 -4.267296 -4.626837 4.038676 -4.447390 -4.298708 -3.572552 -4.607734 3.926158 -4.952827 3.937559 -4.838955 -4.919239
176 1.7016215258 -4.529667 4.477760 4.975384 -4.627169 -2.642957 4.111163 -4.635185 -3.337407 3.257906 -4.029033 4.056731 -4.688966 4.358731 -0.839850 -4.912253
177 1.7136648819 -4.446249 4.496923 3.936049 -4.928537 -4.264853 4.074631 -4.365065 -4.413816 3.007700 -4.762619 4.128977 -4.524958 2.782977 -4.686189 -4.837629
178 1.6877125268 -4.475461 3.498391 4.611323 -3.018437 -4.842974 3.605650 -4.534025 -4.961983 3.930753 -4.940117 3.528601 -4.993778 4.996166 -0.321829 -3.205494
179 1.6973539444 -4.477490 4.497749 4.161953 -4.495660 -3.831441 3.762889 -4.855905 -3.689140 4.711055 -3.034543 3.884935 -4.768883 4.687902 -3.503056 -4.926365
180 1.6742492031 -4.490193 3.321430 4.530180 -4.660737 -3.856159 4.726513 -4.902257 -4.985391 3.974472 -3.066654 3.599356 -4.811322 4.815483 -4.939841 -2.751235
181 1.6843280038 -4.479913 3.207479 4.164892 -4.952437 -3.665117 1.368329 -4.207572 -4.887204 4.027358 -4.751260 3.497719 -4.832302 4.952867 -3.066798 -4.046441
182 1.7033343743 -4.482334 3.753124 4.403813 -4.195635 -4.847068 2.141862 -4.701384 -4.917709 3.624163 -3.125070 3.383513 -4.987637 4.218090 -4.713112 -3.261927
183 1.6875674570 -4.492482 2.848684 4.154262 -4.979673 -3.625935 4.556316 -4.148601 -4.395394 4.018926 -4.970300 3.403837 -4.608129 4.946419 -4.879180 -4.825246
184 1.6713284526 -4.489483 2.733478 4.169538 -4.698489 -4.627307 4.459086 -4.928988 -4.685397 3.292794 -4.898868 3.235681 -4.619645 4.749783 -3.437688 -2.733004
185 1.6918378636 -4.495175 4.565516 4.051104 -4.715452 -3.703242 4.248913 -4.755499 -4.413604 4.460142 -4.917794 3.053028 -4.430711 4.840660 -3.397899 -3.009119
186 1.6633850619 -4.485756 3.488297 4.476549 -4.951287 -4.500180 4.383182 -4.699955 -4.841618 3.506113 -4.610674 3.694655 -4.993223 4.829804 -4.984637 -3.525781
187 1.6680463489 -4.486580 3.255737 4.337085 -4.901212 -4.880717 4.913425 -4.720172 -4.913114 3.484128 -4.638034 3.269511 -4.977453 4.987476 -4.254350 -3.310177
188 1.6686273976 -4.480669 2.636823 4.361149 -4.964712 -3.761940 4.616281 -4.961174 -4.668966 3.198901 -3.591397 4.098471 -4.957362 4.969601 -4.543008 -2.487975
189 1.6791270660 -4.488760 3.809844 4.470341 -4.961909 -4.999318 3.641848 -4.963121 -4.580266 3.068975 -3.869072 3.909260 -4.993279 4.901891 -4.651267 -2.828302
190 1.6781961243 -4.490327 2.751569 4.314482 -4.454882 -3.424737 4.737747 -4.959577 -4.951873 3.380735 -4.872057 3.386730 -4.804530 4.752455 -3.925333 -4.745450
191 1.6847818096 -4.488465 3.424735 4.426838 -4.898625 -4.701647 4.754639 -4.456775 -4.954252 3.595209 -4.021004 2.893951 -4.895131 4.847093 -4.925466 -4.152121
192 1.6737860037 -4.483618 3.661896 4.336102 -4.958048 -3.211424 4.908300 -4.878991 -4.984100 3.552491 -4.068989 3.134041 -4.873844 4.998546 -4.399227 -4.621671
193 1.6728268064 -4.482265 2.566534 4.337073 -4.640807 -4.677296 4.241286 -4.487502 -4.843192 3.364811 -4.878226 3.846586 -4.962306 4.797958 -3.890551 -4.380266
194 1.6751687198 -4.481613 3.571270 4.332652 -4.940585 -4.444175 4.760090 -4.503283 -4.836976 3.330948 -4.614398 3.087693 -4.899653 4.993340 -4.670509 -2.607225
195 1.6712462232 -4.487062 2.901288 4.333611 -4.973351 -4.497717 3.812292 -4.820974 -4.822591 3.787820 -4.345326 3.569116 -4.948297 4.933703 -4.588613 -4.938804
196 1.6681950795 -4.483967 2.710454 4.360231 -4.647537 -3.265876 3.736684 -4.896183 -4.892531 3.661747 -4.737478 3.830414 -4.991706 4.902107 -4.370074 -4.245930
197 1.6593486548 -4.487115 2.254775 4.409331 -4.886276 -2.756126 4.588065 -4.665357 -4.503663 2.989515 -4.994211 3.652781 -4.950074 4.984243 -4.636115 -2.950092
198 1.6477744469 -4.492151 1.499845 4.239697 -4.870933 -3.325143 4.840361 -4.663652 -4.931236 2.346493 -3.983710 3.581675 -4.771148 4.667351 -4.581646 -0.647215
199 1.6568717755 -4.492344 0.370043 4.033269 -4.608927 -4.586584 4.585087 -4.702948 -4.364087 2.520132 -4.750099 3.778039 -4.861205 4.936364 -4.378043 -1.454165
200 1.6628968357 -4.495470 1.645429 4.057712 -4.988457 -3.602621 4.411081 -4.722884 -4.939025 3.055639 -4.621016 3.679071 -4.874144 4.985046 -4.492490 -2.267036
201 1.6501797006 -4.491886 1.268025 4.049674 -4.879377 -1.576861 3.980943 -4.668494 -4.994451 1.983187 -3.430047 3.735020 -4.667247 4.803526 -4.182827 1.723937
202 1.6441780409 -4.494956 0.352383 4.439118 -4.770159 -4.003626 4.379780 -4.602928 -4.922140 2.941971 -4.765584 3.415995 -4.997245 4.763790 -4.899842 1.776333
203 1.6645006009 -4.499866 -0.163596 4.423500 -4.993967 -2.698517 4.898763 -4.454112 -4.405114 2.726231 -4.858544 3.538175 -4.747212 4.720820 -3.376163 1.884341
204 1.6453859349 -4.496641 -0.845345 4.358376 -4.286522 -4.939283 3.973697 -4.734330 -4.796045 3.277619 -4.155723 3.728179 -4.953982 4.896377 -4.765519 3.781550
205 1.6159557532 -4.498020 0.475644 4.331141 -4.988486 -2.696887 4.346173 -4.655949 -4.702729 3.468175 -4.738699 3.572106 -4.961264 4.990022 -4.617994 4.763102
206 1.6116932987 -4.502911 0.450308 4.220039 -4.710147 -2.598468 4.848582 -4.679654 -4.981190 3.877369 -4.773928 3.954392 -4.934585 4.924094 -4.892914 4.803407
207 1.6456090330 -4.507396 0.111540 4.091602 -4.558990 -1.422286 3.174223 -4.519468 -4.562477 4.177884 -3.845060 4.264375 -4.867666 4.978644 -4.594836 4.719675
208 1.6222301346 -4.498467 0.137138 4.348678 -4.648203 -3.986181 4.540507 -4.933842 -4.816478 4.318224 -4.987554 3.699482 -4.906633 4.752528 -4.968449 4.789182
209 1.6181728903 -4.507972 0.544145 4.146792 -4.377025 -4.067789 4.066242 -4.651242 -4.972406 3.805321 -4.789928 4.107836 -4.951358 4.990618 -4.606391 4.917845
210 1.6497505124 -4.498189 -0.639628 4.074459 -4.850998 -3.363551 4.147564 -4.781879 -4.443420 4.272541 -4.750068 4.085001 -4.996537 4.933937 -4.672040 4.234500
211 1.6171077909 -4.504698 -0.640420 4.120692 -4.736805 -3.592595 4.103873 -4.842250 -4.988319 3.625130 -4.608574 4.383749 -4.833632 4.881812 -4.966297 4.871846
212 1.6386156289 -4.504620 0.676210 4.031987 -4.943584 -4.500958 4.670280 -4.719676 -4.721067 4.396645 -4.789129 3.608665 -4.925319 4.889641 -4.672317 4.642180
213 1.6130744921 -4.507617 -0.200610 4.041334 -4.746784 -1.301813 4.997993 -4.610502 -4.615353 4.159506 -4.932265 4.178548 -4.894458 4.824502 -4.821174 4.888743
214 1.6141190295 -4.499973 1.490201 4.054884 -4.862756 -2.216598 4.948750 -4.725272 -4.972322 3.970125 -4.557284 4.193604 -4.917432 4.707261 -4.782793 4.864928
215 1.6171237087 -4.498101 0.294208 4.238290 -4.393125 -2.659018 4.809035 -4.617307 -4.932462 4.092562 -4.772616 3.867568 -4.940544 4.968000 -4.524036 4.838716
216 1.6131469025 -4.507666 1.365521 4.183786 -4.828566 -3.201723 4.499496 -4.720066 -4.982623 3.415406 -4.794902 4.202383 -4.999083 4.973808 -4.739376 4.887775
217 1.6493056548 -4.501556 -0.472084 4.125624 -3.610280 -2.314060 4.280410 -4.866969 -4.969392 4.113530 -4.867421 4.292056 -4.939959 4.962059 -4.878582 4.604848
218 1.6501750694 -4.503279 1.054134 4.040424 -4.876583 -3.823408 4.329239 -4.488687 -4.712306 3.576238 -4.055933 4.291451 -4.981164 4.941012 -4.608824 4.727395
219 1.6384040101 -4.497325 -0.571065 4.029750 -4.545610 -3.585749 4.743500 -4.769574 -4.935271 3.705856 -4.603183 4.256609 -4.945640 4.674823 -4.629310 4.658705
220 1.6123715947 -4.503651 0.826944 4.190660 -4.978559 -2.791959 4.904900 -4.852626 -4.867682 4.095756 -4.853858 3.845816 -4.945838 4.736380 -4.895928 4.861122
221 1.6208610840 -4.507382 0.103454 4.308268 -4.727297 -0.965688 4.916821 -4.881455 -4.999432 3.843624 -4.952748 4.934719 -4.872680 4.829062 -4.594307 4.950877
222 1.6249601945 -4.500879 0.490237 4.204174 -4.719708 -3.484975 4.430439 -4.799965 -4.823059 3.667265 -4.994375 3.469854 -4.954094 4.894030 -4.658936 4.902666
223 1.6079831666 -4.503747 0.560559 4.096693 -4.655795 -2.240011 4.970013 -4.653540 -4.957787 4.001227 -4.962837 3.915500 -4.990249 4.940367 -4.978005 4.937566
224 1.6190839024 -4.502582 0.457223 4.090484 -4.925702 -1.592605 4.984105 -4.673964 -4.973736 3.783160 -4.911432 3.411218 -4.983280 4.982881 -4.544476 4.966712
225 1.6155992092 -4.500933 0.212660 4.028676 -4.728377 -1.701982 4.646422 -4.654018 -4.917222 3.809222 -4.855778 3.943801 -4.999821 4.942760 -4.990155 4.955813
226 1.6193438217 -4.503481 0.505056 4.140230 -4.776966 -1.621984 4.672093 -4.779396 -4.987507 3.707085 -4.196146 3.790044 -4.970982 4.866188 -4.909448 4.987268
227 1.6116932987 -4.506374 0.243033 4.122672 -4.781174 -2.591059 4.620079 -4.564934 -4.996852 4.175377 -4.768764 3.949888 -4.875816 4.998802 -4.966206 4.979362
228 1.6125995179 -4.503807 0.840484 4.046447 -4.825145 -2.663004 4.939086 -4.704955 -4.720675 3.785986 -4.772456 3.912004 -4.871875 4.939366 -4.899201 4.888338
229 1.6155497372 -4.506369 0.387039 4.010600 -4.813622 -1.548496 4.485861 -4.683535 -4.990781 3.638987 -4.875157 3.944902 -4.730362 4.878372 -4.978161 4.854955
230 1.6160914573 -4.503830 0.483128 4.043629 -4.805325 -1.635990 4.666022 -4.633030 -4.985400 4.360420 -4.817718 3.833141 -4.757395 4.969860 -4.998350 4.971156
231 1.6145395576 -4.505572 0.773127 4.030700 -4.686603 -1.305696 4.965601 -4.672901 -4.973423 4.221166 -4.312172 3.968947 -4.889027 4.971503 -4.990152 4.977180
232 1.6067876305 -4.506392 0.622083 4.176846 -4.799453 -1.612808 4.864855 -4.747397 -4.859259 3.787945 -4.948053 3.922798 -4.895869 4.981667 -4.844349 4.946553
233 1.6208610840 -4.506447 0.432139 4.116649 -4.944294 -0.872792 4.780694 -4.753666 -4.847789 3.817681 -4.812116 3.817757 -4.896377 4.981205 -4.955363 4.972276
234 1.6190167570 -4.508433 0.750905 4.108849 -4.941735 -0.734664 4.775152 -4.823888 -4.820829 4.125667 -4.801343 3.863664 -4.746127 4.833288 -4.739531 4.995301
235 1.6194605500 -4.507458 0.323462 4.086920 -4.790859 -1.279113 4.923278 -4.705967 -4.899673 3.430784 -4.999614 3.793051 -4.889778 4.939526 -4.811670 4.899948
236 1.6171295570 -4.509203 1.181709 4.097452 -4.890499 -1.228930 4.308416 -4.876473 -4.887443 3.484723 -4.811624 3.817924 -4.991527 4.760844 -4.917771 4.969809
237 1.6312163953 -4.504773 0.845178 4.282020 -4.947158 -1.002413 4.659670 -4.649667 -4.992665 3.424717 -4.143095 3.946236 -4.995268 4.830916 -4.740422 4.737122
238 1.6256495657 -4.504611 1.000662 4.084932 -4.929809 -1.006329 4.884201 -4.873577 -4.874387 3.928583 -4.283591 3.854812 -4.920270 4.935748 -4.979301 4.918409
239 1.6123796220 -4.507444 0.621222 4.121721 -4.872755 -1.510275 4.996471 -4.785513 -4.960518 3.837888 -4.664058 3.988751 -4.966707 4.971513 -4.886697 4.995860
240 1.6156326421 -4.506407 0.799727 4.175533 -4.859022 -1.065431 4.652743 -4.801084 -4.855500 3.841798 -4.766815 3.975865 -4.920052 4.995282 -4.924199 4.903452
241 1.6355897314 -4.506945 0.725291 4.208400 -4.873872 -1.354390 4.798228 -4.809066 -4.966873 3.948976 -4.927308 3.952096 -4.987843 4.915273 -4.868789 4.685793
242 1.6125007948 -4.506276 0.762341 4.123003 -4.752017 -2.019729 4.961272 -4.802699 -4.725499 3.881366 -4.909763 3.857970 -4.997196 4.976381 -4.922773 4.992096
243 1.6168177777 -4.505085 0.900216 4.126246 -4.895803 -1.263330 4.859441 -4.794767 -4.931981 3.697634 -4.965799 3.897468 -4.966222 4.888617 -4.840163 4.947857
244 1.6163309645 -4.507105 0.523856 4.167460 -4.996291 -1.279045 4.785822 -4.803850 -4.982909 3.692851 -4.852320 4.015196 -4.819526 4.980488 -4.945607 4.971994
245 1.6156326421 -4.506443 0.661837 4.159273 -4.969876 -1.135415 4.926893 -4.799677 -4.772282 3.741311 -4.971372 4.073613 -4.972568 4.945751 -4.973491 4.995632
246 1.6115589605 -4.505699 0.519229 4.117457 -4.791857 -1.221600 4.612807 -4.705840 -4.974621 3.802944 -4.945002 3.938435 -4.995468 4.966019 -4.927588 4.838412
247 1.6120160725 -4.507496 0.443365 4.180171 -4.911119 -1.435453 4.942345 -4.683470 -4.820710 3.752324 -4.966223 4.004420 -4.989529 4.983905 -4.822266 4.985620
248 1.6089434797 -4.508075 0.578615 4.140321 -4.839105 -2.187349 4.530022 -4.724310 -4.935624 3.574728 -4.690458 3.967739 -4.953530 4.946456 -4.953530 4.958806
249 1.6121372452 -4.506989 0.502517 4.169028 -4.861180 -2.015256 4.940306 -4.692263 -4.946669 3.930989 -4.955034 3.960561 -4.981594 4.929585 -4.899127 4.781189
250 1.6125007948 -4.505852 0.612704 4.105781 -4.870826 -2.098252 4.977600 -4.757493 -4.813318 3.748089 -4.969787 3.945107 -4.808594 4.938228 -4.960752 4.939907
251 1.6123796220 -4.507973 0.744520 4.118864 -4.874587 -1.344186 4.992186 -4.776593 -4.849448 3.733210 -4.957382 3.876154 -4.982533 4.922371 -4.831118 4.994236
252 1.6143847451 -4.506154 0.929288 4.122493 -4.845561 -1.493924 4.851629 -4.805184 -4.898742 3.614200 -4.937331 3.878823 -4.972696 4.972476 -4.881743 4.945954
253 1.6130171613 -4.506591 0.641864 4.134767 -4.827974 -2.004543 4.986232 -4.789248 -4.982439 3.596779 -4.643636 3.862387 -4.875650 4.977736 -4.914589 4.912956
254 1.6069088033 -4.506817 0.633045 4.140491 -4.784957 -1.829805 4.811387 -4.740976 -4.978374 3.678619 -4.900555 3.927474 -4.792349 4.998491 -4.881738 4.974711
255 1.6083059405 -4.505621 0.564875 4.149516 -4.819922 -1.425589 4.885315 -4.745543 -4.956168 3.862880 -4.899044 3.924822 -4.966494 4.999018 -4.869347 4.997977
256 1.6069088033 -4.506657 0.652814 4.153387 -4.873281 -1.914584 4.975168 -4.740392 -4.753386 3.704160 -4.997698 3.845588 -4.875189 4.992307 -4.903244 4.948860
257 1.6067876305 -4.506791 0.680070 4.190894 -4.822772 -1.499128 4.977552 -4.738644 -4.963751 3.729578 -4.981689 3.888439 -4.968217 4.978918 -4.882525 4.946447
258 1.6067876305 -4.507181 0.680321 4.200797 -4.789268 -1.683271 4.895280 -4.732308 -4.974096 3.778505 -4.961103 3.946363 -4.984225 4.969037 -4.891118 4.917019
259 1.6123796220 -4.507345 0.590401 4.150883 -4.771011 -1.609533 4.981034 -4.748309 -4.931471 3.678356 -4.866347 3.921627 -4.994487 4.946889 -4.858229 4.981414
260 1.6123796220 -4.506900 0.604628 4.155585 -4.801742 -1.600774 4.934101 -4.774561 -4.969098 3.694459 -4.838023 3.934547 -4.983625 4.992254 -4.854743 4.994777
261 1.6134344110 -4.506510 0.584780 4.171902 -4.844389 -1.822184 4.906832 -4.773610 -4.973775 3.765236 -4.870366 3.912314 -4.979831 4.976573 -4.889472 4.958852
262 1.6138979320 -4.506691 0.576446 4.156582 -4.833969 -1.776007 4.882282 -4.764582 -4.971662 3.832829 -4.966248 3.937667 -4.871666 4.994334 -4.895236 4.982577
263 1.6123796220 -4.505713 0.643589 4.158251 -4.821722 -1.605075 4.992286 -4.750291 -4.892689 3.749316 -4.986284 3.956527 -4.869684 4.997632 -4.907959 4.946374
264 1.6069088033 -4.506417 0.661084 4.194007 -4.833681 -1.829276 4.969670 -4.726669 -4.948905 3.833729 -4.942263 3.905323 -4.979049 4.988390 -4.897786 4.920067
265 1.6138979320 -4.506743 0.577023 4.158451 -4.821032 -1.432406 4.986961 -4.769369 -4.933599 3.760371 -4.970646 3.945815 -4.810904 4.996690 -4.900552 4.993197
266 1.6119161011 -4.507117 0.651418 4.171284 -4.762505 -1.820973 4.883255 -4.757414 -4.950923 3.686305 -4.968717 3.912702 -4.940670 4.973134 -4.877890 4.992125
267 1.6123796220 -4.506846 0.666989 4.164250 -4.824766 -1.435589 4.985092 -4.765285 -4.978222 3.690547 -4.985683 3.926848 -4.904467 4.978979 -4.826080 4.914794
268 1.6123796220 -4.507220 0.625889 4.143565 -4.846237 -1.735214 4.838798 -4.752550 -4.949741 3.792257 -4.986983 3.946994 -4.994414 4.990801 -4.886617 4.984836
269 1.7080185652 -4.567620 -2.018300 2.195625 -4.417239 -2.153809 4.935709 -3.561016 -4.347009 -0.709012 -4.737961 4.847451 -4.573733 3.122420 -1.651678 3.097629
270 1.7205118714 -4.549506 -2.527901 3.207655 -1.756524 3.639669 4.354373 -4.691931 -3.008599 0.826479 -2.867617 2.579529 -3.824773 0.870547 -1.240567 -0.675803
271 1.7533400553 -4.561392 4.965432 2.055985 -2.096471 3.384615 4.410577 -4.037931 -0.921052 1.755534 0.045029 4.277845 -3.149784 1.628555 -4.199179 4.079532
272 1.7181210104 -4.541717 -4.881794 2.057451 -2.100469 -1.166357 -2.673128 -4.384783 -0.984969 -1.654117 -4.933167 4.894705 -3.388046 1.736665 -1.690018 0.729529
273 1.6291814682 -4.468275 -3.524048 4.080371 -1.397859 -3.634428 3.274931 -4.519489 -4.584584 -0.791576 -3.983748 0.316604 -2.874779 2.635320 -0.952510 4.993814
274 1.6954201805 -4.458101 2.201780 3.206528 -3.808682 3.894137 -0.979965 -4.829791 -4.320058 2.735974 -4.124898 2.471834 -3.433010 3.084656 -3.536601 3.761892
275 1.6680128764 -4.507543 -3.288411 3.873748 -2.727503 -3.540402 1.068656 -4.487508 -1.957513 -0.585043 -4.958604 -0.545245 -3.519846 4.854712 -3.075978 4.097747
276 1.6342123913 -4.546101 -4.865608 4.069650 -4.260813 -2.509120 4.856995 -4.921621 -2.557272 -0.638537 -4.717397 2.828919 -0.634572 3.442312 -4.577767 4.937644
277 1.7015798822 -4.484631 4.261093 4.343498 -1.272577 -3.638036 -1.012949 -4.483257 1.235891 -2.590727 -0.783879 -2.608252 0.840279 3.261523 -4.386570 4.925107
278 1.6854101799 -4.485346 0.511066 4.260049 -4.982524 2.225678 0.762405 -3.367114 -4.900037 -0.451363 -4.551835 -4.019680 -1.619170 1.919352 -4.703425 4.598895
279 1.6535403987 -4.452627 -0.807989 4.327129 -4.305137 -0.799506 4.089602 -4.722412 -4.973619 0.436746 -1.922395 -0.677117 -2.913148 4.983668 -4.858026 3.252704
280 1.6618805057 -4.471655 -2.727110 4.751430 -4.661225 -4.857554 -3.966237 -4.902266 -4.343182 1.107303 -1.691215 -1.380897 -2.203400 0.387135 -1.807887 4.160995
281 1.6925443278 -4.450354 -0.139597 4.714050 -4.556692 3.921777 4.239440 -4.686215 -4.738381 -0.294027 -2.532117 -4.250024 -2.734784 3.045780 -2.160596 3.943786
282 1.6497260263 -4.474302 4.696765 4.520146 -1.732819 -0.317740 3.162800 -4.674612 2.341523 2.735139 -4.777199 -0.872993 -2.851512 4.506174 -3.304889 4.861833
283 1.6896306980 -4.460257 -1.606547 4.869136 -3.388972 -3.337705 2.144381 -4.916497 -0.283249 2.005920 -4.890989 3.272661 -4.449507 -0.187891 -4.836431 4.352815
284 1.6705469917 -4.528285 -1.367604 4.987758 -4.256030 -2.876603 4.674792 -4.802704 -4.521686 2.406052 -4.404350 0.645933 -3.880851 3.308901 -1.779542 4.480209
285 1.6322792993 -4.498784 2.476512 4.314085 -4.909219 -3.903957 -2.759777 -4.755082 -2.483451 2.251680 -4.285941 2.442307 -4.381848 4.614435 -4.816448 4.911576
286 1.6678364145 -4.501200 0.846962 4.463305 -1.511373 -1.997966 -2.094827 -4.648054 -4.741075 2.355232 -4.957285 -0.141049 -3.945143 4.800826 -4.217020 4.443770
287 1.6769472704 -4.521110 4.709436 4.955632 -4.948065 -0.364366 4.956002 -4.293117 -1.874264 2.154594 -2.271387 4.113188 -4.876510 4.606685 -4.594381 4.826206
288 1.6772383256 -4.534672 4.472461 3.791267 -3.689466 -1.631951 3.855859 -4.321154 -4.466590 2.288135 -4.785067 4.528302 -3.967627 3.381199 -4.918388 4.499244
289 1.6287446143 -4.508956 -4.027039 3.411399 -4.759031 0.067691 3.271613 -4.746192 -0.659164 2.896201 -4.650640 -0.322984 -3.447740 4.618378 -4.937583 4.738987
290 1.5985539143 -4.490455 -3.879213 4.142435 -4.710883 -0.805440 1.111551 -4.845715 -4.082522 1.957520 -4.399081 -0.623983 -2.228877 4.922382 -4.956148 4.835824
291 1.6684050308 -4.464563 -0.092545 4.722589 -4.993442 -0.919123 1.820871 -4.920780 -4.818876 3.010430 -4.828925 1.154280 -3.382535 4.858043 -4.906667 3.919995
292 1.6382171698 -4.479924 -2.290711 4.864827 -4.028447 0.798391 4.781810 -4.839023 -4.813782 1.342270 -4.789737 4.464484 -1.275072 4.400962 0.266355 4.846689
293 1.6692550844 -4.488260 -4.899281 3.557251 -3.534370 -3.468588 0.567627 -3.866454 -4.400296 2.628921 -4.461096 3.750252 -1.657817 3.272111 -2.396565 4.914082
294 1.6341870615 -4.477792 -2.004841 3.254627 -4.128551 -2.969944 3.564120 -4.873757 -3.123422 2.720939 -4.331806 -0.171906 -2.140041 4.427210 -2.901448 4.906084
295 1.6306422653 -4.468998 -4.737699 3.970830 -3.915074 -1.537502 -1.621111 -4.846550 -3.975005 1.290465 -3.619360 1.103365 -1.503021 4.939452 -4.427271 4.990091
296 1.6159147301 -4.497559 -3.888986 4.007452 -4.754521 -0.782498 3.213207 -4.850113 -3.425010 1.419863 -3.346108 -3.192335 -2.809504 4.109307 -4.714327 4.952624
297 1.6187765876 -4.472974 -3.157112 4.671612 -4.973989 -1.637926 -2.771824 -4.989065 -3.450666 1.138249 -4.137169 1.611195 -0.989761 3.187795 -2.825453 4.854181
298 1.6358198036 -4.474825 -3.591747 3.844773 -4.459133 -2.892877 4.628796 -4.470735 -3.730420 1.323966 -3.823149 -4.134185 -1.086341 3.675413 -4.468182 4.916768
299 1.6429089527 -4.496357 -4.448826 3.625627 -4.010989 -3.031830 1.948659 -4.936114 -4.609594 0.296533 -2.802420 -3.182696 0.044623 3.614100 -4.416236 4.993442
300 1.6368246926 -4.472024 -0.052984 3.532611 -4.789084 1.279849 -3.059058 -4.798941 -0.021622 0.797998 -4.870087 -4.319600 -0.276116 4.997432 -3.641621 4.922880
301 1.6291236265 -4.481609 0.040920 3.385922 -4.893422 -2.459937 4.632823 -4.671621 -3.153197 0.315041 -3.474128 -1.459988 -4.497068 3.379779 -4.838158 4.903313
302 1.6515830811 -4.472991 -4.369841 3.736958 -4.957148 0.440146 4.153567 -4.490460 1.156554 0.101923 -2.699504 3.111998 -4.487214 4.534133 -3.704012 4.581701
303 1.6501249682 -4.476003 -4.733292 3.695487 -4.514359 -1.371942 0.986722 -4.966270 -4.204871 0.517093 -3.398412 2.320620 -1.517845 4.023531 -3.790122 4.904829
304 1.5822190615 -4.473875 -4.451394 4.244540 -4.808375 -1.368955 3.156017 -4.739838 1.757789 3.897068 -4.725751 3.584120 -3.211649 4.641293 -4.975478 4.911783
305 1.6584981181 -4.496318 -1.620948 4.423947 -4.727459 -1.773427 3.877263 -4.882248 4.476766 3.568512 -4.071141 0.935355 -4.885104 4.190429 -4.616267 4.429061
306 1.6289074519 -4.457722 -0.740635 3.643195 -4.722193 0.764068 0.149463 -4.631467 3.243670 4.169621 -2.646127 3.042066 -2.077526 2.907791 -4.759461 4.976215
307 1.6553358015 -4.450558 -3.286964 4.786682 -4.908182 -3.122691 2.380188 -4.058487 3.917906 4.839405 -4.709547 -0.034490 -2.933401 4.345055 -4.886297 4.731287
308 1.6150030629 -4.471719 -4.553581 4.187683 -3.186546 -3.706436 -0.464855 -4.640473 1.069972 4.656017 -3.029750 -0.374130 -2.112034 4.552457 -4.894336 4.996254
309 1.6307908076 -4.454881 -2.853177 4.089123 -2.881639 3.197776 1.494700 -4.590414 3.625525 4.476035 -4.971133 1.892503 -2.126785 4.503478 -4.941455 4.981696
310 1.6120965677 -4.450580 -1.667184 4.588913 -2.810371 -4.367799 4.398477 -4.798930 2.698699 4.407642 -4.395417 -1.656705 -2.132094 4.461135 -4.955568 4.862073
311 1.6274933141 -4.467906 -4.719450 4.515070 -4.236029 -3.274903 0.076326 -4.890715 4.190024 3.832678 -3.012614 1.852259 -2.682568 4.845384 -0.682307 4.843726
312 1.7080130110 -4.468903 3.139156 4.749422 -1.883128 -1.558288 4.786722 -4.919451 3.571478 3.875748 -4.122154 4.186748 -2.129964 3.778962 -4.937650 4.985821
313 1.6566413247 -4.443814 -4.904272 3.462333 -4.710005 -3.918661 4.787994 -4.823825 3.207801 4.979850 -4.355838 1.581129 -2.316246 4.585123 -3.245896 4.709250
314 1.6424895272 -4.497111 -1.337744 4.655819 -4.819354 4.738432 0.922999 -4.994100 1.986676 4.544274 1.219949 1.375020 -0.298827 3.994350 -4.710837 4.885244
315 1.6680887501 -4.486874 -4.464633 3.826929 -4.357934 -4.859172 0.639552 -4.783979 4.130182 3.379255 -4.262611 2.711122 -1.284319 4.068183 -4.809152 4.606427
316 1.6432548883 -4.465019 -4.483843 4.895118 -3.374317 -4.746234 -3.093446 -4.994433 0.435475 4.673677 -4.892858 1.792980 -1.631630 3.729985 -2.161526 4.818688
317 1.6207156678 -4.500927 -1.293062 4.104529 -4.740710 -0.037456 -1.242210 -4.927868 0.398063 3.283655 -2.524399 2.662126 -0.580396 4.457678 -0.393448 4.975594
318 1.5993975870 -4.477462 -3.841872 4.099668 -4.893889 1.528368 4.675637 -4.889174 2.116846 4.101713 -2.691993 2.095229 -4.933948 4.926354 2.419874 4.906228
319 1.6008344533 -4.495811 -2.696274 4.050305 -4.785519 -3.355591 3.205084 -4.900139 1.747369 4.839822 -4.624023 1.693288 -2.946517 4.078961 -4.830693 4.997543
320 1.6008686339 -4.487052 -4.623394 4.162435 -4.928064 1.409994 0.826605 -4.578335 2.003281 4.003887 -4.810460 3.146058 -2.547675 4.004226 -3.436813 4.901840
321 1.6126199529 -4.465474 -2.592736 4.338816 -4.957520 -0.042168 4.983370 -4.333376 0.637767 4.315718 -3.662998 2.776496 -1.420687 4.025680 -1.165352 4.975218
322 1.5884031907 -4.465073 -3.232185 4.281100 -4.492106 -1.497095 4.827578 -4.617680 0.890616 3.175296 -4.931718 2.655359 -2.918559 4.426729 -0.127839 4.965511
323 1.6064086680 -4.469168 -1.176043 4.221191 -4.911273 0.556842 4.177483 -4.981546 2.292356 4.896176 -4.909123 3.998889 -4.530149 4.545707 -1.163816 4.973731
324 1.5888842510 -4.480010 -4.672052 4.265059 -4.920734 -1.593738 3.182136 -4.728156 1.475045 3.364003 -4.579201 3.628232 -4.749508 3.355893 0.578626 4.987698
325 1.5846960765 -4.471906 -4.013684 4.318159 -4.895052 0.517828 1.369307 -4.697944 2.858159 4.358940 -4.943295 3.934098 -2.321918 2.857455 1.730873 4.977341
326 1.6139142097 -4.468937 -4.932014 4.148410 -4.612011 1.137492 3.097290 -4.985948 2.087088 4.621211 -4.680947 2.736549 -2.140745 3.949013 -2.356297 4.996611
327 1.5929624621 -4.480549 -4.334342 4.226622 -4.554356 -0.219861 2.520865 -4.710728 2.169763 4.358202 -4.823675 2.915827 -3.341403 3.326359 -0.215773 4.989792
328 1.5908009528 -4.483675 -2.563079 4.282257 -4.911037 -2.948596 4.379859 -4.464557 0.854849 4.891957 -3.482882 2.759791 -1.344498 4.672617 0.688932 4.946152
329 1.5945922061 -4.480420 -4.988320 4.160144 -4.969756 -1.509475 4.617233 -4.594152 1.011690 2.903812 -4.918372 3.017959 -2.532354 4.916385 0.574099 4.926551
330 1.5911241569 -4.470074 -2.433007 4.233241 -4.845804 2.287364 1.991677 -4.568097 1.047141 3.842377 -4.731096 3.003638 -2.426544 3.237547 0.123163 4.999367
331 1.6051431385 -4.461780 -4.747419 4.356040 -4.817875 3.556771 4.326162 -4.998583 1.345872 3.327051 -3.859616 2.888026 -3.145376 4.128150 -0.077654 4.940512
332 1.6153640549 -4.474042 -4.882876 4.283286 -4.529847 -0.975640 -2.398983 -4.330613 1.329882 4.526606 -4.060738 3.021528 -4.059677 2.792899 0.337180 4.982804
333 1.5918568036 -4.468064 -3.516863 4.274568 -4.987550 -4.158952 4.758280 -4.671224 0.762875 3.700835 -4.497367 3.124649 -1.798072 3.584537 -0.575214 4.996312
334 1.5997145292 -4.463183 -3.766669 4.326348 -4.796574 -2.936577 0.708349 -4.388181 1.040178 2.933830 -2.432037 4.337466 -4.413610 4.210227 0.501339 4.982110
335 1.5911684276 -4.477365 -4.468058 4.200226 -4.882958 0.238446 3.992831 -4.539417 1.315628 4.413708 -4.446410 3.252045 -3.143611 4.816942 -1.902050 4.994230
336 1.6054495325 -4.477395 -3.826898 4.273697 -4.897226 -2.863594 3.700716 -4.641199 1.230633 3.577785 -4.183184 3.928677 -4.126779 3.648330 -2.603753 4.985953
337 1.5957867356 -4.476560 -4.258638 4.267277 -4.895771 0.820124 3.774024 -4.785294 1.178989 3.494872 -4.811116 3.389418 -3.113925 4.543876 -2.208347 4.981417
338 1.6040016089 -4.467332 -4.638947 4.270545 -4.961617 0.365652 4.356669 -4.932632 2.434001 4.283259 -4.880981 3.672700 -2.787519 4.853377 -2.392959 4.938644
339 1.5881963662 -4.478630 -3.724067 4.258120 -4.919636 -0.645178 0.900139 -4.572902 2.377533 3.902684 -4.895276 3.186217 -4.144841 4.988471 -1.910919 4.990494
340 1.6209897250 -4.478708 -4.781037 4.264949 -4.885600 -2.554282 1.831468 -4.866988 1.350168 3.931841 -4.249294 3.208280 -2.839708 3.935004 -2.468748 4.993744
341 1.6173996788 -4.474792 -4.762284 4.301391 -4.988543 -0.481849 4.871224 -4.849764 1.640748 3.445072 -4.985047 3.608932 -4.368008 4.693119 -3.661527 4.957681
342 1.6064207034 -4.479654 -3.141305 4.276832 -4.957968 -1.522674 2.234912 -4.821083 1.739467 4.026784 -4.648217 3.526738 -4.053257 4.112779 -2.708618 4.991752
343 1.6071363368 -4.475667 -4.982320 4.232485 -4.921135 0.062370 3.120222 -4.752039 1.369340 4.258167 -4.967935 3.150637 -2.236583 4.640044 -2.616148 4.925735
344 1.5910251053 -4.467060 -4.379787 4.284824 -4.593757 -2.188097 4.082965 -4.559472 1.219766 4.499939 -4.808177 3.366308 -3.147199 4.810920 -3.372083 4.983403
345 1.5927714191 -4.471591 -3.347765 4.260096 -4.967559 -1.542080 4.545887 -4.624792 2.235557 3.315778 -4.766888 3.327660 -4.125337 4.883029 -2.891003 4.985877
346 1.6078927113 -4.476496 -4.908918 4.198061 -4.884855 0.253995 4.893935 -4.779726 0.947976 3.394854 -4.436909 3.099287 -3.964499 3.590766 -2.992644 4.990080
347 1.5972563317 -4.466958 -3.709361 4.318023 -4.961758 -0.694866 2.073384 -4.783506 1.217982 4.545501 -4.931691 3.073687 -1.706948 4.691844 -4.535098 4.976561
348 1.6094292538 -4.469362 -4.629240 4.271049 -4.982307 -2.023506 4.365617 -4.872817 1.056521 3.955183 -4.805784 3.287592 -3.602008 3.623149 -2.215964 4.974412
349 1.5868781788 -4.474792 -3.417522 4.419174 -4.892351 -1.286572 0.867965 -4.743456 1.614700 3.682651 -4.938285 4.024588 -2.547293 4.899234 -4.457799 4.975212
350 1.5926718391 -4.477304 -4.124659 4.318833 -4.868230 -2.061430 4.909254 -4.706829 2.134883 3.839888 -4.866362 3.220099 -2.679714 4.943785 -4.959030 4.967662
351 1.5969381455 -4.475071 -4.457619 4.334419 -4.987389 -1.130048 4.516322 -4.717757 2.057866 4.119116 -4.749620 3.428843 -3.282765 4.988161 -4.779766 4.989525
352 1.5986217633 -4.477935 -4.158323 4.340710 -4.949761 -1.321741 4.321340 -4.731231 1.587570 3.905904 -4.896319 3.444639 -2.534058 4.640333 -4.755624 4.963351
353 1.6026363750 -4.473209 -4.793478 4.269232 -4.954959 -1.964464 1.798343 -4.745889 1.438455 3.948124 -4.896552 3.914406 -2.790276 4.972029 -3.919487 4.998526
354 1.5984663868 -4.472419 -4.082311 4.257151 -4.952654 -0.834168 4.441498 -4.721039 2.036354 3.673677 -4.686039 3.707215 -3.696282 4.825166 -3.739287 4.996331
355 1.5971530996 -4.474729 -4.238459 4.254112 -4.995498 -0.824469 3.028293 -4.746382 1.554513 4.206728 -4.958379 3.288191 -2.713730 4.344864 -4.838096 4.994038
356 1.5855091130 -4.477103 -4.102772 4.325727 -4.972162 -1.893181 2.238744 -4.719122 1.787874 4.209280 -4.982735 3.603358 -2.550959 4.656166 -4.733448 4.986765
357 1.5845079568 -4.476496 -4.157288 4.348030 -4.882359 -1.673766 3.514551 -4.716198 1.502432 4.058871 -4.917851 3.359386 -2.467945 4.970468 -4.998378 4.958536
358 1.5897691211 -4.476164 -4.276952 4.205889 -4.826848 -2.075786 4.040112 -4.730148 1.439498 4.263119 -4.994986 3.583103 -4.036980 4.977498 -4.966873 4.972549
359 1.5904727728 -4.476205 -4.170896 4.333035 -4.775231 -2.617712 4.354901 -4.716149 1.408688 4.068428 -4.769345 3.236721 -3.680161 4.955170 -4.884282 4.950325
360 1.5986348054 -4.476323 -4.863323 4.359703 -4.892771 -2.223252 4.914955 -4.743879 1.459614 4.103260 -4.660875 3.193662 -4.058546 4.963404 -4.965147 4.955353
361 1.5910526579 -4.475167 -4.320247 4.323539 -4.924985 -0.120946 3.050867 -4.745112 1.823566 4.163435 -4.985886 3.440748 -2.880917 4.838697 -4.955374 4.966474
362 1.5975135030 -4.471332 -4.356570 4.296244 -4.811529 -3.356175 4.806954 -4.712279 1.514391 3.702988 -4.865486 3.981760 -2.681509 4.980330 -4.873420 4.941237
363 1.5948834409 -4.473507 -4.207642 4.342512 -4.955082 -2.224678 4.174491 -4.704486 1.559083 3.922263 -4.818285 3.659461 -2.898197 4.922902 -4.788578 4.954393
364 1.6000025224 -4.476296 -4.639994 4.289091 -4.906861 -1.544044 2.650376 -4.770252 1.860094 4.278916 -4.958512 3.470074 -3.827903 4.947855 -4.873648 4.966558
365 1.5863551397 -4.472898 -4.262057 4.271012 -4.891834 -1.366956 2.117338 -4.729709 1.573460 4.093550 -4.945599 3.507162 -3.341327 4.546396 -4.961425 4.940474
366 1.5981004428 -4.475000 -4.282236 4.248867 -4.771320 -1.153439 3.770207 -4.737324 1.627705 4.071188 -4.949398 3.465106 -3.331972 4.810896 -4.986101 4.964522
367 1.5893180945 -4.473018 -4.422706 4.250683 -4.894824 -1.595556 2.775011 -4.739127 1.727640 3.979522 -4.872609 3.525019 -3.199457 4.973517 -4.982031 4.997617
368 1.5920684126 -4.473201 -4.392970 4.255168 -4.858073 -2.065880 3.803739 -4.726942 1.585421 3.958659 -4.946298 3.401587 -3.033342 4.729300 -4.922812 4.941654
369 1.5989592845 -4.473746 -4.309438 4.291724 -4.888145 -0.818236 4.264489 -4.734499 1.776885 3.952206 -4.755781 3.456775 -3.148831 4.772634 -4.922162 4.939057
370 1.5971919570 -4.475180 -4.410539 4.293505 -4.813181 -1.727191 4.227754 -4.733340 1.754993 4.084349 -4.989367 3.435104 -3.655920 4.828624 -4.919767 4.941273
371 1.6051050474 -4.475539 -4.324141 4.286886 -4.880597 -0.731666 4.254247 -4.749171 1.797098 4.004529 -4.928994 3.615940 -3.251407 4.780026 -4.890877 4.932535
372 1.5915195185 -4.474950 -4.341354 4.277478 -4.871747 -0.839169 2.892162 -4.732074 1.693497 3.849645 -4.973863 3.498505 -2.892010 4.835311 -4.965434 4.938229
373 1.5883656755 -4.475545 -4.310438 4.268394 -4.851245 -1.006010 1.831139 -4.731551 1.615305 3.962115 -4.940240 3.448661 -2.882660 4.654869 -4.932849 4.941734
374 1.5938220781 -4.475427 -4.308232 4.222763 -4.853424 -2.154939 3.561530 -4.730028 1.604855 4.045660 -4.771458 3.466214 -2.744503 4.795678 -4.913352 4.933663
375 1.5891496298 -4.473258 -4.278351 4.252407 -4.888106 -1.249607 3.342591 -4.728341 1.851894 3.818896 -4.990126 3.450480 -3.444598 4.620398 -4.930487 4.935895
376 1.6036664328 -4.472899 -4.625341 4.302801 -4.801747 -1.834268 3.988959 -4.747988 1.712540 3.944937 -4.860478 3.411385 -2.846003 4.838013 -4.913332 4.941275
377 1.6009453990 -4.472677 -4.251975 4.270168 -4.858294 -0.635734 3.930398 -4.727326 1.757739 4.114251 -4.817350 3.673914 -2.681827 4.736711 -4.977306 4.942237
378 1.5855026969 -4.473592 -4.293183 4.284481 -4.827617 -1.330849 3.538845 -4.741665 1.626860 4.080729 -4.954000 3.628692 -3.002763 4.822091 -4.943725 4.977840
379 1.5955276913 -4.475150 -4.241836 4.278003 -4.885375 -1.082898 3.797079 -4.733680 1.723900 4.059605 -4.910489 3.664910 -3.395680 4.836916 -4.990453 4.969881
380 1.5876639373 -4.474113 -4.368541 4.258502 -4.848690 -1.143898 3.386738 -4.735144 1.679676 3.978125 -4.881205 3.484095 -3.399138 4.661644 -4.950930 4.925445
381 1.5858121558 -4.474597 -4.354962 4.274184 -4.843359 -1.206304 3.236874 -4.743259 1.677365 4.015531 -4.901786 3.589740 -3.063298 4.727533 -4.990497 4.915199
382 1.5908830008 -4.474168 -4.358818 4.266910 -4.851652 -1.462695 3.639851 -4.733632 1.701105 3.959995 -4.885023 3.685311 -3.337078 4.677394 -4.988211 4.924520
383 1.5902321042 -4.474704 -4.482848 4.256660 -4.849560 -1.724429 2.697232 -4.736098 1.703910 3.927055 -4.852778 3.554670 -3.474736 4.704161 -4.959356 4.925967
384 1.5941360209 -4.474725 -4.524309 4.272608 -4.851347 -0.948768 3.603404 -4.738990 1.700056 3.806780 -4.799742 3.670361 -2.919396 4.693100 -4.972586 4.925986
385 1.5876639373 -4.474643 -4.550553 4.271635 -4.844843 -1.177498 3.389711 -4.735425 1.795241 3.982913 -4.853590 3.539652 -3.137807 4.668688 -4.988269 4.929121
386 1.5893180945 -4.473797 -4.392173 4.267645 -4.841966 -1.424866 2.693199 -4.733609 1.676459 3.902688 -4.835516 3.511025 -3.003796 4.749931 -4.931043 4.926644
387 1.5899696173 -4.474783 -4.396625 4.251733 -4.843297 -1.076854 3.346868 -4.736106 1.716817 3.955331 -4.840735 3.484489 -3.487488 4.675617 -4.944211 4.926438
388 1.5844109172 -4.474448 -4.385513 4.273736 -4.849826 -1.443671 3.388639 -4.734317 1.711769 3.887780 -4.879441 3.513870 -3.215984 4.702321 -4.957071 4.942189
389 1.5842782613 -4.473646 -4.360889 4.255947 -4.852150 -1.431333 3.044232 -4.746073 1.702983 3.869130 -4.840662 3.613580 -3.128804 4.721883 -4.996568 4.925581
390 1.5850911857 -4.472980 -4.477438 4.271691 -4.839347 -0.830466 3.411968 -4.739609 1.690441 3.993409 -4.886163 3.657636 -3.046121 4.709326 -4.995534 4.923522
391 1.5882324492 -4.474336 -4.411429 4.255329 -4.853624 -1.258855 2.968741 -4.743683 1.697433 3.953153 -4.874839 3.548826 -3.033988 4.693277 -4.961316 4.957054
392 1.5867165972 -4.473227 -4.454892 4.265962 -4.833125 -1.673456 3.511517 -4.735956 1.688533 3.892029 -4.834644 3.520666 -3.408085 4.720276 -4.980782 4.915313
393 1.5890524367 -4.474690 -4.466861 4.247796 -4.852933 -1.074959 3.117079 -4.735525 1.703129 3.895777 -4.901095 3.563348 -3.254963 4.665361 -4.973071 4.928488
394 1.5832298360 -4.474763 -4.354377 4.273282 -4.852571 -1.522784 3.453658 -4.736638 1.665666 3.832160 -4.831092 3.633699 -3.344771 4.727516 -4.984410 4.926673
395 1.6760243385 -4.459305 -1.306862 2.943110 -3.074977 2.423775 -0.552457 -4.384601 -3.065418 3.454212 -3.173860 -3.013541 1.839449 4.635809 -3.475184 4.700027
396 1.6464732703 -4.437627 1.471058 4.605715 -4.785811 0.479437 -2.116398 -4.988304 0.519649 4.927461 -4.075153 -3.307495 -1.439550 -0.421161 -2.039647 4.952290
397 1.6813093304 -4.427925 -4.432973 4.654115 -3.227982 1.302099 2.409851 -4.663474 -3.690517 -2.254358 -3.142506 -0.524685 0.639029 -0.473077 -4.639722 4.574333
398 1.6698392744 -4.514434 -0.947467 3.786906 -4.450995 -3.570650 -4.523923 -4.592870 -3.304563 -2.851132 -2.631933 0.887222 -1.645503 0.053732 -2.306411 4.870700
399 1.6189725723 -4.415867 3.005212 4.277232 -4.848039 -1.032045 2.888059 -4.809031 -2.836099 0.093544 -3.688875 -0.566158 1.080768 4.577218 -4.294443 4.852319
400 1.6155386479 -4.467746 -4.139960 4.228413 -4.909389 -4.385529 1.879433 -4.951625 -2.894791 2.269540 -4.352520 -2.296501 1.455329 1.926889 -4.278876 4.975616
401 1.6983484052 -4.517338 4.228899 4.725425 -3.961996 -3.690647 1.224155 -4.535932 -3.255317 1.178629 -1.224691 -4.772257 -4.874873 4.230503 -1.047762 4.897319
402 1.6046463167 -4.408884 -2.541915 4.642053 -2.149275 -3.691600 2.693565 -4.607782 1.669060 0.917630 -2.803337 -0.483566 -4.923807 4.496327 -1.580494 4.945903
403 1.6654749030 -4.529971 -2.909980 4.552536 -3.557311 1.722888 1.956780 -4.650954 3.795789 4.849581 -2.713668 3.988274 3.328683 4.312606 -4.178852 4.292845
404 1.6425266850 -4.485214 -1.913020 4.735575 -4.621596 2.322406 0.461144 -4.780278 0.783942 4.528942 -4.131918 4.022030 4.921083 4.231391 -2.623808 4.952022
405 1.6600858675 -4.409061 -2.941145 4.838459 -3.748504 -3.264155 0.896564 -4.792415 1.468989 -0.811522 -1.604121 -2.028217 -4.906400 4.205752 -3.142053 4.748880
406 1.6703360102 -4.533837 -4.362231 4.585732 -4.852487 -4.218540 1.372563 -3.001096 -1.001826 3.600973 -3.643128 3.905056 0.825911 -4.714188 -4.425363 4.698301
407 1.6556165158 -4.533153 -3.092196 4.608467 -3.107340 3.257034 -4.597355 -4.132330 0.426416 4.984400 -3.775539 -1.245834 -3.919095 3.576217 -4.784244 4.696044
408 1.6340748260 -4.411282 -0.641268 4.321079 -3.346916 -2.435479 2.585036 -4.712759 1.826521 2.954625 -4.796309 3.122908 -0.369889 3.857082 -2.124329 4.990190
409 1.6491203216 -4.412739 -2.487114 3.808904 -4.948269 -3.410983 3.263389 -2.828052 -0.695494 4.621195 -2.158798 3.888151 -4.480271 4.438859 -3.483559 4.983819
410 1.5943047905 -4.504754 -3.141533 4.218325 -4.667569 3.453729 1.378069 -4.624794 -0.291422 4.070511 -4.748459 4.003039 -1.389536 4.123680 -4.356566 4.814931
411 1.6363586763 -4.477268 -1.520042 4.288345 -4.898949 -1.885484 4.831896 -4.548308 -0.058197 1.474035 -4.927778 4.005687 -0.736813 4.058162 -3.863317 4.582501
412 1.6297051279 -4.497862 -2.307093 4.167597 -4.943072 -2.642647 4.126399 -3.799618 1.302043 3.419281 -4.296291 4.405133 0.938835 4.643541 -4.349888 4.960546
413 1.6068599047 -4.488173 -3.896491 4.502834 -4.991745 1.052570 -0.736686 -4.900708 3.642157 4.489773 -4.101645 4.664557 -2.784155 2.640436 -4.716292 4.976911
414 1.6179744147 -4.498749 -4.862069 4.163491 -4.650549 1.921315 -2.399190 -4.012164 2.841033 3.804108 -3.988288 4.356414 -3.807232 3.613921 -2.999320 4.941112
415 1.6311747794 -4.502927 -3.875590 4.535124 -4.769004 4.934471 -3.325487 -4.156783 -0.349441 3.990491 -4.394991 4.130942 -2.336912 -1.868974 -4.591059 4.884081
416 1.6197121831 -4.453175 -2.856505 4.461935 -4.948584 -1.691520 1.124854 -4.540492 0.604460 4.125836 -3.999098 4.007563 -4.414057 1.020765 -4.618481 4.945319
417 1.6238165266 -4.442676 -2.539714 4.109682 -4.564428 4.479156 4.546344 -4.988254 1.057699 3.291297 -2.672176 2.256980 -0.645027 4.300976 -4.846477 4.878619
418 1.6050003816 -4.453880 -4.140105 4.439890 -4.885726 -3.008337 0.157461 -4.512896 1.764092 4.758578 -4.984557 4.472359 -2.695396 4.164209 -4.554737 4.777845
419 1.6061522475 -4.491511 -4.734776 4.153449 -4.742156 0.417482 4.777435 -4.451630 1.857254 4.849283 -3.878724 2.194043 -1.818941 3.316781 -4.447489 4.910661
420 1.6304944938 -4.459773 -2.245161 4.031100 -4.025169 -1.019730 0.605962 -4.817754 -1.023815 2.670095 -4.699120 1.458947 -1.232705 3.651536 -4.728161 4.949337
421 1.6323089857 -4.504319 -4.682103 4.275325 -4.296163 -4.331139 -1.783653 -4.331168 3.808298 4.402734 -3.627829 4.188437 -3.819482 3.745458 -4.854538 4.896767
422 1.6262420556 -4.462581 -1.946826 4.307977 -4.480171 3.386587 -0.736639 -4.035961 3.269489 4.417962 -4.738867 3.588653 -4.893262 4.578184 -3.879346 4.948205
423 1.5928095112 -4.484768 -2.838265 4.478562 -4.808156 3.788958 -0.300090 -4.813196 1.916396 4.169705 -4.478996 3.763024 -1.557735 2.986471 -4.172996 4.864156
424 1.6042298778 -4.472955 -4.926932 4.274560 -4.606296 0.359734 -0.571845 -4.617999 1.244030 3.468125 -3.829306 1.473115 -1.928177 4.147213 -4.837545 4.759857
425 1.5931961923 -4.489912 -3.107763 4.360045 -4.460584 0.635735 3.224110 -4.448353 0.449274 4.645947 -4.966412 3.117047 -3.226818 4.475301 -4.208117 4.908974
426 1.6067198884 -4.483804 -2.962000 4.288911 -4.959653 -2.442507 1.580575 -4.414507 0.418217 4.940507 -4.874025 4.164245 -4.040081 4.154817 -4.438302 4.975135
427 1.5905783670 -4.468890 -3.461237 4.119234 -4.539710 0.073450 3.060258 -4.598552 0.851688 4.843141 -4.884723 3.035799 -3.848102 4.884889 -4.960245 4.999148
428 1.6048529212 -4.488626 -4.464537 4.288182 -4.938315 2.000412 3.092828 -4.419634 0.476056 4.403538 -4.853103 2.853920 -3.645573 2.413264 -4.522944 4.939745
429 1.6037565073 -4.470352 -4.433460 4.276583 -4.716875 0.904314 1.112797 -4.967046 2.275871 3.684711 -4.964342 2.874588 -2.283540 3.941527 -4.766276 4.989931
430 1.5931161449 -4.486461 -2.423518 4.320303 -4.960338 1.160732 2.805535 -4.485798 1.280848 4.827283 -4.572973 4.055782 -4.375883 4.549532 -4.798909 4.927803
431 1.6028305859 -4.488768 -3.967596 4.214549 -4.910416 -0.652038 2.177517 -4.530822 0.754603 4.247373 -4.558704 3.608721 -2.193726 4.485033 -4.527485 4.989754
432 1.5944358153 -4.485362 -3.975641 4.308413 -4.964737 0.043282 1.049927 -4.986614 0.470722 4.632557 -4.719583 4.307663 -4.494861 4.837897 -4.799296 4.951154
433 1.6002040838 -4.459840 -3.227676 4.346681 -4.996077 -2.413320 4.343016 -4.380203 0.517304 4.934758 -4.940491 3.044972 -3.582164 4.843332 -4.128487 4.996003
434 1.6088503011 -4.488295 -2.732175 4.216696 -4.956374 1.433019 0.369810 -4.317674 0.447548 4.803985 -4.154152 3.076779 -2.857349 4.338647 -4.900986 4.964478
435 1.6099357874 -4.461888 -2.643527 4.214048 -4.504782 -1.197118 4.668575 -4.908871 2.461061 4.553930 -4.726333 4.421813 -3.316615 4.105505 -4.990609 4.990931
436 1.6036827201 -4.480212 -4.994579 4.383722 -4.922902 1.241551 1.303325 -4.758101 2.105653 4.490538 -4.857840 3.734157 -3.163674 4.167038 -4.496858 4.916800
437 1.5909563912 -4.480410 -3.008024 4.171077 -4.890121 2.352985 3.689679 -4.654896 0.224728 3.910325 -4.817837 2.894929 -4.404737 4.311665 -4.451435 4.984935
438 1.6074319715 -4.488912 -2.777325 4.277006 -4.887122 0.177374 4.531822 -4.529522 0.548965 4.148948 -4.925562 2.679172 -4.485045 4.129016 -4.957250 4.987267
439 1.6076350829 -4.478514 -4.751601 4.379991 -4.901122 1.222365 4.382959 -4.726151 0.964084 2.473706 -4.829300 2.497847 -2.332687 4.253538 -4.949983 4.984219
440 1.5913187890 -4.477792 -4.356041 4.289463 -4.733911 0.670719 2.451159 -4.887968 1.320530 4.061194 -4.295908 3.931758 -3.849602 4.518639 -4.889294 4.979344
441 1.5985844644 -4.478304 -3.290226 4.246218 -4.973578 -0.868446 3.861503 -4.916958 1.269565 4.552440 -4.966915 3.797504 -3.315066 4.374187 -4.860270 4.935512
442 1.6022223007 -4.470514 -3.101329 4.191925 -4.837952 -0.278120 3.974330 -4.603027 1.599520 4.349641 -4.793598 3.387097 -2.630576 4.900696 -4.888652 4.966795
443 1.5936875714 -4.470162 -3.825973 4.282476 -4.886877 -1.407507 4.084361 -4.830521 1.256764 4.238222 -4.932042 3.631388 -3.263018 4.991292 -4.805201 4.916825
444 1.5853168846 -4.465656 -4.457294 4.277856 -4.922275 -1.451306 2.527567 -4.678284 1.026370 4.607978 -4.894959 3.041632 -3.241086 4.572244 -4.492852 4.889613
445 1.5927384621 -4.482036 -4.187484 4.220912 -4.985095 -1.638545 4.979483 -4.677849 1.440646 4.616510 -4.957810 3.095696 -3.457124 4.221045 -4.860083 4.938125
446 1.5901792251 -4.478109 -4.228324 4.374825 -4.874207 -1.964323 2.455660 -4.698554 1.759240 4.265366 -4.901610 2.935326 -2.351063 4.870283 -4.993950 4.950081
447 1.5909568541 -4.470207 -4.109062 4.377528 -4.583359 -0.538802 2.405771 -4.710060 1.537223 4.634284 -4.947106 2.780994 -3.602272 4.917194 -4.700738 4.994279
448 1.5835430915 -4.480591 -3.261792 4.302819 -4.946064 -1.119755 3.140044 -4.673353 1.376820 4.541488 -4.823693 4.062884 -3.465332 4.634420 -4.865761 4.969653
449 1.5949995777 -4.481846 -3.932010 4.197241 -4.995225 -1.021498 3.857122 -4.646871 1.711738 4.071676 -4.746477 4.094277 -3.210802 4.829035 -4.875391 4.993973
450 1.5908665817 -4.480768 -4.576157 4.203695 -4.870639 0.649865 3.026088 -4.538572 0.990949 3.908913 -4.959359 3.779405 -3.085037 4.914192 -4.702575 4.852203
