evaluations raw_y x0 x1 x2 x3 x4 x5 x6 x7 x8 x9 x10 x11 x12 x13 x14
1 4.5784930165 -3.771845 1.873141 -2.668803 -4.929676 -0.587516 0.857145 1.192262 -3.738366 4.295916 -4.980232 -0.441117 -0.509916 -1.894737 2.995043 1.390153
2 6.0592318648 -3.590178 3.382709 -2.640687 -4.800508 -0.544579 1.512634 -0.261528 -3.126003 2.520406 -4.455811 -2.640287 -4.224241 -2.295377 3.438008 1.252406
3 4.7075747608 -0.984931 4.576140 -2.497305 -4.946686 -3.713615 -1.082572 -0.235588 -2.796125 4.036867 -4.243810 0.047228 -1.754633 -4.158588 2.718019 1.375260
4 3.9720168461 -3.177845 3.400959 -3.826421 -3.329004 -1.948261 0.162533 0.140015 -1.842072 1.832774 -4.888448 -0.988054 -2.714180 -4.343802 3.025891 2.970825
5 5.2700622226 -4.849627 3.692031 -3.225623 -2.948886 -2.720401 -0.071826 1.738252 -3.261767 3.952578 -4.745160 -0.232412 -1.667137 -3.781903 3.541078 2.535596
6 5.4246797512 -3.924429 3.768267 -4.989826 -4.799464 -2.276980 -1.408136 1.353200 -2.560925 3.732992 -3.544616 -0.279127 -1.633268 -1.639308 4.102194 2.150093
7 3.7569668810 -1.705825 3.942879 -4.017102 -4.596883 -0.977823 -0.098599 -0.152215 -3.244978 0.838838 -4.172910 -0.433071 -2.003353 -2.793319 2.204926 0.533286
8 4.8272736856 -4.028937 2.320683 -4.936201 -4.417329 -2.321329 0.573741 0.672828 -3.070859 2.807827 -3.892782 -0.071375 -3.316237 -2.500097 2.613219 1.106774
9 4.6576680147 -3.181597 4.436200 -3.124939 -4.220052 -1.787055 1.861066 0.060007 -1.341677 3.441073 -4.280667 -1.582806 -1.185973 -4.863996 2.220805 0.919568
10 4.8794512807 -4.561766 2.957054 -3.589846 -4.557469 -1.914865 0.187855 0.472325 -1.773742 3.941914 -4.561739 -0.887757 -2.050511 -2.362193 3.016653 0.625580
11 5.9233558410 -3.438799 4.477901 -3.050774 -4.669121 -2.402274 0.309230 -0.586492 -3.206022 4.163431 -4.848427 -1.301298 -3.376146 -4.062632 3.408570 0.202394
12 5.1289111536 -4.500807 3.586265 -3.141370 -3.873873 -1.954100 2.201584 -0.529809 -3.408920 1.958078 -4.724078 -1.218540 -2.211428 -4.533118 4.100809 1.026593
13 4.3114214523 -1.938193 3.838744 -2.172707 -4.978401 -0.922658 0.538354 -0.638298 -3.211447 3.251515 -4.852181 -0.380165 -2.299890 -3.935275 2.689375 -0.170108
14 4.0925831443 -1.980262 1.965370 -2.969099 -3.546629 -0.407830 0.106466 1.392895 -3.801751 2.147847 -4.987146 -1.514426 -2.276628 -2.523020 3.252801 2.100080
15 4.0675578539 -0.804125 3.691285 -2.957811 -4.919995 -1.290216 1.409799 -0.616702 -1.859223 1.593881 -4.999842 -2.178578 -2.202526 -3.240733 2.139764 1.169571
16 4.8542083472 -1.562643 3.499942 -3.107847 -3.811401 -0.853562 -0.485209 -1.474508 -2.194681 1.584900 -3.344503 -0.433871 -1.141576 -4.104822 3.382315 2.442919
17 4.9422384888 -3.693246 3.643520 -1.662287 -4.813657 -1.195567 -0.052602 -0.838288 -1.998259 3.352566 -4.463404 -0.665689 0.731885 -3.853882 3.930183 1.313595
18 4.0279968451 -3.207098 4.927514 -3.314250 -4.194107 -1.916937 0.593876 0.221636 -1.383850 1.897060 -2.493680 1.064271 -1.816399 -3.322905 0.231952 1.738737
19 4.7080836295 -1.642489 2.524591 -3.969082 -4.757483 -1.761850 0.033535 0.578748 -4.106336 2.987539 -3.344982 -0.290814 -2.529200 -3.878132 0.567944 3.112748
20 4.9660029495 -3.251409 3.660253 -3.429008 -4.585793 -1.648533 1.988258 0.089802 -2.256619 3.646171 -3.199514 -2.408546 -4.099020 -2.868063 2.894366 2.194689
21 4.7757395272 -3.221549 3.759496 -4.324090 -2.556156 -2.573611 -0.643509 0.536750 -2.930972 2.779087 -4.339173 -1.243163 -1.065698 -3.758504 3.116176 0.174426
22 5.0106719570 -1.440032 3.636437 -3.998830 -2.977794 -1.852711 0.743056 0.377075 -2.267983 1.346727 -4.554888 -1.159986 -2.441241 -3.298950 4.303220 1.408423
23 3.7851935591 -1.932066 3.941054 -3.115038 -4.017182 -1.033710 0.859211 -0.370924 -2.805237 1.408162 -4.225814 -0.285472 -2.712462 -4.208852 1.883070 -0.599839
24 4.8578385807 -2.103893 3.593866 -3.327010 -3.551961 -1.507852 0.657128 -0.649304 -2.179099 1.350016 -4.918492 -1.805446 -2.344618 -3.796562 2.785342 2.217355
25 4.8116910336 -2.675223 4.072155 -3.987841 -3.458937 -2.150666 0.324472 2.009665 -1.215864 2.561962 -3.682675 -2.068806 -3.416868 -4.495251 2.124830 1.699212
26 5.3448457658 -2.565599 4.993362 -3.166648 -4.593091 -2.803753 1.038888 -0.263153 -3.556375 1.833644 -4.994642 0.333806 -2.632272 -4.536488 -0.629906 0.727738
27 4.6493390451 -1.935636 1.985067 -3.854549 -4.893551 -3.233621 0.944185 0.600423 -3.110161 2.852790 -4.636961 -0.379929 -2.604395 -4.257701 1.494641 -0.367791
28 4.4614647738 -1.692042 4.845403 -3.911967 -3.526263 -0.332912 1.215515 -1.578433 -1.002475 3.630112 -4.494009 -0.709978 -2.904859 -2.329483 0.137290 0.093548
29 4.7007279115 -3.049724 4.993101 -1.971036 -3.205159 -2.443364 0.533385 -0.008195 -2.719069 2.050938 -4.971996 -1.027893 -4.484385 -4.993992 3.268199 -0.498845
30 6.7303247073 -1.861409 3.076540 -3.917039 -4.898546 -0.367985 -0.703249 -0.921584 0.065096 1.104499 -4.952444 0.866134 -3.880073 -4.328623 1.486617 0.375865
31 4.6370207781 -1.417949 3.733740 -2.313430 -4.260635 -2.671259 -0.245975 -0.776085 -3.456384 1.753790 -4.804712 -1.188492 -1.669891 -3.394703 0.952076 1.127458
32 6.0560208527 -2.463544 3.549918 -3.518119 -4.541470 -1.451909 0.288823 -0.525543 -3.963672 1.357900 -4.866754 0.543143 -2.542913 -4.654557 1.805057 -0.398040
33 4.7779084856 -0.917141 4.470122 -3.348976 -3.399440 -1.241645 -0.298014 0.273071 -3.919332 1.211162 -4.261232 -1.314169 -1.478704 -4.134324 2.228210 0.219762
34 4.2159834123 -2.205129 2.903358 -3.172763 -4.982435 -0.595687 1.005099 0.393819 -3.351137 0.871407 -3.962122 0.992676 -4.238035 -3.444132 3.375832 0.134440
35 5.3278978897 -3.562509 3.486413 -2.606347 -4.760328 -1.307573 1.261646 0.124000 -3.365428 2.360672 -4.599938 -1.100452 -2.979365 -4.585340 1.973185 -0.701317
36 4.1072844606 -2.481540 3.634707 -1.217722 -3.960041 -1.228564 0.414691 1.510964 -2.170099 2.946405 -3.874505 -0.499080 -2.806698 -2.157619 1.909828 1.626300
37 4.8834152156 -0.228575 4.478462 -2.510393 -4.955574 -2.108295 2.673137 -0.114018 -1.630744 1.593075 -4.254882 -0.567919 -2.167766 -2.537397 2.737442 0.339521
38 4.4962737376 -1.588101 3.290915 -2.363645 -4.973242 -0.368592 0.402213 -1.067937 -3.700009 1.642883 -4.994653 -0.018834 -1.531908 -2.074134 1.700101 1.466737
39 7.4431940191 -1.591043 4.967319 -4.109793 -4.830208 -1.513915 1.190325 -0.849650 -1.567187 1.188802 -4.744788 -0.664217 -4.955909 -3.585539 1.669814 -0.226710
40 4.8664977664 -2.734413 3.791641 -1.616314 -4.555432 -0.759159 -0.566113 1.169940 -2.443011 2.686986 -4.915830 -0.878992 -4.064596 -3.832440 2.326321 0.262697
41 4.4216179098 -2.320065 3.033463 -2.454927 -4.923712 -2.269774 0.930347 0.542494 -0.477593 1.720888 -4.377427 0.620734 -4.932671 -2.053193 2.123759 1.781717
42 3.6653515971 -1.171716 3.877654 -0.449164 -3.074249 -1.710667 0.028828 0.433779 -2.428809 0.453708 -4.934667 -0.078099 -2.307533 -1.302993 2.118037 -0.383282
43 4.9402623407 -1.747572 4.979770 -3.384552 -3.980244 -0.723835 1.411435 -0.138251 -4.502583 2.275313 -4.554564 0.343741 -1.433406 -2.783883 1.718451 -0.149775
44 4.8516868473 -1.659429 1.644947 -2.752674 -4.771798 -2.807308 2.159445 1.507984 -1.380674 3.736389 -4.892404 -1.528965 -2.818957 -3.651914 0.740136 0.905003
45 4.9478143960 -2.812521 3.323881 -2.624295 -4.993557 -3.204430 -0.584902 -0.053059 -3.199384 0.892724 -4.383547 -0.481776 -3.381765 -2.620605 2.356910 0.753202
46 3.9871920798 -1.882953 4.776412 -2.105262 -3.580206 -0.183737 2.088038 -0.133091 -2.331588 2.370626 -4.944527 -1.446998 -2.021816 -2.858234 2.731609 0.283258
47 4.4687865908 -2.314576 3.503851 -2.769128 -4.919548 0.055063 0.575146 0.223305 -2.687880 3.076932 -3.720918 -1.619369 -3.755805 -2.130503 2.476882 1.009868
48 4.5580228068 -1.126242 0.844062 -1.961037 -4.333944 -1.403768 1.237427 2.150186 -2.005587 3.859145 -4.368310 -1.497490 -4.570223 -2.535119 2.140776 1.561274
49 3.9674169125 -1.677454 4.365707 -1.805981 -2.992933 -1.493166 1.638343 -1.537154 -1.880296 2.571739 -4.910352 0.023867 -3.194242 -1.970207 1.051498 -0.653700
50 3.7766189517 -2.293439 3.282431 0.190319 -2.195044 -1.349286 0.419064 1.233265 -1.997868 1.117413 -4.517611 -0.837450 -3.537872 -1.043431 3.159808 0.663064
51 3.7443975208 -0.823667 3.554206 -1.764145 -2.873269 -0.648591 -0.130963 0.414282 -3.266277 0.656304 -3.705412 -1.145112 -2.080621 -2.470676 2.770141 -0.895788
52 3.6086211876 -0.635264 2.666151 -1.774849 -3.090757 -0.829352 1.097234 -0.255706 -2.099694 1.075964 -4.556925 -0.800712 -2.404462 -2.283602 1.292068 1.456326
53 3.7475802781 -1.286104 4.183080 -1.517096 -3.978642 -0.859330 0.087024 0.638282 -3.291946 1.158911 -4.832391 -0.488796 -2.792822 -2.784718 1.084616 -0.828202
54 3.9178724245 -2.015763 3.819941 -1.264264 -2.794911 -1.396465 -0.223067 0.131251 -1.411055 0.602862 -4.837039 0.479659 -1.730734 -1.827724 2.381338 1.414053
55 3.9052257649 -0.208369 4.842115 -2.692404 -4.449966 -1.401585 1.731490 -0.190640 -1.049693 0.984479 -4.552829 -1.162316 -0.871357 -2.318376 2.014816 0.340777
56 3.7157854622 -0.359598 4.403401 -0.816391 -3.449509 -0.588266 0.287759 -0.116635 0.135495 2.079066 -4.620480 -1.102889 -2.675023 -1.816860 1.869226 1.068644
57 4.3453048992 -1.548729 4.580138 -1.013218 -3.258743 -0.384114 2.244485 0.255748 -0.476761 -0.114535 -4.961611 -1.607613 -1.498202 -1.395284 1.103687 -0.367310
58 4.3324627738 -1.558340 2.302806 -1.434248 -3.327888 -0.252710 0.897234 0.939596 -1.191813 0.698097 -4.632181 -0.565538 -4.686990 -1.350352 2.763963 1.964748
59 4.2590479420 -2.232087 3.497790 -1.634864 -3.250661 -0.173332 -0.494736 -0.423846 -3.350668 2.725206 -3.597921 -0.112430 -3.046764 -2.626240 1.863352 0.098186
60 4.3964751577 -2.341304 3.030373 -0.331215 -2.991010 -1.314997 0.262137 -1.563651 -2.703542 1.432783 -3.697641 0.291307 -1.337112 -2.685557 2.545154 0.366931
61 3.6808402569 -1.641092 4.783066 -1.005294 -3.769718 -0.971962 0.952653 -0.873874 -2.599702 2.672807 -4.930638 -1.004541 -1.185999 -0.631098 2.854080 0.505554
62 4.6872640061 -1.298311 3.295645 -0.273219 -3.671731 -1.273735 -0.200050 -0.505743 -2.327905 2.047587 -4.587614 -0.843230 -3.545995 -2.234773 2.474822 0.495518
63 3.4111387416 -0.862328 3.346040 -0.675577 -4.609416 -0.981834 1.138786 -0.136653 -1.283564 -0.252868 -3.973962 -0.630132 -1.899493 -2.867639 1.068443 -1.551750
64 4.1732264168 -1.154658 2.288246 0.663302 -4.808964 0.239453 -0.910883 -0.355719 -1.522160 0.272612 -3.452352 -1.527178 -3.272935 -2.245921 3.110730 -1.697879
65 4.0034815181 -1.224685 1.729504 0.079512 -4.946997 -0.791124 1.438539 -0.356072 -1.497519 2.367620 -4.891841 -0.760727 -1.694978 -2.755148 0.229403 2.775130
66 3.8751924377 -1.016213 4.389941 -2.189825 -2.647711 -0.925417 0.678722 0.624864 -2.132215 0.587949 -4.489237 -1.193799 -1.823199 -1.331956 -0.205329 0.498150
67 3.1619875062 -0.925642 2.568012 -0.623371 -3.787963 -0.621058 0.131986 1.203811 -1.904607 1.626867 -4.997900 -0.199305 -3.774334 -0.073889 1.951486 1.097258
68 4.2185793234 -1.560623 4.404148 -3.293053 -4.730322 -1.153657 1.179836 -0.105289 -3.923520 -0.373020 -4.700778 -1.841390 -2.805499 -1.883828 1.121179 0.825333
69 4.3132181002 -1.274751 2.291877 0.385571 -4.761904 -1.438188 1.761134 -0.332858 -1.761381 2.675241 -3.353240 -1.424004 -1.721395 -2.602689 1.951662 -0.843460
70 3.3796494664 -1.327912 3.358026 -1.262310 -2.645170 -0.602675 1.232722 -0.631606 -2.023252 0.532860 -4.009486 -0.845362 -1.904606 -2.234356 1.729352 0.083919
71 3.8136183071 -1.313184 1.824973 -1.214948 -3.790939 0.093390 -0.098748 -0.150857 -3.133840 -1.191746 -4.599621 -0.510979 -1.413557 -1.612964 1.626472 1.408481
72 3.6163240710 -0.366822 4.865689 -2.938213 -1.867528 0.175144 2.145488 -0.309647 -2.178677 1.917459 -3.958345 -1.414366 -0.447272 -2.364600 0.759689 0.522811
73 4.5409290962 -1.513074 3.965886 -0.213012 -3.688065 0.586910 2.390069 -0.577955 -0.987940 0.552759 -4.649752 -0.484143 -1.723899 -0.399607 1.315914 -0.182866
74 3.8644460845 -0.721089 2.722965 -0.323482 -3.060751 0.751289 1.484152 1.867329 -2.933772 1.212091 -3.646027 -0.127745 -2.459775 -2.455000 0.642587 0.573592
75 2.9375891870 0.796109 3.761148 -0.896833 -3.009502 -0.914185 0.579309 -0.846201 -0.299030 -0.051274 -4.826479 -0.060428 -3.229812 -2.526236 0.728166 0.044760
76 4.4484690977 -2.511102 3.801736 -1.198756 -2.611224 -0.554838 0.721452 -0.003558 -1.629465 0.406390 -4.794658 0.248947 -2.275938 -0.406794 3.308662 1.363051
77 3.6122165865 0.159188 2.619208 -1.370263 -2.881131 -0.306241 0.258220 0.348424 -1.769370 0.960891 -4.208375 -0.936814 -2.596372 -2.367920 1.475834 0.246308
78 4.1865807594 -0.629558 2.592420 -1.412931 -3.402154 -0.972765 0.908109 -0.620557 -3.713594 2.267837 -4.617191 0.140330 -1.361370 -0.359990 0.128934 0.531912
79 3.8467218257 -1.168473 4.325624 -1.768095 -1.332248 -0.253592 0.783573 0.639533 -2.874816 -0.410788 -3.700256 -0.361061 -2.346360 -0.680497 1.312779 1.067016
80 3.0076113380 0.180027 2.753774 -0.977943 -2.835071 -1.840146 0.706094 -0.292608 -2.060457 2.453356 -4.997406 -1.515669 -1.736523 -0.842151 0.838108 2.009012
81 4.6500676170 -0.941951 4.309180 0.446338 -2.402196 -0.708308 0.739830 0.171117 -3.687025 0.676099 -4.750554 1.251293 -3.403697 -1.586931 2.494507 0.787531
82 3.5068778782 -0.587614 2.550158 -0.760556 -4.253468 1.100845 -0.110133 -1.462373 -0.897088 0.742354 -3.966427 -1.399513 -2.354026 -2.124311 1.730621 -0.157229
83 3.3723822978 -1.231018 3.103525 -2.835432 -3.566206 -0.557634 1.885463 -0.788365 -1.094661 0.545626 -4.549357 -0.169809 -2.927187 -0.999669 0.728222 0.884255
84 21.3073527089 -1.124877 4.977475 -1.178878 -3.433629 -1.063094 -0.344632 0.704237 -0.607805 0.770482 -3.825912 1.151141 -3.947666 -1.244713 0.267592 0.437871
85 3.4061184912 -2.196045 2.200366 -3.040178 -3.988433 -1.951935 0.448959 0.961904 -0.796961 3.140362 -4.840168 -0.312222 -3.418500 -0.190439 -0.130042 0.545595
86 3.4327776189 0.876888 4.318844 -1.501715 -2.135428 -0.911870 1.128830 -1.074308 -0.787688 1.306671 -4.988069 0.744101 -2.365208 -1.709838 0.779938 0.442174
87 3.8175684608 -1.065514 2.889014 -1.238142 -0.733742 0.103186 -0.510635 1.507136 -1.810800 2.265105 -3.462312 -2.522222 -2.534246 -2.456512 1.200932 -0.215817
88 2.9456732840 0.800290 3.226660 -1.297791 -3.921172 -0.243420 0.267111 -1.068626 -2.135911 1.089935 -4.997255 0.595383 -2.024954 -2.090181 0.370099 0.880850
89 4.0565233834 -1.011611 4.016512 -0.734787 -4.186437 1.440924 0.869980 0.581998 -0.408324 -0.742943 -4.983757 0.235594 -2.607420 -1.425142 2.846806 0.422932
90 3.0944202045 1.345402 2.399199 -0.473825 -2.972937 -0.932308 -0.304615 -0.321177 0.245168 0.122204 -2.880982 -0.871440 -1.958403 -2.662135 2.436002 2.973959
91 3.6341377441 0.355063 1.676738 -2.009900 -3.105490 0.388225 1.552131 -0.312745 0.552604 0.939782 -3.690916 -0.417020 -3.011501 -0.478874 0.673503 1.804012
92 3.7913359310 -0.204273 2.470234 -0.135229 -2.793972 -0.473530 0.411352 -0.583338 -0.536278 0.520878 -4.905513 0.626916 -3.103136 -1.313001 1.861925 0.137195
93 3.9678065770 1.195189 4.239579 -0.193419 -1.364869 -0.986649 2.210405 -0.844525 -1.159499 0.420001 -4.831956 -3.366115 -1.580345 -1.405710 0.678757 1.271511
94 3.3215625759 0.889345 3.868863 -1.218466 -2.427198 1.227836 0.937469 -2.581698 -0.154319 -0.052411 -4.375385 -1.240854 -2.662719 -1.104831 -0.569399 0.830894
95 4.8325023876 1.086692 2.742851 0.608812 -4.254394 -0.284993 -0.670339 0.076421 -1.217765 1.648591 -4.338583 0.280581 -3.457543 -0.371402 0.617707 1.290177
96 3.8720142961 -0.640622 4.216104 -1.869951 -3.743845 -0.381263 0.974782 -0.125066 -1.108338 2.212377 -4.530580 -1.296116 -2.158999 0.575666 0.599768 0.289782
97 3.4827117934 -1.151179 3.762737 -2.779858 -4.135775 -0.189803 2.198050 -0.117652 -1.651242 1.733195 -4.950484 0.933516 -2.641471 -1.656984 0.699701 0.925048
98 3.0072452945 -0.590433 3.078971 -2.107791 -4.188718 0.564372 -1.126302 -0.030270 -0.832424 1.210787 -4.285007 0.001657 -2.770265 -0.844250 2.382260 0.938359
99 2.8340301733 0.058291 3.130016 -0.653855 -2.953080 -0.979196 0.711214 0.696303 -3.226660 -0.287401 -4.968327 0.156180 -3.923040 -2.111627 0.970623 1.901780
100 3.3352387772 0.232352 2.050689 -1.203136 -3.759845 -0.608661 0.898140 -2.738506 1.108365 -0.684989 -4.992183 0.530880 -2.367232 -2.181663 0.150401 1.298708
101 4.4036895789 -0.248050 2.574207 -3.255927 -4.631509 -1.173331 0.002275 -1.335178 -1.333943 1.937017 -4.551169 0.256779 -3.215112 -2.679622 -0.702906 2.316448
102 9.5683708499 1.648977 4.735518 -0.261141 -3.928074 0.046841 -0.030443 -0.768296 -0.034193 1.648724 -4.396520 -0.017565 -1.833807 -0.968852 1.489020 0.450604
103 2.7359053506 -0.316942 2.800608 0.019845 -3.010866 -1.202216 -0.034631 0.234762 1.073848 0.409741 -4.842715 -0.337540 -1.968982 -2.194714 0.496221 1.897319
104 4.2627013267 -0.728683 1.922678 -0.017680 -3.745392 -1.667706 -0.245267 -0.393297 -1.485231 0.574055 -4.463799 -1.099246 -2.502387 -3.539243 -0.716086 -0.364977
105 3.3362713217 0.825757 3.029026 -1.657932 -1.910186 -0.477643 0.611589 -1.126758 -0.279279 0.312471 -4.671946 -0.676128 -4.008207 -2.385932 0.949243 0.059855
106 3.8908621019 -0.802020 3.183785 -1.704540 -4.164734 0.475665 0.817844 -0.347372 0.035616 1.194741 -4.201625 -0.556759 -3.352258 -2.740853 1.525113 -0.885325
107 3.6092957984 -1.357636 3.775652 -1.667457 -2.874174 -1.368497 -0.994631 -3.606080 -2.036933 0.226083 -4.610708 -1.983430 -2.270309 -1.013522 1.206092 1.991909
108 3.4809701114 -0.804741 3.179288 -1.798217 -4.977850 -0.304349 1.587990 -0.370080 -1.170940 0.191255 -3.928139 -0.320861 -1.805902 -2.555804 0.816784 1.854918
109 3.4751495281 -1.266949 3.816307 -1.451845 -3.184972 -0.001763 0.010946 -0.313750 -2.166998 0.804096 -4.964564 0.668196 -2.503946 -2.677050 -0.785323 1.852927
110 4.0028361290 -1.322540 2.520098 0.296652 -3.614629 -1.476698 -0.312650 0.958550 -1.799494 2.765730 -3.067326 -0.676804 -3.338872 -1.199068 2.560071 2.111781
111 3.0895022228 -0.367870 2.192810 -1.268281 -2.246362 -2.310880 -1.266400 0.827440 -0.181259 -0.522592 -4.998409 0.114663 -2.707394 -2.210654 1.930169 0.017538
112 2.9118246250 1.694557 1.191922 -0.204423 -2.886303 1.084997 0.782032 -0.509879 -0.427254 0.796528 -3.878370 0.206090 -3.055490 -2.185223 -0.563888 0.175395
113 3.1686000757 0.969259 2.134764 -2.018964 -4.796159 -1.113137 0.742471 1.186651 0.962045 0.892440 -4.828683 -0.364759 -2.112081 -2.406374 0.573426 1.397646
114 4.4513196009 0.106395 1.200927 -0.732484 -3.566369 -1.361073 -0.304255 1.184959 0.352009 -0.453134 -4.977626 0.708815 -2.242507 -1.593999 1.365974 -0.516545
115 3.5724445183 0.357364 2.536115 -1.638784 -1.965112 -0.171274 -0.457204 -0.566697 -0.121528 -0.876930 -3.706966 -1.484197 -2.081125 -2.507355 0.693483 1.806609
116 3.5365324085 -0.664788 1.718445 -0.499946 -1.987535 -1.592271 -0.299192 0.956819 -0.894377 0.460260 -4.067840 -1.411127 -2.503956 -1.876367 1.236048 1.552936
117 3.4269726102 0.797259 0.659628 -0.983020 -3.502876 -0.585963 0.562530 -0.579890 0.081844 1.065823 -4.992256 -0.075454 -1.915429 -2.491094 1.577291 1.804815
118 4.5515558799 -0.930025 4.577572 -1.651516 -2.749662 -1.256264 0.474006 1.652989 -1.555465 1.395727 -4.132033 0.511442 -3.730858 -1.912360 2.170845 0.550288
119 3.2708202830 0.139485 2.559585 -1.921655 -4.778498 -0.196459 -2.153089 0.441610 1.019418 0.040941 -3.979195 -0.428190 -1.955869 -3.297732 -0.828264 2.320727
120 3.4832558637 -0.254559 0.852220 0.642777 -3.317943 -1.649345 0.933804 -1.469531 1.156613 1.929229 -4.335971 0.379413 -1.539534 -1.133519 0.309262 2.925575
121 3.7142628489 1.826905 3.008373 -0.138291 -2.975046 -0.470023 -1.687044 0.523378 -0.977432 -2.492979 -4.695990 0.172355 -3.553232 -1.863634 -0.160681 0.544291
122 3.9973691227 2.714778 1.406806 -1.516785 -4.030014 0.130280 -0.422469 1.168966 -0.595639 0.736046 -3.943170 -2.270763 -3.513015 -2.808010 1.262239 -0.300607
123 3.3003780517 -0.581418 1.647534 -0.484230 -2.069586 -0.849657 -0.367182 0.580848 -0.117339 0.210161 -4.867668 1.102491 -3.028771 -2.364519 0.843719 1.713531
124 3.8820986844 0.976205 0.648031 -0.765276 -3.206010 -0.079750 -0.278844 0.374453 0.036079 1.017480 -4.464952 -1.580054 -2.884997 -3.383894 -1.436511 -0.120746
125 3.5280389922 0.294472 2.418077 -1.269751 -1.999805 0.067592 0.484114 0.356604 0.088076 0.479388 -2.956479 0.556893 -3.522046 -1.398671 2.091676 1.648587
126 4.0730893022 -1.592541 1.289317 -0.223737 -2.746202 1.165284 -1.726154 -0.378518 -0.540716 0.858487 -4.998997 0.398412 -1.326889 -3.665656 1.346231 1.324454
127 3.4895948615 0.585555 1.812396 -0.396768 -2.703539 -2.497348 -0.907752 0.759762 0.904881 1.528248 -4.154962 1.415472 -3.767027 -2.186043 -1.033296 -0.929928
128 2.7306010787 -0.190810 1.699411 0.123430 -2.159526 0.166382 -1.020162 0.151927 0.698938 -0.199670 -3.920323 -0.573535 -2.518624 -1.395481 -0.265257 -0.185115
129 3.9977257246 -1.392030 1.085458 -1.043544 -2.752092 0.630632 -0.436595 1.415395 -0.401634 0.600968 -3.594965 1.139379 -2.532987 -1.622210 -0.737192 0.419413
130 2.5812261284 1.724462 1.175422 -1.098144 -2.101935 -0.883477 0.342889 -0.394913 -0.369232 -0.015888 -3.163490 1.232659 -1.571479 -3.076120 0.852225 0.163780
131 3.5941531604 1.439613 2.308948 -1.251928 -2.808865 -0.735414 -1.082150 1.265066 0.372351 0.158441 -4.747593 1.377935 -3.240085 -1.962157 0.208175 1.354426
132 3.8174861152 0.615086 1.837963 -2.059720 -4.153935 0.355039 -0.176160 -0.948024 0.544443 0.552572 -3.236326 0.728505 -3.666890 -2.905585 -0.347094 0.451370
133 3.6868054615 0.661405 2.297191 -0.693655 -2.946297 1.576413 -0.771297 -0.591425 0.766785 1.222080 -3.146248 -0.307116 -0.651838 -2.815408 1.573831 1.500268
134 3.4754234848 2.030135 0.961773 -2.087857 -1.415324 0.713273 1.964466 0.791671 -2.599176 -0.986156 -4.521833 0.928097 -2.312092 -4.769161 1.232868 0.549477
135 2.7018817200 -0.034347 0.609095 -1.023466 -1.196095 0.346343 -2.067420 0.980496 0.315822 -0.121078 -2.981255 1.256326 -2.342074 -0.400044 0.549247 2.289550
136 3.2147803066 -0.964037 0.786875 -1.701218 -1.078103 -2.720892 0.821603 -0.609806 1.623606 0.934866 -4.391975 0.588495 -1.784254 -1.230111 0.591881 0.893436
137 3.0318148954 2.138720 2.766517 -0.820497 -1.311737 -1.205330 -0.303558 -0.103425 -0.046452 -1.160237 -4.088138 0.617244 -4.032824 0.085712 0.679101 -0.618856
138 81.5855866309 0.651193 1.148626 -0.055396 0.009442 -0.318244 -0.281100 -0.575529 -0.637924 1.825016 -4.878292 0.884193 -0.662483 -3.806069 -0.029926 0.963135
139 3.9856565036 1.227791 1.194192 -3.380387 -3.004988 -0.403194 -1.373955 -0.447429 0.176745 1.351119 -3.603829 -0.679344 -1.703383 -2.613623 0.452477 0.989407
140 4.5862415999 0.644528 0.649749 -0.905749 -2.335257 -1.095405 0.292626 -0.451451 -0.155626 0.531504 -4.979029 3.743187 -3.553082 -1.363891 1.087005 -0.648775
141 2.8491122094 1.556227 1.212650 0.090251 -2.601202 -0.879664 -0.135275 1.120700 0.210832 -0.014223 -4.784297 1.896586 -1.993637 -3.021625 2.613438 0.373585
142 5.0690253196 -1.275579 0.867124 -1.396174 -4.859564 -1.827582 0.540921 0.469116 -0.379692 0.528883 -4.473874 -0.482641 -3.095830 -0.941098 1.907925 0.328172
143 3.4113769436 0.659922 1.465410 -1.259550 -2.873366 -0.471272 -0.261278 0.250429 -0.227631 -0.298324 -3.652832 1.906670 -3.684771 -2.025362 0.857738 1.280687
144 2.6241324440 0.447688 1.988641 -0.011091 -1.762871 0.179296 -1.174338 0.051350 0.123296 -0.603037 -3.966594 1.480542 -1.857261 -2.610972 0.582531 -0.984593
145 4.0659884959 2.077102 1.429890 -0.461648 -0.572869 1.572915 -0.227814 0.437921 0.337649 0.683283 -3.217832 1.598629 -1.403083 -1.401411 -1.291517 0.235605
146 3.9461808196 1.842114 1.500347 0.664726 -2.561898 0.134956 -1.488406 1.209736 1.824442 -2.473879 -3.696876 2.412910 -2.790925 -1.229595 0.762818 0.653219
147 2.3725456548 0.784528 2.060918 -0.077064 -2.429846 -0.060150 -0.777166 -0.873665 -0.125353 -0.880100 -2.546165 1.321326 -2.738471 -1.785988 0.165487 0.785085
148 3.3477327244 -0.094690 1.087692 0.936736 -2.747233 0.469257 -0.619273 -1.435284 -0.209746 0.352800 -3.573267 1.390793 -2.244258 -2.735091 1.958814 0.753780
149 4.1158948367 0.322641 1.442924 0.485676 -2.939797 -0.510710 -2.155784 -0.522922 -0.120260 -0.594172 -4.198542 1.087955 -3.868250 -0.490529 1.323124 1.414170
150 3.0304492705 0.181856 0.299266 1.286245 -2.000409 1.029102 -0.812794 0.126061 0.283727 0.736818 -2.887739 1.608965 -3.128944 -4.172547 0.304587 0.409967
151 2.7801835184 0.647216 2.015085 -1.252628 -1.541988 0.811298 -2.857101 0.849627 -0.124597 -0.106660 -2.991431 2.615492 -2.984767 -0.824939 -0.563947 -0.379012
152 2.8887273006 0.904007 2.067318 -1.152049 -1.641530 0.029393 -2.327869 -0.182558 0.538626 -0.610980 -3.546594 1.149489 -1.135354 -2.260926 0.085711 0.435630
153 3.5388808752 1.175530 1.855626 -0.538154 -1.612439 0.745750 -0.427365 -0.110843 1.086838 -2.292478 -3.838520 1.373677 -3.663702 -3.171355 1.263116 1.197421
154 3.6363359979 -0.133248 1.158546 -0.392861 -0.601122 1.402786 1.401145 -0.368365 0.334143 -1.001230 -4.999983 3.060864 -2.693867 -1.487606 1.592309 0.911697
155 6.9176228440 0.614639 1.072720 -0.983325 -0.742920 0.432944 -1.101013 -0.344903 -0.439720 0.356832 -2.986087 0.278663 -3.472036 -3.896350 -0.896866 1.492394
156 3.4503063336 -0.352390 1.412495 0.179337 -3.558647 1.519160 -0.735635 0.089648 1.056286 0.761865 -4.985634 -1.298543 0.077540 -2.344659 2.420285 0.023451
157 3.1522145803 -0.886831 1.017579 -1.684801 -2.626130 -1.091147 -2.436052 0.707491 -2.051075 -0.437105 -2.829813 1.345663 -0.717068 -1.987951 -1.411642 -0.300067
158 3.8628063908 1.253402 2.898695 0.114429 -3.064331 0.298239 -1.343958 -1.545448 -1.523881 -1.541071 -4.791417 -0.529085 -3.048068 -1.287715 -0.421614 -0.180651
159 3.3445290771 -1.000246 0.361668 -0.091970 -2.432594 -0.159669 -2.153912 -2.480366 0.972378 0.465064 -4.312294 2.888220 -1.960901 -0.599032 1.677308 0.350949
160 3.1487299027 1.379823 1.042563 -1.615523 -0.900777 1.815342 -3.230910 1.024869 0.714904 -1.105930 -4.048233 2.293350 -2.812779 -2.605325 -0.359189 1.166105
161 3.2006970418 1.020447 0.283912 0.247405 -1.002334 0.935867 -4.138414 -0.466672 0.198213 -1.598161 -4.125794 0.942972 -1.707462 -2.393715 0.357292 0.330259
162 3.5828187823 -0.737763 1.255734 -1.185939 -2.494438 0.225779 -1.998603 -0.564996 0.096741 1.250451 -3.579181 1.764244 -3.136823 -0.378558 2.448716 0.651226
163 3.3664679915 -0.009573 0.984153 -0.171262 -3.737705 2.455338 -1.278871 -1.461639 1.298669 -0.530428 -3.939699 -0.196885 -3.153358 -2.772987 -0.976065 0.375445
164 3.0205845207 3.394873 1.382303 -0.667721 -3.225211 1.948865 -1.989193 -1.023943 0.741442 0.191601 -2.243640 1.481592 -1.704654 -1.168715 -0.835987 -0.207462
165 2.9158694696 1.955437 0.420289 -0.110172 -0.213846 -0.618698 -2.555927 -1.287218 -1.096589 -0.520206 -2.967759 1.065683 -3.178570 -1.598382 0.137881 -0.727056
166 2.8339711786 0.863430 0.968434 -1.171494 -1.135528 0.860937 -1.438106 0.731608 1.421801 -1.090278 -2.946080 2.513017 -0.703103 -2.504128 0.150111 0.415241
167 3.6074399638 1.254246 1.222542 -1.235008 -2.052471 1.095761 -0.376431 -0.339081 -1.338287 -1.724698 -3.890099 0.522444 -2.684981 -3.324558 0.659289 -0.387569
168 3.0897161607 0.028928 3.534968 -2.030201 -2.634315 1.437733 -1.422140 -2.021441 -2.219047 0.900368 -1.132308 2.077164 -3.023006 -0.538723 0.197368 2.866621
169 3.0751950220 1.637649 1.098414 -0.394219 0.002618 -1.220416 -1.955992 0.166748 1.201125 -2.406542 -2.302575 2.298169 -2.412039 -1.220839 -0.434359 -0.263791
170 3.0637665641 1.969679 -0.554573 -0.133693 0.004917 -0.454806 -2.499289 -1.005611 1.826114 0.129181 -2.595881 2.504642 -1.274498 -0.700902 0.608304 0.226804
171 3.2760262343 0.409940 1.547349 -1.884726 -2.421533 0.202982 -1.117675 -0.172370 -0.110654 -0.832636 -1.525608 1.493398 -2.399809 -1.614827 0.764965 0.337937
172 2.9957886953 3.163390 -0.405793 0.095749 -0.690566 -0.784872 -1.131404 -1.289465 -0.402058 0.270124 -2.215880 3.117164 -0.786029 -0.031839 0.636295 -0.030334
173 3.1808165723 1.854238 0.662599 -2.397395 -2.879342 0.974943 -3.379562 -0.126661 -0.060133 2.181476 -2.738333 -0.115668 -2.175625 -0.433876 0.481192 -0.558944
174 3.9544908991 1.568893 1.425058 -1.220167 -2.638597 1.918242 -3.430430 -0.478593 0.360373 0.889615 -3.821130 1.579354 -1.858983 -0.520731 -0.227016 1.272072
175 3.0828789662 2.008091 0.897581 -0.356702 -2.135156 0.942548 -1.871196 -2.148408 -0.335725 -0.694608 -2.275753 4.676686 -2.463087 -1.913988 0.610198 0.073314
176 3.7534544823 3.383257 0.660683 0.784079 -0.800341 1.724512 -2.804609 -0.774514 -0.113791 -3.506134 -1.846840 2.789197 -2.164249 -3.442326 -0.747156 0.367239
177 2.6537360227 2.015733 2.346696 0.215955 -0.249959 -1.158393 -1.584247 1.076870 1.525836 0.114899 -0.800244 2.537691 -1.863430 -2.270091 -0.999469 1.954299
178 3.3876263466 3.764478 -0.352033 -0.719846 -2.363610 0.352656 -0.815773 -0.626095 -0.838638 -2.324496 -1.737923 0.002611 -0.820247 -1.685215 -0.426245 -0.709231
179 3.6206064206 1.410190 2.213109 -1.264796 -1.247665 0.494443 -2.004316 -1.339662 -0.502062 -0.614513 -1.244295 2.934256 -1.178013 -1.449542 -0.426320 0.522068
180 3.9679615019 1.774768 2.644645 -1.478699 -0.792352 1.324975 -2.588645 0.403830 0.415507 0.463117 -2.334802 3.105697 -2.678379 -1.125662 -1.462486 0.074687
181 3.5064632942 3.121401 2.595270 -0.090400 -1.386378 -1.223024 -3.813684 -0.150181 3.878349 0.166487 -1.496757 2.585774 -0.543937 -0.356432 -0.138204 0.175890
182 3.0857517945 2.752169 1.487922 1.391296 0.943026 1.196513 -2.096254 1.200948 1.886677 -0.580046 -2.557416 3.108199 -2.239161 -0.862159 -2.160406 2.176592
183 2.6551872358 4.055288 -0.517219 0.984135 -0.730446 -1.227827 -0.990765 -0.710706 2.279861 0.705587 0.065003 2.829240 -1.679672 -1.342388 -1.131221 0.084027
184 3.1835340151 3.462829 1.021831 1.225921 -2.262534 -2.066467 0.072336 1.233929 1.216164 1.285049 -1.879933 2.628909 -2.114580 -0.631929 -0.489598 0.416718
185 3.2062169613 0.855324 -0.355310 1.387297 -0.244890 -1.967090 -1.782437 1.029267 0.389450 0.531311 -2.863287 3.531068 -1.436011 -1.317511 -0.960937 1.236591
186 2.8760246763 0.742994 0.519909 -1.804249 -1.475490 -0.193410 -1.150468 0.378596 2.113815 -1.033617 -0.612024 2.228135 -1.524325 0.586659 -0.034605 1.131781
187 2.9846223192 2.085131 0.968320 0.402022 -0.682016 -1.932059 -0.918370 0.001718 -0.089598 -1.577373 -1.960191 4.485975 -1.800080 -1.401993 -1.555761 3.079491
188 6.1176791736 1.008743 0.549569 0.025544 -0.196797 0.082765 -2.135053 0.016532 0.785991 0.216267 -3.281448 1.494693 -1.291551 0.434445 -0.591193 0.694815
189 2.8438598476 2.654648 -1.090718 0.790613 0.861441 -2.341025 -0.991057 -0.440389 2.230780 -1.489783 -2.663528 3.085405 -2.094782 1.818688 0.208633 -0.982741
190 2.8598473726 -0.938585 -0.518094 -1.387134 -1.495609 -1.720571 -1.969127 0.000021 0.178562 0.532111 -1.732239 2.819823 -0.012596 -0.778642 0.762283 0.393150
191 3.1044680245 0.865865 -0.195064 2.013112 -0.352270 -2.534833 -0.012839 -0.484461 1.613775 0.140683 -2.073530 2.683430 -1.542106 -1.306269 -1.012513 2.539494
192 3.2628307102 2.305467 0.875309 -0.599468 -0.845662 -0.580997 -2.501593 -0.678906 1.001635 -1.256072 -2.734240 2.875449 0.374454 -1.507301 -0.262217 -0.141995
193 3.2007593237 2.577814 -3.241570 -0.790507 0.915323 -3.100442 -1.634789 0.757574 3.170754 1.731588 -0.274942 3.702794 -0.043316 1.405790 -0.980597 -1.088968
194 3.1868052510 -0.925653 -0.622879 0.545039 -1.046645 -3.343557 -2.170877 -0.882209 1.874285 -1.441073 -2.806908 3.231500 -1.060242 0.509366 0.184705 0.476668
195 3.4012682265 3.099029 -1.201940 1.584069 -1.564717 -3.415100 -1.330925 1.990868 1.477312 2.112344 -0.107542 3.657805 -1.167008 0.278509 1.148318 1.889771
196 3.4618925579 2.320174 0.203874 -0.501778 -1.155788 -2.494446 -0.868925 -1.719296 2.958531 -0.216755 -1.754064 2.311231 -0.466437 -1.129532 -1.519845 1.363375
197 3.5437472401 1.497245 -0.435055 -3.593567 1.641938 -1.093742 -0.758176 0.016048 1.084149 -1.475306 -2.044880 4.883033 -0.773327 -0.457631 -1.811602 -0.836507
198 2.7053458074 1.727797 0.358309 2.001930 1.153930 -0.271397 -1.096174 -0.822915 0.934208 -1.046428 0.663679 3.414897 -1.091589 0.020164 -0.976709 -1.423859
199 3.7667189403 3.831780 -1.705877 -0.768574 1.023870 -1.812006 -3.282659 -1.898562 3.187705 -1.210055 -3.470300 2.427109 -0.793650 0.702917 -1.505367 2.235463
200 2.6228890157 1.484242 0.803708 -0.158959 -0.682413 0.921896 -0.948490 -0.731167 2.119232 2.105217 -3.239944 2.294417 0.688676 0.471744 -0.078527 0.202840
201 3.5941706885 1.540987 -0.121963 -1.259913 -1.251245 -1.393809 -0.851911 -0.382447 0.540102 -0.241130 -2.871065 3.657858 -1.657170 -2.094325 0.499566 0.712177
202 3.2579242841 0.841821 -1.084904 -1.024397 0.691697 -0.581514 -1.451701 1.413960 2.240072 -1.321367 -1.907559 2.855237 -1.835810 -2.239486 2.150239 3.507685
203 4.6148000093 4.735946 -2.156894 0.888847 1.546329 -1.277036 -3.557770 -2.982674 3.548124 -2.343240 3.069665 4.966309 1.095125 0.387255 -1.470783 1.298793
204 3.2396733827 1.959148 0.435582 -0.400235 0.180826 -4.259694 -0.696010 -0.976602 2.199343 1.599212 -3.027902 1.790656 -2.418816 -0.267533 0.636040 0.960856
205 3.4984792494 2.857949 -2.817116 1.274789 1.727048 -0.720725 -3.522602 0.302316 3.001307 -0.907581 -0.086770 4.492225 0.235108 1.207649 1.576775 -0.854333
206 3.1570597474 3.131864 0.111859 1.710279 -1.820332 0.130637 -2.070109 -0.959090 0.625659 1.087892 -4.396987 2.481350 0.861654 1.507574 2.154881 -1.517081
207 6.0486355578 0.607911 1.314031 0.793489 -0.286841 -0.550620 -0.443879 -1.190208 1.441548 0.221125 -0.017250 4.496161 -3.242459 1.493166 -1.880675 0.764588
208 3.1057192301 1.165255 0.973499 0.780695 1.611272 -0.559335 -0.950278 1.446774 3.306973 -1.665887 -1.329211 -0.351877 0.272748 -0.010869 -2.144295 0.221417
209 3.8069642793 2.692998 -0.552724 0.012114 2.396786 1.188659 -0.968841 -0.456729 2.642051 0.388136 -1.681580 4.498181 2.693842 0.042167 -2.206817 -0.856200
210 2.4314809582 0.218442 0.412764 1.098401 -1.170254 -1.936859 -0.618511 0.710578 1.800005 2.070179 -1.936073 2.689947 0.990357 -2.256945 1.039910 -0.345907
211 3.2093098891 2.517535 1.135563 0.713713 1.396832 0.865190 -1.755392 1.661467 3.676781 -2.160480 -2.070452 2.953279 -1.979670 0.212187 -2.420454 -1.965279
212 3.3287973785 0.944404 0.692059 3.282571 0.179192 -2.919682 -0.704849 1.960135 0.642940 -2.160735 -2.478856 2.091581 -1.600721 0.443442 0.714899 0.487921
213 4.1890378143 2.614990 -0.184523 -0.464575 -3.921500 -1.071519 -0.414643 -2.679141 3.166740 2.474927 -2.940934 3.310688 0.599186 -0.487086 -1.866932 1.644351
214 3.1539354604 3.117196 0.336035 2.897079 -2.551612 -1.213655 -0.312366 -1.343277 0.957189 1.300697 -1.754095 1.382250 0.059483 1.386201 -1.406125 0.089467
215 2.8097897999 -0.149525 0.526618 2.022724 0.686979 -0.798899 -1.165539 0.435953 1.063434 0.742251 -0.896295 2.759515 0.126046 1.569467 -0.016045 0.639515
216 145.5853407588 1.359267 -0.676018 -0.038146 -0.571680 1.082064 -0.528149 0.441632 0.061514 0.335985 0.075098 4.217551 -0.506630 1.744633 0.072008 -0.071906
217 3.3080846064 0.330554 0.681587 2.687104 0.235402 -1.911641 1.300365 -2.046827 2.905210 1.173515 -0.431344 3.300373 1.933654 -1.580537 -0.486397 -0.687506
218 3.8775893443 2.467395 3.359995 0.663821 -0.453521 -0.830442 -0.227757 -0.669530 1.273454 1.241347 -3.400058 -0.396063 0.377416 -2.649203 -0.761912 1.035767
219 3.7947487557 2.538488 -0.034830 4.407259 0.859955 -2.863159 0.913655 -0.210520 2.212135 -0.124295 0.481900 4.337379 1.557596 1.881786 -1.667636 -1.487801
220 3.9017677832 0.426018 -0.557300 2.234555 2.025048 -1.709419 -2.311509 -0.483061 2.659504 0.196427 -0.665477 2.741995 -1.190523 0.508653 -2.537602 0.339418
221 2.9004068047 1.754118 -1.205420 3.971807 -0.218344 -0.200713 0.085994 -0.189242 2.869133 0.548784 0.020265 3.333635 1.356289 -0.631123 -1.242073 -2.149181
222 3.8046724035 -1.288072 0.599315 0.567091 -0.124405 0.502461 -0.560270 0.719803 1.839566 2.442607 -3.317506 2.507556 -0.168907 -0.166190 0.419531 -1.451518
223 3.0421517880 3.374466 0.505349 1.343047 -0.565986 -2.000438 -2.533043 0.072059 2.243024 0.963787 -1.294180 3.001415 0.939031 1.768875 2.166915 1.988010
224 2.8416393937 1.077782 -0.411084 -1.080574 0.098719 -2.418963 -2.124934 -0.566897 1.442088 1.871306 -0.395611 0.837655 -0.039276 -1.135759 -0.616281 2.648574
225 3.4900577896 2.250564 0.786713 2.383449 1.137210 -3.390268 -1.121257 -1.341400 3.339682 -1.035376 -2.875911 1.486003 0.959333 -1.488972 -0.191589 -0.652357
226 2.6899473783 0.230665 0.772628 0.672070 1.101254 -3.130077 -0.854510 2.247907 1.548838 3.056114 -1.815917 2.161879 -0.722276 -1.115834 -0.293203 -0.634677
227 2.9669811817 1.097635 3.033340 1.734514 0.095382 -2.792194 -0.154906 2.509285 1.204854 0.647904 -3.508691 4.048725 0.639816 -0.046173 0.837448 0.091902
228 3.0773325254 2.891156 0.641129 1.631797 1.336763 1.052905 -2.041086 0.201793 2.935187 1.573404 -0.862044 2.576008 -1.537530 -1.226019 1.817167 1.196013
229 2.2189571378 1.522541 0.135665 1.500670 0.801473 -1.710306 -0.901564 0.162499 2.165765 1.820443 -0.029789 0.972759 1.109503 -2.281869 0.216021 2.168658
230 2.7801211327 0.021937 0.174133 0.873849 1.368808 -1.966178 -1.780180 -0.485133 0.582252 0.779888 0.690318 1.671741 1.171398 1.242387 0.641026 -1.863050
231 3.4175212677 -0.021543 -1.908961 3.794255 1.424310 -1.731036 -1.155107 2.539787 0.893695 3.175613 0.381883 1.752355 -0.611777 -1.498723 -0.475556 -0.912498
232 3.0645514742 0.984471 2.953056 1.830907 0.615749 -1.354504 -1.064813 0.049401 0.660627 1.751298 0.915299 2.528633 0.526763 -2.443231 -0.674668 -0.322127
233 2.8893137919 1.946957 -0.408217 0.067781 -0.664916 -1.896589 -2.254497 1.500897 3.558310 -0.954060 0.146990 2.613841 -2.820232 -1.059551 -0.969240 1.786281
234 3.9264185083 3.043990 -0.298260 2.698372 -0.125475 -2.492472 -1.107662 1.738128 4.784573 2.762820 -3.604569 3.252461 1.378986 0.058779 -2.813310 1.852089
235 4.8747276906 0.700442 -0.626793 1.736566 0.180440 0.555002 -1.703091 -0.534082 2.761947 4.353867 0.630824 3.407611 3.287825 -3.259098 -3.498695 -2.160959
236 3.0793731344 -0.754923 -0.423651 0.515483 -2.323177 -0.434333 0.394089 0.436883 0.969271 -0.082195 1.026796 2.529556 0.588985 -1.851676 -1.198783 -0.196032
237 2.6854942535 2.899959 0.899106 1.736707 1.142665 0.278181 -1.124612 2.960411 2.155774 1.404482 -0.940984 3.374737 -0.679796 -1.196640 -1.116394 0.541254
238 3.2717272575 1.666129 1.019439 0.798415 0.760417 0.848808 -2.482064 0.916203 3.590017 0.979924 -0.592301 1.464523 -0.343356 -1.479278 -1.756223 -1.845294
239 3.1053921328 2.591150 -0.744557 -0.394213 -1.426240 -2.341189 -0.928976 0.460463 0.755306 1.744967 -0.971567 1.159483 -0.964551 -2.560208 -0.081256 -0.432771
240 3.4199087987 3.724682 1.141895 0.723763 0.415782 -2.080210 0.297945 0.459467 1.632763 2.850112 0.110240 2.563250 0.936265 -2.695433 -1.186649 0.514042
241 2.9246907855 1.502744 -0.753998 -0.232377 0.732672 -1.165402 -0.716744 1.910661 2.107080 0.731424 -1.612009 0.541039 -0.420727 -0.983465 -2.664865 -1.174585
242 3.6269272645 1.466668 0.309252 1.255131 -0.532567 -0.755325 -1.382672 1.104257 3.049474 -0.285336 -0.575952 2.410850 -2.354504 -2.762727 -2.036119 -1.311429
243 2.8482186413 0.895772 0.006169 0.909022 0.125959 -0.227033 -1.380810 1.345530 2.438784 -2.203737 -2.385306 1.790575 0.184706 -1.355798 -0.691285 2.168748
244 3.2353511818 2.157165 -0.157974 0.945025 -0.756803 -1.553683 -0.258524 0.842814 2.923701 0.736209 -0.488935 0.723260 -0.433095 -1.621130 0.607192 -0.247309
245 4.7214914860 0.879455 0.099977 -0.599568 -1.276255 -1.795024 -0.094694 1.298729 2.998863 1.418253 -0.425196 0.149048 0.789160 -0.937464 -0.699241 -0.629272
246 3.1766543279 -0.614717 2.427158 1.674708 -1.166542 -2.164911 -1.757661 0.791705 1.150108 1.529756 -0.838640 0.976598 -0.258963 -1.259136 -1.501916 1.560035
247 2.7826301354 2.074033 -0.938558 1.994715 0.156521 0.113643 -0.462929 -0.454240 1.492920 2.016814 -0.441672 2.659197 -2.242785 -0.940543 -1.793621 3.155446
248 3.2784899815 2.473073 0.383594 1.793277 0.186321 -0.294619 -0.272458 0.299104 -0.721461 0.782596 -1.794296 3.497086 -0.512783 -1.950066 -0.617946 -0.955770
249 2.9988091463 0.408242 2.070261 0.834369 1.250357 -0.693629 -2.405948 -0.165881 2.270776 1.674441 0.044778 2.512668 -0.287792 -0.517112 1.017975 1.879791
250 2.6424578493 1.270813 0.702951 1.787206 0.683124 -2.089472 -3.207842 3.208376 1.167908 0.012409 -0.741100 1.509345 2.986017 -0.738843 0.977824 -0.047596
251 3.9163839485 2.288390 -1.207168 2.818449 2.415096 -3.470521 -0.496061 0.895731 3.154286 1.188654 1.331832 1.749723 0.590440 -3.619465 0.301596 0.035652
252 3.1194223836 1.894988 1.068566 1.474174 1.208323 -0.760253 -3.064109 -0.538862 1.695038 -0.654561 -1.401878 0.891816 -0.309865 -2.490481 -0.300241 1.908348
253 2.4063400388 0.401778 1.977980 1.335105 -0.930880 0.593951 -0.611615 0.889149 1.772222 2.217531 0.284970 0.821134 1.013848 -2.122255 1.069645 0.331172
254 3.4249347034 1.597733 0.000707 2.446841 1.048584 -2.648353 -2.947623 3.007025 1.270294 0.503823 -2.289110 1.497554 2.439939 -0.013845 -1.520437 0.074103
255 2.3607800509 1.150774 0.734200 0.498273 1.036960 -0.003303 -0.023156 2.205038 2.041673 1.452666 -1.530715 1.098728 -0.344449 -0.128403 -0.829007 2.312665
256 3.4037350298 1.337687 0.534072 1.083256 1.326533 -1.208411 -2.323867 2.990893 2.832179 0.289789 1.354696 3.189008 0.367827 -1.607267 0.734275 0.849775
257 2.7946388847 -0.460481 0.996165 -0.492715 0.089660 0.756500 -2.857664 0.749245 1.320782 -1.195348 -1.407310 0.742854 1.022658 -1.305056 0.146398 2.459256
258 3.2362305054 1.171706 0.830911 2.925204 1.822096 0.104323 -1.201453 1.122279 2.677918 -0.454535 -2.361236 1.615375 0.520458 -1.646549 0.342258 -0.464906
259 2.8505987502 1.335581 2.058412 0.674787 -0.212448 -0.222598 -2.253458 2.121913 1.770314 -0.282701 -0.170647 0.410775 -0.439591 -0.822185 -1.267383 -0.456038
260 3.2210796932 -0.032396 0.518678 -0.165015 -0.377918 -0.264169 -2.565308 -0.080802 -2.211968 2.112853 -2.653566 0.561965 1.924496 -0.626070 -0.340535 -1.518384
261 4.3740689934 2.701560 0.186779 0.633076 0.462487 -0.807822 -3.764086 3.345974 2.080999 0.523211 1.925993 3.476771 4.148224 -2.404376 -0.280113 1.625076
262 3.5447359158 3.460828 -3.524088 1.348404 -0.123113 0.142717 -2.328892 0.924056 2.920330 -0.354135 -1.692395 2.297181 -1.180042 -0.653708 -1.032069 1.361235
263 2.6810450244 3.349359 0.174141 2.113621 -0.094878 0.165752 -2.371331 -0.080289 0.945894 0.634105 0.868536 2.187861 0.013073 -1.595340 -1.768958 2.436966
264 64.5955598425 -0.523375 1.829801 0.780577 0.536110 -0.654571 -0.690615 0.250836 -0.342002 -0.110047 -0.634408 1.422370 0.984096 -0.705778 -0.487821 -0.613300
265 3.7745232060 0.077905 3.756942 1.047507 -0.553901 0.677175 -2.235192 0.662405 1.622893 2.422880 -2.484389 -0.050989 0.670864 -0.505594 0.252127 2.493880
266 3.4865484625 -0.122454 0.972067 -0.298763 -0.637855 0.496680 1.080922 -0.183608 0.757417 1.726308 -1.011214 1.233838 -0.656397 0.977497 -0.439623 2.279404
267 2.2327581934 0.282134 -0.362711 1.056591 -0.335250 1.769789 -2.839226 1.824820 0.561681 0.849665 0.019430 2.320019 0.228050 -1.904150 0.045928 -0.939396
268 3.3721833359 1.560966 2.231273 0.621033 3.318943 -0.096163 -0.689321 1.278090 1.936310 1.142566 1.302381 2.218892 0.315548 -0.786611 -2.018164 3.429571
269 2.9944460941 1.848650 2.703144 0.664450 2.130057 -0.539316 -0.000946 0.992959 1.834753 2.572931 -1.567367 0.171461 0.856755 -1.554962 0.326960 2.218026
270 2.9255897073 1.707939 1.001967 2.206848 -0.260918 -0.725467 -1.402556 0.098392 0.389301 0.568565 -1.452973 1.767156 -0.305318 0.031046 2.048326 -1.625896
271 3.1860243988 -0.213919 2.202497 0.600544 0.999212 0.986580 -2.770445 0.205188 1.582086 2.096791 -1.478703 2.550486 0.671248 -1.399372 -1.066210 1.356679
272 3.2114412030 0.188729 0.382733 2.012660 0.536651 1.680879 -1.822699 3.220364 1.743724 0.257349 -0.545381 -0.029492 0.455454 -2.891519 -0.521539 2.132372
273 3.4552079466 2.361822 1.608459 1.255862 -1.433370 -0.419533 -2.570522 -0.996858 1.031787 1.647539 0.776438 1.818129 0.132246 -2.406543 -1.221941 2.768646
274 3.1057401972 2.352256 -1.299996 1.062321 0.709789 0.944395 -1.671572 0.366486 2.411533 0.887534 -0.700919 2.254919 -0.757762 1.816681 -1.949263 2.535134
275 12.5720576325 1.222158 1.897209 1.471302 0.268137 0.695155 -0.281719 -0.017289 0.316252 0.457733 -0.110929 0.768068 1.799902 0.745404 -0.618956 -0.549800
276 2.4826106643 0.028860 -0.974851 1.300146 -1.663318 -1.625033 -0.162272 1.997421 0.777242 -0.946268 -0.120998 1.391125 2.238579 -0.266746 0.536290 2.218814
277 1.8713244231 1.472843 0.243486 0.961154 -0.982560 -0.846320 -1.974071 1.173766 1.152180 1.002661 -1.904557 1.427872 1.726163 -0.837238 1.017766 1.118291
278 3.2811147754 1.759175 0.510934 2.815634 0.113265 -0.039397 -1.491787 2.354203 2.606470 2.520839 0.108035 1.886780 1.402032 -1.562170 -0.224344 -0.090940
279 2.2474400788 2.073538 0.275367 1.355709 -0.955290 0.000668 -2.285023 0.666897 -0.081539 -0.344519 -0.048096 2.400900 -0.051455 -0.282208 -0.946932 0.380039
280 2.9498880548 0.738161 -2.169534 1.036307 -1.366942 -1.099417 -2.932653 2.783351 1.523109 -0.263068 -0.705313 1.569976 1.386663 0.155500 1.052586 -1.424266
281 2.8103393346 -0.451233 0.760460 0.908767 1.288037 -1.655474 -1.272272 0.261776 0.128443 2.788864 -0.621337 1.081452 0.269167 -1.931906 1.043015 -0.340906
282 3.1734132467 0.648285 -0.395305 3.254677 -0.708052 -0.051435 -1.755927 1.496240 1.848485 0.314280 0.218520 2.915406 1.337174 -0.787398 0.605794 0.887385
283 2.7758685676 0.941102 -0.863545 0.661633 -1.213315 0.612815 -1.662873 0.580230 2.251810 -0.058521 1.084592 2.120632 1.074122 0.462208 0.477218 1.557582
284 3.3523346928 2.727373 0.360039 -0.478965 -0.260277 0.697211 -2.197697 -0.370731 0.359870 0.868391 -0.691000 1.002990 -0.788641 0.724408 0.022574 0.116623
285 13.1719866063 0.277660 -0.253282 1.653167 -1.389433 -0.409326 -0.394474 1.168545 1.671027 -0.189027 -0.273675 0.700543 -0.039182 0.537350 1.700195 -0.753602
286 2.2660519112 1.194196 -0.083029 2.447227 0.019761 -0.327098 -1.025507 0.992150 -0.028124 -0.098292 0.495266 1.041361 0.580551 -2.436434 0.459909 -0.069994
287 2.0257238118 0.898967 0.880999 -0.010279 -0.158870 -1.231235 -1.758752 2.111020 -0.117248 1.169925 -2.106991 1.098077 0.509013 -0.505276 -1.268827 1.169266
288 7.5613123546 1.749952 -0.994534 1.353886 1.595907 0.196716 0.004402 1.338797 1.245447 0.451575 -0.625770 0.714298 -1.527713 0.256309 -0.512901 0.116901
289 2.8430541741 0.971843 -1.274426 0.611888 -0.802595 -0.744074 -2.512373 0.612897 1.934206 0.890188 -0.437925 2.270964 1.641864 0.877660 1.074452 0.671765
290 3.4586662384 2.144742 1.291474 -0.462613 -0.595523 -0.480273 -2.602409 0.188432 0.733207 0.403602 -0.207093 0.763710 0.571177 -0.725696 -0.170757 1.474699
291 3.2379637217 1.711147 -0.893881 0.537473 -0.509296 -0.467340 -1.309346 1.002882 0.072841 -0.072569 -2.038034 0.274211 1.637646 -1.125403 1.071416 1.464046
292 2.8672067574 0.472456 0.821847 0.263546 -2.492975 0.087982 -0.970268 0.492890 0.339853 1.070502 -0.955836 1.859544 0.325972 -1.350659 0.355858 2.750129
293 2.5952301344 1.927525 0.337889 1.229882 -0.784088 -0.610273 -1.857248 2.098123 1.336398 2.416378 0.033251 1.835815 1.323922 -0.975036 0.398791 1.910675
294 3.5842897135 0.373821 0.714602 1.451019 -1.300597 -1.579208 -1.569702 2.062667 -0.257722 1.263550 -1.837102 2.390876 0.833891 -2.352318 2.251015 -0.330189
295 2.4928398778 1.825765 0.828252 0.634532 0.925072 -1.320185 -2.120279 0.788586 0.669029 2.075926 -0.028964 0.514326 1.022283 -0.599670 -0.086105 0.255369
296 3.2034142504 1.546318 0.945095 0.294084 -0.425798 -1.485591 -2.377695 2.396939 0.393912 1.260607 -1.367792 1.985667 2.268896 -0.160120 -0.037676 1.039431
297 2.3639094348 0.816971 -0.242805 0.810626 0.757933 -0.128164 -3.017516 0.173274 1.303650 -1.066509 -0.768070 1.629735 2.466275 -0.932152 -1.862020 1.272771
298 2.3134363625 2.215294 -0.208393 0.114404 0.037338 0.532754 -1.587588 1.062346 1.317887 1.130483 -1.940089 2.244802 1.696956 -0.923080 -0.872086 0.661982
299 3.6058795181 2.392963 -0.334987 2.405699 0.933339 -1.394236 -2.431006 0.660783 1.671828 0.667788 -0.098419 2.983550 0.556182 0.686585 -0.700923 1.917433
300 2.9108160239 1.282095 -1.850506 0.286791 -0.917299 0.732376 -2.888604 1.128684 0.846155 1.528583 -0.184559 1.339563 0.501424 1.311595 1.266170 1.248753
301 3.5733982093 1.548272 0.764133 0.591091 -1.657678 -0.034133 -1.911032 2.530142 0.462481 1.315774 -1.529284 0.627349 1.678044 0.030381 -0.252929 1.407620
302 2.7683719169 0.996842 0.298349 -0.723705 -2.085196 0.261379 -1.635055 0.441854 -0.248998 1.810672 -1.937647 0.668510 1.310901 -1.912485 -1.338973 1.711492
303 2.8298627096 0.652903 0.106590 0.960906 -0.180093 -0.080440 -1.482951 1.332578 0.959994 0.319834 -2.185459 1.215722 1.259424 -0.983663 -1.274377 1.136811
304 3.2470642176 1.853902 -0.633740 0.543645 1.082208 0.499755 -3.052088 0.197208 2.223022 1.672895 -1.069210 2.250455 1.353959 -0.420472 -1.568154 0.748106
305 2.8167030875 1.650468 0.773840 0.201636 0.783833 0.710362 -1.990118 0.746822 2.859537 0.926531 -0.431126 2.197174 3.109543 -1.135532 -0.378482 1.623513
306 3.0721187200 2.277703 -0.156293 -0.947755 -1.402453 -1.214526 -2.461869 0.736602 0.597351 0.391414 -1.826260 2.189455 0.524962 -1.027690 -0.604858 2.001510
307 2.1531060459 2.300600 -1.436477 1.248585 -0.293747 -1.029737 -2.941450 0.748782 0.316400 2.034407 0.114528 1.033213 1.706477 -0.928535 0.031565 0.889401
308 3.1611407386 2.888835 0.598780 1.040941 0.391985 0.656566 -1.012344 0.925978 1.760588 2.401423 -0.329918 1.591822 2.345670 0.718207 -0.714317 1.762964
309 3.3647184536 1.346621 -0.905820 0.978003 0.660206 0.412711 -2.804605 2.470650 2.673269 1.881021 -2.690907 1.788756 1.351415 -0.466893 -1.112553 0.714908
310 2.3036799806 2.183620 -0.140281 -0.885658 1.003946 -0.669984 -1.923372 1.366233 1.836930 1.273183 -2.021672 1.896572 1.817327 0.182118 -1.366162 1.292287
311 3.4156089229 2.292902 -0.131877 0.254984 0.335002 0.465131 -2.826290 1.998120 1.551276 1.213131 0.532371 1.285824 3.308470 -0.251402 -0.286628 3.068774
312 3.0579535722 3.008040 0.550240 0.923671 0.579743 0.404766 -1.984683 -0.370283 1.733917 2.191997 -0.805155 1.582737 1.402196 -0.958454 -0.476829 1.172668
313 3.6241806340 0.606910 0.472871 -0.569428 -1.157566 0.008377 -1.928366 1.085871 -1.366771 2.040960 -3.627674 1.345814 0.997964 0.468431 -0.383951 -0.109692
314 2.5934801928 2.218106 -1.283416 0.768807 0.970725 -0.186821 -2.318461 0.525139 0.587709 1.834981 -1.047436 0.366602 1.211717 -0.556248 -1.953815 0.964818
315 3.8634209521 2.556768 -0.261516 -1.752789 -1.144185 0.457475 -1.353470 0.701457 0.482835 1.645619 -0.778254 2.078859 3.424339 -1.529761 -1.269971 0.375268
316 3.1850639634 0.990594 0.311338 1.152222 0.452540 -1.130713 -1.630889 0.329187 0.867768 2.156941 -1.733467 0.513459 2.415350 -2.600590 -0.717845 1.197272
317 2.4053202989 1.826039 -1.500164 -0.202813 -0.320551 -0.711722 -2.907226 2.007330 1.398432 2.219393 -0.901656 1.011431 0.882677 -1.197911 -0.230058 2.134014
318 4.0818629692 2.351690 -1.325737 1.209643 0.360499 0.620794 -2.481327 -0.092505 0.542231 0.371208 -0.541275 0.545578 2.596488 0.694518 -0.699210 3.969033
319 2.3270911890 2.586534 0.126871 -0.012147 0.798851 0.137327 -2.626333 0.423011 2.090297 1.128592 0.813967 1.100254 2.182021 -0.858958 -0.625794 2.046516
320 2.9833042213 2.394383 -0.880853 0.942066 0.018259 -0.550759 -2.073961 -0.149042 1.640439 2.288974 -0.580717 2.382581 1.851246 0.244314 0.280665 2.332223
321 3.6447984290 2.575573 -0.389283 1.589491 0.396868 -0.545187 -2.056129 0.270368 1.291631 2.236921 -1.502345 1.146040 2.395796 -0.818878 -2.229646 1.869896
322 2.9146388105 1.272459 0.937455 0.721666 -1.162280 -0.274729 -2.801557 1.268080 0.283256 2.017731 -0.703138 2.558508 1.764548 -0.815670 -0.449826 3.029792
323 3.1903213226 2.366954 -1.203900 -0.933656 0.235502 -0.915820 -2.638402 1.320302 0.064308 0.041213 -1.795659 -0.488637 3.886091 -2.714024 -0.536346 1.581825
324 3.1785934567 0.920973 -0.353742 -0.737673 -0.822848 0.872615 -2.872170 1.338260 -1.385258 2.496515 -2.541514 1.253100 1.932408 -0.467607 0.273790 1.818628
325 2.7908671087 2.923598 -0.913058 0.923294 1.744724 -0.308051 -3.831223 1.934228 1.510642 -0.396281 0.175755 2.691953 2.760265 0.093722 -1.195643 1.920029
326 2.7524880135 2.608558 -1.002077 0.342943 -0.874149 0.575539 -3.034297 1.996220 1.427828 1.414807 1.000536 0.786752 1.032387 -0.351322 0.714685 2.202183
327 2.6386364807 -0.014510 -0.722075 0.217429 0.911184 -0.027877 -1.297577 0.925555 1.649476 1.396471 -0.270172 1.520190 1.995291 -1.228740 -1.731636 2.662191
328 3.8244909083 1.956013 -1.582375 -1.220344 0.685715 0.395575 -2.490732 1.391662 3.158243 2.998071 0.429494 2.478427 1.387443 -0.859890 -0.773239 2.305147
329 2.9377136866 3.687404 0.018392 0.798658 1.551903 -0.741615 -2.254946 0.013533 3.830532 1.197906 1.180611 2.009622 2.361418 -0.175497 -1.216758 0.630422
330 3.1248487787 2.109897 -1.129843 1.282160 2.466061 -1.053736 -2.365254 1.675959 0.689076 2.349451 0.407843 1.322033 2.239628 -0.140701 -1.000319 1.813996
331 3.5551797269 2.625056 -0.157937 1.668518 1.006801 -1.540646 -4.152914 1.671707 2.534425 1.055705 1.808452 2.057550 1.720142 -0.492440 -0.768294 1.539410
332 3.6512578124 2.621566 -1.354622 0.401847 0.645510 -0.715224 -3.169994 1.805327 1.401216 1.595170 -0.908755 3.561769 1.657012 -1.846921 -0.146793 1.122455
333 3.1857831399 1.406890 -1.341921 0.348256 -0.488864 -0.537915 -3.802021 2.021354 1.110199 -0.066008 -1.226204 2.186029 1.229619 -0.272066 -1.248101 1.355992
334 2.7818988239 1.999694 0.210022 -0.180552 0.949245 -0.422804 -3.230495 1.850101 1.422088 2.609125 0.881451 1.477169 2.937972 -0.694332 -0.859661 1.970701
335 2.9197362649 3.359918 -1.832992 -0.053293 -0.747861 -0.702897 -3.166848 -0.439428 0.919019 2.860604 -0.351999 1.072594 0.739624 0.325171 0.140357 1.134223
336 3.1628423928 2.574158 -0.546588 0.518959 -0.027101 -0.023443 -2.769545 0.332203 0.577921 1.072176 -0.287275 1.575658 1.568172 -1.220168 -0.847556 2.948799
337 2.8380608232 0.950724 -0.330752 0.266649 0.781903 0.396236 -3.274257 1.903575 2.630156 1.264205 1.073327 0.190226 3.009997 -1.361338 -0.944913 2.848823
338 4.1550678087 2.368721 -2.907050 -0.421824 1.357023 -0.307228 -4.517651 0.480140 1.483474 1.469565 0.431573 2.107986 2.090826 -0.593893 -0.080487 1.284615
339 3.3939485349 -0.727090 -1.409935 -0.307217 0.012062 0.660616 -1.614983 1.284936 0.775094 2.616083 0.134357 2.025661 2.729267 -0.570749 0.612594 2.706457
340 2.9669866001 3.516011 -0.345201 0.469806 0.586934 0.191729 -1.373492 0.530299 2.023975 1.993030 -1.029560 1.956295 0.729318 -0.782672 -1.101523 3.013479
341 2.8172749639 0.155849 -1.204385 1.104795 1.177186 0.179071 -0.953991 2.026517 0.373810 2.847031 -0.455412 1.261574 2.324986 -1.556335 -0.615621 2.255936
342 2.6773160247 2.727365 -0.993799 0.572591 1.808174 0.352546 -3.134748 0.319267 1.177916 0.007221 0.929467 1.968737 1.677124 0.601181 -1.560995 0.934419
343 3.6508932529 1.289157 -1.352107 -0.342040 0.444181 1.241400 -3.589038 1.612501 1.669821 1.606815 -0.234519 1.480831 2.163499 0.877739 -0.893271 0.759945
344 3.2480160340 3.711627 -1.380665 0.188835 1.314680 -0.254769 -2.246095 1.130391 1.382127 2.639873 0.272336 1.277926 1.698953 -0.173333 -0.882214 2.962199
345 2.8959918860 1.592017 -0.260196 -0.628934 0.219099 -0.097783 -1.738595 0.489822 1.899312 1.178820 1.345512 1.888436 2.322393 -2.112626 -0.317748 3.005817
346 2.1143690862 1.835764 -0.964308 -0.226454 1.057113 -1.241427 -2.896958 0.843597 0.545878 1.223727 0.897083 1.429858 2.038706 -0.890786 -0.839982 1.757643
347 3.1752970362 2.138378 -0.279857 1.341061 -0.185445 -0.225164 -1.407542 1.689230 1.926986 1.281651 0.372101 2.352666 2.293808 -1.247967 -0.802651 3.081397
348 3.7027387409 0.644729 -0.588747 0.699515 3.342054 0.743477 -1.733671 1.341701 1.715481 1.356904 -0.662099 1.399752 1.063391 -0.368969 -1.272096 1.888639
349 3.0073636413 1.478766 -0.204314 0.716811 1.728990 -0.322798 -3.098470 0.968631 0.480342 1.995642 -0.067994 1.231361 2.257821 0.560763 -0.320482 0.439400
350 2.5823854564 0.683166 -0.955277 -0.512007 1.895759 0.578127 -2.093887 0.860942 1.019281 1.802830 -0.029206 1.443375 1.363427 -0.104396 -0.605821 3.148362
351 2.7166927572 1.917694 -1.357925 0.094360 0.471201 -0.772092 -0.232136 1.450247 1.394963 1.643524 -0.872023 0.777170 2.015852 -1.545356 0.085543 2.003463
352 2.2184008380 1.396953 -0.158981 1.124659 0.870054 0.715560 -2.605520 1.202708 0.985324 2.091643 1.159558 1.140369 1.722260 0.254287 -0.291579 1.083348
353 3.4256137542 1.876402 -2.394456 0.762185 2.292165 -1.321376 -2.046066 0.272596 1.040797 2.685396 1.027459 2.574893 2.537214 -0.560715 -0.864312 1.398514
354 2.8880073843 1.374948 -0.401860 0.323857 1.875569 0.641260 -2.782810 0.889074 1.814839 0.206036 2.322577 0.161556 3.005875 0.497142 -0.715361 0.962209
355 2.7194155382 1.322185 -0.465958 1.079889 -0.156945 0.505948 -1.925144 0.092258 -0.352683 0.769772 0.116948 1.483774 1.820084 0.105593 -1.750008 2.533048
356 2.6330760912 1.452769 -0.400311 0.039580 1.981207 1.037087 -3.267664 1.540301 0.896844 1.948876 1.195927 1.169415 2.651734 -0.859663 -0.859993 1.337555
357 3.3411159909 1.399002 -1.011688 -0.243179 1.056121 -0.384658 -2.085279 1.050205 1.388039 1.443559 0.535586 0.686871 2.412545 -0.758772 -0.496343 1.441754
358 2.9353647386 2.015663 -0.603019 -0.286902 0.811974 -0.787133 -3.838045 1.328020 0.418727 0.316045 -0.082859 0.718283 2.070502 -0.363478 -0.899589 2.636104
359 3.1962389021 2.363399 -0.481770 -0.484428 1.804202 0.232477 -3.278659 1.584054 1.034175 1.892551 0.619828 1.361043 2.730097 -0.748638 -0.979945 1.028843
360 2.9229287683 1.144013 -1.015655 0.338843 1.050365 -0.072685 -3.098979 0.483266 1.749107 0.569059 0.545289 0.750618 2.827469 -1.482633 -1.769180 2.255289
361 3.2972695900 2.378792 0.265857 1.380782 2.827602 0.190690 -2.816628 1.779796 0.629263 1.489377 0.071692 1.924936 2.637960 0.758764 0.380546 0.790298
362 6.2695931806 0.102931 0.137504 1.047120 1.179870 1.049375 -1.441672 -0.027785 1.586413 1.488489 -0.168095 1.276109 1.735843 -0.308812 -0.139330 0.810538
363 2.8282401512 0.461979 -1.678550 -0.942897 1.181811 0.708936 -2.641017 1.713068 -0.569082 2.681943 -1.010855 0.045346 0.950877 -0.459417 -0.296968 1.989055
364 2.4877618237 1.400126 -0.195330 -1.119270 1.056664 0.403579 -1.450044 1.037239 0.750604 2.839374 -0.008518 1.053378 1.868111 -2.365398 -0.163780 1.398686
365 3.6041497925 3.114588 -0.287413 0.509198 1.415920 0.539779 -3.498507 1.022372 1.628918 1.731418 1.040774 1.766957 2.218777 0.264941 -0.580812 0.341553
366 2.7709537740 3.010348 -0.930984 1.258076 2.424107 0.836521 -2.460100 1.058350 1.176666 1.179453 1.831081 2.822573 1.124617 0.511424 -1.886368 0.553467
367 2.2744276893 0.909420 0.280528 0.083412 0.954112 1.288987 -1.876376 1.055864 1.256983 2.142285 0.066926 0.560408 2.276648 -0.189780 -0.292150 1.534222
368 3.0036640487 2.977952 -1.121416 -0.494348 1.763952 1.120545 -2.047752 1.483623 0.529576 2.604571 -0.174925 1.006624 1.379693 0.700047 -0.867531 2.349019
369 3.0490515293 1.846592 -0.781702 1.575684 2.269738 -0.196623 -2.681679 -0.661515 1.452204 1.414877 0.577577 1.031792 2.065394 1.059951 -1.339792 0.957820
370 2.9606657506 2.071086 -1.740483 0.541516 2.867947 0.148365 -1.797890 1.605406 1.008844 2.883659 -0.252781 0.633634 2.772724 1.423910 -0.187394 1.777627
371 2.9004512329 -0.513811 0.116527 0.865518 1.314649 1.441619 -2.694519 1.911698 1.966217 1.338746 0.885666 1.073452 2.189715 0.447059 -0.443421 1.733933
372 3.4674332242 -0.453796 0.315487 -0.112281 1.336095 -0.336861 -1.819184 1.913834 1.263351 3.577937 -0.429874 0.487478 1.966518 -1.749845 0.207139 2.505468
373 2.8153637560 0.886701 -0.618252 0.960610 1.890363 0.399398 -1.967380 2.429390 1.814398 1.935150 1.319039 0.962032 2.767535 -0.219699 -0.259518 3.416988
374 2.7746659074 1.602395 -1.748015 -0.694864 1.980590 1.048775 -1.999372 1.279686 1.516166 1.257219 -0.471473 1.628723 1.647274 -0.003713 -0.060225 0.828567
375 3.1001854538 2.268401 -0.700421 0.328175 0.681586 1.286535 -0.920765 1.251282 1.896902 2.765336 0.703550 0.976064 0.594790 -0.434316 -1.322387 1.304185
376 3.0540897743 1.396275 -0.724608 -1.006398 2.112767 0.986153 -1.788858 0.606191 1.813413 2.280416 0.466364 1.221566 2.289179 -0.313542 -1.183032 2.701759
377 2.5357111450 0.750152 0.090711 -0.174981 0.875813 1.911184 -2.045557 1.413345 0.931899 2.785916 1.108967 1.288493 1.362659 -1.471925 -0.367612 1.742342
378 3.1572479320 1.867557 -0.217891 0.077447 2.449750 0.488149 -1.682482 1.357166 0.644105 2.423675 0.786607 0.829130 0.976851 -0.739596 -0.444286 1.296065
379 2.7680605327 2.011579 -0.942187 0.766234 1.363469 1.120458 -1.770918 0.465438 0.729113 1.469488 1.339922 0.907462 2.532095 -0.017427 -1.389891 0.898125
380 3.3185100835 1.685487 -1.773393 -0.469219 2.853149 0.708611 -2.412305 1.014569 1.180088 2.413509 0.244296 0.769382 1.594978 0.628602 -0.412623 -0.115916
381 2.5227435920 1.322259 0.806963 1.317916 0.919880 2.046179 -1.922739 1.284904 1.392287 1.490674 0.232164 0.415737 2.014796 -0.755148 -0.130902 1.147013
382 3.1605475494 0.832027 -0.723252 0.170200 1.370879 1.040358 -2.685674 1.536540 0.544174 2.782588 0.367578 1.139158 2.209923 1.172838 0.238331 1.552310
383 2.8441265987 1.593245 -0.696546 0.351084 1.919991 0.781898 -2.976487 0.756691 0.891409 1.833309 1.160720 1.633565 1.329904 0.562948 -0.299884 0.862237
384 2.6625615438 0.804127 -1.252066 -0.168947 1.043351 2.222052 -1.506903 1.269706 0.308891 1.842128 0.471143 0.105966 1.364996 -1.576481 -0.105147 2.142152
385 2.5216461000 1.087016 0.914480 1.463094 1.407063 0.809269 -2.008667 1.670909 1.097200 1.905949 1.408754 1.416845 2.077614 -1.151822 0.037828 -0.401118
386 2.5952036692 1.181215 -0.017378 -0.590184 2.062572 1.963982 -2.286242 0.793984 0.645494 3.384667 0.016884 -0.097186 2.421297 -0.393886 0.054918 2.138726
387 3.2665106364 -0.530848 0.613164 -0.008536 1.478538 2.073443 -1.286523 1.304191 1.494264 1.503800 -0.080337 1.019150 2.551005 -0.246562 0.235139 1.586512
388 3.3270970465 2.326691 0.053160 1.355284 1.962905 3.449245 -1.806165 2.092276 1.585644 2.458307 0.661757 1.066048 2.261325 -0.289425 -0.530907 0.886006
389 3.0520964445 2.248894 0.232967 0.159828 1.496789 2.681950 -1.844138 0.713933 1.224640 1.856827 -0.419969 0.615250 1.831167 -0.720675 0.453441 2.013366
390 3.2402755259 0.996418 -0.300083 0.777916 1.465355 1.359695 -2.649465 2.954486 1.157206 1.835263 -0.830106 1.374361 2.439472 -1.321703 0.279880 2.206373
391 3.1849923528 1.505194 -0.145365 1.220354 1.111425 2.119910 -1.533682 0.470412 1.011399 1.694907 1.017580 1.370989 2.527406 -1.510441 -0.788562 1.299716
392 2.4788298959 0.994573 0.872043 0.733166 1.711185 2.180761 -1.021210 1.068051 0.270497 0.786570 0.991679 1.154560 2.318046 -0.401377 -0.489545 1.512369
393 2.9775493793 2.264533 -0.418587 1.782543 0.706135 2.103896 -1.004081 1.089064 1.248804 2.054328 1.481051 0.904060 1.638532 -0.446209 -0.425283 0.670810
394 3.1538031941 0.371632 -0.490291 0.930192 1.157026 0.974988 -2.812617 1.138440 0.723411 2.525064 1.411126 0.384918 2.589878 -0.883639 -1.776710 0.672826
395 3.1292136565 2.155875 -0.534032 0.329175 2.101948 1.825289 -1.363591 1.121042 1.322730 1.568338 1.405781 0.768080 3.428029 -0.952936 -1.072597 1.825652
396 2.8569072327 2.267156 -0.331066 0.958637 1.558570 2.654022 -2.100402 1.116818 1.096283 2.043199 2.042748 1.577292 1.402987 -0.399627 -1.189908 1.825586
397 3.9975559585 1.599458 1.558848 0.551384 2.147639 2.549561 -1.141203 0.827070 1.247328 2.522831 1.705291 -0.451403 1.639785 -1.404222 -0.506069 2.947182
398 3.1926799932 0.929034 1.968569 0.834776 1.587765 2.054283 -2.172434 2.662411 1.527174 1.315819 1.604310 0.432496 0.893971 -1.521789 -1.027814 1.470313
399 5.7613256015 1.554864 0.762213 0.450484 0.763451 1.217194 -1.767059 0.197534 0.175047 1.693913 1.591391 0.962836 0.536852 -0.608873 0.179275 0.915889
400 3.6461664333 1.931014 1.377474 1.472348 2.007791 2.230973 -2.471122 1.477997 1.468215 1.222051 2.192733 1.300146 2.769687 -0.426585 -0.614521 0.860382
401 2.9663093088 1.503275 -0.091927 -0.805003 0.994583 1.401660 -3.450681 -0.360493 0.756303 1.056312 2.276805 2.023030 2.452069 -0.857339 0.255751 1.157418
402 3.4053714065 0.998411 0.857619 0.722072 1.164417 1.604179 -0.578879 0.586344 0.084225 1.467084 -0.164584 -0.373324 2.282344 -0.485962 -0.925175 1.196200
403 3.2635182044 1.390748 0.669413 1.010988 0.408869 3.761554 -1.442152 2.193876 0.583479 1.742018 0.084793 -1.203794 2.139288 -0.382540 0.940722 2.725794
404 3.7406123828 -0.129951 0.491120 1.368337 1.346849 2.360798 -2.599545 2.131897 0.160915 1.587116 1.606665 0.875252 2.549403 -1.367635 0.441814 2.107907
405 2.6641133845 1.969805 0.028405 1.285428 1.782393 1.901586 -0.937982 0.793690 0.358804 3.442198 0.684517 -0.283425 1.966904 -0.907949 -0.364114 1.504064
406 3.4010754782 1.576436 0.286609 0.651750 1.325745 2.255473 -2.500672 1.042108 0.362863 0.873916 2.208642 1.410240 2.744868 -0.114593 0.260697 1.347674
407 3.7198169028 0.236506 -0.305815 -0.272728 3.279698 1.535228 -2.482490 1.654071 0.713633 2.096967 2.055387 2.239226 2.436840 0.008133 -0.488299 1.547320
408 2.8903878904 0.450514 0.318442 1.082944 0.376316 2.110627 -1.009385 0.549551 0.712853 2.375332 0.800090 -0.191417 2.591862 -1.171896 -0.288494 1.843910
409 2.2619285564 1.133822 0.341082 2.135278 2.045400 1.093468 -1.888388 0.596866 0.169787 1.811309 1.530773 -0.140458 1.712605 -1.177738 0.782434 1.152644
410 2.9360202418 0.814731 -0.412081 0.130325 0.477758 1.566674 -2.032352 0.919222 0.459615 1.926023 0.753026 0.702139 2.855107 -1.484966 0.556946 1.979436
411 4.0831361247 3.659883 1.393078 0.306892 0.491538 3.684786 -2.200606 0.647773 0.475894 2.546571 0.850453 -0.251087 1.289843 -0.330628 -0.138270 1.419659
412 3.5722339733 1.263905 1.400448 1.336518 1.198729 2.248415 -1.475041 1.432835 -0.127620 2.390504 0.334256 -0.049025 2.761827 -1.553309 -0.162284 1.641543
413 2.8117388303 1.677419 1.083775 1.214182 0.375079 1.937829 -0.669837 1.700092 -0.104685 1.929433 0.662182 -0.093162 1.725425 -1.499325 0.350452 0.709017
414 3.0329318731 0.305900 0.218883 0.664765 0.527477 1.938343 -2.774716 1.686859 0.305024 2.373377 0.290360 0.026419 2.413926 -1.907988 -0.853174 1.259522
415 3.5034948015 1.337375 0.600554 0.567686 2.736619 0.753919 -1.398426 1.207429 0.430909 2.144040 0.904077 0.550271 2.426973 0.172892 0.379300 1.838514
416 3.0126080715 0.256839 0.612430 -0.316978 0.977465 1.352316 -2.086894 1.345424 -0.024614 3.099225 -0.169044 -0.666140 1.399136 -1.438211 -0.222380 2.396229
417 3.1706134004 1.398930 0.601084 0.933349 1.594868 2.393859 -2.045614 1.624746 1.289786 2.182916 0.751569 0.128031 1.711909 -1.177605 -0.518780 0.738522
418 2.5288631999 0.886340 0.588237 -0.831784 0.861379 1.833554 -0.807764 0.946118 1.397628 2.106035 1.483486 1.710342 2.796411 -1.037403 -0.296183 1.813725
419 2.8576128071 1.604992 0.190261 0.478217 1.412307 2.071448 -1.823551 0.897227 -0.198646 1.535991 0.268180 0.788211 0.569313 -2.038469 0.103496 2.357607
420 2.8750866256 2.648782 0.181274 1.257851 0.607590 1.239706 -1.474964 0.656298 1.372834 2.052363 1.802312 -0.013571 2.351108 -0.961577 -1.144435 1.169596
421 2.3165752859 0.274141 1.329598 0.909601 0.965557 0.843956 -2.165371 0.763270 0.397252 0.731627 0.829230 0.154533 1.720818 -1.871103 0.876777 0.968609
422 3.0427525505 0.869419 0.533607 1.709710 1.112684 1.097162 -1.236985 0.173455 0.438214 2.348822 1.723140 -0.360739 2.057016 -1.171942 0.471948 2.459202
423 2.8862142399 1.417594 0.912675 1.066528 1.316638 1.657535 -1.833000 1.234339 0.139982 0.360409 1.503936 0.453699 2.878409 -1.822151 1.146516 0.740785
424 3.5393360595 1.028450 0.557890 1.574103 2.618408 1.953853 -1.602167 1.435827 1.209783 2.609889 1.329480 0.162016 2.859630 -0.812897 0.531779 0.695042
425 2.6970682385 0.869769 0.439524 0.228867 1.047171 1.455123 -0.724573 1.114753 1.200439 0.380370 0.207020 0.730110 0.882208 -2.535117 0.087473 1.446402
426 2.9010087998 1.543674 1.507566 1.862594 1.363327 0.845997 -0.803979 0.487148 0.561721 2.850313 0.734669 0.238592 1.988483 -1.168105 0.886469 0.262581
427 2.9643218151 2.019826 0.620829 1.972967 2.115753 1.609850 -1.441778 1.097696 0.459166 1.580152 1.343693 0.831387 2.079531 -0.231641 0.836315 1.380834
428 2.7097290605 1.317881 0.329144 0.908619 0.560110 2.249265 0.278511 1.421441 0.400145 -0.019182 0.035497 0.735613 1.697455 -1.206152 -1.091859 2.032868
429 3.2288416125 0.583219 0.711903 0.738728 1.811442 2.133627 -1.273040 0.402316 -0.030100 1.320773 1.393930 0.331445 2.338989 -1.638937 0.851465 1.734950
430 2.6808490421 1.435701 0.877307 0.759575 1.830765 1.040747 -1.994868 1.105057 -0.462666 2.549527 1.074329 -0.711849 2.063965 -0.398692 -0.334025 0.303284
431 2.4217965417 2.884107 0.239023 0.851939 2.002135 2.205210 -1.854200 0.497029 1.860692 1.470727 1.236627 -0.326225 0.916154 -1.580469 0.087354 1.029302
432 2.5067986126 3.253067 -0.321660 1.353146 2.107300 0.154474 -2.059430 0.904886 0.932773 0.996927 0.665191 0.955310 2.801856 -0.514903 -0.474136 1.159325
433 2.3328558088 0.977501 0.500238 1.557288 1.826607 1.895705 -2.147807 -0.296865 1.018412 2.022868 1.496498 0.034047 0.994338 -1.098240 0.501179 0.695933
434 3.8082899693 2.309604 0.357971 1.131773 2.610505 2.206688 -3.332874 -0.700641 0.652791 1.046978 2.488174 0.199902 1.420741 -0.368753 0.668849 0.362642
435 3.5846787604 0.581319 1.205743 0.781528 1.589856 1.410368 -1.501605 -0.382963 0.569489 1.603944 1.111045 -0.832605 2.255587 -1.585068 0.662158 1.814726
436 2.0513672877 2.051676 0.250354 0.176208 2.294301 1.967725 -0.440195 -0.036815 0.854005 -0.251645 0.917109 0.283187 0.635053 -1.958551 0.042760 1.223534
437 9.4661581008 1.036340 1.439405 0.735424 1.186045 0.686741 -1.716523 1.222522 0.669053 -0.378046 0.633447 0.504282 -0.106727 -1.634474 0.140487 1.030261
438 2.3207241154 2.008495 0.264799 1.735578 2.390344 0.815140 -2.090763 1.071826 0.959763 0.786752 1.010223 0.613241 2.040777 -1.620547 0.899732 1.681810
439 3.7944460547 0.526165 0.591286 -0.131158 2.338073 0.853767 -2.707480 1.254583 0.482572 1.381318 1.399414 1.096290 1.639749 -1.559477 -1.350421 0.410236
440 3.5127796101 1.319484 0.110127 0.800967 1.507345 1.481272 -2.714393 1.003396 1.457663 2.899816 1.817172 -0.097053 1.642991 -1.465390 0.390979 2.670537
441 3.5921744221 2.524778 1.431638 -0.506872 2.678340 2.669350 -2.054503 0.636812 1.030130 1.751462 0.572284 0.643901 1.077292 -1.401634 0.418441 1.087061
442 2.6408971382 0.642611 0.179429 1.140674 2.125555 1.051889 -2.017782 1.028472 0.521436 2.636903 0.199809 -1.373438 1.533025 -1.762118 0.405450 -0.036954
443 4.1802018874 1.689427 0.632103 0.480377 2.529851 0.714670 -2.911552 0.509934 0.803469 0.956159 1.509497 -0.437760 2.579415 -2.515245 -0.421133 0.499774
444 2.5065925001 2.237881 0.109437 1.572509 0.758235 2.571793 -2.787889 -0.024042 -0.764879 1.226959 1.192252 -0.103280 1.937430 -1.997215 -0.570657 -0.147156
445 3.4257628401 1.565176 0.567070 2.515877 2.296963 0.990283 -1.244560 -0.040236 0.558427 1.251893 0.480736 0.792284 1.516969 -1.464644 0.795389 0.824308
446 2.5758937702 1.668154 -0.460398 1.102819 2.784056 0.032485 -1.682840 -0.300367 0.695534 1.091428 1.089834 0.032872 1.379116 -1.177980 0.001025 0.025901
447 3.1010576164 1.038228 0.634577 1.285151 2.412825 1.639245 -1.410581 -0.759106 0.960724 1.374476 2.103764 0.603969 1.325249 -2.099856 1.365555 0.989896
448 3.3544656951 1.416251 0.200017 1.506562 2.397090 1.359036 -1.354736 0.130600 0.917683 1.767965 1.399504 -0.559487 1.922964 -1.696264 0.776621 1.793253
449 3.5292873198 1.663132 0.246579 1.525997 1.123851 1.083926 -1.724203 0.257490 -0.674788 0.592599 1.284067 0.209242 1.298470 -3.033087 0.604701 0.697073
450 3.2657535651 1.201558 1.159862 2.571388 2.092290 1.373276 -1.394560 0.078601 1.674394 0.581511 0.619035 0.160886 1.937500 -2.482770 0.341810 0.311866
451 2.7726440049 2.668649 -0.387838 0.866674 2.369993 2.169011 -0.709399 -1.696036 1.800906 0.096957 1.362452 0.247384 0.885284 -2.015344 -0.113429 0.313374
452 2.3337663555 2.146891 0.149553 0.893791 1.693127 0.975567 -0.776680 0.979124 0.702326 0.695055 1.701826 1.369431 1.894188 -1.154013 0.115681 0.450844
453 3.3884932743 2.041113 -1.413088 0.678318 3.581735 0.656949 -2.058494 0.788755 2.319354 1.526058 1.622521 0.454338 1.882474 -1.036857 -0.105702 1.361947
454 3.1769980413 1.798636 -0.239367 2.005201 2.556682 2.149131 -1.224797 0.544400 0.634928 -0.698767 1.889933 -0.343008 1.323033 -1.310722 -0.276734 1.670898
455 2.3912979994 1.993977 1.023645 0.488662 2.813496 1.449921 -2.159952 0.902276 0.739345 0.843286 0.828949 -0.318255 0.722718 -1.637996 1.052168 1.165999
456 3.9615558716 1.484041 0.678786 1.602285 2.663320 2.171404 -1.273687 0.372876 0.347875 0.044841 3.483324 -0.524707 1.136878 -1.547428 -0.672680 -0.622983
457 3.1871611636 2.014501 0.234225 0.864249 2.284453 1.121197 -1.314252 0.362230 0.838657 0.750411 1.369408 0.529869 1.364511 -1.426580 0.373750 0.598472
