evaluations raw_y x0 x1 x2 x3 x4 x5 x6 x7 x8 x9 x10 x11 x12 x13 x14
1 2.6124668121 -0.850905 -0.637836 -4.708898 -0.826965 -1.134937 -1.245768 -4.169838 0.664457 0.106042 4.597422 -3.451680 3.531174 4.817157 0.009815 -3.050485
2 2.5720467567 -1.014188 -1.192011 -4.884000 -1.755258 -1.326091 -1.998495 -4.482783 2.534448 -1.303254 2.497974 -2.175768 2.806247 4.480900 0.799402 -2.513722
3 1.8830398321 -4.599980 -0.579419 -4.976546 -2.091214 -0.754495 -2.554049 -4.549153 0.945465 0.055086 4.861650 -3.995957 3.874249 4.777032 0.322826 -3.055590
4 2.6434004307 -0.530181 -1.088564 -4.979031 -0.683174 -2.328826 -0.386597 -2.819731 1.939758 -0.317112 4.779772 -3.955995 4.909834 4.638136 1.555744 -2.269557
5 2.6305522919 -0.510641 -1.111720 -4.967386 0.934982 -2.074946 -0.788078 -2.917927 1.872941 0.869611 3.820409 -1.727669 3.792840 4.662088 0.239683 -4.039677
6 2.2595653534 -2.039407 -2.015703 -4.434767 -2.356811 -1.151727 -1.027708 -4.945311 2.120913 0.455178 4.637832 -4.246022 3.913175 4.978055 -0.333401 -4.285033
7 2.4450068474 -1.156303 -1.581064 -4.010160 -3.083905 -4.184469 -1.918136 -4.148218 1.878258 -0.418424 3.573068 -4.946289 3.582330 4.507799 1.727142 -1.510639
8 2.3181576729 -2.577030 -2.446337 -4.999962 -1.912900 -3.059870 -2.188897 -3.876369 1.086659 -1.763116 3.499197 -2.876166 1.792913 4.790642 0.772951 -3.869506
9 2.4838383198 -1.755263 0.731390 -4.328274 -2.081240 -2.266701 -1.871122 -4.883411 0.547564 -1.452792 3.697240 -2.413112 4.122578 4.787323 0.858786 -1.096394
10 2.4596538544 -0.595892 -0.713715 -4.342137 -1.430131 -1.225571 0.201114 -4.722311 2.595675 -2.234916 4.201757 -4.484229 4.993393 4.877424 0.003290 -2.696894
11 2.1416366100 -3.151300 -1.936135 -4.616274 -3.082836 -1.929673 -0.390040 -4.990446 0.328062 0.642832 4.354170 -2.629212 2.542125 2.969565 -1.415472 -2.876666
12 2.4724299908 -1.142451 -0.277418 -4.777579 -1.654481 -1.726482 -2.498659 -4.179511 0.692883 -1.161791 1.845269 -4.318208 4.441354 4.717642 -0.766425 -3.410320
13 2.0778441429 -3.472131 -1.961171 -4.534060 0.029093 -2.226840 -1.359374 -4.385496 2.184585 0.278849 4.149566 -3.536132 3.752579 4.669883 0.175068 -4.982790
14 2.1177339554 -3.491918 -0.208729 -4.866740 -2.129334 -0.723402 -1.770371 -4.372252 2.236827 1.616581 4.998755 -2.060591 3.198881 4.993213 0.532483 -2.392458
15 2.2869589329 -2.630006 -1.203044 -4.206159 -1.665503 0.468944 -3.702716 -4.997901 0.539731 -0.921559 4.750464 -2.052408 3.751580 4.571910 0.059861 -3.623596
16 2.3295793533 -2.626846 -1.444464 -3.759760 -1.120398 -2.179703 -0.493249 -3.617454 1.701408 1.669080 4.117102 -4.320213 4.520404 4.652302 -0.623003 -2.120822
17 2.0679857731 -4.201149 -0.879358 -4.713914 0.726922 -0.731923 -1.290340 -3.426706 0.946230 1.541797 2.715085 -3.932630 3.665947 4.081680 0.193116 -2.643494
18 1.9585095644 -3.894535 -1.861278 -4.946204 -2.477447 -2.452518 0.256648 -3.743963 1.498180 1.221254 4.099959 -2.706507 2.668489 4.590196 1.555759 -3.689488
19 2.0196254253 -3.632525 -1.187593 -3.393912 -2.278341 -1.262938 -1.760338 -4.999493 1.213636 0.210854 3.690565 -3.422544 1.449245 3.522515 -0.758934 -3.000653
20 2.2672426701 -3.033054 -1.520241 -4.403579 -1.776108 -1.063246 -1.002836 -3.590603 1.339004 -0.766765 4.884771 -4.390675 2.834833 4.709853 -1.131001 -2.720746
21 2.3173522949 -2.395172 -0.453914 -4.316208 -2.301032 0.222183 0.033193 -4.926708 2.103449 -2.152705 4.048116 -3.640325 3.802967 4.141360 -0.089132 -2.130374
22 2.1714637280 -3.880509 0.026479 -4.996203 -0.197258 -0.863482 -0.985201 -4.401576 0.699748 0.463725 4.114452 -3.717771 4.032329 4.971997 0.048907 -2.059053
23 2.3841476440 -2.589690 -1.498512 -4.142566 -1.806522 -0.890711 -0.573956 -4.944905 -1.197605 0.437784 4.758791 -2.369387 3.649779 4.995883 1.089813 -1.203422
24 1.8819389343 -4.301868 -1.185195 -3.860519 -2.222871 0.677271 -1.889221 -4.999487 1.991285 0.439709 4.859011 -4.084509 4.127336 4.441237 -1.262069 -2.151420
25 2.2184088230 -2.574244 -4.470696 -2.685821 -2.320487 -1.424721 -0.658333 -4.972031 -0.313984 1.015121 4.786407 -2.329100 2.672835 4.650051 -0.504538 -3.282753
26 1.6555426121 -4.999982 -0.620335 -4.675897 -3.586315 -0.832801 -2.754569 -4.687416 2.007267 0.243314 4.993578 -2.753952 2.634035 4.689666 -1.557334 -2.769438
27 1.6750813723 -4.997795 1.020001 -3.617597 -1.662234 -1.193457 -1.215159 -3.632060 -0.348979 1.175630 4.944337 -3.975769 3.525496 4.995677 -0.267531 -3.575511
28 1.8648073673 -4.373297 -0.934776 -4.214849 -1.440268 -0.053012 -2.374162 -2.779972 1.881793 -0.379317 4.708056 -1.934406 2.558008 4.156511 0.488853 -3.045452
29 1.9715722799 -4.157690 -1.152493 -4.991274 -1.813785 -0.784773 -1.941455 -4.368184 1.623044 0.097401 3.353939 -4.060025 3.227078 4.792070 0.076837 -3.493010
30 1.8809750080 -3.986109 -1.415277 -3.325780 -0.431128 -2.126400 -0.657918 -4.878027 3.827297 0.468181 3.977587 -4.034181 4.973193 4.777615 -1.918395 -3.287394
31 1.9636969566 -4.252910 -0.280613 -4.941262 -2.112052 1.883559 -0.396017 -4.051599 2.982240 1.577133 4.453485 -4.692138 3.080798 4.732847 -0.696723 -2.178190
32 2.0557236671 -3.506088 -1.935191 -4.117235 -1.140636 -0.782264 -0.938095 -4.160317 1.432812 0.811032 3.301657 -0.805866 2.890902 4.694317 0.632470 -3.538148
33 1.7388761044 -4.981736 -0.540720 -4.855410 -1.179005 0.151104 -0.899387 -3.840389 1.506627 2.391361 4.470505 -1.884987 3.643589 2.176057 -0.306911 -1.530850
34 1.9601807594 -3.819393 0.805671 -4.482561 -1.914964 -1.367976 -1.788086 -4.282883 2.307644 0.517207 4.475641 -3.505619 4.616609 4.957215 0.518940 -3.381388
35 2.3413982391 -2.683766 -3.157392 -4.652521 -1.136602 -1.387649 -2.931689 -4.162412 -0.218161 0.575066 4.983775 -4.154733 4.974057 4.603290 -0.162207 -2.903296
36 2.3858633041 -1.816804 -2.047502 -4.333610 -1.442340 -1.058954 1.023620 -4.965779 2.060636 0.317463 4.387972 -3.959522 4.413397 4.991591 -1.771552 -2.590548
37 1.7769887447 -4.791044 -1.669506 -4.999989 -3.745455 -0.986759 -3.465115 -3.955119 0.647181 1.019792 4.997105 -2.500724 2.781913 4.984750 -0.754002 -2.456234
38 1.6741782427 -4.747926 1.528077 -4.649158 -2.951755 -0.039535 -2.849210 -2.997281 3.766074 0.541486 4.666266 -1.467534 3.901559 4.252950 -0.137193 -1.911611
39 1.7773896456 -4.192174 -0.469149 -4.244944 -4.046417 -1.946414 -1.885437 -3.109149 0.962411 1.601149 4.737107 -2.312106 3.539297 2.912290 -0.464562 -2.162111
40 1.9366781712 -4.358947 -0.881040 -4.839172 -1.726703 -0.710163 -1.413136 -1.937381 4.114263 2.189242 4.937420 -1.894663 2.166447 3.943135 -3.050363 -1.240893
41 1.7336394787 -4.085296 0.605789 -2.829169 -2.901858 0.209641 -2.524320 -3.909606 4.196704 1.723315 4.121768 -0.514203 1.710775 3.943138 -0.430970 -1.810860
42 1.9411110878 -4.555693 -0.353099 -4.980556 -2.032327 -0.658022 0.024759 -2.212700 0.766124 1.810286 4.982847 -3.432359 1.613078 4.865782 0.223047 -1.048224
43 2.2287187576 -2.541218 -0.123943 -3.504011 -2.743171 0.141664 -3.173712 -4.200695 2.121746 0.684451 4.795845 -1.444676 4.422026 4.368247 -0.462005 -1.214841
44 1.7240679264 -4.967617 -0.365561 -4.597397 -1.649352 -0.581821 -1.350514 -4.960180 1.385587 1.309744 4.918081 -2.838277 2.957437 3.956027 -0.673795 -3.205970
45 2.1891875267 -3.684886 -0.721122 -4.674865 -1.498904 -0.128897 -1.165149 -4.831383 2.240692 1.657720 4.997586 -2.651483 2.382789 4.798481 1.361202 -0.756009
46 1.6721957922 -4.875222 -1.448285 -3.965703 -3.666064 1.258608 -1.136220 -4.862059 0.205352 2.513602 4.070802 -3.267423 0.532282 4.992733 -0.544932 -2.002062
47 1.9844573736 -3.956705 -0.449548 -4.106426 -1.474362 -1.385326 -3.596933 -1.423882 3.015287 -1.231700 3.632801 -4.123637 4.347677 3.847731 -2.059905 -2.439306
48 1.8431454897 -4.423132 0.684948 -4.528135 -3.708451 -1.783737 -1.690566 -2.859860 -0.175695 1.128703 4.331204 -2.793681 3.611542 4.997543 -0.270018 -0.810610
49 1.9453413486 -4.204864 -2.389187 -4.889285 -2.340543 -0.179718 -3.399333 -4.964986 2.286662 2.829021 4.998785 -1.413951 2.993748 4.944864 -0.331569 -2.606270
50 1.5086802244 -4.893853 0.528596 -2.198127 -3.891365 0.881408 -2.702587 -4.103864 2.156514 1.454642 4.280847 -2.632355 2.838596 4.931259 -1.294327 -0.664847
51 1.7867432833 -4.468366 -0.682107 -2.678513 -1.732100 1.893408 -3.126664 -4.980465 -0.452529 -0.036509 3.401983 -1.928751 1.065351 4.343711 -0.757836 -4.562072
52 1.9956099987 -3.886665 2.338536 -3.909637 -2.610871 -0.292661 -1.302895 -3.353301 0.969843 2.882956 3.971053 -2.415478 2.651466 2.208600 -1.502693 -2.229983
53 1.5240583420 -4.834483 -1.290138 -3.664602 -3.207537 -0.311597 -0.514919 -3.958870 1.133740 -0.088484 4.972572 -1.574419 4.402020 3.187099 0.239698 -3.370473
54 2.1854321957 -2.924979 0.252173 -4.402650 -3.502930 0.862480 -2.436053 -4.178623 3.444831 1.559404 3.571916 -2.457353 1.642664 3.828772 0.205726 -1.664492
55 1.8570106030 -4.264945 0.810388 -4.368971 -2.735278 0.823762 -2.196103 -4.118340 4.470197 1.555621 4.060284 -2.137273 2.569811 3.854411 0.550137 -0.825484
56 1.7555342913 -4.708785 0.185158 -4.935177 -4.758388 0.971227 -2.802291 -4.822438 0.807470 0.552253 4.044989 -1.715285 2.323265 4.889403 -0.774212 -0.659515
57 1.9643166065 -3.893470 0.406238 -4.140330 -1.514774 -1.921752 -1.593513 -3.462627 0.132087 0.098799 3.979449 -0.383907 4.508003 4.739803 0.028183 -2.325754
58 1.8839142323 -4.470596 1.258170 -4.907294 -2.340607 1.531637 -1.193841 -3.070838 0.720766 1.870406 4.759019 -0.718531 2.582188 3.097027 1.090227 -1.629547
59 1.9701663256 -4.278755 -1.026025 -3.226028 -0.464553 1.652560 -2.705378 -4.999829 -0.133479 0.857788 4.967321 -1.739263 2.029681 4.768303 -1.112405 -2.495426
60 1.8830926418 -4.570406 0.120873 -4.519473 -2.869956 -1.643346 -1.698712 -4.944722 0.984209 1.728098 4.999280 -1.508878 -0.628869 4.902086 0.428099 -1.842368
61 1.4580698013 -4.960043 0.899902 -3.053260 -3.176271 -0.502376 -1.826825 -4.936908 2.439075 -0.083218 2.418203 -3.166097 3.104960 4.942752 -0.893075 -3.525349
62 1.8227006197 -4.259222 -0.523774 -2.806775 -1.663114 -0.305024 -0.892412 -4.898179 0.821038 0.453606 2.505607 -3.274334 3.806713 4.081636 -1.122866 -0.912860
63 1.7558302879 -4.310950 1.198680 -4.785750 -4.474918 -0.577191 -1.223023 -3.722134 -0.086825 2.755572 4.204511 -2.067317 3.758317 2.798028 -0.873728 -2.971304
64 2.0908372402 -3.842667 -2.388484 -4.663377 -2.571788 0.682661 -1.871562 -4.878632 3.128968 1.292094 3.637120 -2.892319 3.533150 2.921504 -0.778835 0.662817
65 1.7850410938 -4.078391 0.121500 -3.804972 -4.207531 0.813207 -2.223369 -4.647001 1.268372 1.745684 3.300839 -2.759994 2.576460 4.982585 -0.478063 -2.607266
66 1.9717552662 -3.883892 -0.320043 -4.563167 -1.438610 -1.291371 -2.361489 -3.979533 2.988914 0.285954 4.558093 -0.797746 4.496392 4.724107 -0.541511 -2.152226
67 1.5010313988 -4.769323 -0.392514 -2.401897 -4.075683 0.913855 -2.838884 -4.245357 2.020072 0.719391 4.818645 -2.477783 3.281957 4.204291 -1.311754 -2.473918
68 1.8765054941 -4.265822 -0.788871 -3.073011 -1.925669 0.977504 -3.211393 -3.526511 0.815914 0.441505 2.464862 -3.743278 2.496415 3.389487 -0.437131 -1.827940
69 1.7563316822 -3.574613 -2.273008 -2.936060 -4.684853 0.572510 -2.788952 -4.142332 3.457765 0.031317 4.226740 -1.765988 3.558732 3.990674 -1.672960 -2.880335
70 1.7355837822 -4.245574 1.526328 -4.333717 -4.629048 -0.596388 -2.796249 -3.803890 1.319065 -1.100206 3.143379 0.154740 3.816166 4.264340 -0.131179 -1.050871
71 1.6932051182 -3.529905 -1.267567 -1.213055 -4.790965 1.459079 -0.400464 -3.498999 1.697011 4.120500 4.976419 -1.573320 1.713682 2.706808 -1.124417 -2.166007
72 1.7450293303 -4.081175 -0.077469 -3.497254 -4.044009 1.052967 -1.256106 -4.890240 0.255718 1.030351 3.591320 -2.240155 2.990969 3.069716 0.858044 -3.420087
73 1.5100107193 -4.839065 0.982119 -4.020669 -4.561671 0.866395 -1.863789 -4.577725 1.798604 0.448095 4.078322 -1.514398 1.008934 4.432592 -2.175821 -3.940067
74 1.3469877243 -4.674833 -0.999625 -1.984017 -4.470111 0.292839 -0.453253 -4.730023 3.162691 1.030902 1.726875 -1.416505 4.623361 3.768648 -0.920774 -3.037371
75 1.5632103682 -4.356599 -1.130103 -2.455072 -4.882789 0.614298 -2.369367 -4.992600 1.735156 0.413262 3.466973 -2.550092 2.788971 2.558365 -1.242530 -1.079688
76 1.5696591139 -4.639437 0.466049 -3.069909 -4.154587 0.710257 -1.470519 -4.569948 1.565512 1.615441 3.954523 -3.927093 3.712790 4.228365 -2.880928 -3.434662
77 1.6285107136 -4.997302 -1.151953 -3.429067 -1.518908 -2.499341 -1.452968 -4.888341 3.289385 1.040720 4.278299 -2.972133 2.010340 4.810126 0.054486 -2.076256
78 2.0953760147 -1.826004 -0.891591 -2.068165 -4.511168 1.216734 -1.745073 -4.992929 2.796644 1.073931 4.977544 -1.943820 2.211079 4.464810 0.287398 -2.637433
79 1.5900329351 -4.892760 0.479362 -3.773037 -3.402545 -0.442961 -1.841749 -4.993346 1.949259 0.413770 4.001433 -4.405366 4.387340 4.916768 -0.399103 -3.668056
80 1.5357677937 -4.202980 -0.510861 -1.680178 -3.738978 1.500581 -0.481333 -3.705891 3.532579 1.070226 4.356412 -1.870606 3.605337 3.220923 -0.761181 -3.524570
81 2.2299737930 -2.338968 -0.402557 -3.373544 -2.844063 0.985710 -1.607688 -3.707052 2.513041 -0.194505 4.996320 -3.500824 1.310919 3.134768 -1.809326 -4.205209
82 1.8875632286 -3.276551 1.850200 -2.170716 -4.449422 -1.181418 0.280345 -4.161555 1.311777 0.448932 4.992042 -2.373489 2.420489 1.514013 0.325772 -3.299420
83 1.7074654102 -4.037407 1.971129 -2.680191 -3.191923 -0.183233 -3.674161 -3.904489 3.152909 1.410053 2.657136 -2.054751 3.650304 4.997604 -1.684999 -3.220671
84 1.2917419672 -4.999988 -0.370979 -1.568468 -4.160092 -0.557438 -1.708393 -4.205949 1.943101 0.502084 4.892747 -0.512276 3.098444 2.479813 -2.270312 -2.202343
85 1.5206599236 -4.266633 -1.362795 -1.900605 -4.553722 1.001844 -3.671230 -4.999021 3.099326 -0.154492 3.162791 -0.862321 3.770354 2.981211 -3.108598 -2.357091
86 1.3919110298 -4.865877 -0.547000 -1.192364 -2.928994 0.229697 0.046074 -4.047620 1.438866 0.340751 1.618290 -3.243193 2.856926 4.805957 0.197879 -2.068196
87 1.8202764988 -3.241589 -2.446677 -2.356572 -4.139835 -0.973078 -2.740155 -3.754713 4.278408 1.040672 3.366483 -0.830391 3.355559 4.977540 -1.310798 -3.360047
88 1.7660996914 -3.878172 -0.263090 -2.175156 -3.019949 -0.626377 -1.150143 -3.792211 1.555331 0.933137 3.196252 -1.221696 2.131721 4.419116 -3.256533 -1.857894
89 1.3855967522 -4.956311 -1.164622 -3.390347 -4.351997 2.174012 -0.308066 -3.626454 4.108922 2.010890 4.104808 -1.076144 4.476186 2.879204 -1.537328 -1.656884
90 1.2504682541 -4.931013 -0.159549 -0.158769 -4.867775 3.116610 -2.189371 -4.700076 3.060382 -0.666769 4.534397 0.162043 2.386698 3.591942 -3.531811 -1.461562
91 2.0399491787 -3.031287 0.676197 -2.472088 -2.668024 -0.509380 -0.679214 -4.130177 2.023941 0.989998 4.292307 -3.232140 4.996892 2.479330 -0.227395 -2.764694
92 1.4760253429 -4.995560 0.082155 -3.853160 -4.396645 0.464250 -2.301342 -4.985355 2.259110 1.137853 4.071526 -1.686415 3.757923 4.322610 -2.192839 -2.484289
93 1.7939336300 -2.990202 1.419725 -0.311824 -4.639552 0.550101 -1.735398 -4.998086 2.180234 0.553262 1.535021 -1.077976 2.556567 3.878767 -0.522844 -1.897811
94 1.6302440166 -3.207168 -0.882420 -0.886192 -4.979890 2.302561 -1.688296 -4.512677 3.762707 0.397638 3.473685 -0.271558 3.548772 2.705928 -3.703829 -4.987261
95 1.3550843000 -4.654731 -1.535824 -2.136856 -4.872035 -0.121553 -1.428346 -3.980659 1.930684 1.616527 3.376663 -0.090188 2.864713 4.374156 -2.556168 -3.164516
96 1.7784724236 -3.982382 -1.263567 -4.593816 -3.921471 -0.063874 -3.365497 -4.264241 2.375043 0.522655 4.228804 0.072322 4.543736 4.461921 -1.428036 -3.352307
97 1.8208873272 -3.445625 -0.811772 -1.348619 -4.316492 0.487036 -1.548366 -2.995458 1.143664 2.572438 3.254763 -1.038602 0.320292 4.952367 -2.725798 -0.836977
98 1.7230672836 -4.094694 -0.759824 -3.524889 -4.497579 2.469182 -2.935527 -4.626147 2.905962 -0.398162 3.479018 -0.311463 2.046664 4.487306 -3.278093 -0.546262
99 1.2864348888 -4.948227 0.508980 -0.279198 -4.710016 -0.718445 -0.306537 -4.688962 3.204861 0.728610 4.998398 -0.356667 3.743271 4.527205 -0.794413 -0.384669
100 1.5483987331 -4.003531 -1.117347 0.356007 -3.844439 2.182874 -1.674435 -4.978301 2.955494 -0.305723 3.293044 -1.299318 2.828848 4.442124 -3.605139 -1.779810
101 2.0827047825 -1.614158 0.685173 -1.041572 -4.999584 0.563794 -1.170275 -2.792135 3.095631 0.516200 1.846892 0.874118 3.008285 4.777898 -2.936328 0.599943
102 1.3588101864 -4.985655 1.960834 -0.303324 -3.108226 1.830405 -3.088481 -4.853318 2.908792 1.266326 2.460330 1.535852 2.781163 4.891801 -2.297341 0.558452
103 1.3502717018 -4.702425 -2.591853 -2.081731 -4.936633 1.109520 -2.055464 -4.171178 3.799964 1.425518 4.576431 -0.330615 3.513550 2.132478 -3.499235 -3.319529
104 2.2242538929 -1.656144 -0.046985 -1.858356 -3.470764 2.515250 -3.010360 -3.859796 -0.160277 3.268513 3.671941 -1.264082 1.910122 4.428300 -4.447881 -2.145918
105 1.5602239370 -4.208486 -1.575314 -2.248827 -3.563915 -0.129576 -1.244219 -2.823504 3.583958 -0.225786 3.616089 0.062865 4.488021 4.732084 -2.667799 -2.080405
106 1.2602425814 -4.874920 -2.499610 -1.377683 -4.751155 2.300877 -2.001315 -4.993026 3.446548 -1.086036 1.020411 -0.097226 2.840516 4.177401 -1.784767 -2.379894
107 1.3077867031 -4.818652 -0.550381 0.223256 -4.031405 1.767847 -1.841292 -4.102726 3.274930 0.544308 3.955047 -1.004710 3.731144 3.176576 -4.603895 -0.415057
108 1.6270158291 -4.823265 -0.687254 -4.497860 -2.565510 0.252830 0.119555 -4.987587 2.655566 0.819764 3.646070 -2.593659 3.353666 4.002500 -3.351938 -3.848370
109 1.7420965433 -3.820067 -2.937207 0.560468 -4.553909 0.256111 -2.838012 -4.219111 2.292886 1.013714 3.593272 -2.323612 2.232712 4.542663 -0.615620 0.045536
110 1.7737818956 -3.510459 -1.107085 0.047826 -2.605357 0.835591 -1.690481 -4.041334 1.730048 2.613728 3.244636 1.040023 3.727900 4.435053 -3.402211 0.474817
111 1.2100116014 -4.999633 0.532763 -0.686448 -4.913789 1.120803 0.024705 -4.963820 2.947610 0.717519 3.734474 0.452858 4.365895 4.525091 -4.189785 -2.107684
112 1.2043476105 -4.998785 -1.691915 -0.040381 -4.836222 2.301345 -3.147981 -4.358981 3.524040 -0.727622 1.145019 -0.693153 4.999246 3.016076 -1.690945 -2.272216
113 1.5474087000 -4.056104 0.290636 -1.995666 -4.808388 1.384966 -0.591062 -4.393083 4.367143 -0.233919 3.023168 -0.530282 3.520930 4.944799 -0.792762 -0.121666
114 1.3853113651 -4.684596 -0.556214 -1.120589 -3.938137 4.065902 -2.110446 -4.093518 3.547631 -0.428487 3.710339 0.673116 2.225778 4.423195 -4.463108 -2.783105
115 1.7199168205 -4.032869 -2.879815 -3.872047 -4.310201 1.451112 -1.267046 -3.692613 2.232368 -1.975561 1.992367 0.842884 3.857990 4.971564 -3.908219 -1.735830
116 1.9968184233 -2.479747 -0.708108 -1.174424 -4.260827 2.153423 -1.670911 -3.579545 3.080780 2.213463 1.311011 -1.531635 4.816654 4.642846 -1.319472 0.416787
117 1.6586318016 -3.361956 0.087935 -1.375541 -4.550430 -0.432487 -2.269475 -4.931215 4.783336 3.024345 4.979748 1.956977 2.159464 4.576666 -1.742554 -2.064886
118 1.4201375246 -4.468151 -2.991450 -1.707525 -4.411316 -0.830101 -1.452823 -4.423360 2.597698 -1.049906 3.869314 2.205994 2.920936 4.417820 -2.133437 -4.121912
119 1.7759475708 -3.430084 -0.767136 -0.811227 -4.020257 -0.201711 -1.942283 -3.446369 2.730789 -1.083493 3.084243 0.591819 3.692151 4.146020 -0.470632 0.226298
120 1.6726138592 -3.900162 0.171209 -2.969083 -3.721391 0.942013 -1.648389 -4.182805 2.961989 -1.935073 3.355275 2.178724 3.043896 3.743222 -3.029247 -2.460532
121 1.9441515207 -2.565308 0.534189 -0.225936 -3.932367 2.381431 -3.156528 -3.184032 2.426701 -1.192705 2.528416 1.439285 3.421348 3.435215 -4.022685 -0.944015
122 1.5038722754 -4.463334 -2.708672 -0.482592 -3.379006 4.809295 -4.161452 -4.522212 4.616735 -0.434038 2.411836 2.278611 3.728735 3.174939 -4.109444 0.138465
123 1.4980477095 -4.167273 -2.130513 0.717385 -2.811840 2.746962 -1.262450 -4.110205 4.000256 -0.975979 0.785640 -0.691229 3.799129 4.758721 -2.699335 -2.418950
124 1.9094356298 -3.299258 -1.634817 -1.257241 -1.977095 0.790751 -1.118408 -4.906776 0.246413 -1.049462 1.440542 -0.630286 3.007578 4.999568 -1.354225 -2.903217
125 1.2380107641 -4.995095 -1.252883 -0.712504 -4.676949 0.667138 -0.928152 -4.164291 2.406580 1.800376 3.381940 -0.962181 4.009242 4.276395 -3.885549 -1.312942
126 1.3421381712 -4.469019 -0.414712 -0.004446 -4.003589 1.113006 -0.206894 -4.997061 4.993652 0.640831 3.089716 0.131192 4.273861 4.982760 -4.589159 -1.628686
127 1.2427231073 -4.997064 -1.303289 2.121792 -1.672859 1.725181 -1.077438 -4.983854 2.965168 0.744056 1.556702 3.390315 2.432758 4.819346 -1.578068 -1.258582
128 1.5392516851 -3.831710 -2.952288 -0.844350 -4.832583 1.602967 0.431379 -4.343662 2.264930 1.765565 0.110593 -0.506497 4.632830 4.788998 -3.629382 -4.974950
129 1.7593562603 -2.511989 -2.544569 1.999149 -4.553533 4.997172 -4.468452 -4.292518 3.512618 0.061008 4.112852 -0.215607 4.720090 4.278576 -4.656365 -1.742206
130 1.9056869745 -2.624686 -2.682543 -0.781634 -4.386196 2.458919 -1.441395 -2.403167 2.051631 -0.039025 2.246726 0.964917 2.790607 4.673371 -0.596835 -3.686560
131 1.3968813419 -4.502734 -1.739392 0.100562 -4.938156 -1.066456 -2.574198 -4.967613 0.944578 -0.131323 3.287915 -0.076005 2.551731 2.714978 -1.670223 -0.665321
132 1.3455705643 -4.612607 -0.350464 -0.519315 -3.826305 1.627411 -2.245016 -4.051591 4.717115 1.101421 2.862753 -1.543570 4.250242 3.001343 -2.729484 -1.692128
133 1.5852968693 -4.038081 -2.387576 -2.227760 -4.755728 1.415008 -0.210555 -4.965766 2.350602 -0.013840 4.999346 -0.327486 3.986992 4.994218 -1.454364 -1.701267
134 1.3048937321 -4.559230 -0.897456 0.967737 -4.811694 0.535446 -1.859796 -3.898039 4.313024 2.847643 4.313216 1.431969 1.756447 2.467179 -1.937956 -1.960762
135 1.2951043844 -4.754818 -1.809652 -0.398044 -4.350276 1.776795 -0.616779 -3.923461 3.338119 -0.393683 4.998803 0.017147 4.496981 4.707065 -3.336182 -3.173264
136 1.6997950077 -3.415059 -1.312810 0.177600 -4.029894 0.336392 -0.988426 -3.919682 1.167867 1.169968 3.168901 1.456120 3.268890 4.539887 -3.147103 -0.396842
137 1.2623885870 -4.882678 -0.993377 3.423430 -2.613627 0.751315 -0.012319 -4.999996 3.622365 2.887822 1.105839 -0.127277 1.734465 3.909044 -2.458718 1.026433
138 1.5424522161 -4.175727 -1.026379 -2.188573 -4.882271 2.483266 -0.846847 -4.991255 0.994760 0.979266 3.251941 -0.506562 3.966198 2.235317 -4.964496 -1.214471
139 1.5963313580 -3.396308 -1.909549 -0.627259 -4.875168 2.332315 -1.051056 -4.998658 3.339265 1.254352 3.849067 0.140427 2.445682 4.872598 -3.731106 -3.553149
140 1.2772991657 -4.739291 0.641129 1.136293 -4.594910 -0.562589 -1.357837 -4.389852 2.704847 -1.906057 4.360361 2.103585 4.410022 4.958851 -3.695479 -4.380566
141 1.7917795181 -3.054996 -1.437779 0.524298 -4.070028 -0.334008 -0.243430 -4.330594 3.803782 1.378130 1.726012 -1.612013 1.977810 4.944671 -4.416500 -0.028433
142 1.1863520145 -4.987898 0.344185 -0.325448 -4.260652 1.147283 -1.250372 -3.811096 3.693823 1.027237 3.326777 -0.037173 2.620965 3.886253 -0.096192 -0.284803
143 1.6423586607 -3.841121 -0.824805 -1.702730 -4.518920 -0.137980 -2.779114 -4.957068 4.728387 3.373106 3.066373 0.387585 2.333646 2.660237 -4.397623 -0.544612
144 1.3804235458 -4.646074 0.230866 -1.548928 -4.159295 -0.031609 -2.968334 -4.673188 3.176090 1.862570 3.600330 2.500253 4.090882 4.612981 -2.904316 -2.393072
145 1.5158507824 -4.622835 2.734581 2.664027 -2.398311 2.399987 -2.492152 -3.246883 1.831820 1.984678 3.821467 -0.925509 2.375041 4.735616 -1.625906 -0.376040
146 1.4661762714 -4.218516 0.342472 0.429958 -4.443465 -1.051757 -2.356530 -2.570752 3.889331 1.424148 2.569981 0.891434 4.661602 0.908065 -4.065446 -1.748622
147 1.3633223772 -4.473160 -0.537549 1.646971 -4.501726 0.050194 1.096354 -4.862665 4.058367 -0.723320 3.772003 0.823082 3.768390 3.638593 -2.290785 0.898410
148 1.4525822401 -4.396847 -0.604912 0.229990 -4.302458 -0.397337 -1.647586 -3.054966 2.072031 0.352210 4.998782 -0.889759 3.612836 3.228395 -3.758860 -1.029237
149 1.6483235359 -3.696059 -0.200405 1.989525 -4.964188 0.276973 -2.003506 -4.963466 3.524095 0.466022 4.832536 1.289980 0.923900 4.321094 -0.865150 0.121764
150 1.4332377911 -4.176525 -0.244223 3.003421 -4.361238 1.251863 -0.199520 -4.673088 4.998627 2.829766 4.995566 0.615679 2.681413 3.880297 -1.043457 -3.485692
151 1.1583625078 -4.956941 -0.847446 1.543896 -4.286078 0.192251 1.546050 -4.981294 4.177159 1.737048 3.374749 1.711229 2.049802 2.042719 -1.507041 0.099338
152 1.1448675394 -4.998357 -1.894470 2.029528 -4.951616 1.083589 -0.179059 -4.088778 3.518601 -0.183473 1.368633 -0.641443 4.993351 3.512132 -2.919846 -0.293779
153 1.1917660236 -4.992490 1.669395 -0.667761 -3.449819 0.072965 -0.078742 -4.347363 2.157697 -0.645605 2.425747 2.348388 2.167912 3.287033 -2.175117 -2.894931
154 1.3473752737 -4.511377 -0.514385 2.244295 -4.331656 -1.932103 0.116975 -4.397940 2.452784 2.147676 2.333276 0.854777 1.640042 4.669207 -2.053624 -1.704020
155 1.3634030819 -4.651604 0.225071 0.347821 -3.185762 1.581165 -1.785692 -4.093813 4.235854 0.969223 2.363936 -1.344006 4.503220 4.729999 -0.111069 -4.495088
156 1.2594631910 -4.850801 -1.000250 0.582611 -4.193146 1.465267 -0.455500 -4.365364 2.355141 1.386111 4.086905 -0.019783 3.430904 4.950161 -0.955710 -0.490775
157 1.3316620588 -4.624403 -3.146156 -0.234688 -3.594664 0.634613 0.741549 -2.879170 3.142258 1.066912 2.678261 1.767758 1.909234 1.911484 -3.426375 -0.560328
158 1.1638485193 -4.895484 -1.525251 -0.353634 -4.878318 2.071684 1.900212 -4.516383 4.655645 2.364731 1.757637 -0.495588 3.104852 2.896885 -2.610506 -0.663516
159 1.3809360266 -4.514537 -1.345590 -1.178915 -4.016526 -0.996435 1.198519 -4.090847 1.847649 0.694479 1.063548 -0.264342 1.372391 3.511612 -0.081242 -0.037615
160 1.3977808952 -4.398334 -1.934125 3.174874 -3.945535 0.268012 -0.363571 -3.872305 4.114882 -2.329678 1.147403 1.329758 4.324026 4.667675 -3.131130 0.429700
161 1.4815921783 -4.013313 -0.717165 1.293238 -3.114169 0.307131 -0.174984 -4.526699 2.079218 1.184639 -1.547943 2.058519 3.307974 4.385365 -2.804744 -1.015647
162 1.1969020367 -4.799983 -1.863368 2.125314 -4.812789 1.516505 1.042199 -4.070182 3.881239 -0.970774 -0.773910 1.264492 3.937051 3.155132 -1.248501 -2.218561
163 1.2148059607 -4.846408 -1.161754 1.568507 -4.118802 3.711009 2.434074 -3.161472 3.080063 1.454528 2.328398 1.165883 3.884996 1.404054 -2.465764 -0.391990
164 1.2708296776 -4.934579 -3.239722 2.627831 -4.908674 -1.427295 -0.487618 -4.124330 3.888611 -0.014555 4.688692 1.986824 4.912996 3.668390 -3.856818 -0.528211
165 1.5740650892 -3.835900 -3.020877 0.674311 -2.818386 -0.019482 2.014831 -4.117050 3.713068 -0.888648 2.841321 3.281149 4.913537 4.089723 -4.083783 0.814131
166 1.1903209686 -4.928316 -0.702670 -0.431924 -4.401637 1.985771 1.034290 -4.332635 4.990609 0.841129 2.104359 2.054685 4.624460 3.367676 -2.304435 0.412172
167 1.2389137745 -4.863233 -2.486910 0.690723 -4.941245 -0.680925 -0.787778 -4.152925 0.129628 -0.569304 2.299006 -2.263672 2.882936 2.330256 -0.074250 -1.008670
168 1.3908637762 -4.756839 2.003931 1.729135 -4.372124 -3.907799 0.619440 -4.999999 2.362684 1.183093 3.111088 1.072029 2.392652 3.807458 -2.201127 0.000354
169 1.6165795326 -3.650211 0.576205 -1.204509 -4.103030 0.704308 -0.821442 -4.648837 4.962679 -2.844982 1.061819 1.172387 2.690365 0.955979 -1.812923 -0.627242
170 1.2097392082 -4.999995 -0.317055 -0.283931 -4.385358 2.300404 3.262475 -3.924069 3.631055 1.392072 2.360481 3.056477 2.994913 3.583024 -2.943361 -0.196221
171 1.3244433403 -4.631699 -2.043652 2.423236 -2.851973 3.532906 -0.874064 -4.999960 3.044651 2.164978 2.194810 0.552024 3.813889 1.717569 -2.291146 1.283670
172 1.3874534369 -4.079667 -0.905759 1.109889 -4.814391 0.850856 -0.861922 -4.791679 4.455644 0.946439 2.269317 1.627354 4.651386 4.025050 -4.740196 -0.982798
173 1.2793154716 -4.625694 -0.573100 -0.895709 -4.693319 2.050051 0.849255 -3.864463 4.166712 2.127171 1.346470 0.406068 3.373715 2.695559 -2.838433 0.461017
174 1.4517780542 -4.209645 -2.091840 0.669454 -4.454275 1.019649 0.681242 -3.385731 3.688449 0.378266 0.994565 -0.393599 4.645001 4.090665 -0.126412 -0.941133
175 1.1438490152 -4.999729 -0.899393 1.776988 -4.022816 0.046261 1.103900 -4.936783 4.545917 1.083511 1.405595 -0.335214 3.354189 2.256969 -3.850647 1.004592
176 1.7603406906 -2.867263 2.276968 -0.065849 -4.453405 -0.459035 1.231295 -4.755698 4.997395 1.917625 0.893967 0.248903 4.543424 2.756044 -0.663853 -1.773242
177 1.7138729095 -3.485785 -0.338832 1.345020 -3.999273 -0.536653 3.388286 -4.523517 2.392605 4.956070 3.339281 1.127401 3.770086 1.905972 -1.460059 -1.741842
178 1.3918554783 -4.215257 -1.304981 0.730672 -4.946974 1.982884 0.735957 -4.985763 3.794743 -0.256675 1.094897 -1.993028 4.980538 2.622893 -2.191518 -1.999318
179 1.4776411057 -4.365914 -2.018561 -0.392720 -2.932417 0.528977 2.436270 -4.946111 1.947422 1.162473 3.400893 -0.402739 2.685871 0.741164 -2.123051 -1.533694
180 1.1861300468 -4.995551 0.203876 1.244196 -3.345131 3.742128 1.446440 -4.612076 4.753535 1.777240 2.992647 1.553422 3.777702 2.679924 -2.764939 0.254767
181 1.6234692335 -3.914507 -0.661744 -1.675447 -3.796294 2.853912 1.715389 -4.130468 3.405462 2.889564 2.317311 0.063419 4.298642 3.414635 -2.794017 0.442002
182 1.3762851954 -4.497097 0.217118 0.457227 -3.611564 -0.654303 1.250182 -4.297717 3.898244 1.491122 3.216096 0.359323 3.033295 3.615249 -3.519963 -0.472304
183 1.3777729273 -4.325345 -0.758098 4.247001 -4.834110 2.707944 2.574272 -4.710088 3.844747 1.702027 1.028482 1.602179 4.695918 3.288335 -4.932586 -0.433096
184 1.6093854904 -3.499017 0.456547 2.636768 -4.942697 1.601396 2.412345 -3.129048 3.773412 0.952566 0.026354 -0.057593 4.578102 2.859712 -3.239899 -0.031177
185 1.2420128584 -4.844459 -2.791016 0.566418 -3.736927 3.485293 3.263714 -4.528092 4.984630 1.688023 1.680380 2.206833 3.494594 2.713654 -3.030667 0.957353
186 1.5391404629 -3.780053 1.001042 0.352214 -3.180470 3.058767 0.416350 -4.924955 4.782985 0.657321 3.948727 0.626826 4.607238 4.434040 -3.431722 -1.324075
187 1.3538693190 -4.939961 1.018875 -0.769492 -3.571976 0.462218 4.533342 -4.995637 3.548020 1.724807 3.619180 0.160367 3.415657 4.311884 -2.595360 -1.732790
188 1.4284541607 -4.305214 -0.994806 3.002270 -3.556667 3.843234 -0.961334 -3.429892 3.109251 1.335630 0.819095 -0.899634 1.586070 1.420572 -3.579444 2.353972
189 1.3815276623 -4.847654 -1.350336 -1.377631 -2.268106 1.386435 2.577156 -4.843451 3.929501 1.461502 3.874736 1.730910 4.397345 4.435857 -4.067256 0.704363
190 1.2447961569 -4.971831 -0.068444 -1.259273 -4.932983 0.847847 1.402281 -4.543372 4.503612 2.077737 2.364048 0.275324 4.984167 2.970923 -1.486289 0.668655
191 1.2729120255 -4.981776 -0.308782 1.507898 -1.267293 3.195991 3.234545 -3.717264 3.799810 3.534681 2.003253 1.695428 3.520635 2.633140 -3.066840 0.819999
192 1.3816623688 -4.363048 -2.159847 1.135948 -4.031634 0.246767 0.934586 -4.234260 4.349564 1.163318 2.493610 0.448100 3.347430 3.986528 -3.117657 1.228197
193 1.4538102150 -4.480673 -2.724509 -0.369170 -3.402083 1.970076 4.257933 -3.663188 4.537967 0.960752 1.055970 0.888623 4.773780 1.544943 -2.183541 -0.264976
194 1.2784844637 -4.792796 -2.379090 -1.301293 -4.970109 0.915429 2.623915 -4.870211 2.928049 1.634037 1.109272 1.691109 3.044709 1.927135 -1.579841 1.438973
195 1.3745347261 -4.849273 -1.317295 -0.676466 -4.032586 3.330595 4.758014 -4.817070 3.981208 3.520849 2.104650 1.593243 4.775468 0.800894 -4.257226 1.271065
196 1.3738141060 -4.604011 0.467985 1.773843 -4.925186 1.352403 4.590207 -4.932581 4.760119 2.805561 1.705565 2.328470 2.604977 2.121814 -4.916415 1.348892
197 1.5067045689 -3.884450 0.897093 1.681079 -3.236960 0.763822 1.979262 -4.776515 4.455925 0.912393 2.293137 2.087257 3.336033 3.944600 -3.418076 -1.184028
198 1.2042633295 -4.776783 1.066600 0.417777 -4.701708 2.279454 0.530367 -3.243940 4.566256 1.882830 1.037873 -0.321002 3.740544 3.582857 -1.430839 0.974895
199 1.2227295637 -4.982235 -2.447243 0.182797 -3.011707 2.778629 0.779348 -2.232265 4.981649 1.160325 2.051886 3.223347 4.377664 2.192655 -2.829536 -1.318130
200 1.3589699268 -4.412738 -3.087179 1.275386 -4.828265 0.981402 -0.250805 -3.401275 4.982386 2.820489 3.138282 -0.467516 2.944034 2.526493 -2.367259 1.337594
201 1.3145196438 -4.875922 0.144229 -0.421435 -4.871696 3.450271 3.791749 -4.977650 3.286168 2.600584 3.844909 1.630323 3.519924 3.085306 -3.052524 0.994198
202 1.1811136007 -4.870617 -0.685446 1.824274 -4.465863 2.397799 1.802323 -3.835376 4.895143 1.776715 1.523019 1.498673 4.985283 3.622568 -2.937283 0.324178
203 1.5239450932 -4.339824 -1.324113 -2.058658 -4.982520 1.881618 4.307085 -4.697015 3.687751 0.512610 3.111766 0.959944 4.102980 0.354860 -2.590687 -0.336361
204 1.6406425238 -3.989164 -2.323945 0.878370 -0.880903 4.880473 4.887691 -2.561034 4.377510 3.975567 2.214215 4.531315 3.711316 3.125834 -3.245039 0.225260
205 1.5614688396 -3.807218 -1.564144 0.014977 -4.833484 2.157344 3.801635 -3.797178 3.755329 2.066590 2.665862 1.082471 4.947965 4.993059 -3.740776 1.319014
206 1.3024278879 -4.570616 -2.304962 1.803284 -4.798680 1.260778 -1.437884 -4.063517 3.979404 1.961971 -0.142995 -1.164990 4.979561 1.851025 -4.462409 1.501112
207 1.2966270447 -4.495917 -1.675751 1.459792 -4.029722 0.736397 1.133766 -4.826532 3.363137 1.574208 0.484937 -1.110455 4.088536 1.932733 -2.683286 -0.629993
208 1.7867560387 -2.254236 0.610330 1.296643 -4.681287 3.190963 1.437610 -4.917931 4.458124 2.993844 1.184108 0.326327 3.162804 3.696598 -2.361762 0.127373
209 1.2106145620 -4.993132 0.095397 1.120391 -3.046294 0.547107 0.605736 -4.908855 2.799982 2.853069 1.139071 -1.055569 4.588331 2.957352 -1.586880 -0.103959
210 1.1648950577 -4.937952 -0.821372 2.043409 -2.750978 1.798941 -0.798072 -4.832483 4.990656 0.936275 0.778807 1.117229 2.919499 2.734735 -3.714860 0.762506
211 1.1660655737 -4.996333 -0.497180 1.264678 -4.860063 3.415319 0.965007 -3.208569 3.326457 1.019817 3.600353 1.323828 3.005728 4.754000 -2.709107 0.962599
212 1.4345021248 -4.226107 0.333345 1.652109 -4.164837 0.514637 2.802656 -4.887516 4.358232 2.468470 1.336918 1.301415 1.978604 4.251269 -3.020963 2.790092
213 1.1538666487 -4.942015 0.432746 1.504175 -4.106140 1.974715 0.279932 -4.987470 4.970192 0.428555 1.004906 1.918230 3.604512 2.476864 -4.199058 0.999633
214 1.3237346411 -4.515224 -1.411239 0.272477 -3.971451 1.316793 1.537637 -4.629543 4.988810 2.365113 1.657844 0.528580 3.981953 4.532061 -1.919925 0.614424
215 1.3041967154 -4.420633 -2.530809 0.824303 -4.787540 1.653520 2.068247 -4.931275 4.216706 2.117745 2.078418 1.043445 4.238071 3.512608 -3.612838 -1.804446
216 1.6460332870 -3.914872 -4.420650 -0.650234 -3.968183 -1.183923 3.431655 -4.899433 3.306783 0.995718 0.788629 -0.706369 2.921078 3.638492 -2.914711 -1.115357
217 1.1673029661 -4.981501 0.621950 1.797906 -4.959451 1.851367 -0.170395 -4.516794 4.532570 0.732171 0.835975 0.535251 4.848000 2.106879 -2.519498 3.146785
218 1.2631146908 -4.530396 -0.903241 2.584629 -4.924102 3.352667 -0.561621 -4.983775 4.570336 0.046493 -1.461330 0.739966 4.235126 3.449244 -4.504695 -2.446774
219 1.5956894159 -3.475688 -1.327013 2.723623 -3.103738 3.319013 -0.722206 -4.861797 4.816155 2.391830 1.489417 1.308703 3.870379 2.361833 -4.334514 0.631307
220 1.2373580933 -4.985025 0.287653 1.017471 -2.689980 2.715380 1.898294 -2.786454 4.665159 3.113268 0.194921 1.748886 4.487092 4.107826 -3.858712 2.139489
221 1.2714688778 -4.752481 -0.583980 1.217698 -3.705120 0.956113 1.659604 -3.945082 4.999409 3.533501 1.062675 2.117985 4.999245 1.753417 -4.401204 0.287848
222 1.8732945919 -2.479554 -0.440370 3.036091 -2.763909 3.720611 -0.013703 -4.019396 4.363811 -0.108202 1.364918 -1.186590 4.148806 1.721403 -4.035276 1.176523
223 1.1878968477 -4.829261 -0.987207 1.489126 -4.389581 1.959881 -1.211219 -4.350524 4.958895 1.359908 2.369847 1.690680 2.757353 3.791493 -3.213009 -0.252738
224 1.4568521976 -4.066711 -0.318291 0.983326 -4.470776 2.217392 -0.718462 -4.883056 3.146764 2.975756 0.407162 0.575544 3.294471 2.427518 -4.987836 1.210684
225 1.6141016483 -3.521763 -2.286613 0.900807 -3.622963 1.667852 1.514922 -4.805288 4.502642 1.686339 3.234921 -0.457300 4.995193 1.787454 -4.146824 -0.423232
226 1.5366349220 -3.660766 -0.615681 2.745250 -4.145530 1.719694 -0.914255 -4.258815 4.362891 0.914291 -0.615479 1.472079 3.250962 3.439418 -4.113912 1.319935
227 1.2032613754 -4.990402 1.848357 1.670040 -4.151963 1.886730 2.593896 -3.870414 4.709191 -1.972754 0.171506 2.647128 3.163043 2.332944 -3.679817 0.624090
228 1.1845769882 -4.942216 0.093492 -0.030807 -4.380857 1.790474 0.235629 -4.080024 4.889096 1.351041 1.362653 0.208097 4.977605 3.078465 -4.341778 0.057721
229 1.3198632002 -4.762894 -0.943434 1.033555 -2.914154 2.638053 -1.296850 -4.910592 4.600446 2.475441 1.855116 -0.681836 4.065614 3.367338 -3.028986 2.370774
230 1.2254663706 -4.853704 1.677984 1.752360 -4.919376 2.495137 0.865422 -4.993683 4.397722 -0.667132 1.331977 0.626697 4.999740 3.385208 -3.055470 2.332049
231 1.1416174173 -4.928167 0.380754 1.445183 -4.635741 1.202464 -0.807663 -4.183963 4.963605 0.203654 1.063814 0.978571 4.493589 3.001214 -2.152540 1.408573
232 1.3208538294 -4.585898 -1.583749 2.610629 -3.898306 3.531774 -1.578138 -4.073255 4.697603 0.982903 1.627860 1.676971 4.797464 2.022118 -4.598847 3.025701
233 1.3230652809 -4.959975 1.646568 0.211484 -4.946432 2.902715 -2.518975 -4.999686 4.820438 0.708980 3.357555 1.060187 4.216327 3.685830 -4.070691 2.933989
234 1.2448158264 -4.992886 0.136722 2.337999 -4.797677 0.427673 1.540333 -4.568828 2.349949 1.285597 2.554560 1.170246 4.855763 1.297667 -3.961375 2.590047
235 1.3106631041 -4.480752 -0.080623 -0.352801 -4.172141 0.322876 -0.379103 -4.494057 4.744751 1.639028 -0.698006 1.317052 3.395837 2.095891 -3.386309 1.031963
236 1.2983477116 -4.993566 1.301220 -1.473025 -4.934057 1.142779 0.178548 -3.881524 4.684238 0.165876 -0.067561 0.022976 4.688534 3.788077 -4.967840 2.462895
237 1.3569800854 -4.646131 0.090354 0.617765 -4.640698 1.043901 1.019900 -4.507607 3.624251 0.750500 0.794216 2.853414 4.983417 3.054381 -4.918072 3.447522
238 1.4059644938 -4.293508 1.658829 0.421950 -3.298846 2.980590 -0.403323 -4.335205 4.796871 0.355725 -0.355550 2.656575 4.128242 4.919278 -3.209023 1.526145
239 1.3391891718 -4.509804 0.660664 1.354830 -3.240995 1.875499 0.325844 -3.799853 4.146994 -0.140766 1.853696 1.460403 2.731413 3.538510 -3.812980 1.549369
240 1.2392082214 -4.960679 0.326465 -0.521332 -4.775682 3.561455 -1.337369 -4.849468 4.518570 -0.352173 -0.583145 1.078820 4.232532 2.746074 -4.881558 1.962748
241 1.2631921768 -4.897016 -0.324456 2.162549 -3.934014 1.876526 -1.954040 -4.999998 3.281541 0.740104 -0.218358 -2.404421 3.961799 4.345021 -4.074881 -0.229563
242 1.2409818172 -4.769193 0.515415 0.129790 -4.649440 2.806293 -1.571590 -4.625817 4.626109 1.894324 -0.120174 0.132165 2.428978 2.956536 -2.591487 2.477136
243 1.2388318777 -4.878250 -0.098104 3.479267 -4.853624 1.445186 2.060463 -4.999064 3.652437 0.853093 -0.864518 2.251683 4.707673 2.349198 -0.307111 2.621517
244 1.3518325090 -4.487431 1.480884 1.146030 -4.306221 1.244962 -0.357604 -4.465962 3.469664 0.297671 1.626348 0.248530 4.678797 3.576371 -1.781940 1.755542
245 1.1952211857 -4.940111 0.788957 0.400356 -4.769869 1.849691 0.108488 -4.141183 4.128502 0.935968 0.613492 0.659089 3.861308 1.642027 -3.579053 3.109651
246 1.4006694555 -4.610727 0.219512 -1.037516 -3.425417 3.934219 0.439291 -4.919343 4.477921 -1.615080 1.353191 1.666445 4.803168 2.709996 -2.747372 2.520581
247 1.1259922981 -4.957648 0.859971 0.347174 -4.924130 0.807829 -0.052416 -2.685752 2.962117 -0.069683 0.763931 0.168733 4.377225 1.929229 -2.082423 1.012232
248 1.2203514576 -4.997263 1.306817 2.190934 -3.663422 1.627353 0.598328 -4.658335 3.908903 0.686823 2.024401 0.485362 4.441890 1.545928 -3.513242 2.641659
249 1.5702748299 -3.749521 -0.016023 1.500275 -4.774415 0.967561 -0.814348 -3.903245 3.572020 1.384501 0.862771 -1.164303 3.937588 3.800949 -2.747030 2.707638
250 1.5772743225 -3.744004 2.944899 0.563222 -4.427932 1.969294 0.949104 -3.517419 4.403400 -0.049251 0.812093 1.695742 4.888266 4.282044 -4.177361 2.153174
251 1.4271013737 -4.542263 -0.457622 -0.925033 -3.370212 1.641876 0.179761 -4.337223 3.447634 -0.540287 0.664188 -0.862357 4.922263 3.992043 -3.610769 1.913078
252 1.1669487953 -4.999762 0.691767 0.607328 -4.748253 2.430265 0.251079 -4.895697 3.245899 0.069425 0.835401 1.728871 4.503599 1.795824 -2.396916 2.330860
253 1.2854571342 -4.802328 1.375702 0.101452 -4.243422 4.414841 -1.193125 -4.034048 4.104142 0.368185 1.552467 1.606449 4.889210 3.255656 -2.536560 1.271334
254 1.4632736444 -4.228668 1.065353 -0.456733 -3.913754 1.079946 0.119946 -4.998258 4.985218 -0.390385 0.623471 0.429057 4.272499 3.401111 -0.368497 2.184161
255 1.4108896255 -4.263719 0.438719 2.078552 -3.352337 2.020000 1.195747 -4.218003 3.809718 -0.123623 0.192165 1.001860 4.889299 -0.611810 -2.849440 2.324944
256 1.1664301157 -4.824030 1.078227 0.448358 -4.715236 1.016200 -1.167027 -4.231885 4.095776 0.143009 -1.593181 -0.133648 4.708852 1.499534 -3.766910 -0.446569
257 1.2581969500 -4.823869 1.023611 2.638731 -2.573642 0.333501 0.175204 -4.973432 3.467327 2.001091 -1.713578 1.994093 4.414352 2.042581 -2.657295 2.418474
258 1.6176874638 -3.475272 0.300675 0.978051 -4.990534 1.231330 0.121333 -3.240691 4.587377 -0.529605 1.842601 1.681539 4.036400 1.024325 -3.457664 2.773836
259 1.3304898739 -4.664262 0.990380 0.588136 -3.932606 1.558339 -0.754909 -4.931476 3.582575 0.707365 1.269120 1.085693 4.981005 2.472350 -3.597776 2.475536
260 1.4643316269 -4.350148 1.516922 3.751718 -4.967317 2.278297 1.821819 -4.945314 1.462757 0.884961 1.808767 0.299897 4.995459 1.839140 -2.186778 2.526719
261 1.3818014860 -4.901850 1.518692 3.956113 -4.837597 3.489144 1.560905 -4.783333 -0.173369 1.546264 -0.854032 2.163928 4.973980 1.117150 -3.421748 3.845630
262 1.5451849699 -4.159578 1.400870 2.087777 -3.083260 2.916676 1.082444 -4.229166 2.383915 2.876815 0.038519 1.571054 4.289085 0.962462 -2.445898 3.583334
263 1.4732685089 -4.424513 1.852879 -0.570104 -4.608510 4.181057 2.077116 -2.910485 3.144919 0.757260 1.758511 1.388340 4.521206 2.423716 -0.724445 2.369674
264 1.3236006498 -4.643675 1.513801 -0.368364 -4.809121 3.701975 0.333938 -4.808120 2.633424 0.125691 0.835314 1.171305 4.870302 0.629634 -2.211437 0.408075
265 1.3558297157 -4.131882 1.932046 1.862357 -4.998467 2.750152 -2.432746 -4.013454 4.999815 0.160768 -2.348768 -0.405481 4.103903 1.093576 -2.290286 -0.034728
266 1.2278118134 -4.999958 1.373209 -0.446238 -4.013571 2.939811 -1.874644 -4.984683 3.192869 0.926047 0.784029 2.285998 3.260557 2.116483 -1.875379 -0.039924
267 1.3879692554 -4.567909 0.242921 -1.669446 -3.536893 1.438922 -1.786047 -4.982905 4.120479 1.480885 -0.798715 -0.751187 3.356343 1.416624 -3.185920 -0.485570
268 1.1545578241 -4.959665 1.336367 1.687071 -4.969700 0.745285 -1.626804 -3.153949 4.525819 0.730775 0.080309 -0.018493 4.351690 2.547970 -4.432826 0.125375
269 1.2923480272 -4.648988 1.451663 -0.087382 -4.603523 -0.005769 -2.509087 -4.998356 4.732692 -1.351527 0.454885 0.867292 4.711172 1.469087 -0.778151 1.183350
270 1.6706910133 -3.691946 0.185212 -2.104714 -4.237129 2.492729 -3.417898 -3.543213 4.694511 1.957472 0.493561 -0.629273 4.854000 1.296817 -1.968268 -2.682851
271 1.2383562326 -4.693304 -1.240334 1.106474 -4.843165 0.570026 -0.867609 -3.802388 2.445429 1.649529 0.346525 2.339256 4.904015 0.633341 -2.611952 0.757573
272 1.3023327589 -4.941658 1.570173 -2.113270 -4.678309 1.729730 -0.326787 -4.767917 3.367410 -0.400806 -1.656939 0.113922 4.999727 4.336739 -2.673484 0.076625
273 1.2432260513 -4.845996 0.648223 3.465142 -4.215461 -0.490878 -0.734288 -4.627025 3.867302 0.127523 -0.165910 1.504517 2.692995 1.414747 -4.405678 1.750484
274 1.1603193283 -4.952971 -0.191131 1.335818 -3.855500 1.077880 1.354949 -4.286668 3.911782 1.064162 0.437113 -0.985570 4.788552 2.544715 -2.056720 0.239028
275 1.1534868479 -4.873604 1.718180 0.897285 -4.333445 2.084598 -1.720452 -3.555017 4.999944 -0.996574 -1.374338 1.602353 4.965510 1.821659 -2.444966 -1.374250
276 1.4437139034 -4.242722 1.315403 2.865308 -3.878424 -0.031781 -2.509394 -4.118266 4.630352 1.033513 -1.439598 0.604119 4.246901 1.861647 -0.488638 0.660829
277 1.2076780796 -4.998785 0.723705 3.804769 -4.952529 3.657020 -0.654579 -2.463449 2.902857 -1.815939 1.341330 1.471000 4.802002 1.750605 -1.841400 0.672975
278 1.4676644802 -4.276936 0.694299 0.831965 -4.995781 3.553606 -3.159912 -3.110447 3.445335 1.132532 2.594024 1.898397 2.211693 3.386113 -3.812564 0.778768
279 1.5887639523 -3.682509 -0.274620 -0.991379 -4.748129 2.325300 -2.491249 -4.529318 4.660553 1.869340 -0.720410 1.741671 4.924726 2.020895 -2.885925 -0.314124
280 1.1689069271 -4.909575 1.588953 2.839422 -4.979248 1.060969 -0.547895 -4.430392 4.845850 0.184128 -1.941812 -0.801164 4.823921 1.791656 -3.959892 1.466915
281 1.4071964025 -4.696557 -0.885348 3.163199 -1.160946 3.404867 0.768678 -4.283340 3.730723 0.416474 0.401700 4.744582 3.084720 2.561085 -3.818324 -0.985606
282 1.1168458462 -4.841871 -0.335512 1.372645 -4.644164 1.076529 -0.623153 -3.367805 4.956692 0.868172 -0.252582 0.314146 3.255104 2.673307 -3.072705 -0.515447
283 1.2074285746 -4.980272 1.474980 2.612596 -4.161814 2.644463 -0.921108 -3.951184 1.415243 0.054916 0.192422 0.887071 4.998497 3.325736 -2.579808 -1.112695
284 1.1624910831 -4.956108 0.618770 0.574334 -4.250326 1.233215 -0.838699 -3.235486 4.310452 1.510265 -1.160293 0.530929 4.924989 3.381812 -4.053317 -0.570198
285 1.4550281763 -4.067693 1.290138 0.740809 -3.970839 0.813092 0.012528 -1.602060 4.994310 0.835670 -0.597174 -0.653541 4.865424 3.498338 -1.230269 -2.563201
286 1.3676602840 -4.387136 0.308611 2.372104 -4.099451 2.628182 0.306682 -2.732864 3.946648 1.368723 0.288461 1.094314 3.307160 2.376705 -4.417640 1.311745
287 1.1946163177 -4.990466 1.385495 2.600225 -2.440791 1.039161 -1.714468 -4.935992 3.876429 0.619000 -1.108244 1.253984 4.678338 3.011092 -3.724014 -0.079303
288 1.1306437254 -4.961436 0.202008 0.604320 -4.298677 0.829124 -1.680690 -3.216404 4.053734 -0.290097 -1.475493 1.917854 4.289603 2.503591 -2.570646 0.172422
289 1.3737237453 -4.447316 -0.943525 2.141268 -4.188374 0.682540 -1.751922 -2.281044 4.287253 0.572473 -2.245202 1.332986 2.634790 2.701053 -4.653529 -2.149001
290 1.4034641981 -4.338577 1.926995 -0.664332 -4.980840 0.567238 -0.710075 -2.975385 3.947123 1.477892 -0.531102 -0.004548 4.331265 2.824867 -1.976295 1.382544
291 1.1772241592 -4.949595 0.073571 2.004782 -3.610167 -0.336884 -0.935440 -3.195539 3.265617 1.107121 1.654322 0.016541 4.999389 2.034268 -2.380087 -1.049254
292 1.1692037582 -4.949272 -0.786532 0.107393 -4.637593 0.483280 1.123564 -3.285681 4.990716 1.215786 -2.064752 -0.358855 4.874235 3.160211 -2.156581 -0.728900
293 1.1543469429 -4.834413 0.410675 1.368592 -4.845065 1.346255 -0.520555 -3.133536 4.961931 -0.444093 0.135075 1.521153 4.097067 1.277181 -3.644335 0.501914
294 1.2246410847 -4.998575 -0.004845 3.950980 -2.512001 1.586937 -0.741435 -3.467261 4.515046 1.126513 -0.970913 3.201758 3.609427 2.638528 -3.908017 -0.488678
295 1.1496376991 -4.927840 0.518022 1.969155 -4.700718 2.332914 -1.054177 -3.325780 4.951376 0.829053 -1.871499 1.554665 4.154953 3.271586 -2.967637 1.326389
296 1.5218138695 -3.714159 1.045609 2.445861 -4.210058 0.712689 1.311865 -3.985553 4.259419 1.096165 -1.815436 -0.333562 4.924445 2.215464 -4.122850 -0.541211
297 1.5645246506 -3.836615 -0.799617 -1.067007 -4.990906 0.116407 -0.413545 -2.871009 3.989179 0.828381 -1.950338 -0.261083 4.346003 2.710230 -2.910768 0.398997
298 1.1189575195 -4.979029 0.035700 0.284416 -4.897810 -0.242496 0.842466 -4.094784 4.994358 0.864093 -0.041170 -0.221038 3.914982 2.497554 -2.507718 0.867669
299 1.4428732395 -4.151863 1.724647 1.659901 -4.326449 1.526623 -1.875372 -3.780776 3.007432 1.308786 -2.255348 0.969722 4.704965 3.451750 -4.544409 -2.302011
300 1.3860286474 -4.212049 -1.216763 1.923418 -4.893801 1.829766 0.017925 -3.113604 4.436999 2.241164 0.795737 0.372907 4.008704 2.606633 -2.947282 2.615617
301 1.2086932659 -4.777646 -1.707383 0.639210 -4.087023 1.820384 -0.758364 -2.620155 4.924832 1.624105 -0.347084 0.657829 4.853103 1.439191 -1.644564 -0.164033
302 1.2979705334 -4.649931 -0.128000 2.854946 -4.822921 -0.189103 2.686524 -2.883070 4.994869 0.684867 -1.140365 1.976728 4.180521 2.164556 -3.557846 0.255270
303 1.1014459133 -4.973026 -0.026094 0.605947 -4.552103 1.108054 0.282466 -4.203351 3.716198 0.682758 -0.870803 0.079470 4.208154 3.108476 -2.474587 0.070097
304 1.1266367435 -4.927941 0.361874 1.341527 -4.999947 0.499638 0.350861 -3.815988 4.279738 1.102315 -0.428637 2.331785 1.559413 3.905341 -4.246205 -1.880617
305 1.2040212154 -4.886271 0.209524 0.608258 -4.958662 1.438525 0.387304 -4.977885 4.623287 2.875541 1.856125 0.902047 4.482827 2.840710 -1.474513 1.641046
306 1.1289157867 -4.996654 -0.057396 2.897117 -4.620823 2.181255 -1.188615 -3.760449 4.000209 -0.954031 -0.079707 -0.781496 4.876299 1.474996 -3.275972 0.395936
307 1.1560267210 -4.904741 1.054696 2.052035 -2.221404 1.935316 0.565426 -1.120176 4.772129 -1.360918 -1.584227 -0.099561 2.797534 1.990279 -1.289464 -1.233866
308 1.1883018017 -4.955639 0.811586 0.470301 -4.261693 2.573701 1.080710 -4.430096 4.016789 2.055715 0.048294 0.592570 4.616830 1.353416 -4.017061 1.230672
309 1.0965461731 -4.914380 -0.518347 0.982216 -4.828972 1.400998 0.794338 -3.219983 4.035198 0.336488 -0.921945 1.193829 3.145378 2.405477 -2.697045 0.945778
310 1.2095217705 -4.716710 0.320728 1.952545 -4.403993 1.842714 0.047268 -4.678074 4.909955 1.399184 -0.166126 -0.552846 4.247388 2.605200 -3.933149 1.714879
311 1.3502851725 -4.428232 -0.303919 1.338861 -4.436390 -0.543224 2.590866 -4.002803 4.541128 0.255590 -2.583766 0.739744 3.931371 3.565574 -1.469277 -0.699120
312 1.1586908102 -4.999999 0.923909 0.057436 -4.552443 -0.159833 -0.186373 -3.157817 4.790890 0.199327 -1.188539 0.403790 4.089651 4.729576 -3.444490 0.712460
313 1.5964295864 -3.655877 -0.786788 -0.125534 -4.489249 0.723727 0.473912 -3.034826 3.787233 0.865987 0.094016 -0.549766 4.332651 1.517210 -2.531732 0.530599
314 1.1881465912 -4.997481 -1.723618 0.635346 -3.986684 2.440966 2.135737 -1.583640 4.741672 -1.151560 -0.411928 2.065699 3.823693 3.376801 -2.460202 0.281423
315 1.2337825298 -4.770288 0.808450 0.184578 -4.152544 2.781821 0.693464 -2.018908 4.999998 0.415967 -1.031786 2.067771 4.086610 1.622870 -2.808768 -0.243310
316 1.3224028349 -4.412445 -0.469004 2.787624 -4.973391 1.720902 -0.213538 -2.522315 3.250303 0.411427 -1.565229 1.319068 2.982806 2.865581 -3.245422 0.509309
317 1.0840430260 -4.982053 -0.457720 2.030080 -3.944402 1.114808 0.063425 -1.590351 4.630963 1.340824 -0.102504 1.567108 2.388433 1.830463 -1.320033 -0.036615
318 1.2963283062 -4.340628 -0.327476 0.563740 -4.903439 -0.094541 -0.014542 -4.407863 2.637464 0.599944 -0.264427 0.681079 2.919221 3.085488 -3.004001 -0.731336
319 1.2131103277 -4.681754 -0.975711 0.028896 -4.446730 0.665033 0.620024 -3.388421 3.747209 0.934947 -0.951730 0.705920 3.718549 1.149639 -2.811377 0.326750
320 1.1157813072 -4.999999 -1.334693 1.875916 -3.882436 3.581838 1.954436 -4.943305 4.963198 1.374154 -1.918863 2.116648 3.025689 2.948847 -2.506335 -0.471735
321 1.2468839884 -4.827125 -0.492086 1.645687 -4.889300 0.909282 1.050589 -1.194294 3.762413 -1.442098 -0.114265 1.329906 3.019374 3.432210 -4.987264 -1.384715
322 1.1059217453 -4.999539 -1.319280 2.219500 -4.995508 1.962102 1.067345 -4.456461 3.972146 1.438536 -0.640538 -0.230620 4.520685 3.099962 -3.190434 -0.064231
323 1.2116644382 -4.823343 -0.206256 2.423343 -4.624588 0.609416 1.513095 -2.256449 4.705072 2.089437 -0.382404 2.303592 3.382598 3.232150 -3.751855 -0.334714
324 1.3407534361 -4.362119 -0.522570 0.924787 -4.102943 1.295517 0.464860 -3.602744 3.620100 0.304875 -0.709652 0.329211 4.727768 2.367450 -3.812756 0.392460
325 1.2183976173 -4.694412 1.242764 1.155493 -4.837667 2.015981 1.682346 -3.227400 3.912639 -0.614333 -0.846544 2.399558 3.042101 2.340430 -2.433528 0.940536
326 1.2164130211 -4.830028 -0.598765 3.284329 -4.885918 2.154878 0.119644 -2.293205 4.412118 0.749236 0.875041 0.191491 4.421920 2.712538 -4.125473 -0.744064
327 1.0736554861 -4.945308 -0.414349 2.045156 -4.674441 2.757830 1.085462 -3.740389 3.800093 -0.046703 -0.982895 0.790991 2.262819 2.403011 -2.523161 -0.805434
328 1.5144388676 -3.983474 -0.416058 3.143074 -4.196478 2.298618 2.490615 -2.902149 3.493369 1.202617 -1.491199 3.067931 3.389953 3.054530 -2.891296 0.922276
329 1.3559975624 -4.487514 -3.012664 3.891344 -3.756307 1.715197 1.281018 -3.861163 4.232300 1.782086 -1.303538 2.682186 4.997089 2.253195 -4.774647 1.196573
330 1.1490118504 -4.995524 0.432335 0.299214 -4.035817 3.287702 1.748377 -3.520579 2.859007 2.074717 -1.496262 1.223759 3.168322 1.839584 -3.144557 -0.344875
331 1.3254975080 -4.468436 -1.853471 3.985417 -4.831139 2.225026 0.583728 -3.378750 4.793428 1.289583 -1.681043 1.580331 3.615738 3.263335 -1.747571 0.368143
332 1.2210166454 -4.750144 -0.410826 2.316546 -4.370708 0.954771 1.591209 -2.483781 2.528638 1.652029 -0.902912 2.311313 2.737589 2.864021 -1.502658 1.436480
333 1.0918233395 -4.997668 -1.435398 1.734670 -4.422041 3.322517 0.275262 -3.388086 4.593158 0.959322 -0.823502 0.085396 3.028148 2.954223 -2.752432 1.395237
334 1.2812982798 -4.754493 -0.907645 -0.205294 -4.455687 0.228558 2.865792 -4.140816 4.868965 3.513556 1.026276 2.284645 4.507560 3.260564 -0.502716 -0.103199
335 1.1617290974 -4.990179 -1.689039 2.345408 -4.116695 0.153677 0.892665 -2.299686 4.242385 0.791926 -2.547311 1.158315 4.635213 1.042867 -0.596505 -0.528051
336 1.4846295118 -3.912335 -0.016810 0.080456 -4.759890 2.801800 -0.213866 -2.455770 3.805210 0.226394 1.205994 -0.180311 3.556904 3.373961 -1.012269 0.538384
337 1.1667680740 -4.927952 -0.623760 2.143723 -4.420122 3.164710 2.079929 -3.783304 4.014366 1.715151 -0.175774 3.682916 3.583939 3.243962 -1.962327 -0.946811
338 1.1404372454 -4.990790 -1.416336 1.233974 -4.759391 3.699721 0.974721 -4.642321 4.762263 2.138739 -0.848553 0.038751 4.881963 3.689395 -3.209596 -0.321146
339 1.3098388910 -4.416320 -1.612293 1.712685 -4.193070 1.713365 -0.528819 -2.679768 4.931616 -0.306356 -1.209886 -0.091405 3.421063 2.474888 -2.229809 -1.866279
340 1.0816257000 -4.983852 -0.606761 2.372968 -4.290789 2.501133 0.581650 -4.254306 4.466886 0.999482 -0.096458 1.534794 3.215068 1.786731 -2.134518 -1.566111
341 1.1559321880 -4.977003 -1.138162 2.434105 -3.390640 3.268261 -0.284444 -2.529696 4.494315 2.385413 -0.789994 1.092592 2.428027 0.797271 -1.945457 -1.750879
342 1.0787701607 -4.996982 -0.634404 1.591242 -4.953757 3.276693 0.513006 -2.307172 4.229203 0.458480 1.861140 0.826093 2.758037 1.448108 -1.963701 -0.147376
343 1.5766348839 -3.543021 0.360642 0.473822 -4.626548 1.116460 0.669289 -2.739994 4.800812 -0.694043 -0.892251 0.163415 3.409049 2.034779 -0.563842 -1.553801
344 1.1124464273 -4.915307 -0.736166 1.436755 -4.946223 3.002305 1.789809 -2.827453 3.684066 0.375041 -0.276894 1.058534 2.731039 1.570646 -2.790831 -0.893132
345 1.2660200596 -4.619518 -0.026304 2.541849 -4.572006 3.383568 1.660392 -3.371044 3.361889 2.541120 0.395534 0.348098 3.839856 2.054068 -3.018418 0.775155
346 1.0858600140 -4.954720 -0.484570 1.669277 -4.514632 2.803072 0.469063 -4.498779 3.129967 2.251808 -0.522786 0.934390 2.405051 1.506936 -3.398401 -0.751995
347 1.1240189075 -4.825156 -1.218104 1.125566 -4.803163 1.738485 2.346007 -4.760690 3.996423 1.613734 -1.510713 0.172783 1.751236 3.642414 -2.158779 -0.084562
348 1.1153068542 -4.996441 -0.970130 1.878793 -4.330476 2.165631 1.596292 -2.914599 4.999603 0.285449 -2.037356 1.356527 1.097154 2.097236 -3.938055 -0.140883
349 1.1487424374 -4.801443 -1.086104 0.340190 -4.996543 0.823141 1.602324 -2.055276 4.923078 0.792006 0.476317 -0.806694 2.140468 1.805116 -2.599925 0.166556
350 1.1449275017 -4.895289 1.357475 0.880808 -4.440775 2.748116 1.718114 -2.532446 4.631726 0.595916 -0.873145 0.396176 3.461682 3.446862 -1.985386 -0.640172
351 1.0994706154 -4.996816 -0.363186 1.815742 -4.749768 3.463796 2.026944 -3.318976 3.611293 0.232978 0.548343 0.138713 3.216148 0.047083 -2.136472 -1.266874
352 1.2986143827 -4.631792 -0.227952 1.509508 -4.602069 4.579770 2.452857 -3.320524 3.264473 1.709410 -1.304921 3.282454 1.760221 1.660729 -2.585784 -1.532694
353 1.1133382320 -4.857718 -0.335749 2.092773 -4.634345 3.299203 1.023610 -4.855900 3.205324 1.110963 -0.598325 0.804317 0.321717 2.574939 -3.215188 -0.711974
354 1.1887845993 -4.704015 -0.572408 0.659298 -4.577010 3.377722 0.679373 -4.683104 3.736554 0.519534 0.523566 1.050120 4.028329 1.645364 -2.479496 -0.933372
355 1.1613312960 -4.913298 -1.733658 1.388312 -3.000092 2.045180 2.288060 -4.026006 2.791540 1.799301 1.002695 0.233223 3.219456 1.074971 -1.139084 -0.336905
356 1.1237818003 -4.998813 0.558470 3.147878 -3.562971 2.155446 0.595988 -3.207985 4.646125 0.999860 -0.198849 1.333252 2.916135 1.241714 -2.575637 -0.148988
357 1.4244089127 -3.960920 -0.679705 1.551597 -3.983941 2.447822 -0.704652 -4.528353 4.823899 -0.024842 -0.886742 -1.121346 2.751192 2.639653 -2.712430 -1.212898
358 1.4843491316 -3.697534 -0.058427 2.063780 -4.989965 2.902785 1.318494 -3.454570 4.962628 0.129743 -1.530853 -1.171519 2.317252 3.221060 -0.737387 0.297414
359 1.2554816008 -4.583275 1.418689 3.133210 -4.590105 2.187205 0.917376 -3.809458 4.437463 1.904250 -0.328541 1.508348 3.169287 1.570123 -2.051610 -1.522547
360 1.0568964481 -4.973993 -1.315556 1.519704 -4.873186 3.151589 1.730683 -3.038089 4.907986 1.385270 -0.933491 0.257613 1.514204 2.645620 -1.349720 -0.403182
361 1.3138029575 -4.236394 -0.354119 1.299532 -4.923288 3.747066 0.731831 -2.715514 3.196448 0.057539 -0.715329 0.291196 0.456803 1.667224 -2.256907 -0.456211
362 1.0618982315 -4.935567 -1.005052 0.898413 -4.930524 3.273311 0.563295 -2.903289 4.751603 1.595740 -0.182534 0.158159 2.038027 2.258287 -1.214526 -1.153807
363 1.3556141853 -4.456396 -0.611723 1.509336 -4.325335 3.104800 3.175226 -2.045638 4.699477 -0.424614 -2.413069 -0.194124 2.662888 2.381340 -2.646782 -0.897304
364 1.1820564270 -4.849953 -0.256791 -0.427855 -4.860901 3.718909 2.262340 -3.857304 2.817781 3.141839 -2.131987 0.465348 2.462803 1.162626 -2.357732 -0.145592
365 1.1236472130 -4.777175 -1.635080 1.141149 -4.995198 2.060464 2.272953 -4.929980 3.961535 2.784944 -0.634108 -0.912766 1.865792 0.738499 -1.060822 -1.435383
366 1.1555578709 -4.999292 -1.263336 3.672544 -4.804039 3.624926 0.393898 -2.828233 2.942731 1.787157 0.927245 -0.301430 2.576189 2.847742 -1.842559 -0.408719
367 1.3307446241 -4.484878 -1.757514 2.727760 -4.566875 4.456363 0.354637 -3.965825 4.142804 -1.514100 -0.457546 0.603131 3.106534 4.237399 -0.928076 -1.142500
368 1.0415825844 -4.999931 -1.594345 1.203573 -4.957939 1.832329 0.470727 -4.012955 4.310607 1.400612 -0.352802 -0.915735 2.683209 1.250015 -0.691824 -0.172915
369 1.1261855364 -4.936363 -0.509504 1.119673 -3.961759 3.635233 2.556243 -3.952047 4.780679 0.234736 -0.171847 0.860992 2.011057 2.021906 -2.586343 -0.532512
370 1.4367451668 -4.240372 -1.000103 4.998472 -4.995971 2.755280 0.212842 -3.636647 2.833906 0.184282 -1.738816 -0.151277 1.499767 1.061683 -3.532142 0.120921
371 1.1214152575 -4.984922 -0.532035 1.217821 -4.927295 4.387009 2.609827 -3.006787 1.914668 0.677765 -1.123877 1.677613 1.690789 1.057126 -1.982921 -0.045108
372 1.5455222130 -3.860530 -1.691993 3.843806 -3.275019 2.771443 1.516540 -4.356044 2.699478 2.102386 -2.105293 0.145954 2.542650 1.979435 -2.087073 -0.619397
373 1.1267442703 -4.936460 -1.592394 3.050785 -4.438877 1.790197 2.469329 -3.047291 3.130549 1.414295 -0.338319 -1.267613 0.875818 2.084093 -0.696577 -0.212469
374 1.1906952858 -4.734301 -3.359741 0.593839 -4.991078 1.670047 0.431161 -4.327175 3.219507 1.363640 -0.494696 -0.002902 2.453747 1.709122 -0.112802 0.819552
375 1.2801626921 -4.446317 -2.001417 1.863471 -4.999754 4.474279 0.457072 -2.600901 4.972189 0.397036 -0.869123 0.806867 1.454264 3.239876 -1.467104 -1.272864
376 1.1389211416 -4.958584 -0.852888 -0.543391 -3.209069 2.039298 0.916554 -3.136496 4.724389 2.502971 -0.369110 -0.654953 1.053127 0.917115 -0.309843 -1.531732
377 1.0923848152 -4.999985 -0.702660 0.784861 -4.865879 4.736189 1.344738 -4.575862 3.535387 3.007651 -1.998655 0.490745 2.484289 0.677883 -1.267346 -0.811550
378 1.1287418604 -4.969389 -0.604062 0.081380 -4.185700 1.858055 1.863235 -2.888817 3.560892 0.503557 -2.327060 0.443083 3.287413 1.216468 -0.711553 0.162598
379 1.2580097914 -4.659874 -1.573229 -0.471160 -3.631414 2.767558 0.929799 -4.389702 4.039719 1.875259 1.194761 -0.390488 1.213559 2.333980 -0.054426 -0.894774
380 1.1990519762 -4.766475 -0.839089 0.124760 -4.336371 2.823807 2.474746 -3.382297 4.994560 0.786123 -0.933591 -0.896323 2.958397 1.256680 -1.263645 -0.684261
381 1.1092977524 -4.982444 -2.120848 -0.477716 -4.937770 2.683064 0.865492 -4.068642 4.317244 1.893581 0.806013 0.303077 2.638946 1.598036 -3.565132 -1.501793
382 1.0939984322 -4.811899 -0.407701 1.105477 -4.581287 3.112691 0.500929 -2.889382 4.167436 1.252736 -1.349591 0.577832 1.078797 1.291656 -1.566830 0.445531
383 1.1190545559 -4.997961 -1.432032 -0.034060 -4.486323 3.346660 1.651819 -3.858079 4.939299 2.407896 -0.942004 -0.284614 3.185697 0.702213 -1.577125 -2.020913
384 1.1558055878 -4.999663 -3.620201 1.887905 -4.897510 4.886653 1.601097 -2.640032 4.790143 1.659976 -1.400409 -0.553319 1.999671 1.775629 -0.462001 -0.760085
385 1.1984206438 -4.829302 -0.965934 -0.376685 -4.999777 4.738840 2.739118 -3.948963 4.099708 1.884586 0.519102 -0.679480 2.930925 1.630404 -3.160776 0.113396
386 1.3528807163 -4.326113 -1.453306 -0.540284 -3.994738 0.833475 1.229474 -2.891042 4.117684 2.372973 -1.111102 0.747565 0.157548 2.401782 -1.962285 -1.865727
387 1.2035744190 -4.807423 -0.163321 1.630737 -3.971000 4.275593 0.898431 -4.305846 2.279885 2.452895 -1.017752 1.212227 1.620531 2.035456 -3.245516 0.685050
388 1.1029908657 -4.998574 -0.716071 -0.278108 -4.398424 2.986518 1.027142 -2.746361 3.969588 2.083926 -3.223670 -0.067511 1.858798 0.884497 -1.556402 1.336287
389 1.5052231550 -3.768852 -1.726439 0.994710 -4.933893 4.979885 1.840983 -2.429816 4.998624 1.374293 -3.269100 0.066899 1.955379 1.953988 -1.881199 -1.544938
390 1.3970620632 -4.077860 -0.627164 0.593937 -3.924409 4.974614 1.392259 -4.968762 4.835516 2.923268 -1.626039 0.838340 2.567762 1.909293 -2.515104 -1.027111
391 1.3761147261 -4.049418 -0.602777 0.889581 -4.985578 3.278434 1.416513 -3.886712 4.695216 1.822596 -0.661864 0.062468 3.325334 1.591962 -1.235226 -1.737016
392 1.0464531183 -4.991894 -0.133205 0.092325 -4.991565 2.254171 0.632378 -2.796599 4.923604 0.138111 -1.940206 -0.588140 2.337486 0.485725 -2.230780 -1.298091
393 1.1285548210 -4.974958 -1.473896 -0.194642 -4.978876 2.680440 0.656955 -4.024238 4.977762 2.930790 -1.905841 -0.040080 3.769391 1.498224 -1.651814 -2.265188
394 1.1097116470 -4.937796 -0.983533 -0.234281 -4.941339 3.973646 1.295361 -4.989974 4.351378 2.088569 -1.660815 -0.919131 2.464947 1.133885 -1.352161 -1.174850
395 1.3057100773 -4.278037 -0.593228 1.677077 -4.907164 4.282293 1.543511 -2.470222 4.984618 1.373930 -0.824386 -0.861562 1.702865 1.572133 -1.237671 -1.085181
396 1.2288584709 -4.696571 -1.696016 1.149399 -4.010831 3.843409 2.691813 -3.732604 4.664700 3.347492 -1.794170 0.626290 2.014645 1.768359 -0.866569 -0.325881
397 1.0674474239 -4.990491 0.506215 0.249025 -4.983002 3.736488 1.189244 -4.927033 4.789732 0.138353 0.046939 0.452403 2.562715 1.033511 -2.385992 0.083345
398 1.1307730675 -4.998540 -0.135722 -0.116904 -4.578272 2.294864 -0.210097 -3.003958 4.366036 1.582524 -1.970183 1.050154 4.314041 0.527614 -2.607304 -1.722942
399 1.0471403599 -4.974754 -1.106840 1.217174 -4.999851 3.277469 1.760131 -4.999866 4.929361 2.567262 -1.522443 -0.390065 1.974696 2.029800 -2.127752 -0.040748
400 1.2329385281 -4.702452 1.168517 0.264882 -3.497964 3.905776 1.139811 -4.924506 4.958815 1.032866 -1.171101 -0.844490 3.118635 -0.141167 -3.275479 0.237155
401 1.1433697939 -4.890001 -1.247638 0.516866 -3.999483 3.505931 1.393169 -4.051964 4.999797 -0.003844 -2.631427 -1.338701 2.502276 1.308695 -3.417298 0.827186
402 1.4593086243 -4.239323 -1.351099 -1.468185 -3.957936 3.403888 1.909451 -4.215726 4.578844 1.528111 -2.912645 0.474614 1.549774 0.290694 -2.993462 -1.893754
403 1.1158483028 -4.848668 -0.245025 0.539918 -4.998074 3.337234 1.479831 -4.688195 4.000509 2.947318 -0.812399 -1.798552 2.506167 1.162682 -2.951884 -0.034285
404 1.1201744080 -4.994378 -0.248409 0.160620 -4.717819 2.489438 2.085694 -2.250798 4.238074 1.516019 -1.176357 -0.499650 3.114451 1.958263 -3.347575 -0.852919
405 1.1275215149 -4.996524 -2.369046 0.699454 -4.033060 3.295781 0.219621 -3.101074 4.800088 2.854535 -4.159922 -0.026825 1.341077 0.554148 -2.379160 0.316067
406 1.1229679585 -4.999385 0.711818 -0.420401 -4.277495 1.504130 0.051859 -2.044279 4.426459 0.741009 -1.995807 -1.752773 3.568795 0.929654 -2.402744 -0.682621
407 1.2504056692 -4.515913 0.340860 -0.242665 -4.812827 3.215102 -0.084825 -3.643397 4.990396 1.491328 -1.217329 -0.509339 1.899112 -1.287035 -1.553388 0.810526
408 1.0410275459 -4.993457 -0.208071 0.252707 -4.677709 2.894500 0.921512 -3.685461 4.437891 0.592898 -2.612038 -0.606018 2.017918 1.448376 -1.796133 -0.580406
409 1.0679554939 -4.993167 -0.653931 1.151766 -4.309863 3.330156 2.389710 -4.716548 4.942396 2.160462 -1.242043 0.131048 1.941268 -0.026809 -2.737356 -0.458954
410 1.1155971289 -4.844840 -0.416921 1.682644 -4.537180 4.069061 1.822771 -4.477528 4.996717 1.816549 -1.950498 -1.623652 1.221149 0.240261 -1.204943 -1.953898
411 1.0895674229 -4.994199 -0.572323 0.540684 -4.883150 2.021067 1.158975 -4.107671 4.999196 1.351428 -1.357288 0.347255 3.942703 1.423067 -0.841390 0.503093
412 1.0893093348 -4.978794 1.010322 1.977856 -4.972654 3.191159 0.435614 -4.728385 4.853375 2.185910 -0.984130 1.039060 2.936686 1.169933 -2.334501 1.584692
413 1.0659661293 -4.977286 -1.890544 1.981647 -4.754408 3.052939 1.637469 -4.483735 4.828837 1.812265 -1.630646 0.097485 2.716616 1.576828 -2.147015 -0.160079
414 1.0635231733 -4.923959 0.102585 1.000781 -4.895344 2.999961 1.322990 -4.875378 4.993826 2.264909 -1.089763 -2.010128 1.846432 0.091314 -1.659448 -0.407642
415 1.0871677399 -4.877328 0.296887 1.223313 -4.880568 3.347666 0.727761 -3.155160 4.368032 -0.465179 -1.317787 -2.949210 -0.049438 2.512841 -1.223444 -1.900158
416 1.1269148588 -4.978412 0.931456 -0.240142 -4.797625 2.993373 -0.145147 -3.431868 4.069075 1.675206 -0.856714 -0.316050 3.821622 2.005306 -2.457592 0.253705
417 1.3077831268 -4.443213 -0.433113 1.233277 -3.495587 2.676389 2.537367 -4.043096 2.914493 1.661590 -3.095939 0.565863 2.150544 1.392665 -2.344248 -0.286174
418 1.1334916353 -4.933246 0.115249 0.531210 -4.494382 2.150697 0.917737 -4.387606 4.978942 3.700252 -2.477492 -0.768149 2.554533 1.622980 -0.888800 -0.282657
419 1.0281549692 -4.994273 -0.588633 0.820929 -4.536637 2.848832 0.825928 -3.042257 3.712206 0.666723 -1.664329 0.322608 0.927726 1.106662 -2.365325 -0.493732
420 1.1775774956 -4.973198 -1.136260 -0.714771 -3.805003 3.741726 0.031113 -3.609382 4.989199 2.010680 -1.465606 -0.719181 3.479801 2.018027 -2.971091 -0.320487
421 1.1909500360 -4.735527 -1.536059 2.269557 -4.387447 2.518487 1.489584 -3.577337 4.163825 0.836452 -2.362632 1.234805 2.619949 -0.322637 -1.847360 -1.443342
422 1.0977408886 -4.857669 -0.937128 0.469519 -4.359908 3.631002 1.446292 -4.812929 4.914863 2.107613 -0.745830 -1.356395 0.275927 1.721585 -2.160063 -0.222208
423 1.1104352474 -4.789680 0.533408 1.523244 -4.479461 3.129464 1.818700 -3.901941 4.385228 1.231529 -1.827277 -0.520525 0.955822 0.125528 -3.069157 0.147652
424 1.2800085545 -4.290131 -0.046893 0.766432 -4.925692 3.016334 1.335261 -4.629477 4.648774 1.185066 0.207360 0.071843 2.434120 0.539039 -2.627443 0.752206
425 1.2273802757 -4.583170 -2.684277 0.499124 -4.596920 2.708485 1.714425 -4.739371 4.128760 2.004213 -1.578305 -1.233139 1.558693 2.483012 -1.724570 -0.380730
426 1.1874511242 -4.868135 -1.072499 2.731450 -4.295916 3.554605 3.866974 -3.658412 4.562873 0.501687 -2.556270 -0.718987 1.166491 1.294106 -1.348713 -0.795181
427 1.1693787575 -4.767290 -1.299009 -0.203130 -4.719007 2.950599 0.632719 -4.517297 4.470367 2.904255 -1.982774 -0.768023 2.347060 0.605779 -1.562479 0.377948
428 1.0520125628 -4.986303 -0.899202 0.582109 -4.881602 0.712565 1.528385 -2.769621 4.350497 1.012936 -1.514361 -1.508546 1.889404 0.115434 -1.310095 -0.992863
429 1.0226410627 -4.999325 -0.141189 1.668243 -4.760841 3.847943 1.000078 -3.707234 4.965146 0.359253 -0.987118 -0.143444 1.001499 1.571866 -1.226325 -1.158939
430 1.0628955364 -4.964642 0.345088 1.404070 -4.407450 2.205529 1.268675 -4.111438 4.551606 0.552211 -1.360746 -1.257862 2.438678 1.294527 -0.678712 0.095309
431 1.3469285965 -4.242960 -0.795818 2.694345 -4.418138 3.814206 0.951828 -2.900745 3.739109 2.239544 -1.265362 -0.056471 0.688220 0.347023 -2.010056 -0.801985
432 1.3202943802 -4.427140 -1.680313 1.220046 -3.211176 1.429231 1.888340 -4.305854 3.590871 1.025281 -2.057163 -1.317272 1.784368 1.556123 -1.573745 -0.418399
433 1.0563737154 -4.977594 -0.092534 1.826995 -4.799307 1.453213 2.762722 -3.101384 4.239045 0.911401 -0.973797 -1.049197 0.936682 0.118000 -1.840793 -0.401429
434 1.0635557175 -4.998698 -1.020962 1.675065 -4.037745 2.599357 1.717781 -1.940978 4.957287 0.142668 -0.790364 -0.487273 -0.157049 -0.148143 1.128739 -0.754592
435 1.0372374058 -4.999975 -0.221501 0.231026 -4.957783 2.995743 2.589933 -3.264498 4.915851 1.543552 -0.048290 -1.616175 0.343552 0.925055 -0.993037 0.508168
436 1.1033787727 -4.839472 0.664629 1.694913 -4.397743 2.113614 0.477150 -3.881868 4.199133 0.516019 -0.401235 -0.197256 1.719503 1.501292 -2.800341 -1.523533
437 1.2008849382 -4.568464 -0.707974 0.698823 -4.514570 1.728615 1.008884 -4.092169 4.982669 0.126921 -0.886352 -0.579391 1.710189 0.578244 -0.489703 -1.743657
438 1.0349102020 -4.991773 1.163247 1.203932 -4.218522 1.327687 0.875954 -3.704606 4.998411 0.848548 -1.786792 -0.453708 1.516929 1.146444 -0.830704 -0.148007
439 1.1503653526 -4.804804 0.141993 0.612901 -4.984651 2.478090 0.432525 -3.331940 3.771788 1.344286 0.946206 -2.405083 1.667956 1.598211 0.191970 -2.597453
440 1.0882000923 -4.890668 -0.369093 2.784396 -4.999611 3.467168 1.936321 -3.879909 4.202964 0.776934 -0.403911 0.337735 1.056933 1.873665 -1.456645 -0.800735
441 1.1086552143 -4.950045 -1.001775 0.317972 -3.432645 2.646281 1.302394 -3.618416 4.098146 1.704365 -0.757254 -1.997215 1.351335 0.906501 -1.561942 -1.055353
442 1.0391793251 -5.000000 -0.903723 2.580291 -4.323738 2.939776 1.081745 -4.295413 4.878192 0.356064 -1.037631 -0.556328 1.071220 0.863449 -1.514839 -0.329680
443 1.2793987989 -4.267549 0.769505 0.938188 -4.895930 3.146055 1.402646 -3.805545 4.988704 0.267574 -0.381178 -1.225576 1.576960 1.734090 -1.158017 -1.771883
444 1.0970807076 -4.835730 -0.907102 1.908035 -4.793174 3.060011 0.303156 -4.078482 4.995217 -0.540312 -1.377738 -0.095578 2.611494 1.133745 -2.129859 -0.728595
445 1.1185293198 -4.847447 -0.533693 1.188478 -4.492266 2.285191 2.560275 -2.782360 4.656505 1.023012 -1.123330 -1.558860 1.249732 0.100853 -0.422882 -0.492048
446 1.0835903883 -4.874670 0.690904 1.348995 -4.130548 1.769243 1.657259 -2.670089 4.794826 0.183986 -0.705036 0.019582 0.920451 1.074076 -1.166248 -0.128194
447 1.0110034943 -4.982112 -0.303779 0.675797 -4.972071 3.033020 1.458718 -4.012481 4.407961 1.874518 -1.624645 -1.564741 0.710467 0.940898 -1.567966 0.114251
448 1.0728720427 -4.973341 -0.136939 0.277014 -3.573851 2.333749 1.182515 -3.872943 4.337252 0.743326 -1.003514 -0.934134 0.971499 1.145332 -0.186626 -0.337693
449 1.0081281662 -4.987928 0.171071 0.599004 -4.656162 2.686594 0.007963 -3.567642 3.822050 1.094048 -1.690019 -0.357052 0.018781 0.808613 -0.733791 0.562596
450 1.0238693953 -4.974828 -0.069589 1.450968 -4.500536 1.998266 0.744365 -2.822923 4.820432 0.233942 -1.280941 -1.764052 0.928715 0.609561 -1.683510 -0.287167
451 1.0295743942 -4.983972 1.388239 0.994280 -4.505178 1.329976 0.313856 -3.404783 4.878629 0.647438 -1.543360 -1.558851 1.038583 2.052078 -1.253563 -0.483795
452 1.0088012218 -4.994134 -0.650915 1.647409 -4.945082 2.982598 1.603696 -4.053292 4.966072 0.895537 -0.823360 -0.784796 0.922927 1.140583 -1.071144 -0.554780
453 1.1967051029 -4.680176 -0.258596 -0.136143 -4.379244 2.066487 0.952212 -4.504665 4.613195 0.378759 -0.142596 -1.339564 2.057342 0.900560 -0.155257 -1.275467
454 1.2910350561 -4.337190 -0.499464 0.967755 -4.787535 2.553670 1.889089 -4.417899 4.267096 0.428835 -1.927106 -0.603448 2.354655 1.407289 -0.272322 0.085650
455 1.0643861294 -4.976917 0.340264 0.540512 -4.748068 1.789181 2.123098 -3.198049 4.901177 -0.665678 -1.038710 -0.846803 1.436713 0.562773 -0.380650 1.556245
456 1.2257419825 -4.604296 -0.206119 1.951055 -4.314757 2.210705 2.152151 -3.310749 4.972753 -0.362764 -0.407550 -2.233776 0.690005 0.715655 0.368370 0.151997
457 0.9851282239 -4.994619 -0.069697 0.987635 -4.993840 2.655377 0.783963 -3.671366 4.640567 1.028233 -1.397373 -0.889250 0.539749 0.959849 -1.080298 0.074325
