evaluations raw_y x0 x1 x2 x3 x4 x5 x6 x7 x8 x9 x10 x11 x12 x13 x14
1 2.1484892334 4.607967 -4.219588 -1.552117 3.791874 1.692386 1.687247 0.092620 3.958894 3.463820 1.463170 -3.433393 2.091607 3.746164 -1.331907 -4.245958
2 0.3667726451 5.000000 3.099352 2.801236 -5.000000 -0.946991 2.728365 -5.000000 -0.209490 5.000000 2.242413 5.000000 -3.545268 5.000000 5.000000 -5.000000
3 -0.5317944713 5.000000 0.993456 5.000000 -1.364390 5.000000 5.000000 -5.000000 1.821142 5.000000 -5.000000 5.000000 -1.827767 -5.000000 5.000000 -5.000000
4 -0.8390721694 5.000000 2.616156 5.000000 -1.260827 5.000000 5.000000 -3.085907 -5.000000 5.000000 -5.000000 5.000000 -5.000000 5.000000 -4.596788 -5.000000
5 -0.5737527184 5.000000 5.000000 5.000000 4.087233 5.000000 5.000000 5.000000 -5.000000 5.000000 1.095633 -5.000000 5.000000 -5.000000 -5.000000 -5.000000
6 -0.3688867135 -5.000000 5.000000 5.000000 -5.000000 5.000000 -5.000000 2.805169 -1.599492 -5.000000 -5.000000 5.000000 1.390701 5.000000 -5.000000 -5.000000
7 -0.2393545908 5.000000 5.000000 -5.000000 -5.000000 5.000000 -5.000000 1.620496 -5.000000 -5.000000 5.000000 1.613290 3.765487 -2.776066 -5.000000 -5.000000
8 -0.8108313141 5.000000 5.000000 4.478445 5.000000 -5.000000 5.000000 -4.656633 -2.444239 5.000000 -5.000000 4.679963 5.000000 5.000000 5.000000 -3.092520
9 -0.8101076723 5.000000 5.000000 5.000000 1.874493 -3.121664 5.000000 -3.571255 -4.295918 5.000000 -5.000000 5.000000 -5.000000 -1.578978 5.000000 -5.000000
10 -0.1191702008 -2.752342 0.703098 -5.000000 -5.000000 3.029328 5.000000 5.000000 5.000000 -5.000000 5.000000 5.000000 -5.000000 -5.000000 -5.000000 -5.000000
11 -0.8173140395 5.000000 -5.000000 5.000000 -5.000000 5.000000 -3.004805 5.000000 -5.000000 -2.418971 5.000000 5.000000 -2.479341 5.000000 -5.000000 -5.000000
12 0.1030126957 -2.625675 1.742789 5.000000 -5.000000 4.852297 1.977896 -3.166573 5.000000 -3.291251 -5.000000 5.000000 -5.000000 -5.000000 0.438560 5.000000
13 -0.3731369156 5.000000 5.000000 -5.000000 5.000000 0.132336 5.000000 -5.000000 -5.000000 -5.000000 -5.000000 -4.963021 5.000000 5.000000 -1.431015 2.242076
14 -0.2906566998 5.000000 -1.507734 5.000000 -5.000000 5.000000 5.000000 -5.000000 -5.000000 1.190093 -5.000000 3.457016 5.000000 1.148082 5.000000 -5.000000
15 -0.0659943345 2.998790 5.000000 -5.000000 -5.000000 -5.000000 5.000000 5.000000 3.182119 -5.000000 -1.868013 1.308031 -5.000000 5.000000 -1.852281 -0.874948
16 0.2967017193 1.019661 5.000000 4.280096 5.000000 1.685222 5.000000 -5.000000 -5.000000 5.000000 3.016278 5.000000 -5.000000 5.000000 -1.336855 -5.000000
17 -0.4678712178 -1.239718 -5.000000 5.000000 2.375844 5.000000 5.000000 -5.000000 4.854620 5.000000 -5.000000 2.025529 -2.691405 5.000000 -5.000000 -5.000000
18 -1.1867770941 5.000000 -0.371934 5.000000 -0.133546 5.000000 5.000000 5.000000 -5.000000 5.000000 -5.000000 5.000000 -5.000000 -0.532843 -5.000000 5.000000
19 -0.0171484586 -3.680937 5.000000 2.240252 5.000000 5.000000 -5.000000 5.000000 -5.000000 -2.596074 -4.893135 5.000000 -5.000000 -5.000000 -4.277034 5.000000
20 -0.9405886258 5.000000 5.000000 5.000000 -5.000000 4.698597 5.000000 5.000000 5.000000 5.000000 -5.000000 5.000000 -5.000000 1.004228 -4.326864 -3.576325
21 -0.4852244635 5.000000 1.310348 5.000000 -5.000000 5.000000 5.000000 5.000000 3.734054 5.000000 0.133773 -5.000000 1.185702 -2.064154 -5.000000 0.953409
22 -0.2417962795 5.000000 0.091693 5.000000 5.000000 -2.908692 4.817885 -5.000000 -5.000000 5.000000 5.000000 5.000000 2.199196 -5.000000 -5.000000 5.000000
23 -0.7205072545 5.000000 -2.165846 -0.789061 -5.000000 5.000000 5.000000 5.000000 -5.000000 5.000000 -5.000000 -1.573681 5.000000 -5.000000 -5.000000 3.544551
24 0.2356748032 1.996409 0.154192 -2.205998 -2.905880 -5.000000 5.000000 0.868454 -5.000000 5.000000 -5.000000 5.000000 -5.000000 -5.000000 4.703752 5.000000
25 -0.6884117441 -5.000000 5.000000 -1.089750 -4.026684 5.000000 5.000000 -2.944499 -5.000000 4.104801 -5.000000 -5.000000 3.944591 -5.000000 -5.000000 5.000000
26 -0.4094896083 5.000000 4.602133 5.000000 5.000000 -5.000000 5.000000 5.000000 -5.000000 5.000000 -2.559428 5.000000 -5.000000 -5.000000 -5.000000 1.692974
27 -0.9696470257 5.000000 5.000000 -5.000000 5.000000 5.000000 5.000000 -2.469874 -5.000000 5.000000 -5.000000 5.000000 -5.000000 -5.000000 5.000000 5.000000
28 0.6331621863 3.191444 -0.255961 5.000000 0.264007 -5.000000 4.927382 1.612142 -5.000000 5.000000 2.105597 5.000000 -5.000000 -5.000000 -5.000000 5.000000
29 0.8154650630 3.823493 -5.000000 -3.941581 5.000000 1.379473 3.001022 0.138182 -1.525541 1.792494 -5.000000 5.000000 2.206217 5.000000 -5.000000 -5.000000
30 -0.7952666705 5.000000 -5.000000 -5.000000 -1.838909 5.000000 5.000000 -0.608328 -5.000000 3.582215 -5.000000 5.000000 -5.000000 5.000000 5.000000 5.000000
31 -0.3013263955 -5.000000 -2.917873 5.000000 -0.911447 5.000000 -0.793655 5.000000 -2.199220 5.000000 -5.000000 -3.124613 -5.000000 5.000000 -5.000000 2.967131
32 -0.1160698059 3.046619 1.454374 4.094576 -5.000000 -5.000000 5.000000 -5.000000 -0.249370 2.910394 -3.321240 2.206840 -5.000000 5.000000 5.000000 5.000000
33 -0.4568933893 5.000000 -1.778142 -5.000000 -5.000000 4.256281 5.000000 -4.371263 -5.000000 5.000000 -4.293824 -2.302380 -0.950362 -5.000000 -3.500564 5.000000
34 -0.2485802581 5.000000 -5.000000 -5.000000 5.000000 -5.000000 5.000000 5.000000 -5.000000 2.897737 -5.000000 -4.895332 0.877803 -5.000000 5.000000 5.000000
35 0.7959706139 5.000000 4.643859 5.000000 -2.121089 1.215006 3.384173 -5.000000 -1.708824 1.833758 -5.000000 2.369510 -5.000000 5.000000 -5.000000 5.000000
36 -0.3542983616 3.448063 -0.966695 -2.579393 -5.000000 5.000000 5.000000 5.000000 -2.712650 5.000000 -5.000000 -4.934798 -5.000000 1.441944 -3.157572 3.525037
37 -0.1158855813 5.000000 5.000000 -2.626204 5.000000 2.207881 5.000000 -5.000000 -0.160140 5.000000 -3.431149 -4.049257 -5.000000 5.000000 -1.694915 -4.126380
38 -1.3743846630 5.000000 -0.515739 1.181890 4.895058 3.930162 5.000000 -5.000000 -5.000000 5.000000 -5.000000 5.000000 5.000000 5.000000 -5.000000 5.000000
39 -0.6633005346 -0.289389 -5.000000 5.000000 5.000000 5.000000 4.505246 4.889116 4.121797 5.000000 -3.685779 5.000000 2.584399 5.000000 3.555802 -2.762739
40 -0.8319295401 -5.000000 5.000000 5.000000 2.289031 -1.387186 5.000000 -0.720193 -5.000000 -0.561022 5.000000 -4.478062 5.000000 5.000000 -3.244989 3.720887
41 -0.0999913530 0.393618 5.000000 -3.905644 5.000000 5.000000 -0.050542 -3.725412 -4.303932 5.000000 -5.000000 5.000000 5.000000 5.000000 3.643052 5.000000
42 0.1631636049 5.000000 -5.000000 4.593820 5.000000 5.000000 5.000000 -5.000000 2.085968 -5.000000 -5.000000 1.396901 5.000000 -2.665763 -0.176929 -5.000000
43 -0.8853870071 5.000000 -5.000000 -2.896411 -1.524985 -5.000000 5.000000 -5.000000 5.000000 -5.000000 -5.000000 -5.000000 3.789295 5.000000 5.000000 -5.000000
44 -0.6381596106 5.000000 5.000000 -3.927624 5.000000 2.533655 5.000000 -5.000000 -5.000000 5.000000 -5.000000 0.804028 5.000000 5.000000 -5.000000 4.467517
45 0.4554854781 2.333357 -2.361997 -0.226162 3.395322 5.000000 -1.033339 4.437795 -5.000000 0.736491 -5.000000 5.000000 5.000000 4.894504 -5.000000 2.826232
46 -0.5005438782 -0.047557 3.929455 -0.263206 5.000000 4.738502 -5.000000 1.714781 -5.000000 5.000000 -5.000000 -5.000000 -3.434318 1.379237 -0.088749 5.000000
47 -0.3465129226 5.000000 0.133852 -5.000000 -5.000000 -0.716352 5.000000 -5.000000 -5.000000 -5.000000 5.000000 5.000000 5.000000 5.000000 5.000000 5.000000
48 -0.4312719003 3.564022 3.941101 -2.210546 2.166796 2.322281 5.000000 -5.000000 -0.981791 -0.227557 5.000000 5.000000 5.000000 5.000000 -2.674969 5.000000
49 -0.4947657495 5.000000 5.000000 5.000000 5.000000 5.000000 -0.967721 -1.873742 -5.000000 5.000000 -3.154704 5.000000 2.995302 2.689305 -5.000000 5.000000
50 -0.1254049533 5.000000 -5.000000 5.000000 2.349083 2.117314 5.000000 4.574367 -5.000000 0.700724 -1.521032 -4.109957 -4.648241 5.000000 -5.000000 5.000000
51 -0.0571479961 5.000000 5.000000 3.400711 5.000000 0.392483 5.000000 -5.000000 -5.000000 5.000000 -5.000000 3.121150 5.000000 2.506421 -3.702860 5.000000
52 -0.3502156100 5.000000 5.000000 -5.000000 1.258090 2.986055 5.000000 -5.000000 -5.000000 5.000000 5.000000 5.000000 5.000000 5.000000 -3.736935 1.924747
53 -0.0653992593 -5.000000 -5.000000 5.000000 5.000000 -2.403456 5.000000 -5.000000 -4.535461 -5.000000 3.419609 3.007691 4.309442 0.788801 -5.000000 1.377152
54 -0.6310235034 5.000000 1.172914 -5.000000 -1.630754 -1.209620 2.815501 -5.000000 -4.668666 5.000000 -5.000000 -4.307632 5.000000 5.000000 -5.000000 2.208290
55 -1.3331141548 5.000000 -0.661053 5.000000 0.760597 5.000000 -1.004940 -4.321965 -3.247214 -5.000000 -5.000000 5.000000 -4.359914 5.000000 -5.000000 5.000000
56 -0.1224184271 5.000000 -5.000000 -1.891364 -0.196444 3.412585 -0.323618 5.000000 -5.000000 2.204847 -3.254601 5.000000 1.431137 0.835509 -4.880711 5.000000
57 -0.2332630817 5.000000 -1.832295 -5.000000 5.000000 0.771462 5.000000 -5.000000 -0.666647 5.000000 -1.905785 0.008150 5.000000 -2.500733 -5.000000 5.000000
58 -0.3377734304 5.000000 4.344488 -4.990445 5.000000 -1.826867 -0.583329 -1.066352 -3.967304 5.000000 -5.000000 2.515082 5.000000 -5.000000 -5.000000 5.000000
59 -0.5624398738 5.000000 2.157061 5.000000 5.000000 5.000000 5.000000 -5.000000 -5.000000 1.909485 -5.000000 5.000000 5.000000 5.000000 -1.571357 5.000000
60 0.0277108477 5.000000 5.000000 -5.000000 3.619735 5.000000 -0.402586 -0.510130 5.000000 5.000000 0.158530 2.604462 5.000000 2.912824 -5.000000 -4.221585
61 0.4137424285 4.469533 -1.867172 4.171217 2.223159 -3.842871 5.000000 -1.343601 -4.336826 -0.092552 -5.000000 5.000000 1.494719 5.000000 -5.000000 -0.540199
62 0.5541495357 3.406093 -5.000000 0.976365 2.364158 3.225053 -1.574278 -5.000000 0.015672 5.000000 -5.000000 -0.469570 2.763581 -0.718626 -3.505258 5.000000
63 0.6814274373 5.000000 3.659238 2.901722 5.000000 2.986704 2.141602 -3.361217 -5.000000 2.138109 -1.192157 4.600092 5.000000 2.789912 5.000000 5.000000
64 0.3800984541 -5.000000 3.699744 2.440214 5.000000 3.763230 5.000000 -5.000000 2.819117 5.000000 -1.368026 5.000000 2.158617 1.339352 -5.000000 -1.616025
65 -0.4141156960 5.000000 -5.000000 5.000000 5.000000 5.000000 -3.291602 -5.000000 -3.410715 5.000000 0.348933 5.000000 -5.000000 4.793468 -5.000000 2.108785
66 0.6247422796 5.000000 -5.000000 0.208856 2.579734 5.000000 1.675732 -5.000000 1.375723 -3.466212 -5.000000 -5.000000 0.787750 5.000000 -5.000000 1.146894
67 -0.3467827023 5.000000 5.000000 1.221711 2.476749 5.000000 5.000000 -5.000000 -5.000000 5.000000 1.587867 2.252123 2.414973 5.000000 -5.000000 5.000000
68 0.4066784054 5.000000 -5.000000 -4.770632 3.993328 -1.541308 1.194295 -5.000000 -5.000000 1.263540 1.089188 5.000000 5.000000 5.000000 -2.761032 5.000000
69 0.1437935087 5.000000 -0.433730 0.310315 -0.847492 -3.363600 -1.314581 -5.000000 -5.000000 5.000000 -0.543352 5.000000 5.000000 4.313775 -5.000000 0.974867
70 -0.0049699369 -2.652429 5.000000 0.813946 -3.270313 5.000000 -2.306690 -5.000000 -0.734485 5.000000 0.195123 5.000000 -0.600428 5.000000 -4.677950 -1.898348
71 0.0572512537 3.346881 3.574770 -5.000000 5.000000 -3.118436 -1.296190 -5.000000 -5.000000 4.446055 -5.000000 3.047777 1.884990 3.734847 -5.000000 0.636602
72 0.4579186793 1.926478 5.000000 -2.048299 5.000000 2.470318 3.347900 -5.000000 1.004643 4.564419 1.493214 5.000000 5.000000 5.000000 -3.111315 3.668902
73 -0.9620669182 5.000000 -5.000000 2.719976 5.000000 5.000000 5.000000 -5.000000 -5.000000 4.304530 -5.000000 5.000000 0.732090 5.000000 -4.591297 5.000000
74 -0.0742814845 0.075736 2.161244 -0.227985 -1.381506 -5.000000 5.000000 -5.000000 -5.000000 5.000000 -4.388493 1.281145 5.000000 5.000000 -5.000000 -2.295129
75 0.0005471511 5.000000 5.000000 3.771861 -1.420807 4.488749 5.000000 1.040364 -5.000000 5.000000 -5.000000 5.000000 5.000000 1.283729 -5.000000 5.000000
76 -1.3771597043 5.000000 -3.378679 -5.000000 -1.405540 5.000000 -0.006541 -5.000000 4.156096 5.000000 -1.586765 5.000000 5.000000 5.000000 5.000000 -4.405026
77 -0.6237060246 5.000000 0.431571 5.000000 -1.233131 5.000000 -5.000000 -5.000000 -4.542077 5.000000 -0.448342 5.000000 5.000000 3.823332 5.000000 -4.415139
78 -0.3692191817 5.000000 -5.000000 -5.000000 -1.379190 5.000000 -5.000000 -5.000000 2.142233 5.000000 1.777480 5.000000 5.000000 -1.981314 3.764933 -1.896732
79 0.8240534102 0.038985 -2.350986 -3.699740 -5.000000 -0.367361 -2.403883 5.000000 3.874477 4.222303 4.951242 0.521397 -0.715224 5.000000 3.778219 1.437206
80 1.0282282427 3.240470 -5.000000 -3.354446 1.722905 -2.988259 5.000000 -5.000000 0.976541 0.208076 4.523129 4.261369 5.000000 5.000000 1.959687 -1.485834
81 0.2635114887 1.682881 -2.990790 -1.540423 -5.000000 5.000000 2.311350 1.116896 5.000000 -0.988678 -0.166525 5.000000 5.000000 5.000000 5.000000 1.624201
82 0.2640046364 0.100968 4.870790 -5.000000 -2.744972 5.000000 -2.478475 -5.000000 5.000000 5.000000 0.836649 5.000000 4.619946 5.000000 -0.701494 -2.523694
83 -0.0946073832 5.000000 -5.000000 0.685342 -0.337944 5.000000 0.199287 -3.625144 5.000000 5.000000 -5.000000 5.000000 2.411079 1.835856 5.000000 -5.000000
84 0.6522011390 -1.854777 -4.351941 -1.509805 -3.818678 5.000000 -5.000000 -5.000000 5.000000 1.299570 -0.843848 0.372169 5.000000 0.907106 -2.376887 -5.000000
85 0.7228787364 5.000000 -3.725745 -3.986869 1.647488 5.000000 -3.833394 -1.388639 4.941871 2.056228 5.000000 5.000000 4.668680 2.903204 5.000000 -4.081128
86 1.3913195054 5.000000 0.740304 -1.336351 1.644210 0.077153 -1.864967 2.585805 5.000000 -1.131923 -1.816286 5.000000 5.000000 3.045929 5.000000 3.002352
87 -0.4291383101 1.138848 1.336197 -5.000000 -5.000000 5.000000 -3.682039 5.000000 5.000000 2.110166 -1.696861 2.553176 4.787595 5.000000 5.000000 -5.000000
88 -0.7253860448 5.000000 -4.556483 -5.000000 -1.935674 1.701434 5.000000 -5.000000 5.000000 5.000000 -3.009172 5.000000 5.000000 2.126923 5.000000 -5.000000
89 0.5202787270 0.416022 -1.702948 -5.000000 -5.000000 5.000000 -1.435082 3.899808 5.000000 3.887933 -5.000000 5.000000 5.000000 3.647131 2.644699 2.435936
90 -0.0974100906 5.000000 -2.136080 -5.000000 -5.000000 5.000000 -1.376347 -2.546293 5.000000 5.000000 -5.000000 5.000000 5.000000 5.000000 2.642997 -5.000000
91 0.8781885185 1.753193 -0.786529 -5.000000 -1.988068 5.000000 5.000000 -5.000000 -0.713790 5.000000 -3.451555 2.803761 5.000000 -1.097676 1.242538 -2.613686
92 0.7452675815 3.891698 0.983917 -5.000000 1.267937 -0.151105 -2.508790 -4.025491 2.646413 4.040376 3.150498 5.000000 3.537609 5.000000 5.000000 -5.000000
93 0.3713309203 5.000000 -1.934348 -5.000000 -1.100190 5.000000 2.263969 -5.000000 4.725148 5.000000 -5.000000 2.904781 4.734120 -1.850959 5.000000 -3.194236
94 -0.1627803529 5.000000 0.553935 -5.000000 -5.000000 5.000000 4.727723 1.302316 -0.558083 3.702965 2.340400 4.808714 2.833688 4.589473 4.983586 -5.000000
95 0.1705787392 -0.481152 -5.000000 0.499225 -0.149285 5.000000 3.599562 -5.000000 5.000000 5.000000 4.618000 1.113516 5.000000 4.894535 5.000000 -5.000000
96 0.1052739864 4.021501 -5.000000 -2.963689 -5.000000 3.906682 -1.242369 -3.963211 -1.027345 5.000000 2.704637 5.000000 4.944698 -2.320245 1.362691 -2.963618
97 -0.1761298919 5.000000 -5.000000 -0.464562 -1.903768 5.000000 2.903320 -5.000000 5.000000 3.170879 -2.040163 5.000000 3.417037 5.000000 5.000000 1.615656
98 0.6885768048 5.000000 -4.224354 -2.151860 -1.026152 2.532423 -1.090463 -5.000000 3.463816 1.596822 -4.751711 3.560880 0.048065 2.355161 4.307940 -0.401501
99 1.2069907067 1.132954 2.733166 -4.011142 1.778890 5.000000 3.428914 -5.000000 3.436123 2.000783 -4.230461 5.000000 -0.085501 4.477096 4.316739 -5.000000
100 -0.1062493228 5.000000 -4.773842 -5.000000 4.101818 3.279956 1.390467 -5.000000 1.888179 3.833685 -5.000000 4.407424 2.814252 5.000000 3.791073 -5.000000
101 0.0243671719 3.488278 -5.000000 -5.000000 4.372645 4.717490 -1.371103 -4.290006 4.299059 5.000000 1.420119 5.000000 3.466803 4.541869 5.000000 -5.000000
102 -0.1615755543 5.000000 1.540176 0.127249 -0.028226 4.064315 -1.825823 -5.000000 4.900501 4.375717 -5.000000 5.000000 3.311296 5.000000 3.734265 -4.810578
103 -0.5812553845 5.000000 -4.729945 -2.810051 -1.545438 5.000000 -2.999321 -5.000000 5.000000 5.000000 1.010740 5.000000 3.543108 5.000000 5.000000 -1.485706
104 1.3581520972 0.378615 -2.665491 -3.178916 -3.416788 1.290463 0.302646 -1.931887 1.596285 4.528732 -1.434822 5.000000 5.000000 5.000000 5.000000 -4.747211
105 -0.5413726373 4.420992 -1.636877 -2.299091 -0.184138 5.000000 -5.000000 4.805974 3.322904 5.000000 0.956906 3.933963 4.077668 5.000000 5.000000 -4.172911
106 0.6033501997 0.243602 2.293559 -5.000000 -1.285601 2.456914 4.904655 -5.000000 -1.453656 4.538172 -5.000000 1.670157 3.792758 5.000000 4.527048 -5.000000
107 0.0655303281 5.000000 -2.533517 -5.000000 -1.690777 5.000000 -1.382690 -4.061816 5.000000 5.000000 -1.656983 5.000000 5.000000 0.537025 3.573167 -4.919052
108 -0.1829826622 2.541587 -2.722025 -5.000000 -5.000000 5.000000 -0.696183 -5.000000 5.000000 5.000000 1.893892 3.088481 5.000000 5.000000 5.000000 -1.908860
109 0.1100207070 -4.845922 0.652866 -5.000000 -2.977535 -2.222016 -2.842027 -0.665408 1.836055 5.000000 -4.023301 4.662325 5.000000 5.000000 4.471141 -4.518071
110 0.9842144032 1.585946 -0.918923 -2.275193 0.887966 5.000000 3.499854 -3.330025 5.000000 5.000000 -1.160654 3.359469 5.000000 5.000000 4.491150 -1.274660
111 -0.1056198839 5.000000 -5.000000 -5.000000 -1.338253 0.767655 1.146269 -5.000000 5.000000 0.913662 2.329410 5.000000 5.000000 -0.585901 0.168962 -1.829879
112 -0.2663485579 5.000000 -2.156239 -3.531291 -0.444246 5.000000 4.142814 -3.697382 1.024695 5.000000 -5.000000 5.000000 1.510660 3.933910 2.674106 0.360332
113 0.8144547139 3.538011 2.528194 -5.000000 2.102310 5.000000 -2.480078 -5.000000 1.986800 3.593725 -1.260988 5.000000 2.624401 3.051865 5.000000 -2.805990
114 0.1534527693 5.000000 -0.001449 -3.295458 4.802323 1.176040 2.736348 -2.903906 5.000000 4.893039 -0.766655 5.000000 5.000000 5.000000 4.412265 -5.000000
115 -0.4066463506 5.000000 -4.762284 -5.000000 1.731153 5.000000 2.454240 -5.000000 -0.288599 5.000000 -4.582787 2.482624 3.851125 5.000000 5.000000 -1.896190
116 -0.8361938056 3.545504 -5.000000 -5.000000 -2.742495 5.000000 -0.179233 -5.000000 5.000000 3.548505 2.188099 -1.718219 5.000000 5.000000 4.260201 -4.751599
117 -0.7827268877 5.000000 -3.346394 -5.000000 -1.740176 5.000000 -2.939689 -4.266550 5.000000 4.196883 -2.798577 2.012819 4.117006 3.342496 5.000000 -5.000000
118 -0.1044124269 5.000000 -0.930674 -5.000000 -3.604133 -1.949373 -3.244241 -3.802866 5.000000 0.874923 -3.883969 2.280752 4.563603 5.000000 -0.372431 -5.000000
119 0.5459116294 1.466521 -5.000000 -0.837078 -3.939564 5.000000 2.008877 -5.000000 4.396693 5.000000 -0.143024 5.000000 4.474227 5.000000 5.000000 -2.277958
120 1.6767912267 5.000000 -1.926058 -5.000000 -2.843817 3.541489 0.493574 0.430126 3.218160 -1.596294 -3.949851 4.719156 5.000000 1.187744 1.808724 0.578563
121 0.9062567742 5.000000 -4.054317 -1.146902 -1.619409 4.766013 -5.000000 -5.000000 1.878149 2.892166 -5.000000 5.000000 3.352349 5.000000 -0.018999 -5.000000
122 0.7443166054 2.429394 -1.773737 -5.000000 -1.214554 4.973780 -1.022677 -5.000000 4.624086 4.397628 -2.771047 -0.075887 4.686265 5.000000 5.000000 0.861864
123 0.7105956761 5.000000 -1.048670 -4.974292 -0.136109 5.000000 0.870040 -2.570898 4.225760 1.517762 0.035778 4.469990 3.531612 5.000000 4.323681 -0.346812
124 1.1448704340 2.807469 -1.248607 -0.991508 -1.793722 2.535052 1.878618 -1.637090 5.000000 3.943872 -0.667904 5.000000 5.000000 -1.447034 5.000000 1.774730
125 0.6076768253 1.801960 -2.179988 -5.000000 -5.000000 5.000000 1.626211 -3.303438 3.944804 5.000000 -2.928308 5.000000 5.000000 3.873527 3.407730 -2.175692
126 0.4544024839 0.498916 -2.917987 -2.449157 -1.918518 5.000000 -2.813548 -3.997612 1.050052 2.900837 -5.000000 2.258452 5.000000 2.850173 3.713469 -3.479227
127 -0.1250680945 5.000000 -4.036679 -5.000000 -1.594108 5.000000 -2.544585 -5.000000 5.000000 4.021857 -0.203946 3.422488 5.000000 4.754592 5.000000 -3.264357
128 -0.0805419512 5.000000 -1.739576 -4.131143 -1.747556 4.775860 -4.513891 -5.000000 5.000000 5.000000 -2.743611 2.873013 5.000000 5.000000 0.378085 -4.279223
129 0.6955963643 5.000000 -1.350445 -5.000000 -1.452324 4.682706 3.958768 -5.000000 4.895660 4.229811 -1.432162 5.000000 3.387265 3.230299 3.667142 -2.585974
130 0.5821578992 4.074459 -2.155533 -5.000000 2.469117 5.000000 1.872072 -3.295555 1.285732 2.637182 -0.439810 0.044866 5.000000 4.896817 4.311369 -5.000000
131 0.3816888565 5.000000 0.552757 -3.241482 -2.731685 5.000000 -2.789895 -5.000000 5.000000 2.826053 -3.967357 2.470316 5.000000 2.393291 4.614050 -2.994333
132 -0.2184881810 5.000000 -2.748107 -5.000000 2.214346 4.283068 -5.000000 -5.000000 5.000000 5.000000 3.466590 5.000000 2.872244 5.000000 5.000000 -2.253816
133 0.5910596204 4.612805 -5.000000 -3.694089 -0.847546 5.000000 2.374648 -2.879883 2.169186 1.925033 -1.804927 1.935005 5.000000 5.000000 2.393664 -2.836981
134 -0.8562762726 5.000000 -5.000000 -3.387782 0.699606 -0.467685 1.634436 -4.469818 -1.601835 5.000000 -3.179735 5.000000 4.428388 5.000000 5.000000 -1.111184
135 0.8342609752 5.000000 -2.534552 -4.741547 1.443415 5.000000 -1.357722 -1.105058 5.000000 4.561430 3.308925 5.000000 5.000000 5.000000 2.287762 -3.410720
136 -0.1676416763 5.000000 -5.000000 -5.000000 3.536461 5.000000 0.061461 -4.442884 1.506753 2.733047 2.701153 4.992434 5.000000 5.000000 5.000000 -5.000000
137 -0.9602607935 5.000000 -5.000000 -5.000000 -1.545423 3.801615 3.955243 -3.218122 2.185226 5.000000 2.327942 3.985177 3.229194 5.000000 1.810078 -5.000000
138 1.3474715551 2.649218 -1.726338 -4.439878 -2.492145 4.454623 0.161668 -5.000000 3.350198 5.000000 3.660635 5.000000 3.505126 5.000000 3.653150 -4.552125
139 -0.4080271732 4.860280 -5.000000 -5.000000 -0.669068 3.062021 -1.828747 -4.108544 1.041495 5.000000 -1.919009 5.000000 5.000000 3.966855 4.182745 -4.452569
140 1.1323194276 5.000000 -0.907700 -4.171610 -3.271844 5.000000 3.279048 -5.000000 1.338452 2.986059 -2.541274 2.893949 4.970231 5.000000 1.862362 -5.000000
141 0.6318102740 5.000000 -1.625556 -0.776640 0.316909 4.222020 -4.101456 -5.000000 2.381059 3.239767 -2.967937 5.000000 3.754195 3.445408 5.000000 -0.357318
142 -0.2914630365 3.762063 -3.734734 -4.744497 -3.416361 5.000000 -2.285548 -3.825839 5.000000 5.000000 -2.216382 0.984587 5.000000 3.096025 5.000000 -4.837993
143 0.4841795574 1.563361 -5.000000 -3.302424 -3.254012 5.000000 -0.520939 -4.230431 3.542482 5.000000 -2.983313 3.190346 3.003382 5.000000 2.804309 -5.000000
144 -0.3234264410 5.000000 -3.576466 -5.000000 -1.230629 3.802074 -0.409443 -4.107548 4.933627 5.000000 0.439380 4.742676 5.000000 5.000000 5.000000 -4.830677
145 -0.9756771058 5.000000 -5.000000 -1.893322 -1.854913 5.000000 -2.136823 -1.590102 4.323946 5.000000 -1.780493 5.000000 5.000000 5.000000 5.000000 1.578087
146 0.2699970023 5.000000 -5.000000 -4.795486 -1.201412 5.000000 -1.076213 -2.815700 5.000000 5.000000 0.560037 5.000000 5.000000 0.799964 5.000000 -5.000000
147 0.4420924564 4.759611 -2.433516 -2.297455 -0.911597 5.000000 -1.795927 -3.619524 1.869286 4.998599 -0.876962 4.349368 5.000000 0.285212 5.000000 -4.489746
148 0.6675525163 5.000000 0.082600 -5.000000 -1.335385 5.000000 1.702885 -1.992633 1.583225 5.000000 -0.635136 5.000000 5.000000 2.829167 5.000000 -5.000000
149 -0.9270171224 3.746432 -3.792148 -5.000000 -3.275234 5.000000 -2.109396 -5.000000 5.000000 4.422331 -0.160739 5.000000 5.000000 4.518241 4.862312 -5.000000
150 -1.0174061639 3.909528 -4.856082 -4.189936 -0.771089 5.000000 -3.725344 -5.000000 5.000000 5.000000 -3.070144 5.000000 5.000000 5.000000 4.066813 -4.554682
151 -0.1169760430 5.000000 -4.153591 -3.410289 -0.995025 5.000000 -2.051236 -2.880477 4.469574 5.000000 -5.000000 5.000000 4.192881 5.000000 5.000000 -5.000000
152 0.5337519597 4.369027 -2.674910 -5.000000 -4.241616 5.000000 0.106990 -3.892710 5.000000 3.375183 0.071346 5.000000 5.000000 3.895997 5.000000 -2.341398
153 0.2619034620 5.000000 -4.246394 -2.888246 -1.302187 2.668222 -2.177826 -2.482239 4.967924 4.701052 -1.543282 1.130935 5.000000 5.000000 4.260040 -4.883543
154 -0.2234699509 4.426913 -4.216656 -5.000000 -0.454793 2.572795 0.345560 -4.593263 3.528871 5.000000 -4.311999 5.000000 5.000000 4.063072 3.168876 -3.230219
155 0.0756462019 5.000000 -2.052800 -5.000000 -1.333259 5.000000 0.146920 -5.000000 2.861684 5.000000 0.834119 5.000000 3.601435 5.000000 3.991044 -5.000000
156 0.1504609018 5.000000 -1.777455 -4.882707 -2.574092 5.000000 -1.846508 -5.000000 2.110667 3.691496 -2.933820 2.390862 5.000000 3.913936 4.756086 -3.573517
157 0.2666211661 5.000000 -3.160251 -4.849383 -2.099052 4.895544 -2.131912 -4.150983 1.716629 3.355869 -2.330390 5.000000 5.000000 2.824478 5.000000 -5.000000
158 0.6477207888 3.526680 -3.766173 -3.146807 1.504192 3.199935 -0.687834 -2.940755 2.364741 5.000000 -3.009464 2.690818 4.269736 0.966677 3.161146 -5.000000
159 0.2487284871 5.000000 -1.614428 -5.000000 -0.662156 5.000000 0.061587 -3.701027 3.908570 5.000000 -5.000000 5.000000 3.431038 3.964598 3.135248 -4.474422
160 -0.8550713571 5.000000 -3.352795 -5.000000 -1.741464 4.902270 0.791470 -3.770104 4.748513 5.000000 -2.294591 4.116494 5.000000 5.000000 5.000000 -2.933212
161 0.2533642815 0.642862 -2.779030 -5.000000 -2.217168 5.000000 -1.517944 -4.958345 1.352213 5.000000 -1.865370 5.000000 5.000000 5.000000 5.000000 -2.049265
162 -0.5967853083 3.192595 -4.639570 -5.000000 -0.477171 5.000000 -1.578040 -4.795106 4.418247 5.000000 -2.647411 2.234078 4.839056 5.000000 4.197909 -2.794736
163 1.5453126330 5.000000 -2.630636 -3.055125 -1.245822 3.170906 -1.249062 -5.000000 4.684035 3.532640 -1.591989 3.879170 5.000000 3.145655 2.900440 -0.055654
164 0.6764214447 3.785906 -3.418783 -5.000000 -3.696865 5.000000 0.227618 -0.916674 3.219501 5.000000 -0.799135 4.293680 4.291325 5.000000 5.000000 -4.955931
165 0.0576496294 5.000000 -5.000000 -4.348674 -1.549617 5.000000 -1.096220 -5.000000 2.740825 5.000000 0.411274 4.403748 2.708629 3.643784 4.486518 -5.000000
166 0.5238034281 3.850992 -1.737327 -5.000000 -4.490416 4.965531 0.049824 -2.167205 5.000000 5.000000 0.080025 5.000000 4.768699 4.675366 4.859755 -2.288332
167 0.3661844271 5.000000 -2.297592 -4.623372 -0.252406 5.000000 0.358032 -5.000000 5.000000 2.993148 -0.334331 4.537806 5.000000 5.000000 5.000000 -5.000000
168 0.4811672437 5.000000 -4.560921 -4.841774 -2.534600 5.000000 2.293786 -5.000000 2.500431 5.000000 -0.422763 2.490474 4.638091 3.353239 3.336506 -3.613668
169 0.1927077378 5.000000 -5.000000 -4.423636 -0.035940 5.000000 0.322348 -5.000000 3.006466 3.159676 -3.473835 5.000000 4.401655 3.816973 5.000000 -2.676912
170 0.8953589293 5.000000 -4.455384 -5.000000 -2.287205 5.000000 -0.579500 -4.321124 3.269979 1.746568 -0.327451 5.000000 5.000000 4.338144 5.000000 -5.000000
171 -0.1255189758 5.000000 -5.000000 -4.882796 -0.616453 4.222538 0.060206 -5.000000 5.000000 5.000000 -1.477312 5.000000 5.000000 5.000000 5.000000 -5.000000
172 -0.1521542372 4.111978 -3.220122 -5.000000 -1.005624 3.918315 -1.375729 -5.000000 5.000000 2.966134 -0.688786 5.000000 3.767681 5.000000 3.215786 -4.435476
173 -0.2866253806 5.000000 -3.028270 -5.000000 -0.920041 5.000000 0.567993 -4.512590 4.405379 5.000000 -4.089149 3.659460 4.493321 4.833657 5.000000 -3.898151
174 -0.5549033501 3.716219 -1.756133 -5.000000 -0.648190 5.000000 1.406251 -4.196804 3.589789 5.000000 -0.986618 4.066695 5.000000 5.000000 4.513169 -3.063906
175 -0.0311861411 2.868308 -5.000000 -5.000000 -0.041391 5.000000 0.390531 -5.000000 4.878558 5.000000 -2.521765 4.304202 5.000000 5.000000 5.000000 -3.694537
176 -0.7719189967 5.000000 -0.956027 -3.082990 -2.250462 3.910863 -0.386951 -4.085634 5.000000 5.000000 -3.161620 5.000000 5.000000 4.945173 5.000000 -4.899733
177 -0.1917494543 2.576625 -4.352581 -3.469858 -0.411331 4.586238 -1.693588 -4.159353 3.444162 4.523532 -4.259867 5.000000 5.000000 5.000000 4.520617 -4.099570
178 0.5973793528 1.380833 -1.240180 -5.000000 0.495578 5.000000 -3.054899 -5.000000 3.578925 5.000000 0.491690 5.000000 5.000000 5.000000 2.775241 -4.016896
179 -0.3350740446 5.000000 -3.075730 -4.381125 0.766000 2.993383 1.972513 -3.942376 5.000000 5.000000 -0.640284 5.000000 4.460684 5.000000 3.491126 -3.168085
180 0.7848505423 1.712532 -1.871231 -4.801726 0.128203 5.000000 1.666788 -5.000000 5.000000 5.000000 -3.284817 5.000000 3.966570 4.571153 4.748110 -5.000000
181 -0.3105802613 4.135661 -2.706321 -4.318370 -2.568584 5.000000 -0.999265 -5.000000 2.653097 4.850802 -3.157757 4.216450 5.000000 5.000000 4.410164 -4.602653
182 0.2517783768 4.594812 -5.000000 -3.457813 -2.020224 5.000000 -0.826283 -5.000000 5.000000 5.000000 -2.310542 5.000000 4.330280 4.680478 2.547270 -4.064438
183 0.4449892404 5.000000 -4.322866 -4.440981 -0.075561 5.000000 -1.212719 -4.795794 4.075602 3.261751 -2.346818 3.872058 5.000000 4.696215 5.000000 -4.582113
184 -0.2734074012 5.000000 -2.516477 -5.000000 -1.612992 5.000000 -0.598889 -5.000000 3.961209 5.000000 -2.335256 5.000000 5.000000 5.000000 3.798489 -2.529467
185 -0.0792112954 5.000000 -2.940041 -5.000000 -2.416398 5.000000 -0.823194 -5.000000 3.312595 5.000000 -2.308716 5.000000 4.462734 5.000000 4.896854 -4.293390
186 -0.2349674270 5.000000 -2.391859 -5.000000 -2.554024 3.285209 -0.412358 -5.000000 4.305239 5.000000 -1.530138 5.000000 5.000000 5.000000 5.000000 -5.000000
187 0.3121453992 5.000000 -3.765231 -4.922539 -0.890003 4.023941 0.832252 -5.000000 4.422846 5.000000 -2.390384 4.821058 5.000000 5.000000 5.000000 -4.547146
188 -0.8415382754 5.000000 -3.418920 -5.000000 -2.757885 5.000000 2.200346 -4.817621 3.957794 4.901955 -2.649753 4.721120 5.000000 3.851504 5.000000 -3.827931
189 -0.0350154682 4.393581 -2.930984 -5.000000 0.094504 5.000000 -0.119451 -5.000000 4.891227 4.105361 -1.276323 4.127862 5.000000 4.911425 3.630786 -3.529408
190 0.4245226481 4.423529 -3.581354 -3.641266 1.143272 4.095384 0.275272 -5.000000 4.768727 4.762179 -1.406331 4.519602 5.000000 4.841182 3.141671 -5.000000
191 -0.2872793848 5.000000 -4.293968 -3.365181 -1.880108 5.000000 -2.147794 -3.877376 2.931750 3.453088 -1.237631 5.000000 5.000000 4.130542 5.000000 -5.000000
192 0.2614346239 5.000000 -4.584895 -3.691946 -2.351221 5.000000 0.589162 -5.000000 5.000000 3.148303 -2.032346 4.603384 4.727646 5.000000 4.485420 -4.177965
193 -0.1726174612 4.669136 -5.000000 -5.000000 0.232588 5.000000 -0.220354 -4.522506 3.589996 4.930056 -0.542005 4.427710 3.174406 2.848703 4.556502 -5.000000
194 0.1512135901 5.000000 -2.040024 -5.000000 -1.275404 4.172411 -1.130224 -1.827596 5.000000 5.000000 -0.863696 4.307450 5.000000 5.000000 5.000000 -3.369382
195 -0.4170150034 5.000000 -4.363537 -5.000000 -0.863936 5.000000 -0.711952 -5.000000 4.187623 5.000000 -0.558753 5.000000 5.000000 3.641486 4.909677 -5.000000
196 0.9285282520 4.651253 -2.500140 -3.442530 -0.815746 4.495370 1.742916 -5.000000 4.137662 4.397088 -1.061502 3.850552 5.000000 4.706415 3.704600 -5.000000
197 0.9385714002 5.000000 -3.911671 -5.000000 -2.059245 5.000000 -0.362033 -5.000000 3.934410 4.575500 -0.896207 5.000000 4.808807 4.729366 5.000000 -2.635568
198 -0.9392245272 3.946362 -3.041985 -4.989866 -0.786708 5.000000 -0.160130 -5.000000 3.259065 4.757975 -3.065439 5.000000 5.000000 4.464817 5.000000 -4.487822
199 -0.4644885768 4.317153 -1.737781 -5.000000 -1.793695 5.000000 0.976353 -5.000000 2.842197 5.000000 -2.921885 5.000000 4.863447 5.000000 5.000000 -3.006183
200 -0.7079468849 5.000000 -3.206412 -5.000000 -3.284832 3.701432 -0.605612 -5.000000 3.180879 4.946679 -2.244030 5.000000 5.000000 5.000000 3.702090 -5.000000
201 0.2268211489 5.000000 -4.027594 -5.000000 -0.867695 5.000000 -0.102870 -5.000000 3.968231 4.906654 -1.039599 5.000000 4.155463 5.000000 4.448194 -4.014672
202 -0.5449772763 5.000000 -3.688756 -5.000000 -1.996459 5.000000 -0.386776 -4.854868 2.998647 4.268326 -0.731457 4.913251 4.614042 5.000000 4.168414 -5.000000
203 -0.5795857233 4.042272 -4.399089 -4.255686 -1.427576 3.742629 0.857749 -5.000000 4.548944 5.000000 -2.214675 5.000000 5.000000 5.000000 5.000000 -4.326561
204 0.2748561361 4.826508 -2.746853 -5.000000 -2.051134 5.000000 -0.768821 -5.000000 5.000000 5.000000 -1.468348 4.606499 5.000000 5.000000 4.370644 -4.038825
205 -0.6907205733 5.000000 -2.980309 -5.000000 -1.901432 4.773301 -0.533960 -4.656641 4.666596 5.000000 -1.948229 4.096913 4.730317 3.786701 4.147455 -4.009745
206 -0.0813598863 5.000000 -2.716043 -4.345011 0.380264 5.000000 -0.577646 -4.848527 3.714416 5.000000 -2.038365 5.000000 5.000000 5.000000 4.807404 -5.000000
207 -0.1787166770 4.278690 -2.354707 -5.000000 -0.855871 4.896070 0.117543 -5.000000 4.860567 4.234356 -1.587788 5.000000 4.965616 5.000000 5.000000 -3.643657
208 -0.6551995107 5.000000 -2.740853 -5.000000 -2.534618 5.000000 -0.935851 -4.927632 4.343053 5.000000 -1.306663 5.000000 5.000000 3.798064 3.925935 -4.797602
209 0.0769645496 5.000000 -2.713193 -3.770287 -2.489415 3.515767 1.157067 -4.614831 5.000000 4.501911 -0.528942 4.190373 3.660923 5.000000 3.091744 -4.895428
210 -0.2984334818 4.039823 -4.020533 -5.000000 -0.181587 4.360554 -0.598374 -4.677481 4.660849 4.973132 -1.457674 5.000000 5.000000 5.000000 5.000000 -4.393876
211 -0.2117145701 3.782216 -2.027102 -4.845313 -1.504849 5.000000 -0.740705 -4.793644 3.103804 5.000000 -0.959595 5.000000 5.000000 5.000000 4.979587 -4.029196
212 -0.8403458235 5.000000 -3.385422 -4.373308 -1.187733 5.000000 -1.010788 -5.000000 4.153168 4.155667 -1.693965 5.000000 5.000000 4.671994 4.865519 -4.758819
213 -0.4519937585 5.000000 -3.562513 -4.947335 -2.236988 5.000000 -0.014722 -5.000000 4.170886 4.812241 -0.511429 5.000000 5.000000 4.394462 5.000000 -3.815723
214 0.2366816846 4.195952 -3.932351 -4.128260 -1.890346 4.586888 -0.730925 -4.872092 5.000000 3.516417 -1.022324 4.022479 5.000000 4.435353 5.000000 -4.614470
215 -0.5565717389 4.667599 -3.176016 -5.000000 -0.535024 4.218246 0.597666 -2.980108 4.023469 5.000000 -1.361636 4.188664 3.568242 5.000000 5.000000 -4.728829
216 -0.3935046964 5.000000 -3.707759 -4.897336 -1.220555 5.000000 -1.157243 -5.000000 5.000000 3.791651 -1.078135 3.868478 5.000000 4.939039 4.822871 -3.620228
217 -0.4047680265 5.000000 -4.000824 -3.959016 -0.137450 5.000000 0.135657 -4.974839 4.928908 3.931878 -3.054944 5.000000 5.000000 4.170292 5.000000 -4.904131
218 -0.8837028251 5.000000 -2.786150 -4.817939 -1.355208 3.711393 -0.345478 -5.000000 5.000000 4.135735 -1.066955 4.967204 5.000000 5.000000 5.000000 -5.000000
219 -0.7679453693 5.000000 -3.837596 -5.000000 -0.198454 4.401454 -0.368218 -5.000000 3.985913 5.000000 -2.073686 4.912276 4.065407 3.978898 5.000000 -4.608669
220 -0.1423184350 5.000000 -4.122296 -4.918356 -0.676144 4.439765 1.923728 -4.972674 4.044310 5.000000 -1.558340 5.000000 4.976870 4.570138 3.855069 -4.487759
221 -0.9039100540 4.256551 -4.666362 -5.000000 -0.188856 5.000000 0.788366 -5.000000 3.470008 5.000000 -1.831704 5.000000 4.841643 5.000000 4.117111 -4.657563
222 0.3967268511 4.761711 -3.775662 -5.000000 -0.642529 3.730379 -0.501133 -4.608210 2.722110 3.372496 -2.122550 4.251326 5.000000 3.964385 4.322674 -3.837503
223 -0.6756882088 5.000000 -3.258681 -5.000000 -0.719612 4.509260 -0.446074 -5.000000 4.765371 5.000000 -0.369344 3.679328 4.110134 4.919491 4.266794 -4.477846
224 -0.9462128858 5.000000 -3.147191 -3.908925 -0.574410 5.000000 0.881529 -5.000000 4.718653 3.527664 -3.095049 4.062072 4.570958 5.000000 5.000000 -4.650822
225 -1.2303190329 4.321816 -3.359527 -5.000000 -1.787624 5.000000 -0.594598 -5.000000 4.221563 5.000000 -2.914939 4.023850 4.311177 5.000000 5.000000 -3.053304
226 -0.5956004387 5.000000 -3.702271 -4.029337 -0.651031 5.000000 -0.433641 -3.801769 3.554331 4.830186 -1.877792 5.000000 3.353691 3.793938 5.000000 -5.000000
227 -0.6536261348 4.771506 -3.464094 -5.000000 -1.104100 3.710557 0.711474 -4.581854 3.605697 4.514049 -2.031527 5.000000 4.884191 4.277404 5.000000 -5.000000
228 -0.4693127269 5.000000 -3.430983 -4.597062 -1.679463 5.000000 0.608047 -5.000000 4.497978 5.000000 -0.955367 3.801916 5.000000 5.000000 5.000000 -3.753288
229 -0.6329119930 5.000000 -3.313321 -5.000000 0.131633 4.890176 -0.175187 -4.373444 3.932589 4.599282 -1.538214 5.000000 5.000000 4.955601 5.000000 -3.804086
230 0.4575161632 4.706849 -3.951098 -4.676513 -0.635905 5.000000 0.453019 -3.927830 4.231207 4.531506 -1.578764 5.000000 4.237502 4.859554 5.000000 -4.951097
231 -0.1273165824 4.691240 -2.871636 -4.429782 -0.843400 5.000000 -0.320060 -5.000000 4.891415 5.000000 -1.791239 4.657116 4.784072 5.000000 4.364243 -4.764075
232 -0.5881839172 4.636599 -3.146214 -5.000000 -1.589359 5.000000 -0.251923 -5.000000 3.825372 4.550516 -1.819712 5.000000 5.000000 4.829999 5.000000 -4.193707
233 -1.5894300310 5.000000 -3.598272 -5.000000 -1.728726 3.875046 -1.164405 -4.354686 4.043206 5.000000 -2.014365 5.000000 4.233859 4.928529 3.511550 -3.401639
234 -0.5260998317 5.000000 -5.000000 -4.561281 -3.210537 3.974951 -0.348022 -3.614593 3.875692 5.000000 -1.826022 4.555804 3.242811 3.901678 3.606035 -3.451977
235 0.3502788551 4.799613 -4.338365 -4.948291 -2.326209 3.426639 -0.511655 -5.000000 2.142182 5.000000 -1.643812 5.000000 5.000000 4.233029 4.812590 -4.592232
236 -0.4787791503 5.000000 -3.105239 -5.000000 -1.939087 3.180707 -1.475808 -5.000000 4.404060 4.899178 -2.067043 4.403415 4.098661 4.717825 4.530936 -3.399519
237 1.3079434579 5.000000 -4.018131 -5.000000 -2.196442 3.985462 -1.319414 -3.722018 3.931402 4.596424 -2.805651 4.556029 4.321127 5.000000 3.047325 -3.866866
238 -0.4689301896 4.845176 -2.928949 -4.309670 -1.743215 2.773152 -0.599200 -3.315874 3.968160 5.000000 -3.322457 4.813504 4.543500 4.920675 3.661456 -3.599503
239 -0.0275245696 4.663529 -3.729076 -4.833599 -1.590442 3.900921 -0.562886 -4.809379 3.806296 4.337378 -2.795808 4.802688 4.244973 4.616030 3.589138 -3.481593
240 0.2759922873 4.955569 -3.633284 -4.978358 -1.879203 4.217669 -0.981823 -5.000000 3.103241 5.000000 -1.569695 4.985922 3.396151 5.000000 2.926702 -2.752042
241 0.3331655881 5.000000 -3.730349 -5.000000 -1.084770 4.605922 -3.189353 -3.986221 4.619365 5.000000 -2.791322 4.809124 4.965652 5.000000 3.052340 -3.360472
242 0.0430576934 5.000000 -3.223737 -5.000000 -2.358963 3.507504 -1.780496 -4.311196 4.066727 4.263589 -2.249162 4.743188 4.540106 4.688376 4.477954 -2.634776
243 0.1600216966 5.000000 -2.778663 -5.000000 -1.115830 3.573588 -1.329607 -4.840411 3.143917 4.807789 -2.186031 5.000000 4.100130 4.880103 3.163205 -2.830175
244 -0.6612386300 5.000000 -3.288866 -4.313667 -2.346671 2.880688 -1.231487 -3.804205 3.619356 4.211130 -1.669846 5.000000 4.726681 5.000000 2.746920 -2.028735
245 -0.0782872899 4.195006 -4.171997 -4.798150 -1.081062 3.782154 -1.397005 -4.675406 3.870600 4.754717 -2.488473 5.000000 3.244016 5.000000 3.816056 -3.174908
246 0.4599105538 4.319903 -3.857181 -5.000000 -2.250959 4.089043 -1.311451 -4.408143 3.600524 5.000000 -1.664383 4.640988 5.000000 4.576376 3.194472 -2.567124
247 0.0760835851 5.000000 -3.048280 -5.000000 -1.836552 3.239990 -1.120798 -4.440985 3.462183 4.799096 -1.462941 5.000000 2.883456 4.633311 3.532334 -3.868225
248 -0.5898628661 5.000000 -3.446758 -4.514086 -1.960385 3.915576 -0.769588 -4.011729 5.000000 4.031344 -2.075342 5.000000 4.083099 5.000000 5.000000 -3.920076
249 -0.9743733846 4.583004 -2.870511 -4.731034 -1.959273 3.840399 -1.830700 -3.931902 4.085925 5.000000 -1.507159 5.000000 3.945076 5.000000 2.841211 -3.647515
250 1.5243708131 4.714950 -4.115575 -4.445805 -1.148372 3.712229 -1.378649 -4.252690 4.534950 5.000000 -2.212615 4.644856 3.466913 3.586884 3.697855 -3.154999
251 -0.4667955606 5.000000 -3.432030 -4.417603 -1.570818 3.652438 -0.755548 -3.250612 3.992020 4.726739 -1.963288 4.695812 3.792518 5.000000 3.897865 -2.483290
252 -1.2678048844 5.000000 -3.350514 -4.413452 -1.580848 3.879258 -2.169972 -4.610538 4.043095 5.000000 -2.618473 4.053975 4.157670 4.986617 3.265979 -3.012816
253 0.1138015733 4.281867 -4.310180 -4.985647 -1.552244 3.918407 -1.122462 -3.723107 3.404487 5.000000 -2.467743 5.000000 4.681069 5.000000 3.606650 -3.589201
254 -0.4396097047 3.984387 -3.546856 -4.491989 -2.181485 5.000000 -1.517720 -4.094612 4.991096 5.000000 -1.758638 4.559413 4.464313 5.000000 4.479192 -3.125592
255 -0.6894446444 5.000000 -3.423987 -5.000000 -2.161894 3.912911 -1.845106 -4.685384 4.018860 5.000000 -2.504223 4.637312 4.594245 5.000000 3.419505 -3.030980
256 0.3070773132 5.000000 -4.247182 -4.761648 -1.020092 3.109688 -0.336151 -4.587874 5.000000 4.637917 -2.020514 5.000000 5.000000 4.643205 4.593882 -3.179510
257 1.2309242048 4.891165 -4.134097 -4.528295 -1.449571 3.255337 -0.809634 -3.529367 5.000000 5.000000 -2.389441 5.000000 4.376056 4.802464 3.350357 -2.867820
258 -0.8825016032 5.000000 -3.493778 -4.982266 -1.733849 3.936302 -0.991592 -4.585693 4.214774 5.000000 -2.549358 4.800099 4.594262 3.987019 3.631634 -3.244408
259 0.0028844193 5.000000 -3.574998 -4.845804 -1.418742 3.525366 -1.658469 -4.240284 4.090689 4.510841 -2.383857 5.000000 4.308420 4.859349 3.413018 -3.476298
260 -0.5292526495 5.000000 -3.009684 -5.000000 -1.446317 3.564948 -1.521002 -4.791772 4.420210 5.000000 -1.817330 5.000000 4.108436 5.000000 3.457898 -3.617875
261 -0.8071006689 5.000000 -3.587168 -5.000000 -2.474457 3.678677 -0.946980 -4.410939 4.237670 4.881615 -2.569216 5.000000 3.851765 4.658386 3.533367 -3.189882
262 0.2399147138 5.000000 -3.217685 -5.000000 -1.335810 4.322928 -1.481022 -4.546722 4.451925 4.902710 -1.865691 4.748937 4.738721 5.000000 3.412891 -3.542254
263 -0.4918704175 4.882834 -3.896659 -4.615208 -1.608766 3.954531 -2.040026 -3.971736 4.437135 5.000000 -2.165363 4.806828 4.553278 4.838290 3.456227 -4.355325
264 -0.1031218258 4.848131 -3.244029 -5.000000 -1.149471 3.426380 -1.066430 -4.402459 3.491078 4.993727 -2.616399 4.831807 3.961254 4.708237 3.094128 -3.675259
265 -0.0409535276 4.899380 -3.006837 -5.000000 -2.229835 3.999408 -1.477522 -4.993496 4.136196 4.535178 -1.450753 5.000000 4.113779 4.936141 3.387167 -3.247539
266 -0.8091067056 5.000000 -3.534874 -5.000000 -2.092169 4.001887 -0.674427 -4.175349 3.603067 4.990339 -1.753496 5.000000 4.060374 5.000000 3.567403 -2.748144
267 1.1315569362 4.804123 -3.917754 -5.000000 -1.571352 4.534846 -0.685335 -5.000000 4.516546 4.989359 -1.413318 4.711227 3.850635 5.000000 3.618007 -2.860764
268 -1.0926658217 5.000000 -3.576987 -5.000000 -1.532163 3.725409 -1.404639 -4.328066 4.329914 5.000000 -2.517256 4.963676 4.104978 4.911356 3.395395 -3.737956
269 -0.6690678040 4.972377 -2.779072 -4.828873 -2.102752 3.985301 -1.161177 -4.741701 3.648286 4.966237 -1.705024 4.500973 4.411412 5.000000 3.760681 -3.565426
270 -1.5581550555 5.000000 -3.000549 -4.349117 -1.413272 4.212710 -1.756844 -3.695493 4.275074 5.000000 -1.688894 5.000000 4.107613 5.000000 3.459559 -3.768911
271 -1.3306683657 4.959257 -3.365098 -4.860599 -2.097092 3.730611 -0.654563 -3.755839 4.173419 5.000000 -2.078266 4.862979 4.182360 4.862614 3.759437 -3.826922
272 -0.3250062853 4.971892 -3.861999 -5.000000 -1.387185 3.600962 -0.567124 -4.379864 3.972412 5.000000 -2.539929 4.764170 4.087852 4.591480 3.389420 -3.377149
273 0.2083080381 5.000000 -4.123159 -5.000000 -1.651241 3.524007 -1.350392 -4.255084 3.626502 5.000000 -2.307261 4.427754 4.332747 4.902643 3.560415 -4.248187
274 -0.7613672099 4.990092 -3.156652 -5.000000 -1.614342 3.796703 -1.128055 -4.714849 4.030506 5.000000 -1.546409 5.000000 4.508144 4.627826 3.263919 -3.524109
275 -0.8332102444 5.000000 -3.708344 -5.000000 -1.600883 4.090885 -1.004149 -4.989151 4.247055 4.901563 -1.772435 4.882953 3.396770 4.972781 3.727623 -3.491560
276 0.6504231384 4.456189 -3.881455 -4.902069 -1.722104 3.543171 -1.114835 -5.000000 4.440558 5.000000 -2.177705 4.730663 4.627159 4.776853 3.265802 -3.142378
277 -0.7612898684 4.839326 -3.840499 -4.725438 -1.684853 3.464140 -2.046003 -4.468502 3.575628 4.236739 -2.537123 5.000000 4.268977 5.000000 3.974029 -3.727328
278 -0.2173890384 4.820191 -3.478427 -5.000000 -1.788723 3.430052 -0.900758 -4.817694 3.799348 4.926266 -1.819726 5.000000 3.604395 4.151974 2.928152 -3.579996
279 0.6300347077 5.000000 -3.670035 -5.000000 -1.821138 3.459511 -1.335003 -3.581708 4.709694 4.803164 -1.966973 4.601692 4.392204 4.640025 3.669213 -3.581015
280 -0.0670842228 5.000000 -3.779150 -5.000000 -1.450733 3.538250 -1.447640 -4.227964 4.325056 5.000000 -2.554404 5.000000 4.770088 4.827035 3.588012 -3.462511
281 -0.4339424555 5.000000 -3.475390 -5.000000 -1.353118 4.242730 -1.436708 -4.784470 3.888764 4.853222 -2.149066 4.928653 4.417487 5.000000 3.207894 -3.354954
282 0.5738639238 5.000000 -4.067279 -4.796232 -1.204338 3.687781 -1.620481 -4.635426 4.553388 4.350838 -1.870880 5.000000 4.767534 4.879563 3.248537 -3.836556
283 0.4070197960 5.000000 -3.649990 -4.476965 -1.974610 4.479535 -0.618309 -4.722661 4.110345 4.926984 -1.999591 5.000000 4.242777 4.743104 3.054785 -3.976210
284 -0.5709875766 5.000000 -3.633807 -5.000000 -2.082720 3.893130 -1.043691 -4.190760 3.847902 5.000000 -1.887221 4.837357 4.049373 4.538285 3.685329 -3.762135
285 -0.6522717815 4.337868 -3.187719 -5.000000 -2.044011 4.031547 -1.136905 -4.237157 3.853988 4.766140 -1.695873 4.509448 4.269211 4.175856 3.608384 -3.408535
286 -1.2671336847 4.616200 -3.161268 -4.856244 -1.698222 4.174804 -1.577375 -4.453829 4.240510 4.910947 -1.929011 5.000000 4.145921 5.000000 3.353040 -3.446215
287 -0.3153964832 5.000000 -3.476027 -4.866325 -1.674127 3.321407 -0.689622 -4.349003 3.429094 4.874030 -2.239806 5.000000 3.789701 5.000000 3.204579 -3.488034
288 -1.2446880708 4.291516 -3.807195 -4.776924 -1.681158 3.947254 -1.375823 -4.618612 3.616585 5.000000 -2.236252 4.936836 4.200549 4.861029 3.439718 -3.421566
289 -0.4448161533 5.000000 -3.404659 -5.000000 -1.547759 4.125879 -0.875471 -3.995660 3.807335 4.801356 -2.221742 4.520186 4.392682 4.960903 3.242575 -3.402398
290 -0.2068157906 5.000000 -3.465380 -4.812091 -1.475908 4.112367 -1.753111 -4.654642 4.441486 4.768736 -1.883828 5.000000 4.616198 5.000000 3.338325 -3.521234
291 -0.7250245185 5.000000 -3.903345 -5.000000 -1.852767 3.762289 -0.994185 -4.083990 4.178385 4.884333 -1.819212 5.000000 4.107525 5.000000 3.173954 -3.287888
292 -0.3446159681 4.804060 -3.768139 -4.957530 -1.787221 3.867006 -1.016174 -4.803900 3.909357 4.797935 -1.983837 5.000000 4.556062 5.000000 3.624720 -3.560520
293 -0.4319105683 4.480442 -3.584406 -5.000000 -1.340700 3.728084 -1.481699 -4.266471 4.056710 5.000000 -2.153683 5.000000 3.762899 4.887071 3.018516 -3.567217
294 -1.1185110556 5.000000 -3.528838 -5.000000 -1.502646 4.295469 -1.285205 -4.758080 4.263337 4.785458 -2.177012 4.810012 4.131405 4.919667 3.832803 -3.510269
295 -0.9058572445 5.000000 -3.181778 -5.000000 -1.533815 3.668842 -0.883093 -4.559114 3.760427 5.000000 -1.791268 4.312228 3.790606 4.728738 3.193099 -3.450056
296 -0.3444375110 4.773411 -3.755801 -4.843649 -2.043686 3.973636 -1.556156 -4.218791 4.199910 5.000000 -2.089939 4.851917 4.544451 4.752977 3.780330 -3.577363
297 0.2025925027 4.834713 -3.680714 -5.000000 -1.373572 3.573557 -1.379951 -4.222434 4.442110 4.960163 -2.008117 5.000000 4.535276 4.481423 3.413944 -3.229275
298 0.0794948741 4.957950 -3.634653 -4.995649 -1.744437 4.007173 -1.419035 -4.078197 4.143855 5.000000 -2.443743 4.894821 4.055364 4.671927 3.398573 -3.867771
299 -0.2778202992 4.557867 -3.662233 -5.000000 -1.656067 4.290364 -0.935317 -4.101243 3.726184 5.000000 -2.184633 5.000000 4.257729 4.527843 3.412193 -3.125543
300 -0.9085105838 5.000000 -3.461232 -4.739689 -1.985482 3.964460 -1.001840 -3.711331 4.355679 4.722607 -1.675097 4.893947 4.260977 5.000000 3.489576 -3.237411
301 -0.0479090822 4.442226 -3.633617 -5.000000 -1.848444 4.266081 -1.093425 -4.559367 3.869648 5.000000 -1.711473 4.763840 4.267791 4.331438 3.731434 -3.533938
302 -0.2594153847 4.951525 -3.632546 -4.999813 -1.902454 4.020891 -0.796982 -4.613664 3.708459 4.710715 -1.820645 4.840259 4.405576 5.000000 3.306369 -3.792929
303 -1.3852292561 5.000000 -3.644848 -5.000000 -1.882013 3.607293 -1.291807 -4.414277 3.588050 4.634237 -2.161870 5.000000 4.140541 5.000000 3.818889 -3.442508
304 -0.7019608788 5.000000 -3.406397 -5.000000 -1.642882 4.085004 -0.880477 -4.738932 4.094549 4.847319 -1.887676 4.983749 4.249214 5.000000 3.430621 -3.627108
305 -0.9625327622 5.000000 -3.395531 -5.000000 -1.390037 3.724970 -1.355705 -4.453624 3.839889 5.000000 -2.432505 4.585433 4.031684 5.000000 3.733775 -3.447026
306 -0.6547331328 5.000000 -3.569211 -4.808114 -1.498779 3.892138 -1.485181 -4.251334 4.252520 5.000000 -1.921531 5.000000 4.504072 4.700177 3.585423 -3.455964
307 -0.2573498054 4.763070 -3.794358 -4.908380 -1.411772 3.416131 -1.215436 -4.420307 4.257063 5.000000 -1.932289 4.981308 4.149445 5.000000 3.314610 -3.361673
308 -0.1670446211 5.000000 -3.371774 -4.976747 -1.312974 3.506950 -1.004160 -4.106584 4.469136 5.000000 -2.276834 5.000000 3.954257 4.969225 3.426407 -3.484973
309 -0.4791904706 4.871078 -3.724793 -4.872992 -1.486309 3.538876 -0.960530 -4.127441 3.879851 5.000000 -1.646999 4.975959 4.422170 4.992754 3.461727 -3.276509
310 -0.8321625853 4.802984 -3.358620 -4.740974 -1.530971 3.753676 -1.241070 -4.838908 3.972559 4.717249 -2.235670 4.835643 4.507084 4.885583 3.439039 -3.734762
311 -0.1891438471 5.000000 -3.588439 -4.531970 -1.678689 3.587066 -0.782482 -4.374346 3.873664 4.694187 -2.123815 4.802343 3.918408 4.670233 3.094709 -3.257076
312 -0.6526200809 4.229568 -3.699768 -5.000000 -1.633891 3.858716 -0.846071 -3.929187 4.026457 4.694745 -1.748522 5.000000 3.946956 5.000000 3.329955 -3.358776
313 -1.0009096160 5.000000 -3.523946 -5.000000 -1.780583 3.433251 -1.040274 -4.609542 3.852766 4.918482 -2.245595 5.000000 4.152492 5.000000 3.483663 -3.206738
314 -1.7454511042 5.000000 -3.565459 -5.000000 -1.568639 3.730477 -1.629326 -4.494193 4.088522 4.916007 -1.785783 4.844663 4.128694 4.700294 3.476542 -3.433285
315 -0.5360325843 4.876049 -3.329329 -4.717542 -1.251191 3.555857 -1.819215 -4.401992 3.976061 5.000000 -1.837005 4.612511 4.220051 4.742029 3.746884 -3.430538
316 -0.7724246956 5.000000 -3.906762 -4.683880 -1.464247 3.917865 -1.767354 -4.290344 4.129044 4.735684 -1.289517 4.964088 4.302060 4.460700 3.863386 -3.046258
317 -0.1526626175 5.000000 -3.869262 -4.849014 -1.600760 3.631527 -1.565513 -4.409754 4.266871 4.577983 -1.867335 4.748650 4.106940 4.998159 3.349830 -3.201075
318 -0.5661503162 4.975343 -3.541174 -5.000000 -1.972066 3.718116 -1.674490 -4.702183 3.928716 5.000000 -1.900227 5.000000 4.153900 4.687790 3.633686 -3.300646
319 -1.0855107164 4.900844 -3.604291 -5.000000 -1.533845 3.706245 -1.540188 -4.450919 4.265708 5.000000 -1.895121 4.862919 4.306172 4.972007 3.444536 -3.290143
320 -1.9068934572 5.000000 -3.462347 -4.875219 -1.727868 3.831138 -1.906387 -4.692473 4.305044 4.853745 -1.677055 4.882357 4.018798 4.629679 3.471169 -3.610002
321 -0.4913026746 4.636136 -3.377487 -4.792628 -1.725094 3.869402 -2.131845 -4.747734 4.435390 5.000000 -1.910714 4.855741 3.891901 4.568812 3.386733 -3.642123
322 -1.3449104306 5.000000 -3.589514 -4.663905 -1.931071 3.770255 -2.058819 -4.648469 4.380163 4.932767 -1.626273 4.932820 4.062713 4.672901 3.350582 -3.404597
323 -1.1935472864 4.923744 -3.372996 -4.735676 -1.726203 3.759577 -1.692706 -4.806259 4.412264 5.000000 -1.746362 4.733712 4.025841 4.489562 3.436826 -3.772597
324 -1.6897859568 5.000000 -3.441150 -4.899165 -1.770396 3.750824 -1.866335 -4.453103 4.476052 4.878968 -1.729314 5.000000 3.933250 4.465837 3.570976 -3.786589
325 -0.5980140090 5.000000 -3.432615 -4.725586 -1.599847 3.866557 -1.776979 -4.288909 4.549123 5.000000 -1.760553 4.827477 3.802538 4.737435 3.177670 -3.826741
326 -0.5626773662 5.000000 -3.218772 -4.731540 -1.752303 3.945107 -1.738910 -4.747637 4.561008 4.758552 -1.762375 4.851257 4.015693 4.352868 3.355082 -3.844592
327 -0.5007757319 4.915754 -3.489159 -4.788630 -1.613614 3.912891 -1.883132 -4.560452 4.538589 4.752549 -1.799506 4.761363 4.326484 4.623642 3.725075 -3.626420
328 -0.7614235687 4.949148 -3.345305 -4.943201 -1.965119 3.867633 -2.084789 -4.950332 4.326878 5.000000 -1.777768 4.908605 3.850687 4.720006 3.550254 -3.640417
329 -0.9134794118 5.000000 -3.360635 -5.000000 -2.042332 3.921105 -2.074130 -5.000000 4.041751 4.855492 -2.074505 4.413996 4.135104 4.523894 3.336326 -3.577885
330 -1.1578554649 5.000000 -3.671099 -4.855294 -1.810929 3.864525 -1.927452 -4.737652 4.393649 4.959664 -1.809986 4.933328 4.251442 4.471287 3.499331 -3.758637
331 -0.8916862963 5.000000 -3.532436 -4.827094 -1.669953 3.866901 -2.007152 -4.590221 4.498836 4.812165 -1.626070 4.458334 4.021716 4.635170 3.276642 -3.622972
332 -1.5379874979 4.956408 -3.307144 -4.948732 -1.504770 3.713462 -1.969820 -4.486549 4.487962 4.873496 -1.843319 4.993039 4.098006 4.769436 3.550175 -3.735586
333 -1.8756289440 4.758781 -3.304186 -4.936474 -1.724412 3.766454 -1.813149 -4.628839 4.143790 4.794495 -1.784550 5.000000 3.873075 4.412838 3.450946 -3.410518
334 -1.7550562829 5.000000 -3.375635 -4.943407 -1.794039 3.730095 -1.881317 -4.583656 4.031742 4.879006 -1.638256 4.999408 3.815061 4.519167 3.433118 -3.864937
335 -1.4222173715 5.000000 -3.349998 -4.924338 -1.678804 3.818710 -2.167069 -4.501190 4.164851 4.823459 -1.677630 4.767771 4.064822 4.688877 3.643098 -3.540757
336 -0.5630610589 5.000000 -3.496225 -4.690758 -1.726434 3.688303 -2.090806 -4.855559 4.396923 4.621978 -1.465473 4.870787 4.049880 4.711310 3.475900 -3.724481
337 -1.2265497348 4.944300 -3.697319 -4.627599 -1.906176 3.858315 -1.961405 -4.703883 4.194566 5.000000 -1.567926 4.919272 3.974330 4.670952 3.539949 -3.836148
338 -1.6999061837 5.000000 -3.422890 -4.867018 -1.684554 4.041776 -1.652645 -4.552029 4.199808 4.939263 -1.713163 5.000000 3.841004 4.574180 3.448632 -3.759829
339 -0.8571519991 5.000000 -3.305153 -4.649911 -1.506018 3.892825 -2.008786 -4.679978 4.346515 4.642631 -1.459826 5.000000 3.638292 4.600257 3.540699 -3.545351
340 -0.8881986457 5.000000 -3.385338 -4.947392 -1.756381 3.928678 -2.033429 -4.706145 4.463644 4.935537 -1.709759 4.940809 3.670332 4.617262 3.318805 -3.847922
341 -0.0334666477 5.000000 -3.471164 -4.589659 -2.088597 3.712042 -1.590504 -4.621444 4.429670 4.611389 -1.458147 5.000000 3.814173 4.808117 3.561136 -3.698513
342 -0.8544224295 5.000000 -3.621394 -4.710645 -1.811198 3.903875 -1.933480 -4.734774 4.310788 4.869955 -1.869571 4.613156 4.019636 4.530953 3.312972 -3.739942
343 -1.0366873860 4.793507 -3.559470 -5.000000 -1.770418 3.967457 -1.867199 -4.565976 4.287967 4.783052 -2.015858 4.985465 3.883074 4.734760 3.595608 -3.610715
344 -1.5861595350 5.000000 -3.602334 -4.797390 -1.609978 3.881667 -1.871344 -4.537528 4.081694 4.627056 -1.668306 4.895862 3.989215 4.346903 3.539100 -3.506503
345 -0.5524248564 4.945744 -3.554485 -4.652242 -1.679464 3.845061 -1.799257 -4.689579 4.471956 4.704419 -1.683241 4.808227 4.258966 4.580533 3.698924 -3.626896
346 -1.2637816704 4.814851 -3.440152 -4.832174 -1.449889 3.804766 -1.950516 -4.832719 4.226478 4.930813 -1.760069 4.910093 3.826769 4.432843 3.443396 -3.624769
347 -0.1944078425 4.819464 -3.655848 -4.852822 -1.938681 3.979415 -1.820354 -4.745346 4.410286 5.000000 -1.783353 4.778625 4.057436 4.719729 3.336453 -3.661861
348 -0.8581572541 4.965073 -3.451347 -4.859896 -1.539025 3.811821 -1.700250 -4.477973 4.401053 4.676733 -1.734085 4.905380 4.227840 4.724150 3.684792 -3.724952
349 -0.5560226256 4.947978 -3.602978 -5.000000 -1.610726 3.589352 -2.014259 -4.845822 4.422233 4.700043 -1.520265 4.939696 3.972964 4.730025 3.536185 -3.704894
350 -1.0045293377 5.000000 -3.533492 -5.000000 -1.744527 3.969581 -1.995993 -4.759144 4.450313 4.837414 -1.474821 4.861843 4.024000 4.435921 3.484233 -3.571065
351 -0.7055378330 5.000000 -3.544244 -4.797848 -1.863862 3.702664 -1.915236 -4.553686 4.414063 4.626404 -1.753945 5.000000 3.880404 4.714763 3.541011 -3.527481
352 -1.7278865176 5.000000 -3.552188 -4.769949 -1.780562 3.667991 -1.829004 -4.780695 4.271552 4.880564 -1.701187 4.841899 3.967804 4.918456 3.591566 -3.565619
353 -1.3015834446 4.785764 -3.448695 -4.824245 -1.592534 3.793967 -2.072032 -4.539378 4.346046 4.848527 -1.526145 4.632961 4.175007 4.571485 3.513848 -3.476542
354 -1.2499415988 4.889713 -3.364610 -4.887629 -1.905424 3.899761 -1.716567 -4.672344 4.327763 4.916007 -1.669944 4.834491 3.964665 4.542071 3.316936 -3.826509
355 -0.2249984831 4.939615 -3.644669 -4.927160 -1.718268 3.914185 -1.738496 -4.682998 4.404632 4.635694 -1.704906 4.670286 4.035723 4.669949 3.587452 -3.601291
356 -1.3657708119 5.000000 -3.545391 -4.874096 -1.794049 3.684859 -1.928453 -4.653289 4.420519 4.817028 -1.575109 4.982548 3.913759 4.465031 3.435820 -3.803273
357 -1.2244387225 5.000000 -3.659832 -4.964832 -1.689804 3.801574 -1.931239 -4.683924 4.147409 4.904228 -1.505170 4.793173 3.915216 4.554984 3.381392 -3.670334
358 -0.4385885901 5.000000 -3.497460 -4.803027 -1.602017 3.914239 -1.728455 -4.607422 4.499168 4.696893 -1.542553 5.000000 3.945039 4.709840 3.267487 -3.770051
359 -1.7844558976 5.000000 -3.419329 -4.762540 -1.580567 3.761038 -1.891356 -4.673592 4.213160 4.927047 -1.710215 4.895570 3.717707 4.638441 3.362546 -3.710172
360 -1.8063340740 4.898208 -3.480367 -4.820385 -1.663226 3.728446 -1.943587 -4.456790 4.331818 4.944942 -1.520966 5.000000 3.984789 4.473130 3.505055 -3.567186
361 -1.4965232680 5.000000 -3.470518 -4.906508 -1.831034 3.931245 -1.827697 -4.625499 4.258342 4.817221 -1.770631 4.673456 3.905246 4.510849 3.426722 -3.461108
362 -0.9106480756 4.774808 -3.463864 -4.788345 -1.891316 3.872986 -1.946644 -4.795886 4.411550 4.861148 -1.715739 4.771508 3.871469 4.609963 3.648659 -3.459513
363 -1.4870757353 5.000000 -3.452948 -4.631321 -1.617030 3.898290 -1.842807 -4.580714 4.337642 4.894752 -1.719827 4.791517 4.121512 4.631338 3.416761 -3.574204
364 -1.2242172255 4.947666 -3.544046 -4.865772 -1.680127 3.766462 -1.900993 -4.668680 4.327243 4.842838 -1.868118 4.753839 4.066260 4.597196 3.385207 -3.518054
365 -1.4099300393 4.949385 -3.469203 -4.873540 -1.714496 3.716634 -1.798731 -4.672351 4.390699 4.876008 -1.591442 4.772684 4.155967 4.527434 3.446044 -3.571035
366 -2.0680882169 4.995642 -3.443998 -4.967041 -1.867556 3.903357 -1.802365 -4.798525 4.198369 4.797046 -1.642519 4.934718 4.014304 4.836050 3.486967 -3.676714
367 -1.5124210494 5.000000 -3.363130 -4.972886 -1.799219 3.844908 -1.718209 -4.832506 4.011216 4.926102 -1.734425 4.927271 3.954946 4.989849 3.671603 -3.620269
368 -1.5795540115 4.917816 -3.484739 -4.948416 -1.951605 4.098330 -1.749359 -4.834068 4.223342 4.799916 -1.651729 5.000000 3.988717 4.825495 3.543523 -3.461645
369 -1.0408628738 4.969857 -3.438206 -5.000000 -1.803032 3.878411 -1.662681 -4.679152 4.303459 4.547726 -1.697559 4.983999 3.968572 4.808773 3.586999 -3.557868
370 -1.4547181793 4.980025 -3.292005 -5.000000 -1.838654 3.865828 -1.915312 -4.762840 4.036119 4.733429 -1.744257 4.885415 3.943495 4.780165 3.516364 -3.664698
371 -1.0285970513 4.965178 -3.433944 -5.000000 -1.916576 3.880512 -1.787974 -4.790302 4.225625 4.740451 -1.675418 4.982793 4.076214 4.665492 3.351139 -3.627466
372 -1.3003534986 5.000000 -3.554573 -4.819445 -1.782387 3.926543 -1.704012 -4.801968 4.242594 4.807942 -1.500473 4.967553 3.833473 4.881059 3.569061 -3.683857
373 -1.4776505358 5.000000 -3.429724 -4.786641 -1.892138 4.035504 -1.875347 -4.774044 4.089511 4.674020 -1.654586 4.957471 4.047688 4.885515 3.370349 -3.718110
374 -1.7515627433 5.000000 -3.488595 -4.891195 -1.869502 3.763712 -1.944164 -4.897396 4.205951 4.673534 -1.694687 4.855524 3.965331 4.949209 3.450661 -3.711358
375 -1.2132290905 4.825101 -3.557750 -4.891009 -1.994290 3.821954 -1.837804 -4.808624 4.092866 4.739099 -1.613439 5.000000 4.003939 5.000000 3.389444 -3.645593
376 -1.8051893408 4.940360 -3.367861 -4.871263 -1.828642 3.853906 -1.738890 -4.983750 4.194778 4.833318 -1.670111 4.780454 3.935082 4.894127 3.395815 -3.480063
377 -1.3301352373 5.000000 -3.522089 -4.948125 -1.983835 3.780134 -1.872998 -4.734472 4.227713 4.744435 -1.535299 4.802916 4.001142 4.801513 3.408403 -3.722127
378 -1.6973114393 4.908208 -3.585354 -4.958303 -1.852565 3.867898 -1.724476 -4.731006 4.173919 4.734355 -1.738411 4.933958 4.088436 4.904319 3.500720 -3.560912
379 -1.1110652952 5.000000 -3.411463 -5.000000 -1.984292 4.080458 -1.727067 -4.788660 4.219902 4.651638 -1.601199 4.777637 4.064823 4.833677 3.477679 -3.686453
380 -1.7017983265 5.000000 -3.536261 -5.000000 -1.916863 3.987602 -1.783728 -4.628236 4.143833 4.777118 -1.649483 4.876834 3.967926 4.860921 3.381856 -3.683487
381 -1.0439684209 4.937201 -3.436818 -4.989374 -1.826294 3.800452 -1.645252 -4.770291 4.145424 4.608255 -1.615378 4.984244 3.963479 4.778989 3.547477 -3.815071
382 -1.6056149520 5.000000 -3.493148 -4.952259 -1.708667 3.840780 -1.835202 -4.796381 4.153068 4.699916 -1.661508 5.000000 3.972068 4.779138 3.555527 -3.739861
383 -1.4283279984 4.903985 -3.537807 -5.000000 -2.048096 3.804609 -1.765550 -4.835356 4.186003 4.861377 -1.820000 5.000000 4.046169 4.863667 3.556504 -3.556623
384 -1.3589913274 4.977273 -3.538374 -4.916026 -1.949582 3.871984 -1.851282 -4.862118 4.197276 4.751223 -1.553571 4.747524 4.006113 4.899100 3.491447 -3.606369
385 -1.7453441277 5.000000 -3.434908 -4.957738 -1.848003 3.898489 -1.777712 -4.851838 3.990336 4.799155 -1.664430 4.941317 4.040919 4.852955 3.421964 -3.811981
386 -1.8932803069 5.000000 -3.557869 -4.888810 -1.868164 3.793403 -1.912326 -4.914327 4.215557 4.851196 -1.694637 5.000000 4.133348 4.911826 3.443796 -3.649640
387 -2.0332441045 4.964696 -3.528567 -5.000000 -1.982781 3.858383 -1.933709 -4.883541 4.202891 4.912153 -1.709232 4.903178 4.084975 4.891623 3.475196 -3.662731
388 -2.0720483713 4.911887 -3.370832 -5.000000 -1.838807 3.782026 -1.693478 -4.911967 4.179924 4.879152 -1.679484 4.956021 4.004793 4.849792 3.447730 -3.703756
389 -1.7551861419 4.895890 -3.400386 -5.000000 -1.906009 3.827644 -1.653310 -4.940314 4.218142 4.889406 -1.583586 4.888343 4.019812 4.797374 3.488772 -3.799128
390 -1.7373502005 4.895245 -3.401058 -4.859400 -1.830832 3.707932 -1.736194 -4.995437 4.224611 5.000000 -1.698159 5.000000 4.078249 4.853775 3.429484 -3.592633
391 -1.2891395756 5.000000 -3.450676 -5.000000 -2.009243 3.906400 -1.629734 -4.961375 3.999902 4.837050 -1.632474 4.886402 3.968791 4.856135 3.427075 -3.548447
392 -1.7536144987 4.920769 -3.350949 -5.000000 -1.821046 3.736708 -1.644710 -4.803805 4.135275 4.894147 -1.691917 5.000000 4.050889 4.871751 3.433487 -3.599290
393 -2.0478636350 5.000000 -3.412448 -4.983216 -1.832928 3.682629 -1.751912 -4.901116 4.119653 4.785571 -1.698464 4.867931 3.993788 4.886889 3.454017 -3.761138
394 -1.1238868705 4.911211 -3.392609 -4.998148 -1.922084 3.730023 -1.660065 -4.859267 4.052210 4.999105 -1.805949 5.000000 3.975594 4.858416 3.419939 -3.631813
395 -1.5080962900 4.858885 -3.524087 -4.872604 -1.868334 3.838739 -1.650544 -4.816137 4.112301 4.777813 -1.694680 4.941644 3.978949 4.845518 3.488653 -3.652468
396 -2.0462945954 4.817755 -3.422130 -4.956174 -1.848677 3.836247 -1.790576 -4.919352 4.154110 4.845033 -1.707061 4.900694 3.969496 4.900495 3.554107 -3.675815
397 -2.0250731854 5.000000 -3.326300 -5.000000 -1.834697 3.794683 -1.693493 -4.986511 4.219322 4.896590 -1.689184 5.000000 4.078392 4.847096 3.445035 -3.664151
398 -1.3585972990 4.978256 -3.322753 -5.000000 -1.749474 3.757383 -1.606491 -4.965356 4.168459 5.000000 -1.569634 4.898922 4.001829 4.850248 3.339630 -3.615919
399 -1.6520944649 5.000000 -3.379248 -4.946200 -1.850074 3.666550 -1.610459 -4.928604 4.173871 4.869790 -1.701038 4.895915 3.950335 4.899007 3.451213 -3.839419
400 -2.1559888135 4.873752 -3.347432 -5.000000 -1.789742 3.885536 -1.763639 -5.000000 4.218236 4.840414 -1.677326 5.000000 4.003573 4.892539 3.414179 -3.751289
401 -1.9384108140 4.784022 -3.239857 -5.000000 -1.765356 3.901687 -1.793040 -5.000000 4.245747 4.781831 -1.622789 4.991494 3.958490 4.965789 3.412828 -3.763952
402 -1.7927583108 4.765915 -3.326303 -5.000000 -1.718399 3.967725 -1.829665 -4.959200 4.217867 4.823855 -1.662680 5.000000 4.092375 4.815061 3.403232 -3.789763
403 -1.7464212944 4.978754 -3.374629 -4.917123 -1.876116 3.799669 -1.750691 -4.991089 4.176215 4.826511 -1.689664 4.957421 4.009612 4.895556 3.365487 -3.846970
404 -1.2580934131 4.927034 -3.503826 -4.942385 -1.804860 3.927920 -1.727849 -5.000000 4.237833 4.795387 -1.739930 5.000000 3.989312 4.850466 3.293452 -3.802937
405 -2.0330722494 4.926770 -3.375804 -4.993277 -1.802929 3.953298 -1.878779 -5.000000 4.237815 4.891114 -1.744235 5.000000 4.058055 4.921899 3.420621 -3.661060
406 -1.9492202604 4.827600 -3.456199 -4.967304 -1.806127 3.974815 -1.812897 -5.000000 4.217845 4.892010 -1.602060 4.944631 3.996197 4.914843 3.477981 -3.867485
407 -1.8566415534 4.950828 -3.325521 -4.987860 -1.761054 3.879333 -1.848121 -4.979940 4.070976 4.827495 -1.672226 5.000000 3.925780 4.894302 3.414055 -3.661532
408 -1.5196972659 4.940273 -3.424163 -5.000000 -1.753187 3.910102 -1.724194 -4.923072 4.269843 4.744433 -1.797121 5.000000 4.041518 4.879252 3.395292 -3.708698
409 -1.6928966128 4.995199 -3.415244 -5.000000 -1.746902 3.881904 -1.734202 -5.000000 4.210668 4.894993 -1.716929 4.950765 3.978826 4.821742 3.358985 -3.795776
410 -2.3341444362 4.877639 -3.420653 -4.943758 -1.824282 3.824011 -1.829668 -5.000000 4.232011 4.857733 -1.650725 4.988419 4.059665 4.862673 3.452412 -3.737521
411 -1.9418453758 4.862624 -3.428333 -4.949552 -1.674835 3.851453 -1.865168 -4.948529 4.302558 4.830456 -1.576689 5.000000 4.084383 4.841121 3.487877 -3.817049
412 -1.7290987727 4.922404 -3.447950 -4.953283 -1.802958 3.905171 -1.797418 -4.950804 4.241744 4.856448 -1.543816 5.000000 4.068096 4.764126 3.444629 -3.754365
413 -1.8445063672 4.883573 -3.449698 -4.903943 -1.859001 3.878433 -1.856100 -5.000000 4.307555 4.826016 -1.670351 4.918267 3.987719 4.837296 3.446203 -3.644880
414 -2.1588782911 4.821674 -3.421085 -5.000000 -1.794403 3.789272 -1.879084 -5.000000 4.207020 4.871225 -1.693794 4.987070 4.059392 4.853306 3.419753 -3.785969
415 -1.9874540776 4.843716 -3.440040 -4.706666 -1.872855 3.788446 -1.857534 -4.963672 4.158279 4.845605 -1.674046 5.000000 4.139739 4.904175 3.429237 -3.688701
416 -1.9101419076 4.879460 -3.432251 -4.827819 -1.778916 3.892645 -1.809497 -4.889803 4.277147 4.845425 -1.804731 4.973595 4.032225 4.951579 3.444556 -3.795538
417 -2.1234042754 4.951386 -3.427215 -4.937998 -1.801381 3.954993 -1.865558 -4.995740 4.196883 4.838888 -1.586338 4.961978 4.087164 4.823281 3.485152 -3.786724
418 -1.8172919266 4.821285 -3.489706 -5.000000 -1.776449 3.906466 -1.789054 -4.994136 4.241113 4.831308 -1.646842 5.000000 3.969318 4.900274 3.371623 -3.735056
419 -2.0238150248 4.865163 -3.366231 -5.000000 -1.855204 3.891091 -1.840310 -5.000000 4.245617 4.927890 -1.640252 4.994619 3.986571 4.840079 3.413827 -3.753309
420 -1.3807727858 4.840730 -3.355654 -4.913565 -1.845419 3.795945 -1.842293 -5.000000 4.230312 4.770103 -1.741376 5.000000 4.070714 4.770398 3.328177 -3.746142
421 -2.3421139838 4.895674 -3.415731 -4.926176 -1.857353 3.834215 -1.816124 -5.000000 4.246219 4.894873 -1.579674 4.892700 4.007139 4.936190 3.483164 -3.695830
422 -1.8035439882 4.855473 -3.442587 -4.868467 -1.858042 3.789392 -1.752499 -5.000000 4.278032 4.927016 -1.545231 4.814768 3.966735 4.933176 3.523420 -3.665856
423 -2.0669136308 4.858831 -3.439101 -4.918151 -1.819943 3.870699 -1.845370 -5.000000 4.191825 4.916307 -1.618579 4.904061 3.974058 4.875410 3.431176 -3.641832
424 -2.1830139974 4.920382 -3.428034 -4.912261 -1.901124 3.813664 -1.791899 -4.993883 4.219757 4.948599 -1.571274 5.000000 4.041174 4.963384 3.478375 -3.698576
425 -2.1478406660 4.965863 -3.326058 -5.000000 -1.760457 3.812447 -1.855278 -5.000000 4.312556 4.996238 -1.529966 5.000000 4.051787 4.913710 3.442797 -3.727627
426 -2.1690587946 5.000000 -3.452443 -4.967203 -1.857310 3.798902 -1.786553 -5.000000 4.237122 4.962180 -1.655115 4.898201 4.081023 4.971640 3.435068 -3.658235
427 -2.2648067170 4.998992 -3.395831 -4.940368 -1.832452 3.806102 -1.840774 -4.950446 4.156349 4.848001 -1.552284 4.852322 4.036177 4.928880 3.426401 -3.728204
428 -2.2876076957 4.901699 -3.437716 -4.941714 -1.839205 3.863663 -1.869050 -4.929147 4.225554 4.848392 -1.639811 4.843892 4.030723 4.992361 3.509380 -3.724628
429 -2.0712085240 4.914541 -3.425158 -4.945950 -1.776692 3.698001 -1.915651 -5.000000 4.195882 4.947172 -1.563919 4.911322 3.970385 4.987987 3.474112 -3.651159
430 -2.0371687913 4.944035 -3.451371 -4.996400 -1.932606 3.900095 -1.828102 -4.952942 4.223451 4.834607 -1.568109 4.911739 4.053056 4.907162 3.451201 -3.650079
431 -2.2431787841 4.794301 -3.426128 -4.922902 -1.793151 3.824257 -1.905186 -4.981344 4.277686 4.875662 -1.562874 4.964406 4.006642 4.970462 3.488672 -3.738247
432 -2.1625514942 4.914207 -3.350529 -4.894790 -1.833732 3.764219 -1.773317 -5.000000 4.234773 4.903752 -1.558741 4.906220 4.004468 4.927211 3.562778 -3.661706
433 -1.8583252836 4.949082 -3.439108 -4.984252 -1.851839 3.841982 -1.808937 -4.970582 4.295044 4.938690 -1.522639 4.947645 3.941550 4.889055 3.485194 -3.672038
434 -2.0366514499 4.868370 -3.344931 -4.903710 -1.866002 3.780491 -1.792251 -5.000000 4.211737 4.898994 -1.599746 4.804311 3.992491 4.987086 3.432424 -3.696646
435 -2.1159601638 4.902320 -3.354375 -4.911295 -1.896202 3.783505 -1.808519 -5.000000 4.265083 4.884495 -1.658048 4.927769 4.005839 4.907690 3.414777 -3.656558
436 -2.0467798723 4.889998 -3.374400 -4.983360 -1.824940 3.819169 -1.696987 -5.000000 4.211511 4.896370 -1.551384 4.883960 3.997424 4.905462 3.432084 -3.683499
437 -2.0181361802 4.919001 -3.387544 -4.931212 -1.914065 3.840677 -1.852934 -4.996625 4.187780 4.859845 -1.553813 4.920186 3.931333 4.954236 3.461608 -3.672975
438 -2.2436745157 4.954483 -3.429246 -4.989584 -1.865732 3.801201 -1.785457 -5.000000 4.243555 4.948969 -1.636681 4.815154 4.007271 4.898706 3.457595 -3.726156
439 -2.2479454034 4.832705 -3.410507 -4.940499 -1.833713 3.872129 -1.828737 -4.997237 4.278373 4.877733 -1.550828 4.934390 4.024952 4.884246 3.466092 -3.735934
440 -2.0463484792 4.815723 -3.412047 -5.000000 -1.902696 3.847548 -1.811239 -4.946397 4.328790 4.902829 -1.551036 4.870161 4.009009 4.920903 3.497562 -3.712058
441 -2.3248886639 4.911088 -3.467568 -4.908126 -1.783293 3.861572 -1.839725 -4.978761 4.219060 4.876019 -1.571234 4.956128 3.997413 4.947894 3.472482 -3.718289
442 -2.1731848944 4.916436 -3.359664 -4.889899 -1.871570 3.844917 -1.699615 -4.990938 4.216697 4.870207 -1.603890 4.860251 4.000998 4.892409 3.463614 -3.693826
443 -2.2530455843 4.889879 -3.377424 -4.942316 -1.891926 3.804602 -1.880156 -4.986337 4.263103 4.873790 -1.584148 4.892815 4.058819 4.952037 3.495217 -3.653497
444 -2.2996869215 4.916301 -3.405283 -4.864282 -1.901771 3.854189 -1.815581 -5.000000 4.257981 4.886134 -1.598392 4.868146 4.026449 4.890120 3.549458 -3.724243
445 -2.2888054882 4.894869 -3.380671 -4.875078 -1.875455 3.792488 -1.865921 -4.936037 4.283597 4.880200 -1.656944 4.938763 4.043682 4.955673 3.463150 -3.682980
446 -2.2109879314 4.888229 -3.477964 -4.884943 -1.890735 3.856572 -1.815287 -4.977731 4.233557 4.860823 -1.568242 4.888663 4.069296 4.928689 3.497433 -3.679615
447 -2.1137833503 4.957365 -3.407766 -4.944480 -1.879991 3.822247 -1.790691 -5.000000 4.263061 4.936006 -1.543707 4.885610 3.988405 4.949133 3.524771 -3.678740
448 -2.2502044050 4.967456 -3.421114 -4.951522 -1.886280 3.883924 -1.817594 -5.000000 4.214442 4.927497 -1.585364 4.811090 4.069969 4.916207 3.465604 -3.710085
449 -2.0905517174 4.885886 -3.421033 -4.998135 -1.891197 3.777238 -1.811568 -4.991353 4.177853 4.805616 -1.560428 4.909706 3.964841 4.955709 3.472372 -3.698780
450 -2.2389848069 4.875887 -3.467617 -4.922863 -1.877192 3.778399 -1.821046 -4.937436 4.168945 4.938167 -1.582799 4.952530 4.043614 4.910078 3.460447 -3.692342
451 -2.0697589330 4.922770 -3.404817 -4.913840 -1.890147 3.821510 -1.890923 -4.987043 4.211642 4.883435 -1.566786 4.932960 3.962679 4.853228 3.497513 -3.663687
