evaluations raw_y x0 x1 x2 x3 x4 x5 x6 x7 x8 x9 x10 x11 x12 x13 x14
1 1.0234335176 -4.843298 -4.634772 -3.048769 0.743689 -2.862266 1.109233 2.230034 -0.978838 0.481081 -3.987728 -0.830516 -2.988414 4.585718 -0.067521 -1.979424
2 0.9258450092 -1.552094 0.642788 -1.983523 0.612696 -4.539063 -2.902880 -0.691481 0.255260 -1.560444 4.472342 4.387302 1.039886 3.133816 -3.642955 2.962139
3 0.9128942748 -1.067658 4.929338 -4.904780 -4.406069 0.180095 -0.984383 4.115549 -3.992653 2.949757 2.511261 -4.358632 4.482700 2.251725 -0.255873 4.755749
4 0.0250514457 4.298073 -4.193391 4.718877 -4.889385 1.955874 -2.831362 -4.238472 4.505683 0.053964 -4.727495 -0.028687 -3.899192 -4.686149 -1.571717 -3.656811
5 2.5178966365 -4.128322 -1.327971 -2.137516 2.105091 1.404876 -0.577638 4.396097 2.077981 -0.728638 2.322455 0.133018 4.380333 1.570754 0.317975 4.781477
6 1.4100944115 -1.377002 1.057939 1.433292 -4.012014 -0.761977 4.242594 0.586343 -0.654733 -3.687877 0.617645 -0.855450 -4.005585 -1.969397 2.913618 -3.331829
7 -0.4837274502 4.695900 1.666450 4.278713 3.391901 -4.962929 -4.362092 -4.320745 -2.802970 1.906008 -1.820885 -0.909183 2.431666 -3.591980 -0.477455 -4.702138
8 1.5779298458 2.721051 0.193582 0.274488 -2.940881 -4.369345 0.348454 -1.708161 3.123476 -3.201110 -0.179705 3.527061 3.265289 0.137119 0.931666 1.046904
9 -0.0782070873 -4.924783 -1.324120 -4.125854 -0.439982 0.905213 4.043571 -1.744701 -4.904096 -1.936884 -1.084700 0.006467 3.154571 -0.513006 -2.429355 2.232382
10 0.8157746864 -1.735762 -4.431346 -3.028956 -0.283953 -3.811030 1.504615 -1.531458 0.771129 3.932288 3.243562 -1.458401 -0.730383 4.208578 -0.084212 0.781507
11 0.5806808162 -2.862177 -4.399443 -1.945526 4.614084 2.098116 -4.313726 3.239587 2.224167 4.094715 -2.101411 2.691267 0.059517 0.505271 -2.022246 -3.031446
12 2.6302872077 0.733985 -2.463575 2.557995 1.832175 1.844542 -1.737181 0.056794 -0.779330 1.733377 -4.222093 3.296116 4.023415 -2.477763 1.838238 0.114675
13 0.4441016789 1.437439 -2.674318 -4.915731 -1.515462 0.861622 3.443243 2.064477 1.109864 -0.027927 -2.636308 -4.820304 2.601957 -1.178004 2.393105 -3.003883
14 -0.3383444668 3.990058 2.926583 3.993593 -2.545774 -3.296065 -0.428385 0.689347 -3.449060 -4.426628 -2.063503 4.231792 0.252507 -1.794345 -2.935892 -1.481135
15 1.5074274043 4.608145 0.166510 0.962672 2.761437 2.151080 4.067366 -1.972049 -1.705644 -3.885384 3.149029 -3.435144 0.000060 -4.545746 -0.936675 -4.484931
16 1.0598328064 4.076112 2.724741 -4.051132 1.950432 3.513390 -2.364748 1.139791 -3.895392 -0.712281 -2.924642 1.091592 0.182476 -2.160304 -1.630616 -0.329807
17 1.5817394785 2.871607 3.294825 1.703414 -1.527061 -1.226733 4.471663 -3.744912 0.529920 0.821266 -3.319647 2.795157 -4.431204 -3.107793 0.767643 -0.573753
18 2.3424004338 -1.250116 3.375501 -0.789693 -2.503976 -0.389785 -1.304111 0.136494 -4.375053 0.350411 1.783175 -0.212964 -4.384231 -3.846298 0.697424 1.718589
19 0.9490331619 4.521090 3.434952 1.165866 -2.783374 1.462758 4.573125 -4.000606 3.794575 -2.857716 1.153974 4.917950 1.311411 -2.097229 1.483481 -1.700866
20 2.7982761974 -3.352067 4.517135 2.222930 0.438324 -0.897387 0.176528 0.646448 0.256275 -2.705893 2.008246 -0.735211 -4.652586 -1.504586 1.199666 -0.584235
21 -0.2721552458 4.249041 -2.706335 4.372329 -4.503233 -2.883568 3.702011 -4.768986 -1.502743 2.291576 1.048559 -0.506204 4.091572 2.649623 -1.441869 -2.464811
22 0.7429501883 4.918427 -2.524949 -4.730062 0.700222 -3.852313 0.341544 -3.061183 -0.696687 1.428263 2.962475 -0.411372 1.041878 -4.486029 -3.568845 -3.515113
23 1.2075298958 2.910386 -4.654569 0.996339 1.640201 1.677982 -1.853282 -2.150450 4.707478 -0.397661 -4.201240 1.798528 -3.333220 4.824532 1.578292 -1.338757
24 0.9096289120 0.189164 0.531950 -0.537920 1.249892 -3.026789 -0.416819 -3.423165 -3.512899 -2.803318 1.407532 1.583457 -2.032045 -4.185701 -1.542570 4.858389
25 1.3278118105 2.811251 4.781366 -0.851511 0.533621 -4.125948 1.362319 -3.609875 1.612066 4.399108 -4.190935 1.857452 -2.519618 -0.069758 -1.397607 -0.351029
26 1.2149071762 0.774356 4.698689 -4.972665 -3.841310 0.392380 3.699313 2.969141 -0.190592 1.475400 0.806787 3.924910 1.533819 4.430182 -3.126523 -0.237953
27 0.7876009627 4.444127 -4.314446 0.791792 -3.002161 -3.965240 0.855848 -3.928418 4.447984 3.075060 -0.797453 -3.766844 -0.162373 2.236738 1.365054 -3.718555
28 0.6877797016 2.704555 -1.399462 -4.531791 4.905783 -0.177681 3.185020 -2.793221 2.603566 4.697743 -0.526730 -2.860156 3.658151 0.888559 -1.385472 -0.164536
29 0.4048767571 2.595195 -4.226923 -0.570345 -1.064208 1.851170 -3.294743 -3.828766 2.343864 3.451233 4.122144 3.884839 3.962117 3.053155 -4.384741 -3.230537
30 0.5863334481 4.799814 -4.058073 3.799297 -3.928275 1.832763 -3.640207 1.186580 -3.469527 -3.600490 2.733855 -2.554687 -0.887761 3.014452 1.268488 -4.543791
31 0.8369596423 2.191770 3.996390 3.991126 4.066072 3.881121 0.912168 0.695369 -4.325672 -1.375709 -0.638356 3.025569 -4.681153 1.325636 1.225342 0.026572
32 0.8197651891 -4.307003 -1.866489 -4.626731 1.284727 -4.097438 -4.107409 4.191663 -3.083439 1.887381 2.956448 2.629826 -1.957620 -1.919364 2.650955 4.797400
33 0.8254218010 -0.954937 -1.724411 -0.599196 4.373649 3.980095 -2.240640 -4.490762 0.074357 -1.658655 2.072272 -1.924675 -4.487982 -0.957308 0.270260 2.725779
34 2.0831138721 -3.381445 1.094146 3.618675 2.647762 -4.708774 -4.057726 2.907923 4.687022 4.746979 -1.338516 0.409236 4.412345 -4.097105 -0.287246 2.687717
35 0.8397691123 -1.161555 2.062430 4.298235 -3.819476 -2.474217 4.492162 -0.183878 0.237359 -0.099893 -1.855580 -0.242219 3.625631 4.409635 2.533933 -4.103629
36 1.9033576944 1.150057 -3.445516 2.225485 3.947170 -4.552288 -0.730597 0.617171 -0.318797 -2.531495 -0.372257 1.045130 0.442834 1.273324 -2.870810 2.420421
37 0.5676706627 3.701931 -1.717300 0.735280 4.422993 -4.180340 2.650669 0.038738 2.465923 -3.576553 -3.865864 4.102687 3.800769 -1.746486 4.263601 1.894367
38 0.9807336242 -4.796244 4.577832 3.276041 -1.249819 -0.516545 0.876318 0.341568 -3.882902 -3.151139 -4.362998 3.766230 1.459196 1.803591 -4.469223 -1.808205
39 0.3980883203 -4.541107 -0.575074 -4.172264 -0.766909 2.811736 -3.254659 -1.767666 -4.021407 3.405475 -0.778693 2.361267 2.009511 2.131963 -1.927476 -1.111915
40 -0.1941360385 4.125507 3.257470 -3.465630 3.724434 0.811506 -2.730582 2.339502 -0.019772 -3.333021 -3.280559 -0.374775 -0.333546 4.072715 -2.260167 -0.507569
41 0.9568548745 4.323225 -4.052811 -0.360067 -3.256580 -2.443090 3.756207 3.116344 0.527232 -1.705631 2.115808 0.821930 0.924893 4.332994 -3.038771 -0.208983
42 1.5004001335 1.079307 2.920284 0.170877 -0.471154 -0.817742 4.458123 -1.579125 2.490611 4.125971 -2.016140 -4.769325 -0.698457 3.052432 -0.210428 -4.105480
43 1.1011819183 -0.601659 -3.462142 4.233199 0.347974 4.734324 -0.101099 -1.327960 1.260928 2.291776 -0.313236 -4.472775 3.839472 0.990773 4.394204 3.279699
44 1.5999276534 -0.512395 -1.692954 -2.596179 -0.888057 3.320859 -2.294310 1.184806 -4.004259 -0.370042 -3.265657 3.311585 -1.012315 -2.727044 2.824920 1.208489
45 2.2176592481 0.101449 -2.173605 1.652538 1.574926 0.939578 -4.190440 -0.232140 -2.091076 0.504590 3.209665 0.036593 3.670163 4.599913 2.344982 0.423231
46 0.7785616015 5.000000 3.889900 4.460221 0.641075 -5.000000 -1.396185 -3.228994 -5.000000 -2.065233 -1.336408 1.980322 2.160129 -1.744994 -2.265327 -4.560015
47 -0.0378174212 5.000000 1.716015 4.989414 -3.706057 -4.252058 0.907983 -0.379408 -3.320585 -4.228673 -0.845465 4.901691 2.891484 -0.838760 -4.204986 -1.761647
48 1.0056975485 5.000000 3.067375 5.000000 4.262318 -5.000000 -5.000000 -5.000000 -3.046650 3.004799 -2.668361 -1.048322 0.856585 -2.568619 0.242033 -5.000000
49 0.9215081475 5.000000 2.404116 1.282295 1.565839 -2.038114 -2.781663 1.115886 -1.856133 -5.000000 -3.973909 1.320164 0.500067 1.987898 -2.930489 -1.918183
50 0.1947299325 5.000000 0.910430 -4.406477 3.157083 -5.000000 -5.000000 -4.943000 -3.276810 2.101433 -2.118611 -0.896522 4.208683 -3.847296 -1.050032 -5.000000
51 1.2141876709 4.669832 0.113712 5.000000 -3.419023 -2.398501 0.195285 -2.265169 -2.436252 -2.006672 -1.761963 2.327268 1.372707 -1.212735 -2.579484 -2.731809
52 0.8495691624 4.599788 -1.796787 -0.036457 -0.542423 -2.775435 -2.786116 -4.411771 -2.478549 0.455014 -0.820210 0.084642 5.000000 -3.999043 -2.539518 -4.150999
53 1.0528310712 5.000000 -0.254785 4.392659 -5.000000 -5.000000 -1.499367 0.447706 -3.373041 -5.000000 -0.692717 2.917981 2.999132 -1.074329 -4.186715 -3.608328
54 0.2071283955 5.000000 1.056387 5.000000 3.309759 -5.000000 -5.000000 -5.000000 -3.734100 2.224800 -1.996348 -0.785739 3.868951 -3.995251 -0.854654 -5.000000
55 0.3306441592 4.493862 -0.179807 5.000000 3.089584 -5.000000 -5.000000 -3.955378 -3.455438 1.281850 -0.531778 -0.635302 4.126192 -4.905180 -0.971443 -4.693982
56 0.5995510339 3.933549 -3.344678 5.000000 -5.000000 0.658597 1.078619 -4.618129 0.456348 1.354730 -0.416440 1.376927 1.048795 -0.231628 -2.843600 -2.586019
57 1.1768762969 4.645853 1.656920 5.000000 2.822525 -5.000000 -3.032703 -3.962866 -2.377187 1.474904 -1.974590 -1.153980 3.090300 -3.577279 -0.841502 -4.577883
58 0.5110453558 -1.188053 -2.152269 -0.635721 -1.960534 -1.072664 3.776746 -3.812921 -3.265934 1.324481 -0.874072 -0.218017 5.000000 1.796653 -2.137736 0.605363
59 -0.5432994468 5.000000 -5.000000 5.000000 -5.000000 -5.000000 5.000000 -5.000000 -3.728857 5.000000 4.261016 -0.613996 5.000000 5.000000 -0.716589 -1.611579
60 -0.5819271398 5.000000 4.261487 -5.000000 5.000000 -1.910058 -4.789600 3.373484 4.352467 -5.000000 -5.000000 -2.004709 -2.404815 5.000000 -4.815024 -2.876580
61 -0.4309638902 5.000000 5.000000 5.000000 -2.133301 -5.000000 0.579279 3.009570 -5.000000 -5.000000 -4.726330 5.000000 -2.239767 -1.926999 -5.000000 -0.686289
62 -0.7686327188 5.000000 -5.000000 5.000000 -5.000000 -5.000000 5.000000 -5.000000 -5.000000 5.000000 -4.271172 -1.683766 5.000000 5.000000 -5.000000 2.201989
63 -0.1736601296 1.791996 -5.000000 5.000000 -5.000000 -5.000000 5.000000 -5.000000 -5.000000 0.191435 5.000000 -1.981761 5.000000 5.000000 -5.000000 5.000000
64 -0.2517891984 5.000000 -5.000000 5.000000 -5.000000 5.000000 5.000000 -5.000000 -5.000000 5.000000 -5.000000 -1.552556 5.000000 5.000000 1.824810 4.776237
65 -0.1699394582 5.000000 -5.000000 4.951211 -3.447421 0.082548 -5.000000 -5.000000 3.581191 -0.881211 -5.000000 -4.446180 -5.000000 -5.000000 -5.000000 -5.000000
66 -0.6090571766 5.000000 -5.000000 5.000000 5.000000 -5.000000 5.000000 -5.000000 -5.000000 5.000000 -5.000000 -1.253834 5.000000 5.000000 -5.000000 -5.000000
67 -0.9168822882 5.000000 5.000000 -5.000000 5.000000 -5.000000 -5.000000 -0.544000 5.000000 -5.000000 -5.000000 -1.828414 -5.000000 5.000000 -5.000000 5.000000
68 -0.6240102692 5.000000 5.000000 -5.000000 5.000000 5.000000 -5.000000 -2.502026 5.000000 -5.000000 -5.000000 -0.740941 -5.000000 5.000000 -5.000000 -5.000000
69 0.0746176601 5.000000 3.197364 -5.000000 5.000000 -5.000000 -5.000000 -1.140973 -5.000000 -5.000000 -5.000000 -4.040807 -5.000000 5.000000 -5.000000 5.000000
70 -0.3565566847 5.000000 5.000000 -5.000000 5.000000 -5.000000 -5.000000 1.431111 5.000000 -5.000000 -5.000000 1.419336 -5.000000 5.000000 -5.000000 5.000000
71 -1.2356471856 5.000000 5.000000 -5.000000 5.000000 -5.000000 -4.323263 -1.513245 5.000000 -5.000000 -5.000000 -1.785627 5.000000 5.000000 -5.000000 5.000000
72 -1.2359040250 5.000000 5.000000 -5.000000 5.000000 -5.000000 -2.895407 -4.939126 5.000000 -5.000000 -5.000000 -1.975428 5.000000 5.000000 -5.000000 5.000000
73 -1.1331876555 5.000000 5.000000 -5.000000 5.000000 -5.000000 -3.258212 -3.345472 5.000000 -5.000000 -5.000000 -3.170519 5.000000 5.000000 -5.000000 -5.000000
74 -0.8256892495 5.000000 5.000000 -5.000000 -5.000000 -5.000000 -3.909575 -5.000000 5.000000 -5.000000 -5.000000 -2.028055 5.000000 5.000000 -5.000000 5.000000
75 -0.5966983222 -1.439864 5.000000 -5.000000 5.000000 -5.000000 -3.835518 -5.000000 5.000000 -5.000000 -5.000000 -2.147088 5.000000 5.000000 -5.000000 5.000000
76 -0.3356191667 5.000000 5.000000 -5.000000 5.000000 -5.000000 -3.870737 -2.914853 5.000000 1.574857 -5.000000 -2.636476 5.000000 5.000000 -5.000000 5.000000
77 -0.3583515653 5.000000 5.000000 -5.000000 5.000000 -5.000000 -2.325742 -1.935569 5.000000 -5.000000 -5.000000 -1.333694 5.000000 5.000000 -5.000000 -5.000000
78 -0.6472657133 -5.000000 -5.000000 -5.000000 5.000000 -5.000000 5.000000 -5.000000 -5.000000 -5.000000 -5.000000 3.337193 5.000000 -5.000000 5.000000 5.000000
79 -1.2438311306 5.000000 5.000000 -5.000000 5.000000 5.000000 -4.310802 -5.000000 5.000000 -5.000000 5.000000 -5.000000 5.000000 5.000000 -5.000000 5.000000
80 -1.2809455894 5.000000 5.000000 -5.000000 5.000000 5.000000 -4.530175 -5.000000 5.000000 -5.000000 -5.000000 -5.000000 5.000000 5.000000 3.753527 5.000000
81 -0.5952187578 5.000000 5.000000 -5.000000 5.000000 -5.000000 -5.000000 -5.000000 5.000000 -5.000000 5.000000 -5.000000 5.000000 -5.000000 3.312479 5.000000
82 -0.6330594824 5.000000 0.876077 -5.000000 5.000000 5.000000 -4.150393 -5.000000 5.000000 -5.000000 -5.000000 -5.000000 5.000000 5.000000 -5.000000 5.000000
83 -1.1956363163 5.000000 5.000000 -2.194777 5.000000 5.000000 -5.000000 -5.000000 5.000000 -5.000000 -5.000000 -5.000000 5.000000 5.000000 -5.000000 5.000000
84 -1.0609579764 -5.000000 -5.000000 -5.000000 5.000000 -5.000000 -5.000000 -5.000000 5.000000 5.000000 -5.000000 5.000000 -5.000000 5.000000 -5.000000 -5.000000
85 -1.0609579764 5.000000 5.000000 5.000000 5.000000 5.000000 -5.000000 -5.000000 -5.000000 -5.000000 5.000000 5.000000 -5.000000 -5.000000 -5.000000 5.000000
86 -1.2020088947 5.000000 5.000000 -3.606241 5.000000 5.000000 -5.000000 -5.000000 5.000000 -5.000000 5.000000 -2.348590 5.000000 5.000000 -5.000000 5.000000
87 -0.6215370044 -5.000000 -5.000000 -5.000000 -5.000000 3.444656 5.000000 -5.000000 -5.000000 -5.000000 -5.000000 -4.057477 5.000000 5.000000 -5.000000 5.000000
88 -1.0609579764 -5.000000 -5.000000 -5.000000 5.000000 5.000000 -5.000000 -5.000000 5.000000 5.000000 5.000000 5.000000 -5.000000 -5.000000 -5.000000 5.000000
89 -1.0609579764 -5.000000 -5.000000 -5.000000 -5.000000 5.000000 -5.000000 -5.000000 5.000000 5.000000 5.000000 5.000000 -5.000000 -5.000000 -5.000000 -5.000000
90 -0.8578084960 -5.000000 -5.000000 -5.000000 5.000000 5.000000 5.000000 -5.000000 -5.000000 -5.000000 4.181325 5.000000 -5.000000 5.000000 -5.000000 -5.000000
91 -1.0609579764 -5.000000 -5.000000 5.000000 5.000000 -5.000000 5.000000 -5.000000 -5.000000 -5.000000 -5.000000 5.000000 -5.000000 5.000000 -5.000000 -5.000000
92 -1.0609579764 5.000000 -5.000000 -5.000000 5.000000 5.000000 -5.000000 -5.000000 5.000000 5.000000 5.000000 5.000000 -5.000000 5.000000 -5.000000 -5.000000
93 -1.0609579764 -5.000000 -5.000000 5.000000 5.000000 -5.000000 5.000000 -5.000000 -5.000000 5.000000 -5.000000 5.000000 -5.000000 5.000000 -5.000000 -5.000000
94 -1.0609579764 5.000000 5.000000 5.000000 -5.000000 5.000000 -5.000000 -5.000000 5.000000 -5.000000 -5.000000 5.000000 -5.000000 -5.000000 -5.000000 5.000000
95 -1.0609579764 -5.000000 -5.000000 5.000000 5.000000 -5.000000 5.000000 5.000000 -5.000000 -5.000000 -5.000000 5.000000 -5.000000 5.000000 5.000000 -5.000000
96 -1.0609579764 -5.000000 -5.000000 5.000000 5.000000 -5.000000 5.000000 -5.000000 -5.000000 -5.000000 -5.000000 5.000000 5.000000 -5.000000 5.000000 -5.000000
97 -1.0405597484 -5.000000 -5.000000 5.000000 -5.000000 -5.000000 5.000000 3.460912 -5.000000 -5.000000 -5.000000 5.000000 5.000000 -5.000000 -5.000000 -5.000000
98 -0.9434836415 -5.000000 -5.000000 -5.000000 5.000000 2.527436 5.000000 -5.000000 -5.000000 5.000000 -5.000000 5.000000 5.000000 5.000000 -5.000000 5.000000
99 -1.0609579764 -5.000000 -5.000000 -5.000000 5.000000 -5.000000 5.000000 -5.000000 -5.000000 5.000000 -5.000000 5.000000 -5.000000 -5.000000 5.000000 -5.000000
100 -1.0609579764 -5.000000 5.000000 -5.000000 5.000000 5.000000 -5.000000 -5.000000 5.000000 -5.000000 5.000000 5.000000 5.000000 5.000000 -5.000000 5.000000
101 -0.9353264520 5.000000 -5.000000 5.000000 5.000000 -5.000000 5.000000 -5.000000 5.000000 5.000000 -5.000000 5.000000 5.000000 -1.299031 -5.000000 5.000000
102 -1.0609579764 5.000000 5.000000 -5.000000 5.000000 5.000000 -5.000000 -5.000000 5.000000 5.000000 -5.000000 5.000000 5.000000 5.000000 -5.000000 5.000000
103 -1.0609579764 5.000000 -5.000000 5.000000 5.000000 -5.000000 5.000000 5.000000 -5.000000 5.000000 -5.000000 5.000000 5.000000 5.000000 -5.000000 -5.000000
104 -0.8510585886 5.000000 5.000000 -2.721473 5.000000 5.000000 -5.000000 -5.000000 5.000000 -5.000000 -5.000000 5.000000 5.000000 5.000000 -5.000000 5.000000
105 -1.0609579764 5.000000 -5.000000 -5.000000 -5.000000 5.000000 -5.000000 -5.000000 5.000000 -5.000000 -5.000000 5.000000 -5.000000 -5.000000 -5.000000 5.000000
106 -1.0609579764 -5.000000 -5.000000 -5.000000 5.000000 5.000000 -5.000000 -5.000000 5.000000 -5.000000 -5.000000 5.000000 -5.000000 -5.000000 -5.000000 -5.000000
107 -1.0609579764 -5.000000 5.000000 -5.000000 5.000000 5.000000 -5.000000 -5.000000 5.000000 -5.000000 -5.000000 5.000000 -5.000000 -5.000000 -5.000000 -5.000000
108 -1.0658232955 5.000000 -5.000000 5.000000 -5.000000 4.977992 5.000000 5.000000 5.000000 -5.000000 -5.000000 5.000000 -5.000000 -5.000000 5.000000 5.000000
109 -1.0609579764 -5.000000 -5.000000 5.000000 -5.000000 -5.000000 5.000000 5.000000 -5.000000 5.000000 -5.000000 5.000000 -5.000000 -5.000000 5.000000 5.000000
110 -0.9186638836 -5.000000 -5.000000 5.000000 -2.477975 -5.000000 5.000000 5.000000 5.000000 5.000000 -5.000000 5.000000 5.000000 5.000000 5.000000 -5.000000
111 -0.9484836736 -5.000000 -5.000000 -5.000000 5.000000 5.000000 -5.000000 -5.000000 5.000000 -5.000000 -5.000000 -5.000000 -5.000000 -4.212700 5.000000 -5.000000
112 -1.0609579764 5.000000 5.000000 -5.000000 -5.000000 5.000000 -5.000000 -5.000000 5.000000 -5.000000 -5.000000 -5.000000 5.000000 5.000000 -5.000000 -5.000000
113 -0.6001274765 5.000000 5.000000 -5.000000 -1.032297 5.000000 -5.000000 -5.000000 5.000000 -5.000000 5.000000 5.000000 -5.000000 -5.000000 -5.000000 5.000000
114 -1.0609579764 5.000000 -5.000000 -5.000000 -5.000000 5.000000 -5.000000 5.000000 5.000000 -5.000000 -5.000000 -5.000000 -5.000000 -5.000000 -5.000000 -5.000000
115 -1.0609579764 5.000000 -5.000000 5.000000 -5.000000 -5.000000 5.000000 -5.000000 -5.000000 -5.000000 -5.000000 5.000000 5.000000 5.000000 5.000000 -5.000000
116 -1.0609579764 -5.000000 -5.000000 -5.000000 -5.000000 5.000000 -5.000000 5.000000 5.000000 -5.000000 -5.000000 -5.000000 -5.000000 5.000000 -5.000000 -5.000000
117 -1.0609579764 -5.000000 -5.000000 5.000000 5.000000 5.000000 5.000000 -5.000000 -5.000000 5.000000 -5.000000 5.000000 5.000000 -5.000000 -5.000000 -5.000000
118 -1.0609579764 -5.000000 -5.000000 5.000000 5.000000 5.000000 5.000000 -5.000000 5.000000 -5.000000 -5.000000 5.000000 5.000000 -5.000000 -5.000000 5.000000
119 -1.0609579764 -5.000000 -5.000000 -5.000000 5.000000 5.000000 -5.000000 -5.000000 5.000000 5.000000 -5.000000 -5.000000 5.000000 -5.000000 -5.000000 -5.000000
120 -1.0609579764 5.000000 5.000000 -5.000000 -5.000000 5.000000 -5.000000 5.000000 5.000000 -5.000000 -5.000000 -5.000000 5.000000 5.000000 -5.000000 -5.000000
121 -1.0609579764 -5.000000 -5.000000 -5.000000 -5.000000 5.000000 5.000000 -5.000000 5.000000 5.000000 -5.000000 5.000000 -5.000000 5.000000 5.000000 -5.000000
122 -0.4882820338 -5.000000 -5.000000 5.000000 -2.281842 2.288212 5.000000 5.000000 5.000000 5.000000 -5.000000 -5.000000 -5.000000 -5.000000 5.000000 -5.000000
123 -1.0609579764 -5.000000 -5.000000 -5.000000 -5.000000 5.000000 -5.000000 -5.000000 5.000000 -5.000000 5.000000 -5.000000 5.000000 5.000000 -5.000000 -5.000000
124 -1.0609579764 5.000000 -5.000000 5.000000 -5.000000 5.000000 5.000000 5.000000 5.000000 -5.000000 5.000000 5.000000 5.000000 5.000000 -5.000000 -5.000000
125 -1.1493746155 -5.000000 -5.000000 5.000000 -4.170246 -5.000000 5.000000 -5.000000 5.000000 5.000000 5.000000 5.000000 -5.000000 5.000000 5.000000 -5.000000
126 -1.0609579764 -5.000000 -5.000000 -5.000000 -5.000000 -5.000000 -5.000000 -5.000000 -5.000000 5.000000 -5.000000 -5.000000 -5.000000 -5.000000 -5.000000 -5.000000
127 -0.8476489950 -5.000000 -1.625931 5.000000 -5.000000 5.000000 5.000000 5.000000 -5.000000 -5.000000 -5.000000 5.000000 5.000000 5.000000 -5.000000 5.000000
128 -0.8841595268 5.000000 -5.000000 -5.000000 1.258515 5.000000 -5.000000 -5.000000 5.000000 -5.000000 -5.000000 -5.000000 -5.000000 5.000000 -5.000000 -5.000000
129 -1.0609579764 5.000000 5.000000 5.000000 5.000000 5.000000 -5.000000 5.000000 5.000000 -5.000000 -5.000000 5.000000 5.000000 5.000000 -5.000000 -5.000000
130 -0.6465668013 -5.000000 5.000000 -5.000000 5.000000 5.000000 -5.000000 -5.000000 5.000000 -5.000000 -5.000000 -5.000000 5.000000 5.000000 -5.000000 3.405041
131 -0.4239912483 -5.000000 -5.000000 0.355348 -5.000000 -5.000000 5.000000 -5.000000 -5.000000 5.000000 -5.000000 5.000000 -5.000000 5.000000 -5.000000 -5.000000
132 -1.0609579764 -5.000000 -5.000000 -5.000000 -5.000000 5.000000 -5.000000 5.000000 5.000000 5.000000 -5.000000 -5.000000 -5.000000 -5.000000 5.000000 -5.000000
133 -0.5823712832 -5.000000 -5.000000 -5.000000 5.000000 5.000000 -5.000000 -5.000000 -5.000000 -5.000000 5.000000 0.489090 -5.000000 5.000000 -5.000000 -5.000000
134 -1.0609579764 -5.000000 -5.000000 5.000000 5.000000 5.000000 5.000000 -5.000000 5.000000 -5.000000 -5.000000 5.000000 -5.000000 5.000000 5.000000 -5.000000
135 -1.0609579764 5.000000 -5.000000 -5.000000 5.000000 -5.000000 -5.000000 5.000000 5.000000 5.000000 5.000000 -5.000000 5.000000 5.000000 -5.000000 5.000000
136 -1.2027891711 5.000000 -5.000000 5.000000 -2.829086 -5.000000 5.000000 -5.000000 5.000000 -5.000000 -5.000000 5.000000 -5.000000 -5.000000 5.000000 -5.000000
137 -1.0609579764 5.000000 -5.000000 5.000000 5.000000 5.000000 5.000000 -5.000000 5.000000 -5.000000 5.000000 5.000000 -5.000000 5.000000 -5.000000 -5.000000
138 -0.8080004809 -5.000000 -5.000000 -5.000000 5.000000 -5.000000 -5.000000 5.000000 5.000000 -5.000000 1.470255 -5.000000 5.000000 -5.000000 -5.000000 5.000000
139 -1.0609579764 5.000000 5.000000 5.000000 -5.000000 -5.000000 -5.000000 5.000000 -5.000000 -5.000000 5.000000 5.000000 5.000000 -5.000000 -5.000000 -5.000000
140 -0.9293706643 5.000000 -2.447888 5.000000 5.000000 -5.000000 5.000000 5.000000 -5.000000 -5.000000 -5.000000 5.000000 -5.000000 -5.000000 5.000000 -5.000000
141 -1.0609579764 -5.000000 -5.000000 -5.000000 5.000000 -5.000000 5.000000 5.000000 5.000000 5.000000 -5.000000 5.000000 -5.000000 -5.000000 5.000000 5.000000
142 -0.8953231576 5.000000 -5.000000 5.000000 -5.000000 -5.000000 5.000000 -0.462193 -5.000000 5.000000 -5.000000 5.000000 -5.000000 -5.000000 -5.000000 -5.000000
143 -1.0609579764 -5.000000 -5.000000 -5.000000 -5.000000 5.000000 5.000000 5.000000 -5.000000 -5.000000 -5.000000 5.000000 5.000000 -5.000000 -5.000000 -5.000000
144 0.1835888759 5.000000 0.268260 5.000000 5.000000 5.000000 5.000000 -0.552555 5.000000 3.527133 4.997707 -5.000000 5.000000 5.000000 -5.000000 3.752382
145 -1.3354840863 5.000000 -3.251686 5.000000 5.000000 5.000000 5.000000 -5.000000 5.000000 5.000000 5.000000 5.000000 5.000000 -5.000000 5.000000 -5.000000
146 -1.0609579764 5.000000 -5.000000 -5.000000 5.000000 5.000000 5.000000 5.000000 -5.000000 5.000000 5.000000 5.000000 -5.000000 -5.000000 5.000000 -5.000000
147 -1.0609579764 5.000000 -5.000000 -5.000000 -5.000000 5.000000 -5.000000 -5.000000 5.000000 5.000000 5.000000 -5.000000 5.000000 -5.000000 5.000000 5.000000
148 -0.9144166287 -5.000000 -2.365180 5.000000 5.000000 -5.000000 5.000000 -5.000000 5.000000 5.000000 5.000000 5.000000 -5.000000 -5.000000 -5.000000 -5.000000
149 -0.9943628944 5.000000 -2.600193 -5.000000 5.000000 -5.000000 5.000000 -5.000000 5.000000 -5.000000 -5.000000 5.000000 5.000000 5.000000 5.000000 -5.000000
150 -0.9915365501 -5.000000 -2.595309 -5.000000 5.000000 5.000000 5.000000 5.000000 -5.000000 -5.000000 -5.000000 5.000000 -5.000000 -5.000000 5.000000 -5.000000
151 -0.9217297194 -5.000000 -2.151724 -5.000000 -5.000000 5.000000 5.000000 -5.000000 5.000000 -5.000000 -5.000000 5.000000 5.000000 -5.000000 5.000000 -5.000000
152 -1.0609579764 -5.000000 5.000000 5.000000 5.000000 -5.000000 -5.000000 -5.000000 5.000000 -5.000000 5.000000 5.000000 5.000000 5.000000 -5.000000 -5.000000
153 -1.0609579764 -5.000000 -5.000000 -5.000000 5.000000 5.000000 5.000000 5.000000 5.000000 5.000000 -5.000000 5.000000 -5.000000 -5.000000 -5.000000 -5.000000
154 -0.9819117228 5.000000 -5.000000 -5.000000 -5.000000 5.000000 -2.543487 -5.000000 -5.000000 -5.000000 -5.000000 -5.000000 5.000000 -5.000000 -5.000000 5.000000
155 -1.2191073025 5.000000 -2.901929 5.000000 -5.000000 5.000000 5.000000 -5.000000 5.000000 5.000000 -5.000000 5.000000 -5.000000 5.000000 5.000000 -5.000000
156 0.5914647846 3.343146 -3.684614 -5.000000 -5.000000 5.000000 -3.264455 -4.079481 -5.000000 -5.000000 5.000000 4.224667 -2.818474 -5.000000 3.253754 3.356053
157 -1.0609579764 5.000000 -5.000000 -5.000000 5.000000 5.000000 5.000000 5.000000 5.000000 -5.000000 -5.000000 5.000000 -5.000000 -5.000000 -5.000000 5.000000
158 -1.1520378086 -5.000000 5.000000 -0.598641 5.000000 -5.000000 -5.000000 -5.000000 5.000000 5.000000 -5.000000 5.000000 5.000000 5.000000 -5.000000 -5.000000
159 -0.9112994700 -5.000000 -2.297031 -5.000000 5.000000 -5.000000 5.000000 -5.000000 -5.000000 5.000000 -5.000000 5.000000 -5.000000 -5.000000 -5.000000 5.000000
160 -1.0609579764 -5.000000 -5.000000 -5.000000 -5.000000 -5.000000 5.000000 5.000000 5.000000 -5.000000 5.000000 5.000000 5.000000 5.000000 5.000000 -5.000000
161 -1.0609579764 5.000000 5.000000 5.000000 5.000000 -5.000000 -5.000000 -5.000000 -5.000000 -5.000000 -5.000000 5.000000 5.000000 5.000000 -5.000000 -5.000000
162 -1.0325896342 -5.000000 -5.000000 -5.000000 -5.000000 5.000000 -2.972703 -5.000000 5.000000 5.000000 5.000000 -5.000000 -5.000000 -5.000000 -5.000000 -5.000000
163 -1.3425917568 -5.000000 -3.197026 -5.000000 5.000000 5.000000 5.000000 5.000000 5.000000 5.000000 5.000000 5.000000 5.000000 5.000000 -5.000000 5.000000
164 0.1780190970 -5.000000 -2.357262 -5.000000 2.579767 5.000000 -3.097118 1.177448 3.888530 4.397696 5.000000 5.000000 -0.063246 5.000000 -5.000000 -0.917895
165 -0.4999519132 -5.000000 5.000000 0.550584 -5.000000 5.000000 -5.000000 -5.000000 5.000000 -5.000000 5.000000 5.000000 -5.000000 5.000000 -5.000000 -5.000000
166 -1.2704638845 5.000000 -3.391869 -5.000000 5.000000 -5.000000 5.000000 5.000000 -5.000000 5.000000 -5.000000 5.000000 5.000000 5.000000 5.000000 5.000000
167 -0.0333767971 3.694098 3.137262 5.000000 -3.623549 4.874687 5.000000 5.000000 5.000000 -4.962237 -5.000000 -5.000000 5.000000 5.000000 -5.000000 1.801654
168 -1.1282131477 -5.000000 -3.557680 -5.000000 5.000000 5.000000 5.000000 5.000000 -5.000000 5.000000 5.000000 5.000000 5.000000 5.000000 5.000000 5.000000
169 -1.3276984009 -5.000000 -3.094530 5.000000 -5.000000 5.000000 5.000000 -5.000000 5.000000 -5.000000 5.000000 5.000000 5.000000 -5.000000 5.000000 5.000000
170 -1.0748987588 -5.000000 5.000000 -5.000000 5.000000 -5.000000 -2.914488 -5.000000 5.000000 5.000000 -5.000000 5.000000 5.000000 5.000000 -5.000000 -5.000000
171 0.6158356042 -4.350790 -1.612028 5.000000 3.832852 1.162268 -5.000000 3.839664 4.840612 5.000000 1.649677 5.000000 2.079267 5.000000 2.290557 5.000000
172 -1.0948685028 5.000000 -2.744536 5.000000 -5.000000 -5.000000 5.000000 -5.000000 5.000000 -5.000000 -5.000000 5.000000 5.000000 5.000000 -5.000000 -5.000000
173 -1.3164966549 -5.000000 -3.309464 -5.000000 -5.000000 5.000000 5.000000 5.000000 -5.000000 5.000000 5.000000 5.000000 -5.000000 5.000000 -5.000000 5.000000
174 -1.3426949609 5.000000 -3.182919 -5.000000 -5.000000 5.000000 5.000000 5.000000 -5.000000 5.000000 5.000000 5.000000 -5.000000 5.000000 -5.000000 5.000000
175 -1.3420109404 5.000000 -3.208147 -5.000000 -5.000000 5.000000 5.000000 5.000000 5.000000 5.000000 -5.000000 5.000000 5.000000 5.000000 -5.000000 -5.000000
176 -1.3312596310 5.000000 -3.268144 -5.000000 -5.000000 -5.000000 5.000000 5.000000 5.000000 5.000000 5.000000 5.000000 5.000000 5.000000 -5.000000 -5.000000
177 -1.3380769946 -5.000000 -3.136324 5.000000 -5.000000 5.000000 5.000000 -5.000000 5.000000 -5.000000 5.000000 5.000000 5.000000 5.000000 5.000000 -5.000000
178 -1.2971369125 5.000000 -3.022201 5.000000 -5.000000 5.000000 5.000000 -5.000000 -5.000000 -5.000000 5.000000 5.000000 5.000000 5.000000 5.000000 5.000000
179 -1.2443528372 5.000000 -2.936741 -5.000000 -5.000000 -5.000000 5.000000 5.000000 5.000000 -5.000000 5.000000 5.000000 -5.000000 5.000000 -5.000000 5.000000
180 -1.0609579764 -5.000000 5.000000 -5.000000 5.000000 -5.000000 -5.000000 -5.000000 5.000000 5.000000 -5.000000 5.000000 5.000000 5.000000 5.000000 -5.000000
181 -1.3378047076 -5.000000 -3.134826 -5.000000 -5.000000 5.000000 5.000000 5.000000 -5.000000 5.000000 -5.000000 5.000000 5.000000 5.000000 -5.000000 5.000000
182 -0.9666857858 5.000000 -5.000000 5.000000 -5.000000 -5.000000 -5.000000 -5.000000 5.000000 -5.000000 1.388556 5.000000 -5.000000 -5.000000 -5.000000 -5.000000
183 -1.3205275203 -5.000000 -3.073898 -5.000000 -5.000000 5.000000 5.000000 5.000000 5.000000 5.000000 5.000000 5.000000 5.000000 5.000000 -5.000000 5.000000
184 -1.0615978540 5.000000 5.000000 -2.355808 5.000000 5.000000 -5.000000 5.000000 5.000000 -5.000000 -5.000000 -5.000000 5.000000 5.000000 -5.000000 -5.000000
185 -0.6674943506 5.000000 5.000000 -2.971124 5.000000 5.000000 -4.044727 -5.000000 5.000000 -5.000000 -5.000000 -5.000000 5.000000 5.000000 -5.000000 -5.000000
186 -1.0271604088 5.000000 5.000000 5.000000 5.000000 5.000000 -2.980971 5.000000 -5.000000 -5.000000 -5.000000 5.000000 -5.000000 5.000000 -5.000000 5.000000
187 -1.0860215822 5.000000 -3.229122 -5.000000 -5.000000 5.000000 5.000000 1.877595 5.000000 5.000000 5.000000 5.000000 5.000000 -5.000000 -5.000000 5.000000
188 -1.3157354729 5.000000 -3.061820 5.000000 -5.000000 -5.000000 5.000000 -5.000000 5.000000 -5.000000 5.000000 5.000000 5.000000 -5.000000 5.000000 5.000000
189 -0.9481943447 5.000000 2.363039 5.000000 5.000000 -5.000000 -5.000000 -5.000000 -5.000000 -5.000000 -5.000000 5.000000 5.000000 5.000000 -5.000000 -5.000000
190 -1.1426997408 5.000000 5.000000 -5.000000 5.000000 5.000000 -2.719174 -5.000000 5.000000 -5.000000 -5.000000 5.000000 5.000000 5.000000 5.000000 -5.000000
191 -0.9194801683 5.000000 -5.000000 -5.000000 -5.000000 -5.000000 5.000000 5.000000 -2.953309 5.000000 -5.000000 5.000000 5.000000 5.000000 -5.000000 5.000000
192 -1.2412577457 -5.000000 -2.932341 -5.000000 -5.000000 -5.000000 5.000000 5.000000 5.000000 5.000000 5.000000 5.000000 -5.000000 5.000000 -5.000000 -5.000000
193 -1.0950848921 5.000000 5.000000 5.000000 5.000000 -5.000000 -2.886975 -5.000000 5.000000 -5.000000 -5.000000 5.000000 5.000000 -5.000000 -5.000000 5.000000
194 -0.9112802415 5.000000 5.000000 5.000000 5.000000 -5.000000 -3.632782 0.638374 5.000000 -5.000000 -5.000000 5.000000 5.000000 5.000000 5.000000 -5.000000
195 -1.2201842229 -5.000000 -2.903370 -5.000000 -5.000000 5.000000 5.000000 5.000000 5.000000 5.000000 5.000000 5.000000 5.000000 5.000000 5.000000 5.000000
196 -0.9531754310 5.000000 -2.517984 -5.000000 -5.000000 5.000000 5.000000 5.000000 -5.000000 5.000000 5.000000 5.000000 5.000000 5.000000 -5.000000 -5.000000
197 -1.0609579764 -5.000000 5.000000 -5.000000 5.000000 5.000000 -5.000000 5.000000 5.000000 -5.000000 -5.000000 5.000000 5.000000 5.000000 -5.000000 -5.000000
198 -1.2801778578 5.000000 -2.991861 5.000000 5.000000 -5.000000 5.000000 -5.000000 5.000000 -5.000000 5.000000 5.000000 5.000000 5.000000 5.000000 5.000000
199 -0.5798819227 5.000000 5.000000 0.143526 5.000000 -5.000000 -5.000000 5.000000 -5.000000 -5.000000 -5.000000 5.000000 5.000000 5.000000 -5.000000 -5.000000
200 -1.2303150055 -5.000000 -2.842010 -5.000000 5.000000 5.000000 5.000000 -5.000000 5.000000 5.000000 -3.501739 5.000000 -5.000000 5.000000 5.000000 -5.000000
201 -1.1041539662 -5.000000 5.000000 -5.000000 5.000000 5.000000 -3.272187 -5.000000 -5.000000 -5.000000 -5.000000 5.000000 5.000000 5.000000 5.000000 -5.000000
202 -0.9350203231 5.000000 2.535188 1.786044 -5.000000 5.000000 -4.401837 -5.000000 -5.000000 -5.000000 -0.107174 -4.659269 4.817802 5.000000 -5.000000 -5.000000
203 1.2262163922 5.000000 -1.005017 -5.000000 4.006024 2.696803 -5.000000 0.166820 1.835755 0.316995 -3.522736 -5.000000 5.000000 -0.343240 4.307924 2.775884
204 -1.2835387402 -5.000000 -3.325666 -5.000000 -5.000000 5.000000 5.000000 1.145231 5.000000 5.000000 -5.000000 5.000000 -5.000000 5.000000 5.000000 -5.000000
205 -0.4930884834 5.000000 1.368515 0.812108 -5.000000 5.000000 -5.000000 -5.000000 5.000000 -5.000000 3.328718 -5.000000 5.000000 5.000000 -5.000000 -5.000000
206 -0.2373026695 -5.000000 -3.266250 -5.000000 5.000000 -5.000000 5.000000 1.574560 5.000000 1.779424 5.000000 5.000000 -5.000000 5.000000 5.000000 -5.000000
207 -0.9163049512 -5.000000 -3.736380 4.091074 -5.000000 5.000000 5.000000 -5.000000 5.000000 -5.000000 5.000000 5.000000 5.000000 5.000000 5.000000 5.000000
208 -0.8920595885 -5.000000 -3.759028 4.190387 5.000000 -5.000000 5.000000 5.000000 5.000000 5.000000 5.000000 5.000000 -5.000000 -5.000000 -5.000000 -5.000000
209 -0.9415714660 5.000000 5.000000 5.000000 -5.000000 5.000000 -5.000000 5.000000 5.000000 -5.000000 3.477958 -5.000000 5.000000 5.000000 -5.000000 5.000000
210 -0.9249418808 -5.000000 5.000000 -2.523136 5.000000 -5.000000 -5.000000 -5.000000 5.000000 5.000000 -5.000000 5.000000 5.000000 5.000000 -5.000000 -5.000000
211 0.1444683999 5.000000 2.159327 3.420436 2.196481 -0.378527 -5.000000 -5.000000 -5.000000 -0.862011 -2.318890 -2.273939 3.218337 -2.964464 -5.000000 -5.000000
212 -0.9644395289 -5.000000 -2.543449 -5.000000 -5.000000 5.000000 5.000000 5.000000 -5.000000 5.000000 -5.000000 5.000000 -5.000000 -5.000000 -5.000000 5.000000
213 -0.5216011119 -5.000000 -5.000000 -2.357398 -5.000000 3.675222 -4.130742 -4.999979 2.501281 5.000000 -5.000000 -4.849099 0.056531 -4.629280 -5.000000 2.899009
214 -1.0609579764 -5.000000 5.000000 -5.000000 5.000000 5.000000 -5.000000 5.000000 5.000000 5.000000 -5.000000 5.000000 5.000000 5.000000 5.000000 -5.000000
215 -1.0609579764 5.000000 5.000000 5.000000 -5.000000 5.000000 -5.000000 -5.000000 5.000000 -5.000000 -5.000000 -5.000000 5.000000 5.000000 -5.000000 5.000000
216 -0.8553223627 -5.000000 -5.000000 -5.000000 -5.000000 -5.000000 -0.568915 -5.000000 5.000000 -5.000000 5.000000 -5.000000 -5.000000 5.000000 -5.000000 -5.000000
217 -1.0609579764 5.000000 5.000000 5.000000 -5.000000 5.000000 -5.000000 5.000000 5.000000 5.000000 -5.000000 5.000000 5.000000 5.000000 -5.000000 5.000000
218 0.1021124534 -2.401720 4.417354 0.754385 -3.975513 2.559265 3.681340 3.415520 -2.794408 4.959757 3.060068 0.300137 2.816399 3.941306 -3.244090 -2.115530
219 -0.8674184766 5.000000 5.000000 5.000000 -5.000000 5.000000 5.000000 5.000000 -5.000000 5.000000 5.000000 5.000000 5.000000 5.000000 -5.000000 -0.537485
220 -0.5791852716 5.000000 5.000000 -5.000000 5.000000 5.000000 -3.662740 -5.000000 5.000000 0.210526 -5.000000 5.000000 5.000000 5.000000 -5.000000 5.000000
221 -0.9022704565 -5.000000 1.291265 -5.000000 5.000000 5.000000 -5.000000 -5.000000 5.000000 5.000000 -5.000000 5.000000 5.000000 5.000000 -5.000000 -5.000000
222 -0.3452357447 5.000000 0.305384 5.000000 3.982574 5.000000 5.000000 5.000000 -5.000000 5.000000 -5.000000 5.000000 5.000000 5.000000 5.000000 5.000000
223 -1.2611089449 5.000000 5.000000 -5.000000 5.000000 5.000000 -3.520892 5.000000 5.000000 -5.000000 5.000000 -5.000000 5.000000 5.000000 5.000000 5.000000
224 0.4777938799 1.943106 -5.000000 -5.000000 -4.042262 -0.599527 5.000000 5.000000 0.301690 -5.000000 -4.725748 -5.000000 2.275956 2.840769 2.864471 4.944694
225 -1.2892095179 5.000000 -3.362564 -5.000000 -5.000000 5.000000 5.000000 5.000000 5.000000 5.000000 -5.000000 5.000000 -5.000000 5.000000 5.000000 5.000000
226 -0.6280708429 2.003828 5.000000 5.000000 -5.000000 5.000000 5.000000 5.000000 -5.000000 5.000000 5.000000 -5.000000 5.000000 5.000000 -5.000000 5.000000
227 -1.0609579764 5.000000 5.000000 5.000000 5.000000 5.000000 5.000000 5.000000 5.000000 -5.000000 5.000000 5.000000 -5.000000 5.000000 -5.000000 -5.000000
228 -0.7627097277 5.000000 5.000000 -5.000000 -5.000000 5.000000 -5.000000 5.000000 -5.000000 5.000000 5.000000 5.000000 5.000000 -5.000000 1.425101 5.000000
229 -0.9352932621 5.000000 -2.317250 5.000000 5.000000 5.000000 5.000000 -5.000000 -5.000000 -5.000000 2.347238 5.000000 -5.000000 -5.000000 -5.000000 -5.000000
230 -1.1642882704 5.000000 -3.435953 5.000000 -5.000000 -5.000000 5.000000 -5.000000 5.000000 -0.278080 -5.000000 5.000000 5.000000 -5.000000 5.000000 5.000000
231 -1.0609579764 -5.000000 -5.000000 -5.000000 -5.000000 5.000000 -5.000000 5.000000 5.000000 -5.000000 -5.000000 5.000000 -5.000000 -5.000000 -5.000000 -5.000000
232 -0.8462147727 5.000000 1.779206 5.000000 5.000000 5.000000 -5.000000 -5.000000 5.000000 -5.000000 5.000000 -5.000000 5.000000 -5.000000 -5.000000 5.000000
233 -0.9468818938 5.000000 5.000000 5.000000 5.000000 5.000000 1.456872 5.000000 5.000000 5.000000 -5.000000 5.000000 5.000000 5.000000 5.000000 5.000000
234 -1.0609579764 5.000000 -5.000000 -5.000000 -5.000000 -5.000000 -5.000000 5.000000 5.000000 5.000000 -5.000000 5.000000 -5.000000 -5.000000 -5.000000 -5.000000
235 -1.3358965667 -5.000000 -3.125300 5.000000 -5.000000 5.000000 5.000000 -5.000000 -5.000000 5.000000 -5.000000 5.000000 5.000000 5.000000 5.000000 5.000000
236 -0.9500028509 -5.000000 5.000000 5.000000 -5.000000 5.000000 -5.000000 -5.000000 -5.000000 5.000000 0.987251 5.000000 5.000000 5.000000 5.000000 5.000000
237 -0.6557016671 -5.000000 5.000000 5.000000 5.000000 -5.000000 5.000000 5.000000 5.000000 5.000000 1.970516 1.159509 -5.000000 5.000000 5.000000 -5.000000
238 -0.5337663405 -5.000000 2.883136 -5.000000 5.000000 5.000000 -2.526838 -5.000000 5.000000 -5.000000 -5.000000 5.000000 5.000000 5.000000 -5.000000 5.000000
239 -0.5501592333 -5.000000 2.972478 5.000000 5.000000 5.000000 -3.181572 -5.000000 5.000000 -5.000000 5.000000 5.000000 5.000000 -5.000000 5.000000 5.000000
240 -0.8562428013 -5.000000 -5.000000 5.000000 -5.000000 5.000000 -5.000000 5.000000 5.000000 -5.000000 -5.000000 5.000000 -5.000000 -5.000000 -5.000000 1.931510
241 -0.8302560783 5.000000 -5.000000 -5.000000 -5.000000 5.000000 -2.255838 5.000000 5.000000 -5.000000 -5.000000 -5.000000 -5.000000 -5.000000 -5.000000 -5.000000
242 -1.1361325692 5.000000 5.000000 -5.000000 5.000000 5.000000 -2.702177 5.000000 -5.000000 -5.000000 -5.000000 5.000000 5.000000 5.000000 5.000000 -5.000000
243 -0.6178467289 5.000000 -5.000000 5.000000 1.812769 -5.000000 -5.000000 -5.000000 5.000000 -5.000000 -5.000000 5.000000 5.000000 5.000000 5.000000 -5.000000
244 -0.8806214905 5.000000 1.447087 5.000000 -5.000000 -5.000000 -5.000000 -5.000000 -5.000000 5.000000 -5.000000 5.000000 5.000000 5.000000 -5.000000 -5.000000
245 -0.8678274961 5.000000 5.000000 5.000000 -5.000000 5.000000 -5.000000 5.000000 5.000000 -5.000000 3.662294 5.000000 -5.000000 5.000000 5.000000 -5.000000
246 -0.8833340457 5.000000 5.000000 5.000000 5.000000 -5.000000 -2.464361 -5.000000 5.000000 5.000000 -5.000000 5.000000 5.000000 5.000000 -5.000000 -5.000000
247 -1.1442003207 5.000000 -5.000000 -0.259247 -5.000000 -5.000000 5.000000 -5.000000 5.000000 5.000000 -5.000000 5.000000 5.000000 5.000000 5.000000 -5.000000
248 -0.7102897569 5.000000 -5.000000 5.000000 -5.000000 -5.000000 -1.457366 -5.000000 5.000000 -5.000000 -5.000000 -5.000000 -5.000000 -5.000000 -5.000000 -5.000000
249 -1.0741595241 -5.000000 -5.000000 -5.000000 -5.000000 5.000000 5.000000 -5.000000 -5.000000 5.000000 5.000000 -5.000000 5.000000 5.000000 5.000000 2.261625
250 -0.9222428942 5.000000 -5.000000 5.000000 -5.000000 5.000000 5.000000 -5.000000 5.000000 -2.751997 5.000000 -5.000000 -5.000000 5.000000 5.000000 5.000000
251 -0.9221677496 -5.000000 5.000000 -1.431200 -5.000000 -4.368483 5.000000 5.000000 5.000000 5.000000 -5.000000 5.000000 5.000000 5.000000 -5.000000 5.000000
252 -1.1570754624 5.000000 -5.000000 -5.000000 5.000000 -5.000000 -5.000000 -5.000000 5.000000 -5.000000 -5.000000 -5.000000 5.000000 5.000000 -2.209288 -5.000000
253 -1.0609579764 -5.000000 -5.000000 -5.000000 -5.000000 -5.000000 5.000000 5.000000 -5.000000 5.000000 -5.000000 -5.000000 -5.000000 5.000000 5.000000 -5.000000
254 -0.7932955477 5.000000 -5.000000 -5.000000 -5.000000 5.000000 5.000000 0.698177 5.000000 5.000000 5.000000 5.000000 5.000000 5.000000 5.000000 -5.000000
255 -0.5406585960 5.000000 5.000000 -5.000000 -5.000000 0.431713 5.000000 -5.000000 5.000000 -5.000000 -5.000000 -5.000000 5.000000 5.000000 5.000000 -5.000000
256 -0.6038919717 5.000000 5.000000 5.000000 1.484658 5.000000 -5.000000 -5.000000 -5.000000 -5.000000 -5.000000 5.000000 5.000000 5.000000 5.000000 -5.000000
257 -0.9484076316 -5.000000 -5.000000 -0.772086 -5.000000 -5.000000 5.000000 -5.000000 -5.000000 5.000000 -5.000000 -5.000000 -5.000000 5.000000 5.000000 5.000000
258 -1.2591495426 5.000000 -5.000000 5.000000 5.000000 -5.000000 -5.000000 5.000000 -5.000000 -5.000000 5.000000 5.000000 -5.000000 5.000000 -1.912739 -5.000000
259 -1.2402033745 5.000000 5.000000 5.000000 -5.000000 5.000000 5.000000 5.000000 -5.000000 -5.000000 -5.000000 5.000000 5.000000 5.000000 -1.921298 -5.000000
260 -0.9869468520 -5.000000 -5.000000 -5.000000 1.173846 5.000000 -5.000000 5.000000 -5.000000 5.000000 5.000000 5.000000 -5.000000 -5.000000 -5.000000 -5.000000
261 -0.7606102857 5.000000 -5.000000 5.000000 -0.792211 -5.000000 5.000000 -5.000000 5.000000 5.000000 5.000000 5.000000 5.000000 5.000000 5.000000 5.000000
262 -1.0609579764 5.000000 5.000000 -5.000000 -5.000000 5.000000 5.000000 -5.000000 -5.000000 5.000000 -5.000000 5.000000 5.000000 5.000000 5.000000 -5.000000
263 -1.0609579764 5.000000 -5.000000 5.000000 5.000000 -5.000000 5.000000 5.000000 5.000000 -5.000000 -5.000000 5.000000 5.000000 5.000000 5.000000 -5.000000
264 -0.5489188245 3.537441 -5.000000 5.000000 -1.167685 -5.000000 5.000000 -5.000000 -5.000000 5.000000 -1.755140 5.000000 4.354208 5.000000 5.000000 -5.000000
265 -1.0609579764 5.000000 -5.000000 -5.000000 5.000000 5.000000 5.000000 5.000000 -5.000000 -5.000000 5.000000 5.000000 -5.000000 5.000000 -5.000000 -5.000000
266 -1.3465161899 -5.000000 -5.000000 5.000000 -5.000000 -3.287246 5.000000 5.000000 -5.000000 5.000000 -5.000000 5.000000 -5.000000 -5.000000 -5.000000 -5.000000
267 -0.9722840906 -5.000000 -5.000000 5.000000 -5.000000 2.816045 -5.000000 5.000000 -5.000000 5.000000 5.000000 5.000000 -5.000000 -5.000000 -5.000000 -5.000000
268 -1.0609579764 5.000000 -5.000000 -5.000000 -5.000000 5.000000 -5.000000 5.000000 -5.000000 5.000000 -5.000000 5.000000 -5.000000 5.000000 5.000000 -5.000000
269 -1.0353166579 5.000000 -5.000000 -5.000000 -5.000000 5.000000 5.000000 5.000000 -5.000000 -5.000000 -5.000000 5.000000 5.000000 5.000000 -2.557476 -5.000000
270 -1.0609579764 -5.000000 -5.000000 -5.000000 -5.000000 5.000000 5.000000 -5.000000 -5.000000 5.000000 5.000000 -5.000000 5.000000 5.000000 5.000000 -5.000000
271 -1.0609579764 5.000000 -5.000000 -5.000000 5.000000 5.000000 5.000000 5.000000 -5.000000 5.000000 -5.000000 -5.000000 -5.000000 -5.000000 -5.000000 -5.000000
272 -1.0814487141 -0.283412 5.000000 5.000000 -5.000000 5.000000 5.000000 -5.000000 -5.000000 -5.000000 -5.000000 -5.000000 5.000000 5.000000 5.000000 -5.000000
273 -1.0609579764 -5.000000 5.000000 5.000000 -5.000000 -5.000000 5.000000 5.000000 -5.000000 -5.000000 -5.000000 -5.000000 5.000000 5.000000 5.000000 -5.000000
274 -0.9343921928 -0.998368 -5.000000 5.000000 5.000000 -5.000000 -5.000000 5.000000 -5.000000 -5.000000 5.000000 5.000000 -5.000000 5.000000 -5.000000 -5.000000
275 2.1431049760 1.985736 -2.345018 -2.375038 1.498698 -2.379860 -5.000000 1.873971 3.393633 2.998928 -0.935159 -3.791053 -0.354839 3.878860 -1.238364 -5.000000
276 -1.2768826372 5.000000 5.000000 -5.000000 5.000000 5.000000 5.000000 5.000000 5.000000 -5.000000 -5.000000 5.000000 -3.482056 5.000000 5.000000 -5.000000
277 -1.0609579764 -5.000000 -5.000000 -5.000000 -5.000000 -5.000000 5.000000 -5.000000 5.000000 5.000000 -5.000000 -5.000000 5.000000 5.000000 5.000000 -5.000000
278 0.1316836695 -5.000000 5.000000 -4.783882 -5.000000 2.296911 -0.572818 4.237166 5.000000 -1.433276 2.776923 5.000000 5.000000 -5.000000 -4.135209 -5.000000
279 -1.0609579764 -5.000000 5.000000 -5.000000 -5.000000 5.000000 5.000000 -5.000000 5.000000 5.000000 -5.000000 5.000000 -5.000000 5.000000 5.000000 -5.000000
280 -0.7595746406 1.152985 5.000000 -5.000000 -5.000000 -5.000000 5.000000 5.000000 5.000000 5.000000 5.000000 5.000000 -5.000000 -5.000000 5.000000 5.000000
281 -0.8862512405 2.452606 5.000000 -5.000000 5.000000 -5.000000 5.000000 5.000000 -5.000000 5.000000 -5.000000 5.000000 -5.000000 -5.000000 5.000000 -5.000000
282 -1.1608179790 5.000000 5.000000 -5.000000 5.000000 5.000000 5.000000 -5.000000 5.000000 -5.000000 5.000000 -5.000000 5.000000 5.000000 -2.224843 -5.000000
283 -1.0609579764 5.000000 -5.000000 5.000000 -5.000000 5.000000 5.000000 5.000000 5.000000 5.000000 -5.000000 5.000000 5.000000 5.000000 5.000000 -5.000000
284 -1.0609579764 -5.000000 -5.000000 5.000000 -5.000000 -5.000000 5.000000 -5.000000 5.000000 -5.000000 -5.000000 5.000000 5.000000 5.000000 5.000000 -5.000000
285 -0.0217217529 -5.000000 0.378316 -2.788689 5.000000 5.000000 5.000000 -4.825752 5.000000 -2.740136 5.000000 5.000000 -5.000000 5.000000 5.000000 -5.000000
286 -1.2391784956 5.000000 -5.000000 5.000000 -5.000000 -5.000000 5.000000 5.000000 -5.000000 -1.757078 -5.000000 5.000000 -5.000000 5.000000 5.000000 -5.000000
287 -0.4575715206 4.999181 -5.000000 -1.425774 -5.000000 5.000000 5.000000 5.000000 5.000000 5.000000 -5.000000 5.000000 -0.680189 5.000000 5.000000 -5.000000
288 -1.1368801104 5.000000 5.000000 -5.000000 -5.000000 5.000000 5.000000 -5.000000 5.000000 -5.000000 -5.000000 5.000000 5.000000 5.000000 -2.251844 5.000000
289 -1.0316520671 -5.000000 -5.000000 5.000000 -5.000000 5.000000 -5.000000 5.000000 -5.000000 -0.103536 -5.000000 5.000000 -5.000000 -5.000000 -5.000000 -5.000000
290 -1.0089499696 -5.000000 -5.000000 5.000000 1.155881 5.000000 -5.000000 5.000000 -5.000000 -5.000000 5.000000 5.000000 -5.000000 -5.000000 -2.602416 -5.000000
291 -1.2406189522 5.000000 -5.000000 -2.117519 -5.000000 5.000000 5.000000 5.000000 5.000000 5.000000 5.000000 -5.000000 -5.000000 -5.000000 -5.000000 5.000000
292 0.5285933387 2.442842 5.000000 -5.000000 5.000000 -5.000000 -4.035073 2.377856 5.000000 -0.147595 1.918632 -5.000000 -2.260811 3.938995 3.615889 0.809838
293 -0.7670124636 5.000000 5.000000 5.000000 -5.000000 5.000000 5.000000 5.000000 5.000000 -1.479640 -5.000000 5.000000 5.000000 5.000000 5.000000 5.000000
294 -0.6986376050 5.000000 5.000000 5.000000 -5.000000 -5.000000 5.000000 5.000000 -5.000000 -5.000000 -5.000000 5.000000 5.000000 5.000000 0.023586 -5.000000
295 -0.6889127660 -5.000000 5.000000 -5.000000 5.000000 -5.000000 -5.000000 -5.000000 5.000000 -5.000000 -5.000000 -5.000000 5.000000 5.000000 -1.296193 -5.000000
296 -0.0506217930 -1.093044 -5.000000 -0.536512 -5.000000 -2.010458 -3.023251 -5.000000 2.349175 5.000000 -5.000000 -4.118587 0.196269 -4.836270 -5.000000 0.427872
297 -1.0609579764 5.000000 -5.000000 5.000000 -5.000000 5.000000 5.000000 5.000000 5.000000 5.000000 5.000000 5.000000 -5.000000 5.000000 -5.000000 -5.000000
298 -0.8912086970 5.000000 -5.000000 5.000000 -5.000000 5.000000 5.000000 -0.466370 -5.000000 -5.000000 5.000000 -5.000000 5.000000 5.000000 5.000000 5.000000
299 -1.0834867456 5.000000 -5.000000 5.000000 -5.000000 -5.000000 5.000000 -5.000000 5.000000 -5.000000 -5.000000 5.000000 -5.000000 5.000000 2.456007 5.000000
300 -0.5738076420 5.000000 -5.000000 -5.000000 5.000000 -5.000000 5.000000 5.000000 -5.000000 5.000000 -5.000000 5.000000 1.694572 5.000000 -5.000000 -5.000000
301 -1.0609579764 5.000000 5.000000 -5.000000 -5.000000 -5.000000 -5.000000 5.000000 5.000000 -5.000000 -5.000000 5.000000 -5.000000 -5.000000 5.000000 -5.000000
302 -1.0899363622 -5.000000 -5.000000 -1.723167 -5.000000 5.000000 -5.000000 5.000000 5.000000 5.000000 5.000000 5.000000 -5.000000 -5.000000 -5.000000 5.000000
303 -1.0609579764 5.000000 -5.000000 -5.000000 -5.000000 5.000000 5.000000 5.000000 -5.000000 -5.000000 5.000000 -5.000000 -5.000000 5.000000 -5.000000 5.000000
304 -0.7938571555 -0.846108 5.000000 -5.000000 -5.000000 5.000000 -5.000000 5.000000 5.000000 5.000000 -3.965078 -5.000000 -5.000000 5.000000 -5.000000 5.000000
305 -1.2423807421 -5.000000 5.000000 -1.903699 5.000000 5.000000 -5.000000 -5.000000 5.000000 5.000000 5.000000 5.000000 -5.000000 -5.000000 5.000000 5.000000
306 -1.2529516422 -5.000000 5.000000 -1.929153 -5.000000 5.000000 5.000000 -5.000000 5.000000 5.000000 5.000000 5.000000 5.000000 5.000000 5.000000 -5.000000
307 -1.2533706431 5.000000 -5.000000 -2.085300 -5.000000 5.000000 5.000000 -5.000000 5.000000 5.000000 5.000000 5.000000 -5.000000 -5.000000 5.000000 -5.000000
308 -0.7860950790 5.000000 -5.000000 5.000000 -5.000000 -5.000000 5.000000 5.000000 5.000000 -5.000000 -5.000000 5.000000 -5.000000 -5.000000 -2.755469 -5.000000
309 -0.5966284452 5.000000 -5.000000 0.642332 -5.000000 5.000000 5.000000 5.000000 -5.000000 5.000000 -5.000000 5.000000 -5.000000 -5.000000 -5.000000 5.000000
310 -1.1371526402 -5.000000 5.000000 -2.270041 5.000000 5.000000 -5.000000 -5.000000 5.000000 5.000000 5.000000 5.000000 5.000000 5.000000 5.000000 -5.000000
311 -0.8743315594 -5.000000 -5.000000 -5.000000 5.000000 5.000000 5.000000 -5.000000 5.000000 5.000000 5.000000 5.000000 -5.000000 5.000000 3.155199 5.000000
312 -0.6176838606 5.000000 -5.000000 -5.000000 -5.000000 5.000000 5.000000 -0.967295 5.000000 -5.000000 -5.000000 5.000000 5.000000 5.000000 -2.381393 5.000000
313 -0.9506085578 5.000000 -5.000000 5.000000 -5.000000 5.000000 5.000000 -5.000000 -5.000000 -5.000000 5.000000 5.000000 5.000000 5.000000 -0.047358 5.000000
314 -1.0571013930 5.000000 5.000000 -5.000000 5.000000 5.000000 5.000000 5.000000 5.000000 -5.000000 5.000000 5.000000 5.000000 -5.000000 -3.434125 5.000000
315 -0.8190738866 -0.101681 -5.000000 -2.454248 5.000000 5.000000 5.000000 -5.000000 5.000000 5.000000 5.000000 -5.000000 -5.000000 5.000000 5.000000 -5.000000
316 -1.0312343256 -5.000000 -5.000000 5.000000 5.000000 5.000000 5.000000 -5.000000 5.000000 -5.000000 -5.000000 -5.000000 5.000000 5.000000 2.777316 5.000000
317 -1.0609579764 -5.000000 5.000000 -5.000000 5.000000 5.000000 5.000000 5.000000 5.000000 5.000000 5.000000 5.000000 5.000000 -5.000000 -5.000000 5.000000
318 -0.8995599140 5.000000 -5.000000 -2.564400 -5.000000 5.000000 -5.000000 -5.000000 -5.000000 5.000000 -5.000000 5.000000 5.000000 -5.000000 5.000000 5.000000
319 -1.0605257877 5.000000 -5.000000 -5.000000 5.000000 -5.000000 -5.000000 5.000000 5.000000 -5.000000 -5.000000 5.000000 5.000000 5.000000 -3.432887 -5.000000
320 -0.7689602617 5.000000 5.000000 -5.000000 5.000000 -5.000000 -5.000000 1.853268 5.000000 -5.000000 -5.000000 -5.000000 -5.000000 5.000000 5.000000 -5.000000
321 -1.0944563373 5.000000 5.000000 -1.710275 5.000000 -5.000000 5.000000 5.000000 5.000000 -5.000000 -5.000000 5.000000 -0.442836 5.000000 5.000000 -5.000000
322 -0.9343090436 -5.000000 5.000000 -5.000000 -5.000000 5.000000 5.000000 5.000000 -1.522290 -5.000000 5.000000 -5.000000 -5.000000 5.000000 -3.500324 5.000000
323 -0.6084581656 5.000000 -5.000000 5.000000 -5.000000 -5.000000 5.000000 -5.000000 -5.000000 -5.000000 5.000000 -5.000000 -5.000000 -5.000000 3.266899 -5.000000
324 -1.0150365876 5.000000 -5.000000 -5.000000 5.000000 -5.000000 5.000000 -5.000000 5.000000 -5.000000 5.000000 5.000000 5.000000 -5.000000 -3.099865 5.000000
325 -1.1148427024 5.000000 5.000000 5.000000 5.000000 5.000000 5.000000 5.000000 -5.000000 -1.693971 -5.000000 5.000000 -5.000000 -5.000000 -5.000000 -5.000000
326 -0.7041395422 5.000000 -5.000000 5.000000 5.000000 -5.000000 -5.000000 5.000000 5.000000 1.648139 5.000000 5.000000 -5.000000 -5.000000 -5.000000 -5.000000
327 -1.1993687269 5.000000 5.000000 -5.000000 -5.000000 -5.000000 5.000000 -5.000000 5.000000 -5.000000 5.000000 -5.000000 -5.000000 -5.000000 -3.211524 -5.000000
328 -1.0609579764 5.000000 -5.000000 -5.000000 5.000000 -5.000000 5.000000 5.000000 5.000000 -5.000000 5.000000 5.000000 5.000000 5.000000 5.000000 5.000000
329 -1.1808192696 -5.000000 -5.000000 -3.412389 -5.000000 5.000000 5.000000 5.000000 5.000000 5.000000 5.000000 -5.000000 -5.000000 5.000000 -5.000000 -5.000000
330 -0.7581630851 -5.000000 -5.000000 5.000000 -5.000000 5.000000 5.000000 -5.000000 5.000000 -2.601473 -5.000000 5.000000 5.000000 -5.000000 5.000000 5.000000
331 0.7578279994 2.410064 3.031109 -3.334423 -1.303729 3.376369 3.148211 5.000000 -1.312240 3.114413 5.000000 2.554051 2.269333 5.000000 3.861145 3.730444
332 -0.6343088819 5.000000 5.000000 -5.000000 -5.000000 5.000000 5.000000 5.000000 5.000000 5.000000 5.000000 5.000000 5.000000 -5.000000 -5.000000 -0.900830
333 -0.6587148188 -5.000000 5.000000 1.700445 -5.000000 5.000000 5.000000 -5.000000 5.000000 5.000000 -5.000000 5.000000 -5.000000 -5.000000 5.000000 -5.000000
334 -1.0618234707 5.000000 -5.000000 -3.158165 -5.000000 5.000000 5.000000 5.000000 5.000000 -5.000000 5.000000 5.000000 5.000000 5.000000 -5.000000 5.000000
335 -1.0369040527 -5.000000 -5.000000 5.000000 5.000000 -5.000000 5.000000 5.000000 -5.000000 -3.138823 5.000000 -5.000000 -5.000000 5.000000 5.000000 5.000000
336 -0.6228769801 5.000000 -5.000000 5.000000 -5.000000 -5.000000 5.000000 -1.160480 5.000000 -5.000000 -5.000000 5.000000 -5.000000 5.000000 5.000000 5.000000
337 -1.0324836135 -5.000000 5.000000 -5.000000 5.000000 -5.000000 5.000000 -1.503879 -5.000000 5.000000 5.000000 5.000000 -5.000000 5.000000 5.000000 5.000000
338 -0.6340683759 -5.000000 -5.000000 0.102186 -5.000000 5.000000 5.000000 5.000000 5.000000 -5.000000 5.000000 -5.000000 5.000000 5.000000 5.000000 -5.000000
339 -1.0835588288 -5.000000 5.000000 5.000000 -5.000000 5.000000 5.000000 5.000000 -5.000000 -2.403505 5.000000 5.000000 -5.000000 5.000000 -5.000000 -5.000000
340 -0.7568470263 5.000000 -5.000000 5.000000 5.000000 -5.000000 5.000000 5.000000 -5.000000 -2.603693 5.000000 5.000000 5.000000 -5.000000 -5.000000 -5.000000
341 -0.7805309508 -5.000000 -5.000000 -0.160230 -1.830190 5.000000 5.000000 5.000000 -2.299498 5.000000 -5.000000 -5.000000 5.000000 -0.851025 -5.000000 5.000000
342 -0.7499107015 -5.000000 5.000000 -5.000000 5.000000 -5.000000 -5.000000 5.000000 5.000000 -5.000000 5.000000 5.000000 5.000000 5.000000 5.000000 1.347838
343 -0.8635275019 -5.000000 -5.000000 -5.000000 5.000000 5.000000 5.000000 2.082154 5.000000 5.000000 -5.000000 5.000000 -5.000000 5.000000 5.000000 -5.000000
344 -1.0609579764 -5.000000 5.000000 -5.000000 5.000000 5.000000 -5.000000 -5.000000 5.000000 5.000000 5.000000 -5.000000 -5.000000 -5.000000 5.000000 -5.000000
345 -1.0609579764 -5.000000 -5.000000 -5.000000 -5.000000 5.000000 -5.000000 -5.000000 5.000000 5.000000 -5.000000 5.000000 5.000000 5.000000 5.000000 -5.000000
346 -1.1146199559 -5.000000 -5.000000 -3.242377 -5.000000 -5.000000 5.000000 5.000000 5.000000 5.000000 5.000000 5.000000 5.000000 5.000000 -5.000000 5.000000
347 -1.0609579764 5.000000 -5.000000 -5.000000 -5.000000 -5.000000 5.000000 -5.000000 5.000000 5.000000 5.000000 5.000000 -5.000000 5.000000 5.000000 5.000000
348 -1.1049971944 5.000000 5.000000 -5.000000 5.000000 5.000000 -5.000000 -5.000000 5.000000 -5.000000 5.000000 5.000000 5.000000 -5.000000 -3.049838 -5.000000
349 -1.2527313669 5.000000 -5.000000 5.000000 5.000000 -5.000000 -5.000000 5.000000 -5.000000 -2.942273 -5.000000 5.000000 5.000000 5.000000 5.000000 -5.000000
350 -0.7362026921 5.000000 -5.000000 4.160725 -4.609558 -4.817695 -4.801260 5.000000 5.000000 -1.727375 -0.222753 5.000000 5.000000 5.000000 -3.876606 5.000000
351 -0.8175596725 5.000000 5.000000 5.000000 5.000000 -5.000000 -5.000000 5.000000 -5.000000 -5.000000 -5.000000 5.000000 -5.000000 5.000000 -2.722116 5.000000
352 -1.0609579764 5.000000 5.000000 -5.000000 5.000000 5.000000 5.000000 5.000000 -5.000000 -5.000000 -5.000000 -5.000000 -5.000000 5.000000 5.000000 -5.000000
353 -1.0609579764 -5.000000 5.000000 5.000000 5.000000 -5.000000 5.000000 5.000000 -5.000000 -5.000000 5.000000 5.000000 5.000000 5.000000 5.000000 -5.000000
354 0.5318311633 -1.486276 3.235379 3.882690 -1.456019 3.972840 -0.463231 4.825725 5.000000 1.896580 -1.014579 -2.298647 -3.361231 2.718809 -4.395478 4.386872
355 -1.2529238220 -5.000000 -5.000000 -5.000000 5.000000 -4.414889 5.000000 -5.000000 -5.000000 5.000000 -5.000000 5.000000 5.000000 5.000000 5.000000 5.000000
356 0.2970972177 4.094496 0.386462 -2.805564 2.512885 -1.249435 -0.202885 0.938581 -0.971061 3.232760 -5.000000 4.042638 1.100469 -2.016963 -4.271728 -4.564903
357 -1.2871956279 5.000000 5.000000 -5.000000 -5.000000 5.000000 5.000000 -5.000000 5.000000 -3.327415 5.000000 -5.000000 5.000000 5.000000 -3.023071 -5.000000
358 -1.0870164342 5.000000 -5.000000 5.000000 -5.000000 -5.000000 5.000000 5.000000 -5.000000 -3.275773 5.000000 5.000000 5.000000 5.000000 5.000000 5.000000
359 2.6834250196 1.616093 -0.798028 -1.168629 5.000000 2.096834 -5.000000 2.075937 3.614423 -1.086539 4.728739 -1.257564 5.000000 1.650222 4.451143 4.759731
360 -0.4735328613 -5.000000 -5.000000 -5.000000 5.000000 -5.000000 5.000000 -5.000000 5.000000 3.014140 5.000000 5.000000 -5.000000 5.000000 5.000000 0.629808
361 -1.2243860049 5.000000 -5.000000 -0.388112 5.000000 -5.000000 5.000000 -5.000000 5.000000 -5.000000 -5.000000 -5.000000 5.000000 5.000000 5.000000 -5.000000
362 -0.9978554247 -5.000000 -5.000000 5.000000 -5.000000 5.000000 -5.000000 5.000000 -5.000000 -5.000000 -5.000000 5.000000 -5.000000 5.000000 2.341810 -5.000000
363 -1.0544652709 5.000000 -5.000000 5.000000 5.000000 5.000000 5.000000 5.000000 -5.000000 -5.000000 0.864681 -5.000000 5.000000 5.000000 5.000000 5.000000
364 -1.0331748143 5.000000 5.000000 -5.000000 -5.000000 -5.000000 5.000000 -5.000000 5.000000 -3.292182 -5.000000 5.000000 5.000000 -5.000000 -3.500939 5.000000
365 -1.2441700784 5.000000 -5.000000 -5.000000 5.000000 -3.513992 5.000000 -5.000000 5.000000 -3.278780 5.000000 -5.000000 5.000000 5.000000 -3.207138 -5.000000
366 -1.1060058698 -5.000000 -5.000000 5.000000 -5.000000 5.000000 5.000000 -5.000000 -5.000000 -0.703368 5.000000 5.000000 5.000000 5.000000 5.000000 -5.000000
367 -1.2463408614 5.000000 -5.000000 -5.000000 -5.000000 5.000000 -5.000000 -5.000000 5.000000 -3.341845 -5.000000 -5.000000 5.000000 5.000000 -3.049886 -5.000000
368 -0.5880222735 5.000000 5.000000 -1.273492 5.000000 -5.000000 -5.000000 -5.000000 5.000000 -5.000000 -5.000000 5.000000 5.000000 5.000000 5.000000 5.000000
369 2.0982189958 -1.692066 0.659786 -4.800466 -0.583538 4.375899 -4.217125 -2.070130 -1.020702 3.991156 1.157819 1.957848 0.042810 3.485940 2.854769 -0.329139
370 -0.5701563653 2.799217 5.000000 5.000000 4.443435 5.000000 -5.000000 2.761033 -5.000000 -5.000000 5.000000 5.000000 5.000000 5.000000 -1.617760 -5.000000
371 -0.7784431701 5.000000 -5.000000 5.000000 5.000000 -5.000000 -5.000000 5.000000 0.572493 5.000000 -5.000000 5.000000 -5.000000 -5.000000 -5.000000 -5.000000
372 -0.8991205375 -5.000000 -5.000000 -5.000000 -5.000000 5.000000 5.000000 5.000000 -5.000000 -1.194425 5.000000 5.000000 5.000000 -5.000000 -5.000000 5.000000
373 -1.4667057123 -5.000000 -5.000000 5.000000 5.000000 -0.306283 5.000000 -5.000000 -5.000000 5.000000 -3.143724 -5.000000 5.000000 5.000000 -5.000000 -5.000000
374 -0.4954764080 5.000000 -5.000000 -5.000000 5.000000 5.000000 5.000000 -5.000000 1.380333 -5.000000 5.000000 -5.000000 5.000000 5.000000 -2.828647 -5.000000
375 -0.6553548751 5.000000 -5.000000 5.000000 -5.000000 -5.000000 5.000000 -5.000000 0.784213 -5.000000 -5.000000 5.000000 5.000000 5.000000 5.000000 -5.000000
376 -1.0868666951 -5.000000 -5.000000 5.000000 5.000000 5.000000 5.000000 -5.000000 -2.159669 5.000000 5.000000 -5.000000 -5.000000 -5.000000 -5.000000 -5.000000
377 -0.7721907527 5.000000 5.000000 -5.000000 5.000000 5.000000 5.000000 -5.000000 0.005415 -5.000000 -5.000000 5.000000 5.000000 5.000000 5.000000 -5.000000
378 -0.9268077029 5.000000 5.000000 5.000000 5.000000 -5.000000 5.000000 5.000000 5.000000 -5.000000 -5.000000 5.000000 5.000000 5.000000 2.091926 -5.000000
379 -0.9349348814 -5.000000 -5.000000 0.904986 5.000000 5.000000 5.000000 -5.000000 -5.000000 -5.000000 -5.000000 -5.000000 5.000000 5.000000 5.000000 5.000000
380 -0.8704717852 -5.000000 -5.000000 -5.000000 -5.000000 5.000000 5.000000 -5.000000 -5.000000 -0.825420 -5.000000 -5.000000 5.000000 -5.000000 -5.000000 -5.000000
381 -0.8167355135 -5.000000 -5.000000 5.000000 5.000000 -5.000000 5.000000 -5.000000 -5.000000 -0.846183 -5.000000 -5.000000 5.000000 5.000000 5.000000 5.000000
382 -0.8209934632 5.000000 -5.000000 -5.000000 5.000000 5.000000 5.000000 -5.000000 5.000000 -5.000000 -5.000000 -5.000000 5.000000 5.000000 0.571170 -5.000000
383 -1.0613099370 5.000000 -5.000000 -5.000000 5.000000 5.000000 5.000000 -5.000000 5.000000 -2.262076 5.000000 -5.000000 -5.000000 5.000000 -5.000000 5.000000
384 -1.0609579764 -5.000000 5.000000 -5.000000 -5.000000 5.000000 5.000000 -5.000000 -5.000000 5.000000 5.000000 -5.000000 5.000000 5.000000 -5.000000 -5.000000
385 0.9995613759 2.143624 5.000000 -5.000000 -2.103593 5.000000 -5.000000 0.815717 0.154191 5.000000 -1.732628 5.000000 3.011827 -0.218940 -3.119202 -5.000000
386 -0.2292292984 -5.000000 -5.000000 5.000000 5.000000 -5.000000 5.000000 5.000000 -5.000000 5.000000 -1.003087 5.000000 1.817481 5.000000 -5.000000 5.000000
387 -1.0609579764 -5.000000 5.000000 -5.000000 5.000000 5.000000 5.000000 5.000000 -5.000000 -5.000000 -5.000000 -5.000000 -5.000000 5.000000 -5.000000 -5.000000
388 -1.0609579764 -5.000000 5.000000 -5.000000 -5.000000 5.000000 5.000000 -5.000000 5.000000 -5.000000 5.000000 -5.000000 -5.000000 5.000000 5.000000 -5.000000
389 -0.8315705284 -5.000000 5.000000 5.000000 5.000000 5.000000 5.000000 -5.000000 -5.000000 5.000000 -3.983777 -5.000000 5.000000 -4.229779 5.000000 -5.000000
390 -1.0609579764 -5.000000 -5.000000 -5.000000 5.000000 5.000000 5.000000 -5.000000 5.000000 5.000000 5.000000 -5.000000 -5.000000 -5.000000 -5.000000 -5.000000
391 -0.2704182137 5.000000 5.000000 -4.987912 5.000000 5.000000 3.036362 1.507960 4.990454 -3.178037 0.915403 -2.882266 5.000000 5.000000 -5.000000 1.954886
392 1.1508210525 2.969177 5.000000 1.870640 4.467299 -5.000000 -4.527477 -4.883753 -5.000000 -5.000000 0.172320 1.809278 1.078336 2.923585 -0.703622 -2.335325
393 -1.0609579764 -5.000000 5.000000 5.000000 -5.000000 5.000000 5.000000 5.000000 -5.000000 -5.000000 -5.000000 5.000000 5.000000 5.000000 5.000000 -5.000000
394 -1.0609579764 -5.000000 -5.000000 5.000000 -5.000000 5.000000 -5.000000 -5.000000 5.000000 5.000000 5.000000 5.000000 5.000000 5.000000 -5.000000 -5.000000
395 1.8708347660 5.000000 -1.289568 2.247305 5.000000 -2.379674 4.330735 0.340669 0.964076 -5.000000 1.182181 -2.375480 5.000000 4.746922 -1.279275 1.786581
396 -0.5377546690 -5.000000 -5.000000 5.000000 -5.000000 5.000000 -5.000000 5.000000 -5.000000 0.110445 5.000000 5.000000 -5.000000 5.000000 5.000000 -5.000000
397 -0.8220920309 -5.000000 -5.000000 -0.022955 -5.000000 5.000000 5.000000 5.000000 -5.000000 -5.000000 -5.000000 -5.000000 5.000000 5.000000 5.000000 -5.000000
398 -0.7911155301 5.000000 -5.000000 -5.000000 -5.000000 5.000000 -5.000000 5.000000 0.557982 -5.000000 -5.000000 5.000000 5.000000 5.000000 -5.000000 -5.000000
399 -0.9171089916 5.000000 -5.000000 5.000000 -5.000000 5.000000 5.000000 5.000000 -1.749924 -5.000000 -5.000000 5.000000 5.000000 5.000000 5.000000 -5.000000
400 -1.2814521721 5.000000 5.000000 5.000000 5.000000 -5.000000 5.000000 -5.000000 5.000000 -5.000000 5.000000 5.000000 5.000000 5.000000 -1.849384 5.000000
401 -1.2276074385 5.000000 5.000000 -5.000000 5.000000 -5.000000 5.000000 5.000000 5.000000 -5.000000 -5.000000 -5.000000 -5.000000 5.000000 -1.822711 -5.000000
402 -1.0609579764 5.000000 5.000000 5.000000 5.000000 5.000000 -5.000000 -5.000000 5.000000 5.000000 -5.000000 5.000000 5.000000 5.000000 5.000000 -5.000000
403 -0.9810726418 5.000000 -5.000000 5.000000 5.000000 -5.000000 5.000000 -5.000000 5.000000 -5.000000 5.000000 5.000000 -5.000000 -5.000000 -1.742268 5.000000
404 -0.8020252742 -5.000000 -5.000000 -2.643294 -5.000000 5.000000 5.000000 3.371810 5.000000 5.000000 5.000000 5.000000 -5.000000 5.000000 -5.000000 5.000000
405 -1.0609579764 -5.000000 -5.000000 5.000000 5.000000 5.000000 5.000000 -5.000000 -5.000000 -5.000000 5.000000 -5.000000 -5.000000 5.000000 5.000000 5.000000
406 -0.7761459923 5.000000 5.000000 -0.900643 -5.000000 -5.000000 5.000000 -5.000000 -5.000000 5.000000 5.000000 5.000000 5.000000 -5.000000 5.000000 -5.000000
407 -0.6762137873 -5.000000 -5.000000 5.000000 -5.000000 5.000000 -5.000000 -0.553681 -2.487342 5.000000 -5.000000 -5.000000 5.000000 5.000000 -5.000000 -5.000000
408 -0.9965887961 5.000000 -5.000000 -5.000000 -5.000000 5.000000 5.000000 -5.000000 -1.782388 -5.000000 5.000000 5.000000 -3.815600 -5.000000 -5.000000 -5.000000
409 -0.7803366743 -5.000000 -5.000000 5.000000 -5.000000 5.000000 -5.000000 5.000000 -5.000000 5.000000 -5.000000 -5.000000 -5.000000 -5.000000 -1.254758 -5.000000
410 -0.9185648841 -5.000000 -5.000000 -5.000000 -5.000000 -5.000000 5.000000 5.000000 -2.501477 -5.000000 -5.000000 5.000000 5.000000 -5.000000 -5.000000 -5.000000
411 -1.1065195672 -5.000000 -5.000000 5.000000 -5.000000 5.000000 5.000000 -5.000000 -2.644273 -5.000000 5.000000 -5.000000 5.000000 5.000000 5.000000 5.000000
412 -0.8304800394 -5.000000 -5.000000 5.000000 -5.000000 5.000000 5.000000 -5.000000 -2.582229 -2.534605 5.000000 5.000000 5.000000 5.000000 5.000000 5.000000
413 -1.0164986131 -5.000000 5.000000 -5.000000 5.000000 5.000000 5.000000 -5.000000 -5.000000 -0.094428 -5.000000 -5.000000 5.000000 5.000000 5.000000 5.000000
414 -0.5563599875 5.000000 -5.000000 0.163105 5.000000 -5.000000 -5.000000 5.000000 5.000000 -5.000000 5.000000 5.000000 -5.000000 -5.000000 -5.000000 -5.000000
415 -1.0489200000 -5.000000 5.000000 -5.000000 -2.930748 -5.000000 -5.000000 -5.000000 -5.000000 5.000000 -5.000000 -5.000000 0.670875 5.000000 5.000000 5.000000
416 0.7026719672 -5.000000 1.975196 -5.000000 5.000000 -4.019496 -5.000000 -0.897293 -1.693283 -2.684749 -0.582961 3.339899 -2.732921 -4.320872 -0.213328 1.099643
417 -0.6617505886 5.000000 5.000000 -5.000000 -5.000000 5.000000 5.000000 5.000000 5.000000 -5.000000 -5.000000 -5.000000 -5.000000 5.000000 1.608691 -5.000000
418 -0.8917015850 -5.000000 -5.000000 5.000000 -5.000000 5.000000 5.000000 5.000000 -1.663849 5.000000 5.000000 5.000000 -5.000000 -5.000000 -5.000000 -5.000000
419 -0.9517171706 5.000000 5.000000 5.000000 -5.000000 5.000000 -5.000000 5.000000 -5.000000 -5.000000 -5.000000 5.000000 1.222279 5.000000 5.000000 5.000000
420 -1.0609579764 5.000000 -5.000000 5.000000 5.000000 5.000000 5.000000 5.000000 5.000000 -5.000000 -5.000000 -5.000000 -5.000000 5.000000 5.000000 -5.000000
421 -0.6899173446 -5.000000 -5.000000 -5.000000 -5.000000 5.000000 5.000000 5.000000 5.000000 5.000000 -5.000000 5.000000 5.000000 5.000000 1.959586 -5.000000
422 -1.0541080182 5.000000 -5.000000 -5.000000 -5.000000 -5.000000 5.000000 -5.000000 -5.000000 -0.587071 -5.000000 5.000000 5.000000 5.000000 5.000000 -5.000000
423 -0.6495825716 -5.000000 -5.000000 -5.000000 -5.000000 5.000000 5.000000 5.000000 -5.000000 5.000000 5.000000 5.000000 -5.000000 5.000000 -0.943268 -5.000000
424 0.4185287875 4.039728 4.656729 0.390220 2.895878 -4.663972 2.406209 4.137087 -0.596882 -3.975528 3.005680 3.778193 -2.279279 -4.442264 3.877098 -1.048219
425 -0.8856616837 5.000000 -5.000000 -5.000000 -5.000000 -5.000000 5.000000 5.000000 5.000000 5.000000 -5.000000 -5.000000 5.000000 -2.169556 5.000000 -5.000000
426 -1.0609579764 -5.000000 5.000000 5.000000 -5.000000 5.000000 -5.000000 -5.000000 -5.000000 5.000000 5.000000 5.000000 5.000000 5.000000 -5.000000 -5.000000
427 -0.8740000997 -5.000000 -5.000000 -5.000000 5.000000 -5.000000 5.000000 5.000000 -5.000000 -1.594864 -5.000000 5.000000 5.000000 5.000000 5.000000 -5.000000
428 -0.8432182280 5.000000 5.000000 -5.000000 -0.731968 5.000000 5.000000 5.000000 5.000000 -5.000000 -5.000000 5.000000 -5.000000 5.000000 5.000000 -5.000000
429 -1.0609579764 5.000000 -5.000000 -5.000000 -5.000000 5.000000 5.000000 5.000000 5.000000 5.000000 -5.000000 -5.000000 -5.000000 5.000000 -5.000000 5.000000
430 -0.9113362337 -5.000000 -5.000000 5.000000 -5.000000 5.000000 -5.000000 5.000000 -5.000000 -2.164773 -5.000000 5.000000 5.000000 5.000000 -1.983872 -5.000000
431 -0.6968084551 -5.000000 -5.000000 -1.413606 -5.000000 -5.000000 -5.000000 5.000000 -5.000000 5.000000 5.000000 5.000000 5.000000 5.000000 -5.000000 -5.000000
432 -0.7318213129 5.000000 -5.000000 5.000000 5.000000 -5.000000 5.000000 -5.000000 5.000000 1.335517 -5.000000 -5.000000 5.000000 5.000000 5.000000 -5.000000
433 -0.4963014730 5.000000 5.000000 -5.000000 -5.000000 5.000000 -5.000000 -5.000000 -5.000000 1.834537 5.000000 5.000000 5.000000 -5.000000 -5.000000 5.000000
434 -1.2224156978 -5.000000 -5.000000 -1.867678 5.000000 -5.000000 5.000000 5.000000 5.000000 5.000000 -5.000000 5.000000 5.000000 -5.000000 -5.000000 -5.000000
435 -1.0609579764 5.000000 5.000000 5.000000 5.000000 5.000000 5.000000 -5.000000 5.000000 -5.000000 -5.000000 -5.000000 -5.000000 5.000000 5.000000 5.000000
436 -0.5331702979 5.000000 -5.000000 -5.000000 -5.000000 -5.000000 5.000000 -5.000000 5.000000 -1.329824 -5.000000 -5.000000 -5.000000 5.000000 -1.329588 -5.000000
437 -1.0609579764 5.000000 5.000000 -5.000000 -5.000000 5.000000 -5.000000 5.000000 -5.000000 -5.000000 5.000000 -5.000000 -5.000000 5.000000 -5.000000 -5.000000
438 -0.7783272644 -5.000000 -5.000000 -5.000000 -5.000000 -5.000000 5.000000 -5.000000 5.000000 5.000000 1.080089 5.000000 -5.000000 5.000000 -5.000000 5.000000
439 -1.1535944780 -5.000000 5.000000 -5.000000 5.000000 -5.000000 -5.000000 5.000000 -5.000000 -5.000000 -5.000000 5.000000 -5.000000 -5.000000 -2.204661 -5.000000
440 -1.1509707157 5.000000 -5.000000 5.000000 -5.000000 5.000000 5.000000 5.000000 -5.000000 -5.000000 5.000000 5.000000 -5.000000 5.000000 -2.201843 5.000000
441 -1.0609579764 -5.000000 -5.000000 5.000000 -5.000000 5.000000 -5.000000 5.000000 -5.000000 -5.000000 -5.000000 -5.000000 -5.000000 -5.000000 -5.000000 -5.000000
442 -0.2276551341 -5.000000 -5.000000 -5.000000 2.918033 5.000000 5.000000 -5.000000 -5.000000 5.000000 -5.000000 -5.000000 -5.000000 5.000000 -1.341497 5.000000
443 -1.2148380583 -5.000000 -5.000000 5.000000 5.000000 5.000000 -5.000000 -5.000000 5.000000 -5.000000 -5.000000 -5.000000 5.000000 5.000000 -1.817908 5.000000
444 -0.7676396193 5.000000 5.000000 -5.000000 5.000000 -5.000000 -5.000000 5.000000 5.000000 -5.000000 5.000000 -5.000000 1.487900 5.000000 -2.294396 -5.000000
445 -0.9408268210 -5.000000 5.000000 -5.000000 5.000000 -5.000000 5.000000 1.078474 -5.000000 -5.000000 -5.000000 -5.000000 5.000000 5.000000 5.000000 -5.000000
446 -1.0609579764 -5.000000 -5.000000 -5.000000 -5.000000 -5.000000 5.000000 5.000000 5.000000 5.000000 -5.000000 -5.000000 5.000000 -5.000000 -5.000000 5.000000
447 -1.2604058487 -5.000000 5.000000 -5.000000 5.000000 -5.000000 5.000000 5.000000 -5.000000 -5.000000 -5.000000 5.000000 5.000000 -5.000000 -2.949990 -5.000000
448 -0.5961528099 -5.000000 5.000000 -5.000000 -5.000000 5.000000 5.000000 0.346677 -5.000000 5.000000 5.000000 -5.000000 -5.000000 5.000000 -5.000000 5.000000
449 -1.1144841172 -5.000000 -5.000000 -0.502404 -5.000000 5.000000 5.000000 -5.000000 -2.085533 -5.000000 1.947943 5.000000 5.000000 5.000000 5.000000 -5.000000
450 -1.0604360022 5.000000 5.000000 -0.397902 -5.000000 5.000000 5.000000 -5.000000 -5.000000 -2.124829 5.000000 -5.000000 5.000000 5.000000 5.000000 -5.000000
