evaluations raw_y x0 x1 x2 x3 x4 x5 x6 x7 x8 x9 x10 x11 x12 x13 x14
1 -2.0458843123 -4.193811 1.009628 4.393597 1.058146 3.329373 4.183239 1.193683 2.064865 -3.182168 0.158162 -1.620554 3.187112 -3.983667 1.680671 1.786540
2 -0.6731848895 2.607191 2.131586 -4.950379 2.310986 2.151449 0.614230 -4.916538 -4.534248 1.295128 -2.295456 -0.120996 4.412136 1.125679 -3.997571 0.792093
3 -2.9373811881 -3.165240 4.535728 -4.614119 4.340219 -1.931514 3.798419 2.630605 1.638442 2.706907 1.389850 -3.173786 -4.536631 1.460518 -0.820175 2.272064
4 1.3402687362 4.052160 -2.158818 0.644709 -0.239126 -0.881423 4.755136 -1.865387 -1.004716 2.299766 4.911192 -2.059590 0.808994 4.519798 1.239660 0.473471
5 -1.6502741388 -3.653135 3.954826 1.156954 -2.165740 3.557947 -0.480695 -2.379602 3.285513 -1.694759 4.518718 -4.195389 0.542705 -2.123432 -1.133003 4.514936
6 -1.0904564372 0.344523 -0.839963 -1.924868 -3.657878 -1.272809 -2.640924 3.328856 2.522843 -4.484148 1.646949 -0.533305 -3.319984 2.654345 -2.665018 3.110054
7 -2.2567143641 -3.344364 0.039883 -3.044534 4.731700 -0.218405 1.709362 -1.291068 3.771675 0.601930 -1.113824 -4.794368 2.256295 3.369690 3.279310 -2.010301
8 0.3302530921 -1.061280 2.197370 -1.937748 -1.577103 0.166530 -2.081374 0.405241 -1.241170 -0.782037 1.052379 4.517513 -2.168866 0.074886 -1.697387 3.314880
9 -1.2431533869 0.301549 -4.961592 3.605536 0.279762 -3.818818 0.781142 -3.926241 1.580710 -2.827307 -3.809376 1.319497 -0.272746 3.410147 3.028070 0.686831
10 0.8710198030 -0.992611 -0.864667 3.615314 4.570644 3.901546 -0.683928 2.826676 -2.701713 2.953092 1.042977 3.884917 0.307724 -3.393619 -3.675518 4.964184
11 0.1556309738 -2.048915 4.793775 4.600456 -1.019084 1.256864 -3.132259 1.622929 4.900668 -1.589732 0.269966 4.319287 -0.155096 2.986451 -4.568785 -1.036932
12 -0.2850582528 0.511627 -2.140549 -2.310064 3.943608 -2.429792 0.569842 2.577176 0.974851 -3.913590 1.314611 -2.499685 -0.836815 -4.189324 3.454172 0.526338
13 -0.5217673678 2.268078 -0.515139 -4.822120 4.904791 0.123557 1.291543 4.344169 4.535991 -1.472918 4.105343 -4.019663 -0.142751 -4.173148 -2.226546 3.443227
14 1.9036267735 4.648025 4.010015 2.145462 1.031426 -2.480481 4.828280 -3.879889 4.374243 -3.671459 -3.749390 -1.108619 -1.725159 3.766784 -0.619364 -4.464996
15 0.9045478947 0.170120 3.860096 0.292180 -1.197513 -4.196367 -3.256904 -4.024742 2.413585 0.195120 -2.610092 3.832683 4.636494 -2.294459 -4.024971 2.976372
16 0.5778169261 -0.875720 4.032596 -2.112002 0.365828 -3.780125 4.275068 2.598418 2.857053 -4.050186 0.088545 0.263310 2.470953 -2.470348 2.485583 4.598237
17 0.8421779362 3.347310 2.603314 -1.630272 1.713748 -4.525977 -3.365884 3.162443 -0.628506 4.151299 -0.635856 0.538082 -4.900770 2.684392 1.852076 -3.822817
18 -3.4635252229 -4.661941 -3.239697 -0.986476 3.203732 -3.558974 -3.230122 -1.611021 -0.914741 1.419459 -3.621284 -4.697142 3.310440 -1.147509 -1.481259 0.472238
19 -0.3893756974 1.040995 -0.486222 -3.988700 4.661358 -2.284322 -4.984208 0.279623 -0.639655 -2.577876 -3.315221 2.480462 1.644197 2.828511 -1.700869 0.002085
20 -4.1843656487 -4.829197 3.499951 0.485091 -3.465384 1.276522 -1.103744 1.408338 0.032030 -2.356848 -0.656812 -3.057280 0.980840 2.411956 1.820974 -4.133119
21 -1.7256016154 -3.399194 -3.726509 4.580783 0.647558 -1.341984 2.650317 -2.174945 -1.511353 0.157944 0.462923 0.485162 1.482432 -0.857433 -3.308796 4.252448
22 -1.4940185673 -3.365607 1.038768 -1.027658 1.542105 -1.195930 -4.769745 2.745079 -3.526538 1.651691 3.725060 -3.842487 3.379490 -0.253482 -2.274716 -3.736783
23 -0.7429489226 4.911992 -1.950531 -4.099983 1.999638 -4.594254 -0.234322 0.514474 3.908257 -1.164434 -2.126372 1.944651 1.012877 3.772638 -1.577793 -2.932191
24 0.0944193151 0.408217 -2.382847 -0.460573 -0.180450 2.437840 2.723015 -3.055010 -4.456046 0.230176 1.916680 3.312229 2.255781 -2.846444 -1.322653 -2.107544
25 -1.4984872103 2.911059 -2.632699 -4.976385 -1.434304 0.596209 -4.634168 -0.220141 -3.082595 4.619172 4.300402 4.820339 -0.924336 2.829481 1.583759 -3.179955
26 -4.1737286914 -2.887542 -3.619637 -4.609774 4.746357 0.434668 -2.352368 2.877108 1.973810 3.779707 2.146131 0.914571 -4.162120 2.177095 -4.882726 3.036749
27 0.3071392084 3.084270 3.249990 0.977833 -3.211027 0.626781 0.032197 0.299631 -4.880854 -1.035604 3.291412 -1.422372 2.774654 -0.146512 -0.475919 -4.025252
28 -1.3474331747 -2.512151 4.333246 -0.495380 -3.594109 -0.922504 0.679455 -0.984685 -0.028575 -3.032000 -1.448224 -1.689106 4.893865 1.116089 -3.014985 -2.128721
29 -0.1975130713 4.330030 -3.119464 -2.126034 1.702455 -0.060434 -3.656392 1.579086 3.720202 4.443471 -3.354381 1.913006 2.899315 -2.457709 -0.438796 -1.495399
30 -0.9324437304 -3.369681 2.788923 2.271469 0.618784 -2.801995 -0.994855 2.036506 -2.461984 2.018104 -3.854110 0.351878 3.678647 -4.116652 -0.724661 -0.099631
31 -0.3222375136 -0.946157 -3.752059 2.105058 -0.044857 -1.914853 -1.419510 0.397141 -3.168242 -4.267951 3.780216 -2.075549 -2.826416 -1.454926 0.611180 -0.267551
32 -2.9942619579 3.475504 -4.288502 -4.243237 -3.542742 0.764064 -4.337986 -2.138535 0.376773 -1.348835 3.148722 -3.905547 -0.306732 -1.680669 0.894770 2.352557
33 -1.7320719420 4.209336 -4.987461 -2.899652 4.738380 -2.090356 1.780619 -2.594664 -0.678659 1.865820 -2.115689 2.778451 0.309935 0.132931 -2.732781 -2.152803
34 -0.9830703736 4.103745 -3.217979 -4.788471 0.632246 2.600892 -1.034510 -2.277777 0.332652 -1.202991 4.111856 1.005033 4.497371 0.696254 4.868478 0.372557
35 0.4147892244 -1.777713 1.946093 1.727180 4.338254 3.567928 1.358392 1.215403 -1.021249 0.945103 4.997389 3.333243 -2.714845 -0.115228 -3.088452 -1.335772
36 -4.6951594351 -4.910465 -3.858421 2.205894 -2.096180 1.450661 0.886631 -4.564500 -1.342097 -3.080287 1.679032 -2.025362 -4.999838 4.964315 -1.120785 -1.565124
37 2.1456586538 2.602428 4.080931 3.778923 1.735964 -4.801207 -1.250015 4.340139 -3.683409 2.556288 -1.997619 0.851788 0.624904 1.911042 4.953222 0.006400
38 -1.1047159876 -1.950620 -2.961744 4.434463 -0.833896 -0.601163 -4.945716 -2.797520 4.490104 -0.126521 2.885351 -1.177495 -0.878607 1.612577 -1.936517 0.079047
39 -2.6845739557 -4.098025 -4.033921 4.844655 3.315476 3.553633 4.653036 -4.177098 4.207372 -3.822682 -3.964854 -1.814944 2.857438 4.609598 4.502822 -2.986455
40 -2.4909219100 4.669431 -3.680701 -1.681297 -4.803983 -4.375800 -3.491644 0.116202 0.593464 0.955684 1.361460 -3.881895 0.934746 -4.818404 -3.193350 4.473726
41 -0.3283440889 -3.340461 4.600257 4.153500 4.179543 -2.178891 -2.807159 0.496506 0.609890 3.135177 2.339880 4.475047 -0.984875 1.354558 -1.088670 2.377679
42 0.5440839888 -1.062154 3.712042 0.200202 0.338597 3.475939 0.319574 2.764019 0.277697 -3.858302 -1.451830 0.088943 2.152069 2.434599 -4.693420 -4.283057
43 -1.2705037593 -3.278116 3.892715 4.772597 3.854514 3.666790 -0.681646 -4.535778 -4.946484 0.190063 -3.945181 -0.984812 0.833080 1.199925 1.589927 -1.100748
44 -3.6066397366 -3.074501 -4.873724 -0.004666 -2.766991 -4.729472 4.935802 1.274857 -1.679612 3.640889 -1.416643 -3.224968 3.644669 0.686514 -3.648323 -1.251583
45 1.3840175221 4.548571 0.719864 -1.296392 4.006401 2.920370 -3.287523 2.151020 0.121765 4.427552 1.616918 1.594138 -0.697879 -1.082317 3.735788 -1.385157
46 -7.7482258599 -5.000000 -5.000000 -5.000000 -2.172394 4.022714 3.448113 2.832308 5.000000 4.328076 -5.000000 -5.000000 -5.000000 5.000000 -3.387610 -5.000000
47 -8.9763482419 -5.000000 -5.000000 -5.000000 -5.000000 5.000000 5.000000 5.000000 5.000000 -1.229194 -5.000000 -5.000000 -5.000000 5.000000 5.000000 -5.000000
48 -9.1365960685 -5.000000 -5.000000 -5.000000 -5.000000 5.000000 5.000000 5.000000 5.000000 -5.000000 4.999878 -5.000000 -5.000000 -5.000000 5.000000 -5.000000
49 -8.7996883959 -5.000000 -5.000000 -5.000000 -5.000000 5.000000 4.524782 5.000000 5.000000 -5.000000 -5.000000 -5.000000 -5.000000 -5.000000 -4.999485 -5.000000
50 -7.0632894236 -5.000000 -5.000000 5.000000 -5.000000 5.000000 5.000000 5.000000 5.000000 5.000000 -5.000000 -5.000000 -5.000000 -5.000000 5.000000 -5.000000
51 -8.9018570385 -5.000000 -5.000000 -5.000000 -5.000000 -5.000000 5.000000 -5.000000 5.000000 5.000000 -5.000000 -5.000000 -5.000000 -5.000000 5.000000 -5.000000
52 -9.0976066888 -5.000000 -5.000000 -5.000000 -5.000000 5.000000 -5.000000 5.000000 5.000000 -5.000000 -5.000000 -5.000000 -5.000000 -5.000000 5.000000 5.000000
53 -8.5357483614 -5.000000 -5.000000 -5.000000 -5.000000 5.000000 -5.000000 -5.000000 5.000000 -5.000000 -5.000000 -5.000000 -5.000000 -5.000000 5.000000 -5.000000
54 -8.8946988204 -5.000000 -5.000000 -5.000000 -5.000000 -5.000000 5.000000 5.000000 5.000000 -5.000000 -5.000000 -5.000000 -5.000000 -5.000000 5.000000 -5.000000
55 -8.7367876993 -5.000000 -5.000000 -5.000000 -5.000000 5.000000 5.000000 5.000000 5.000000 5.000000 -5.000000 5.000000 -5.000000 -5.000000 5.000000 5.000000
56 -9.1335287083 -5.000000 -5.000000 -5.000000 -5.000000 5.000000 -5.000000 5.000000 5.000000 5.000000 5.000000 -5.000000 -5.000000 -5.000000 5.000000 -5.000000
57 -9.1331979713 -5.000000 -5.000000 -5.000000 -5.000000 5.000000 5.000000 5.000000 -5.000000 5.000000 -5.000000 -5.000000 -5.000000 -5.000000 5.000000 5.000000
58 -8.8565965293 -5.000000 -5.000000 -5.000000 -5.000000 2.151392 -5.000000 -3.271899 -5.000000 -4.433993 5.000000 -5.000000 -5.000000 5.000000 -4.960637 3.228829
59 -8.2985941804 -5.000000 -5.000000 -5.000000 -5.000000 5.000000 5.000000 5.000000 5.000000 5.000000 5.000000 -5.000000 -5.000000 5.000000 5.000000 5.000000
60 -6.9523832956 -5.000000 -5.000000 -5.000000 5.000000 -5.000000 5.000000 -5.000000 -5.000000 -5.000000 -5.000000 5.000000 -5.000000 -5.000000 5.000000 -5.000000
61 -8.8993237192 -5.000000 -5.000000 -5.000000 -5.000000 5.000000 -5.000000 5.000000 -5.000000 5.000000 -5.000000 -5.000000 -5.000000 -5.000000 5.000000 -5.000000
62 -8.0358921491 -5.000000 -5.000000 -5.000000 -5.000000 -3.210045 5.000000 -3.998425 -5.000000 -5.000000 -5.000000 -5.000000 -5.000000 -5.000000 5.000000 -5.000000
63 -7.1584076624 -5.000000 5.000000 -5.000000 -5.000000 5.000000 -5.000000 -4.105585 5.000000 5.000000 -5.000000 5.000000 -5.000000 -5.000000 5.000000 -5.000000
64 -9.0225166971 -5.000000 -5.000000 -5.000000 -5.000000 5.000000 -5.000000 5.000000 5.000000 5.000000 -5.000000 -5.000000 -5.000000 4.683678 -5.000000 -5.000000
65 -8.9013428885 -5.000000 -5.000000 -5.000000 -5.000000 -5.000000 -5.000000 5.000000 5.000000 5.000000 -5.000000 5.000000 -5.000000 -5.000000 -5.000000 -5.000000
66 -8.9959978735 -5.000000 -5.000000 -5.000000 -5.000000 -5.000000 -5.000000 5.000000 5.000000 -1.343117 -5.000000 -5.000000 -5.000000 5.000000 5.000000 5.000000
67 -7.0667252124 -5.000000 -5.000000 5.000000 -5.000000 5.000000 -5.000000 -5.000000 -5.000000 -5.000000 5.000000 5.000000 5.000000 5.000000 5.000000 -5.000000
68 -7.1472967061 -5.000000 -5.000000 5.000000 -5.000000 -5.000000 5.000000 -5.000000 -5.000000 5.000000 -5.000000 5.000000 -5.000000 5.000000 -5.000000 -5.000000
69 -8.2925008199 -5.000000 -5.000000 -5.000000 -5.000000 -5.000000 4.989345 5.000000 -5.000000 -5.000000 -0.086251 -5.000000 -5.000000 -5.000000 -5.000000 -5.000000
70 -9.0136233549 -5.000000 -5.000000 -5.000000 -5.000000 5.000000 -5.000000 5.000000 5.000000 5.000000 5.000000 -5.000000 -5.000000 -5.000000 5.000000 5.000000
71 -9.2032471410 -5.000000 -5.000000 -5.000000 -5.000000 -5.000000 -5.000000 5.000000 5.000000 5.000000 3.637376 -5.000000 5.000000 5.000000 5.000000 -5.000000
72 -9.0985917714 -5.000000 -5.000000 -5.000000 -5.000000 5.000000 -5.000000 5.000000 -5.000000 5.000000 -5.000000 -5.000000 -5.000000 5.000000 5.000000 -5.000000
73 -7.1837148602 -5.000000 -5.000000 5.000000 -5.000000 5.000000 -5.000000 5.000000 -5.000000 -5.000000 -5.000000 -5.000000 5.000000 5.000000 -5.000000 5.000000
74 -8.9354779856 -5.000000 -5.000000 -5.000000 -5.000000 5.000000 -5.000000 5.000000 5.000000 1.475758 -5.000000 5.000000 1.930190 5.000000 5.000000 -3.465977
75 -9.1409548167 -5.000000 -5.000000 -5.000000 -5.000000 1.723560 -5.000000 5.000000 -5.000000 5.000000 5.000000 -5.000000 5.000000 -5.000000 -5.000000 -5.000000
76 -9.1378584636 -5.000000 -5.000000 -5.000000 -5.000000 5.000000 -5.000000 5.000000 -5.000000 5.000000 -5.000000 5.000000 5.000000 5.000000 -5.000000 -5.000000
77 -8.9144484165 -5.000000 -5.000000 -5.000000 -5.000000 5.000000 -5.000000 -4.933899 5.000000 5.000000 -2.796169 -5.000000 5.000000 -5.000000 -5.000000 -5.000000
78 -9.1500664957 -5.000000 -5.000000 -5.000000 -5.000000 -5.000000 -5.000000 5.000000 -5.000000 5.000000 -5.000000 5.000000 -5.000000 2.362372 5.000000 5.000000
79 -9.1381175098 -5.000000 -5.000000 -5.000000 -5.000000 5.000000 -5.000000 -4.999814 -5.000000 -5.000000 5.000000 5.000000 -5.000000 5.000000 5.000000 5.000000
80 -8.9301252822 -5.000000 -5.000000 -5.000000 -5.000000 5.000000 -5.000000 5.000000 2.897462 5.000000 -5.000000 5.000000 5.000000 5.000000 5.000000 -5.000000
81 -6.8303971622 -5.000000 5.000000 -5.000000 -5.000000 -5.000000 -5.000000 5.000000 -3.501518 5.000000 5.000000 -5.000000 5.000000 5.000000 -5.000000 5.000000
82 -9.0224290770 -5.000000 -5.000000 -5.000000 -5.000000 5.000000 -5.000000 5.000000 5.000000 -5.000000 -5.000000 5.000000 5.000000 5.000000 -5.000000 5.000000
83 -9.2529370560 -5.000000 -5.000000 -5.000000 -5.000000 5.000000 -5.000000 -4.960723 5.000000 0.836135 5.000000 5.000000 -2.685997 -5.000000 -5.000000 1.516803
84 -9.1380528760 -5.000000 -5.000000 -5.000000 -5.000000 5.000000 -5.000000 -5.000000 -5.000000 -4.998180 -5.000000 5.000000 5.000000 5.000000 5.000000 5.000000
85 -8.7357182422 -5.000000 -5.000000 -5.000000 -5.000000 5.000000 -5.000000 5.000000 5.000000 5.000000 5.000000 5.000000 5.000000 -5.000000 5.000000 -5.000000
86 -9.1735688986 -5.000000 -5.000000 -5.000000 -5.000000 -5.000000 3.464505 5.000000 -5.000000 5.000000 5.000000 5.000000 -5.000000 -5.000000 5.000000 -3.119800
87 -9.0956630012 -5.000000 -5.000000 -5.000000 -5.000000 -5.000000 -5.000000 5.000000 -5.000000 5.000000 5.000000 5.000000 5.000000 -5.000000 -5.000000 -5.000000
88 -9.1554740226 -5.000000 -5.000000 -5.000000 -5.000000 -5.000000 -5.000000 5.000000 -5.000000 5.000000 5.000000 5.000000 -4.156513 1.243871 -5.000000 -5.000000
89 -8.2955785267 -5.000000 -5.000000 -5.000000 -5.000000 5.000000 -5.000000 5.000000 5.000000 5.000000 5.000000 5.000000 -5.000000 5.000000 5.000000 5.000000
90 -6.5876926672 -5.000000 -5.000000 5.000000 -5.000000 -5.000000 -5.000000 5.000000 5.000000 -5.000000 -5.000000 -5.000000 -5.000000 -5.000000 -5.000000 -5.000000
91 -9.0848433298 -5.000000 -5.000000 -5.000000 -5.000000 -5.000000 -5.000000 -5.000000 -5.000000 5.000000 -5.000000 5.000000 5.000000 5.000000 -0.831731 5.000000
92 -8.8426730705 -5.000000 -5.000000 -5.000000 -5.000000 -2.136488 -5.000000 5.000000 -1.577894 -5.000000 5.000000 5.000000 5.000000 -5.000000 4.230633 5.000000
93 -7.0681152338 -5.000000 -5.000000 -5.000000 5.000000 -5.000000 5.000000 5.000000 -5.000000 -5.000000 5.000000 5.000000 -5.000000 5.000000 5.000000 -5.000000
94 -8.7137125295 -5.000000 -5.000000 -5.000000 -5.000000 -5.000000 -5.000000 -1.673067 5.000000 5.000000 -5.000000 5.000000 -0.649254 -5.000000 -5.000000 -5.000000
95 -9.1324434080 -5.000000 -5.000000 -5.000000 -5.000000 -5.000000 4.970098 -5.000000 -5.000000 5.000000 5.000000 5.000000 -5.000000 5.000000 5.000000 -5.000000
96 -9.0034819515 -5.000000 -5.000000 -5.000000 -5.000000 -5.000000 3.328047 5.000000 -5.000000 5.000000 -5.000000 5.000000 5.000000 5.000000 5.000000 5.000000
97 -7.0741166612 -5.000000 -5.000000 -5.000000 5.000000 -5.000000 -5.000000 5.000000 5.000000 -5.000000 -5.000000 -5.000000 -5.000000 -5.000000 -0.249150 5.000000
98 -9.1401325283 -5.000000 -5.000000 -5.000000 -5.000000 5.000000 -5.000000 5.000000 -5.000000 5.000000 -5.000000 5.000000 -5.000000 5.000000 5.000000 -5.000000
99 -5.1195763332 -5.000000 5.000000 -5.000000 5.000000 5.000000 -5.000000 5.000000 -5.000000 -5.000000 5.000000 5.000000 5.000000 -5.000000 -5.000000 -5.000000
100 -7.0649097406 -5.000000 -5.000000 -5.000000 5.000000 5.000000 5.000000 5.000000 5.000000 5.000000 -5.000000 -5.000000 -5.000000 -5.000000 5.000000 -5.000000
101 -7.0693456740 -5.000000 5.000000 -5.000000 -5.000000 5.000000 5.000000 -5.000000 -5.000000 -5.000000 -5.000000 5.000000 5.000000 5.000000 -5.000000 5.000000
102 -5.2001959269 5.000000 -5.000000 -5.000000 -5.000000 5.000000 5.000000 5.000000 -5.000000 -5.000000 -5.000000 5.000000 -5.000000 -5.000000 -5.000000 -5.000000
103 -9.1662556160 -5.000000 -5.000000 -5.000000 -5.000000 5.000000 0.344282 2.630633 -5.000000 -4.865772 -5.000000 5.000000 -1.237291 -5.000000 5.000000 1.486194
104 -7.6648072803 -5.000000 -3.196074 -5.000000 -5.000000 0.032698 4.807253 -0.917284 -1.553148 5.000000 -5.000000 5.000000 -2.935166 -0.587287 4.247087 -3.423798
105 -9.1013208232 -5.000000 -5.000000 -5.000000 -5.000000 5.000000 -5.000000 5.000000 -5.000000 -5.000000 -5.000000 5.000000 -5.000000 -5.000000 5.000000 5.000000
106 -8.8686587555 -5.000000 -5.000000 -5.000000 -5.000000 -5.000000 -5.000000 5.000000 1.362918 -2.620796 -5.000000 -3.003739 5.000000 -3.983838 -5.000000 5.000000
107 -8.9341060721 -5.000000 -5.000000 -5.000000 -5.000000 5.000000 3.228043 5.000000 -5.000000 -5.000000 -5.000000 -1.798267 5.000000 -5.000000 -5.000000 -1.261247
108 -9.0261507027 -5.000000 -5.000000 -5.000000 -5.000000 -2.222024 5.000000 -5.000000 5.000000 5.000000 -0.364268 3.570790 5.000000 -1.336428 5.000000 -5.000000
109 -3.1709918711 5.000000 5.000000 -5.000000 -5.000000 -2.863208 -5.000000 -5.000000 -5.000000 -5.000000 -5.000000 5.000000 0.035272 -5.000000 5.000000 5.000000
110 -8.8948423436 -5.000000 -5.000000 -5.000000 -5.000000 -1.775758 5.000000 -1.139439 -5.000000 -5.000000 -5.000000 5.000000 -2.637140 -0.304094 5.000000 5.000000
111 -4.3956649450 -4.639499 5.000000 5.000000 -5.000000 -4.547857 -1.332365 1.587316 5.000000 5.000000 0.847868 -5.000000 -3.535256 5.000000 5.000000 -5.000000
112 -8.5024931393 -5.000000 -5.000000 -5.000000 -5.000000 5.000000 -5.000000 -5.000000 -5.000000 5.000000 -5.000000 -5.000000 -3.440237 5.000000 -1.921358 -5.000000
113 -2.7029008968 5.000000 -5.000000 5.000000 -5.000000 5.000000 4.924652 5.000000 -5.000000 5.000000 -5.000000 -3.859221 -5.000000 5.000000 5.000000 -5.000000
114 -9.1473742532 -5.000000 -5.000000 -5.000000 -5.000000 -5.000000 -5.000000 -5.000000 0.985150 5.000000 5.000000 -5.000000 1.822147 -5.000000 5.000000 -4.536360
115 -9.2560540598 -5.000000 -5.000000 -5.000000 -5.000000 5.000000 -5.000000 -5.000000 -5.000000 5.000000 1.331983 -5.000000 4.119231 -5.000000 5.000000 5.000000
116 -5.1195202326 -5.000000 5.000000 5.000000 -5.000000 5.000000 5.000000 -5.000000 -5.000000 5.000000 -5.000000 5.000000 5.000000 -5.000000 -5.000000 -5.000000
117 -7.1473990412 -5.000000 5.000000 -5.000000 -5.000000 5.000000 -5.000000 -5.000000 -5.000000 -5.000000 5.000000 -5.000000 -5.000000 5.000000 5.000000 -5.000000
118 -9.1817683337 -5.000000 -5.000000 -5.000000 -5.000000 5.000000 -5.000000 -5.000000 -5.000000 5.000000 5.000000 2.677440 5.000000 -5.000000 5.000000 -5.000000
119 -9.1388068806 -5.000000 -5.000000 -5.000000 -5.000000 5.000000 -5.000000 5.000000 -5.000000 -5.000000 5.000000 5.000000 5.000000 -5.000000 5.000000 -5.000000
120 -7.1854231835 -5.000000 -5.000000 -5.000000 5.000000 5.000000 5.000000 -5.000000 5.000000 -5.000000 -5.000000 -5.000000 5.000000 5.000000 -5.000000 -5.000000
121 -9.1730645472 -5.000000 -5.000000 -5.000000 -5.000000 5.000000 -5.000000 5.000000 -5.000000 -5.000000 5.000000 5.000000 5.000000 2.930951 5.000000 -5.000000
122 -9.1397150490 -5.000000 -5.000000 -5.000000 -5.000000 5.000000 -5.000000 5.000000 -5.000000 -5.000000 5.000000 5.000000 5.000000 -5.000000 5.000000 -5.000000
123 -9.0972060052 -5.000000 -5.000000 -5.000000 -5.000000 -5.000000 -5.000000 5.000000 -5.000000 -5.000000 -5.000000 -5.000000 5.000000 5.000000 5.000000 5.000000
124 -9.1071152363 -5.000000 -5.000000 -5.000000 -5.000000 -5.000000 -5.000000 -2.435889 -5.000000 2.919005 -2.823004 5.000000 5.000000 -0.046204 5.000000 5.000000
125 -9.1927683654 -5.000000 -5.000000 -5.000000 -5.000000 -5.000000 -5.000000 -1.281781 1.825152 -4.495666 3.655648 2.526594 -1.857256 1.895226 2.985121 -3.282679
126 -1.3384381903 5.000000 -5.000000 5.000000 5.000000 5.000000 -5.000000 5.000000 5.000000 -5.000000 -5.000000 -5.000000 -5.000000 -5.000000 -5.000000 -5.000000
127 -9.3369383016 -5.000000 -5.000000 -5.000000 -5.000000 -5.000000 -5.000000 -5.000000 5.000000 1.126717 5.000000 5.000000 5.000000 -2.407934 -4.726581 3.038857
128 -8.9522628020 -5.000000 -5.000000 -5.000000 -5.000000 5.000000 -5.000000 -5.000000 5.000000 -5.000000 -2.312702 5.000000 -5.000000 -5.000000 -5.000000 5.000000
129 -7.1517366201 -5.000000 -5.000000 -5.000000 5.000000 5.000000 -5.000000 -5.000000 -5.000000 -5.000000 -5.000000 5.000000 -5.000000 5.000000 5.000000 -5.000000
130 -8.9250321040 -5.000000 -5.000000 -5.000000 -5.000000 -5.000000 4.742831 -3.005147 5.000000 5.000000 -5.000000 -5.000000 5.000000 -5.000000 5.000000 -5.000000
131 -7.0652948781 -5.000000 5.000000 -5.000000 -5.000000 5.000000 5.000000 5.000000 -5.000000 -5.000000 5.000000 -5.000000 5.000000 -5.000000 5.000000 -5.000000
132 -7.1865084205 -5.000000 5.000000 -5.000000 -5.000000 5.000000 5.000000 5.000000 -5.000000 5.000000 -5.000000 -5.000000 -5.000000 -5.000000 -5.000000 5.000000
133 -9.0027969028 -5.000000 -5.000000 -5.000000 -5.000000 5.000000 5.000000 5.000000 -5.000000 -5.000000 -5.000000 -5.000000 5.000000 -5.000000 5.000000 -1.233287
134 -8.9335456107 -5.000000 -5.000000 -5.000000 -5.000000 5.000000 5.000000 -5.000000 -5.000000 5.000000 5.000000 0.758761 -3.931494 -5.000000 -5.000000 -5.000000
135 -5.9753736608 -5.000000 -5.000000 5.000000 -5.000000 -5.000000 -5.000000 5.000000 -1.544930 5.000000 5.000000 5.000000 5.000000 5.000000 5.000000 5.000000
136 -9.1374976519 -5.000000 -5.000000 -5.000000 -5.000000 -5.000000 5.000000 -5.000000 5.000000 5.000000 -5.000000 5.000000 -5.000000 -5.000000 5.000000 5.000000
137 -9.0971294682 -5.000000 -5.000000 -5.000000 -5.000000 -5.000000 -5.000000 5.000000 -5.000000 -5.000000 -5.000000 5.000000 5.000000 5.000000 5.000000 -5.000000
138 -9.0884277348 -5.000000 -5.000000 -5.000000 -5.000000 -5.000000 5.000000 -5.000000 5.000000 -0.656743 5.000000 5.000000 5.000000 -5.000000 -5.000000 5.000000
139 -5.7324786816 -5.000000 -5.000000 -5.000000 5.000000 5.000000 5.000000 -5.000000 5.000000 5.000000 5.000000 5.000000 5.000000 -5.000000 4.533803 5.000000
140 -6.7831308366 -5.000000 -5.000000 -5.000000 5.000000 5.000000 5.000000 -5.000000 -5.000000 5.000000 5.000000 5.000000 -5.000000 5.000000 -5.000000 5.000000
141 -7.1835954296 -5.000000 -5.000000 -5.000000 5.000000 -5.000000 -5.000000 5.000000 5.000000 -5.000000 5.000000 -5.000000 5.000000 -5.000000 5.000000 -5.000000
142 -6.7838607154 -5.000000 -5.000000 5.000000 -5.000000 5.000000 -5.000000 -5.000000 5.000000 5.000000 -5.000000 5.000000 5.000000 5.000000 -5.000000 5.000000
143 -7.1846037177 -5.000000 -5.000000 -5.000000 5.000000 -5.000000 5.000000 -5.000000 5.000000 5.000000 5.000000 5.000000 -5.000000 -5.000000 -5.000000 -5.000000
144 -8.8931836047 -5.000000 -5.000000 -5.000000 -5.000000 -5.000000 -5.000000 -5.000000 -5.000000 5.000000 -5.000000 5.000000 5.000000 -5.000000 5.000000 -5.000000
145 -9.1016329394 -5.000000 -5.000000 -5.000000 -5.000000 5.000000 -5.000000 -5.000000 -5.000000 -5.000000 5.000000 5.000000 5.000000 -5.000000 -5.000000 5.000000
146 -9.0999666532 -5.000000 -5.000000 -5.000000 -5.000000 -5.000000 -5.000000 -5.000000 5.000000 5.000000 5.000000 5.000000 -5.000000 -5.000000 5.000000 -5.000000
147 -3.7976673263 -5.000000 5.000000 -5.000000 5.000000 5.000000 5.000000 5.000000 -5.000000 5.000000 -5.000000 -5.000000 5.000000 5.000000 5.000000 5.000000
148 -1.8441525409 5.000000 5.000000 -5.000000 -5.000000 5.000000 5.000000 5.000000 5.000000 5.000000 -5.000000 -5.000000 5.000000 5.000000 -5.000000 5.000000
149 -7.1475662287 -5.000000 5.000000 -5.000000 -5.000000 -5.000000 5.000000 -5.000000 5.000000 -5.000000 5.000000 -5.000000 -5.000000 -5.000000 -5.000000 5.000000
150 -7.1851375384 -5.000000 -5.000000 5.000000 -5.000000 5.000000 5.000000 -5.000000 5.000000 -5.000000 -5.000000 5.000000 -5.000000 -5.000000 5.000000 -5.000000
151 -9.1012282867 -5.000000 -5.000000 -5.000000 -5.000000 5.000000 5.000000 -5.000000 -5.000000 -5.000000 5.000000 -5.000000 5.000000 5.000000 -5.000000 -5.000000
152 -5.2400937477 5.000000 -5.000000 -5.000000 -5.000000 -5.000000 -5.000000 5.000000 -5.000000 5.000000 -5.000000 5.000000 5.000000 5.000000 -5.000000 -5.000000
153 -6.3453001248 -5.000000 5.000000 -5.000000 -5.000000 5.000000 5.000000 5.000000 5.000000 -5.000000 5.000000 5.000000 5.000000 5.000000 -5.000000 -5.000000
154 -3.3523713472 5.000000 -5.000000 5.000000 -5.000000 -5.000000 -5.000000 -5.000000 5.000000 -5.000000 5.000000 5.000000 5.000000 -4.599207 -5.000000 -5.000000
155 -8.9156608100 -5.000000 -5.000000 -5.000000 -5.000000 5.000000 5.000000 5.000000 -5.000000 -5.000000 -5.000000 5.000000 5.000000 5.000000 -0.307025 5.000000
156 -5.2399692232 -5.000000 5.000000 5.000000 -5.000000 5.000000 -5.000000 5.000000 -5.000000 -5.000000 -5.000000 5.000000 -5.000000 -5.000000 5.000000 -5.000000
157 -8.5391192688 -5.000000 -5.000000 -5.000000 -5.000000 -5.000000 -5.000000 5.000000 -5.000000 -5.000000 -5.000000 -5.000000 5.000000 5.000000 -5.000000 -5.000000
158 -8.7355346453 -5.000000 -5.000000 -5.000000 -5.000000 5.000000 5.000000 -5.000000 5.000000 5.000000 5.000000 -5.000000 5.000000 5.000000 5.000000 -5.000000
159 -8.8989394140 -5.000000 -5.000000 -5.000000 -5.000000 5.000000 -5.000000 -5.000000 -5.000000 5.000000 -5.000000 -5.000000 -5.000000 5.000000 -5.000000 5.000000
160 -9.1057138961 -5.000000 -5.000000 -5.000000 -5.000000 -5.000000 -5.000000 -5.000000 5.000000 5.000000 5.000000 5.000000 0.375539 -5.000000 5.000000 -5.000000
161 -5.1216185670 5.000000 -5.000000 -5.000000 -5.000000 -5.000000 5.000000 5.000000 -5.000000 -5.000000 -5.000000 5.000000 5.000000 -5.000000 5.000000 5.000000
162 -9.1345677089 -5.000000 -5.000000 -5.000000 -5.000000 -5.000000 5.000000 5.000000 5.000000 -5.000000 -5.000000 5.000000 5.000000 -5.000000 5.000000 -5.000000
163 -8.7192430756 -5.000000 -5.000000 -5.000000 -5.000000 5.000000 -5.000000 0.130036 -5.000000 -5.000000 -5.000000 -5.000000 5.000000 -5.000000 -5.000000 5.000000
164 -9.0961325442 -5.000000 -5.000000 -5.000000 -5.000000 5.000000 -5.000000 5.000000 -5.000000 -5.000000 5.000000 5.000000 -5.000000 5.000000 -5.000000 -5.000000
165 -8.8953639898 -5.000000 -5.000000 -5.000000 -5.000000 5.000000 5.000000 -5.000000 -5.000000 -5.000000 5.000000 -5.000000 -5.000000 -5.000000 5.000000 -5.000000
166 -9.1005212766 -5.000000 -5.000000 -5.000000 -5.000000 5.000000 -5.000000 5.000000 5.000000 5.000000 -5.000000 -5.000000 -5.000000 5.000000 -5.000000 -5.000000
167 -8.9355788227 -5.000000 -5.000000 -5.000000 -5.000000 -5.000000 -3.236184 5.000000 5.000000 5.000000 5.000000 5.000000 -5.000000 -5.000000 -5.000000 5.000000
168 -6.9464556433 -5.000000 -5.000000 -5.000000 5.000000 -5.000000 -5.000000 -5.000000 5.000000 -5.000000 5.000000 -5.000000 -5.000000 -5.000000 -5.000000 5.000000
169 -8.9622429746 -5.000000 -5.000000 -5.000000 -5.000000 -1.184094 -5.000000 -5.000000 5.000000 -5.000000 5.000000 5.000000 -2.648015 5.000000 5.000000 -5.000000
170 -5.2407945339 5.000000 -5.000000 -5.000000 -5.000000 5.000000 -5.000000 -5.000000 5.000000 -5.000000 -5.000000 5.000000 -5.000000 5.000000 5.000000 -5.000000
171 -9.1331948764 -5.000000 -5.000000 -5.000000 -5.000000 -5.000000 -5.000000 -5.000000 5.000000 5.000000 -5.000000 -5.000000 5.000000 5.000000 5.000000 5.000000
172 -8.8950672037 -5.000000 -5.000000 -5.000000 -5.000000 -5.000000 5.000000 5.000000 5.000000 -5.000000 -5.000000 -5.000000 -5.000000 -5.000000 5.000000 -5.000000
173 -5.2005376402 5.000000 -5.000000 -5.000000 -5.000000 -5.000000 5.000000 -5.000000 -5.000000 5.000000 -5.000000 5.000000 -5.000000 -5.000000 -5.000000 5.000000
174 -4.9741795439 -5.000000 5.000000 -5.000000 5.000000 5.000000 -5.000000 2.553712 5.000000 -5.000000 5.000000 5.000000 -5.000000 -5.000000 5.000000 -5.000000
175 -8.8945211432 -5.000000 -5.000000 -5.000000 -5.000000 -5.000000 5.000000 -5.000000 -5.000000 5.000000 5.000000 -5.000000 5.000000 -5.000000 -5.000000 -5.000000
176 -8.9698322049 -5.000000 -5.000000 -5.000000 -5.000000 5.000000 5.000000 -5.000000 -5.000000 -5.000000 5.000000 5.000000 -5.000000 -5.000000 5.000000 -3.690774
177 -6.7849600429 -5.000000 -5.000000 5.000000 -5.000000 -5.000000 5.000000 5.000000 5.000000 -5.000000 5.000000 -5.000000 -5.000000 5.000000 5.000000 5.000000
178 -7.3382058748 -5.000000 -5.000000 -5.000000 -5.000000 -5.000000 -5.000000 -5.000000 -5.000000 -5.000000 -5.000000 5.000000 -5.000000 -5.000000 -5.000000 -5.000000
179 -7.0654531232 -5.000000 -5.000000 5.000000 -5.000000 5.000000 5.000000 5.000000 -5.000000 -5.000000 -5.000000 5.000000 5.000000 -5.000000 5.000000 -5.000000
180 -9.0647411490 -5.000000 -5.000000 -5.000000 -5.000000 -2.042147 -5.000000 5.000000 5.000000 -5.000000 5.000000 -5.000000 5.000000 5.000000 -5.000000 -5.000000
181 -6.9505052566 -5.000000 -5.000000 5.000000 -5.000000 5.000000 -5.000000 -5.000000 -5.000000 -5.000000 -5.000000 5.000000 -5.000000 -5.000000 -5.000000 5.000000
182 -9.0162911154 -5.000000 -5.000000 -5.000000 -5.000000 5.000000 5.000000 5.000000 5.000000 5.000000 -5.000000 5.000000 -5.000000 -5.000000 5.000000 -5.000000
183 -9.1328577465 -5.000000 -5.000000 -5.000000 -5.000000 -5.000000 -5.000000 -5.000000 -5.000000 5.000000 5.000000 -5.000000 5.000000 5.000000 5.000000 5.000000
184 -9.0995118761 -5.000000 -5.000000 -5.000000 -5.000000 -5.000000 -5.000000 -5.000000 5.000000 -5.000000 5.000000 5.000000 5.000000 -5.000000 5.000000 -5.000000
185 -8.5380081899 -5.000000 -5.000000 -5.000000 -5.000000 -5.000000 -5.000000 -5.000000 -5.000000 -5.000000 5.000000 5.000000 -5.000000 -5.000000 5.000000 -5.000000
186 -8.5358778721 -5.000000 -5.000000 -5.000000 -5.000000 -5.000000 -5.000000 -5.000000 -5.000000 5.000000 5.000000 -5.000000 -5.000000 -5.000000 -5.000000 5.000000
187 -5.2372028230 -5.000000 -5.000000 5.000000 5.000000 -5.000000 -5.000000 5.000000 -5.000000 -5.000000 -5.000000 5.000000 -5.000000 5.000000 5.000000 -5.000000
188 -9.0624115776 -5.000000 -5.000000 -5.000000 -5.000000 -5.000000 5.000000 -5.000000 5.000000 -5.000000 5.000000 -5.000000 5.000000 5.000000 0.255728 5.000000
189 -9.0150004587 -5.000000 -5.000000 -5.000000 -5.000000 -5.000000 5.000000 -5.000000 5.000000 5.000000 5.000000 5.000000 5.000000 5.000000 -5.000000 -5.000000
190 -8.7823166381 -5.000000 -5.000000 -5.000000 -5.000000 -3.298024 -5.000000 -5.000000 5.000000 -5.000000 5.000000 5.000000 5.000000 -5.000000 -5.000000 -5.000000
191 -8.8241865668 -5.000000 -5.000000 -5.000000 -5.000000 5.000000 5.000000 -5.000000 5.000000 5.000000 -5.000000 -0.989713 5.000000 -5.000000 5.000000 5.000000
192 -4.6350938612 -5.000000 5.000000 -5.000000 5.000000 -5.000000 -5.000000 -5.000000 -5.000000 5.000000 -5.000000 -5.000000 -5.000000 -5.000000 -5.000000 -5.000000
193 -9.0983707540 -5.000000 -5.000000 -5.000000 -5.000000 5.000000 5.000000 -5.000000 5.000000 -5.000000 -5.000000 5.000000 5.000000 -5.000000 -5.000000 -4.974869
194 -9.0161059087 -5.000000 -5.000000 -5.000000 -5.000000 5.000000 5.000000 5.000000 -5.000000 -5.000000 -5.000000 5.000000 -5.000000 5.000000 5.000000 5.000000
195 -9.0680191271 -5.000000 -5.000000 -5.000000 -5.000000 -5.000000 -5.000000 -5.000000 5.000000 0.887601 -4.245399 5.000000 5.000000 -5.000000 5.000000 -5.000000
196 -9.1014940560 -5.000000 -5.000000 -5.000000 -5.000000 5.000000 -5.000000 -5.000000 5.000000 -5.000000 -5.000000 5.000000 -5.000000 5.000000 -5.000000 5.000000
197 -9.0191405074 -5.000000 -5.000000 -5.000000 -5.000000 5.000000 -5.000000 5.000000 5.000000 5.000000 -5.000000 5.000000 -5.000000 -5.000000 5.000000 5.000000
198 -7.1438536763 -5.000000 -5.000000 -5.000000 5.000000 5.000000 -5.000000 -5.000000 -5.000000 5.000000 5.000000 -5.000000 -5.000000 -5.000000 5.000000 -5.000000
199 -6.3506013337 -5.000000 -5.000000 5.000000 -5.000000 5.000000 5.000000 -5.000000 -5.000000 5.000000 5.000000 5.000000 5.000000 5.000000 -5.000000 5.000000
200 -9.0691324239 -5.000000 -5.000000 -5.000000 -5.000000 5.000000 -5.000000 -5.000000 4.998353 4.993941 1.095214 5.000000 5.000000 5.000000 -5.000000 0.054097
201 -3.2447366964 5.000000 5.000000 -5.000000 -5.000000 -5.000000 -5.000000 -5.000000 5.000000 5.000000 -5.000000 -5.000000 -5.000000 -5.000000 5.000000 -5.000000
202 -7.1842630242 -5.000000 -5.000000 -5.000000 5.000000 5.000000 5.000000 5.000000 -5.000000 -5.000000 -5.000000 5.000000 5.000000 -5.000000 -5.000000 -5.000000
203 -9.1131036256 -5.000000 -5.000000 -5.000000 -5.000000 -0.254752 5.000000 5.000000 5.000000 5.000000 -5.000000 -5.000000 5.000000 -5.000000 -5.000000 5.000000
204 -7.1840744260 -5.000000 5.000000 -5.000000 -5.000000 5.000000 5.000000 -5.000000 -5.000000 5.000000 5.000000 5.000000 -5.000000 -5.000000 -5.000000 -5.000000
205 -4.9957502078 5.000000 -5.000000 -5.000000 -5.000000 5.000000 -5.000000 -5.000000 -5.000000 5.000000 -5.000000 -5.000000 5.000000 -5.000000 -5.000000 -5.000000
206 -6.9648400960 -5.000000 5.000000 -5.000000 -5.000000 -5.000000 5.000000 5.000000 5.000000 5.000000 -5.000000 -0.340059 -5.000000 -5.000000 5.000000 5.000000
207 -2.7544534683 2.520208 -5.000000 5.000000 -5.000000 -5.000000 -5.000000 -5.000000 5.000000 5.000000 -5.000000 -5.000000 5.000000 5.000000 -5.000000 5.000000
208 -9.0984253933 -5.000000 -5.000000 -5.000000 -5.000000 5.000000 -5.000000 5.000000 -5.000000 -5.000000 -5.000000 5.000000 -5.000000 5.000000 5.000000 -5.000000
209 -9.2355742192 -5.000000 -5.000000 -5.000000 -5.000000 -5.000000 5.000000 5.000000 -5.000000 5.000000 -5.000000 5.000000 -5.000000 1.018346 -0.024529 3.973395
210 -2.4497693590 5.000000 -5.000000 5.000000 -5.000000 5.000000 -5.000000 -5.000000 -5.000000 5.000000 5.000000 5.000000 5.000000 -5.000000 5.000000 5.000000
211 -8.9445771855 -5.000000 -5.000000 -5.000000 -5.000000 -5.000000 -5.000000 5.000000 5.000000 5.000000 5.000000 -5.000000 -3.222343 -5.000000 5.000000 -5.000000
212 -9.1303536353 -5.000000 -5.000000 -5.000000 -5.000000 5.000000 -5.000000 5.000000 -5.000000 -5.000000 5.000000 -5.000000 -5.000000 -1.945440 5.000000 3.114452
213 -9.0145620775 -5.000000 -5.000000 -5.000000 -5.000000 -5.000000 5.000000 -5.000000 5.000000 5.000000 5.000000 5.000000 5.000000 -5.000000 5.000000 -5.000000
214 -9.0779028400 -5.000000 -5.000000 -5.000000 -5.000000 -5.000000 5.000000 5.000000 -2.463392 5.000000 -5.000000 -5.000000 5.000000 5.000000 5.000000 -5.000000
215 -9.3145548413 -5.000000 -5.000000 -5.000000 -5.000000 5.000000 -5.000000 2.813411 5.000000 -5.000000 -5.000000 -5.000000 5.000000 5.000000 5.000000 1.773240
216 -9.1348100309 -5.000000 -5.000000 -5.000000 -5.000000 5.000000 -5.000000 -5.000000 5.000000 -5.000000 5.000000 -5.000000 5.000000 5.000000 -5.000000 5.000000
217 -6.7907001512 -5.000000 -5.000000 -5.000000 5.000000 5.000000 -5.000000 5.000000 5.000000 5.000000 -5.000000 5.000000 5.000000 -5.000000 5.000000 -5.000000
218 -4.8421172405 -5.000000 5.000000 -5.000000 5.000000 5.000000 -5.000000 5.000000 5.000000 -5.000000 -5.000000 5.000000 -5.000000 5.000000 -5.000000 5.000000
219 -8.9354431700 -5.000000 -5.000000 -5.000000 -5.000000 5.000000 5.000000 -5.000000 5.000000 -5.000000 5.000000 -5.000000 -2.431835 -3.143507 -5.000000 5.000000
220 -9.1418623408 -5.000000 -5.000000 -5.000000 -5.000000 5.000000 -5.000000 -5.000000 5.000000 -5.000000 5.000000 -5.000000 5.000000 5.000000 5.000000 -5.000000
221 -9.1401510015 -5.000000 -5.000000 -5.000000 -5.000000 5.000000 5.000000 5.000000 5.000000 -5.000000 -5.000000 5.000000 -5.000000 -5.000000 5.000000 -5.000000
222 -6.7321284463 -2.555483 -5.000000 -5.000000 -5.000000 5.000000 5.000000 5.000000 5.000000 2.659934 -5.000000 -5.000000 -5.000000 -5.000000 5.000000 -5.000000
223 -7.0685234064 -5.000000 -5.000000 5.000000 -5.000000 5.000000 -5.000000 5.000000 5.000000 5.000000 5.000000 5.000000 -5.000000 -5.000000 -5.000000 -5.000000
224 -3.2838547461 5.000000 -5.000000 -5.000000 5.000000 5.000000 5.000000 5.000000 -5.000000 -5.000000 -5.000000 -5.000000 -5.000000 -5.000000 -5.000000 5.000000
225 -6.3461827950 -5.000000 5.000000 -5.000000 -5.000000 5.000000 -5.000000 -5.000000 5.000000 5.000000 5.000000 4.975635 5.000000 -5.000000 5.000000 5.000000
226 -7.1924991723 -5.000000 -5.000000 -5.000000 5.000000 -5.000000 5.000000 5.000000 -5.000000 5.000000 -5.000000 -5.000000 5.000000 5.000000 -5.000000 -5.000000
227 -3.1696113294 -5.000000 5.000000 5.000000 5.000000 5.000000 -5.000000 5.000000 5.000000 5.000000 -5.000000 -5.000000 -5.000000 -5.000000 -5.000000 -5.000000
228 -9.0968371353 -5.000000 -5.000000 -5.000000 -5.000000 5.000000 -5.000000 5.000000 5.000000 -5.000000 -5.000000 5.000000 5.000000 -5.000000 -5.000000 -5.000000
229 -4.9988585020 5.000000 -5.000000 -5.000000 -5.000000 -5.000000 -5.000000 -5.000000 -5.000000 -5.000000 -5.000000 -5.000000 -5.000000 5.000000 5.000000 5.000000
230 -7.0672691582 -5.000000 -5.000000 5.000000 -5.000000 5.000000 -5.000000 5.000000 -5.000000 5.000000 -5.000000 5.000000 -5.000000 5.000000 5.000000 -5.000000
231 -7.0329087484 -5.000000 5.000000 -5.000000 -5.000000 5.000000 -1.486243 -5.000000 5.000000 5.000000 -5.000000 -5.000000 5.000000 -5.000000 -5.000000 -5.000000
232 -5.1134930352 -5.000000 5.000000 -5.000000 5.000000 -5.000000 5.000000 -5.000000 5.000000 -5.000000 -5.000000 5.000000 -5.000000 5.000000 5.000000 -5.000000
233 -9.1075501288 -5.000000 -5.000000 -5.000000 -5.000000 -5.000000 5.000000 5.000000 5.000000 -5.000000 -5.000000 -4.969633 -5.000000 5.000000 -5.000000 5.000000
234 -4.9979964811 5.000000 -5.000000 -5.000000 -5.000000 -5.000000 5.000000 -5.000000 -5.000000 -5.000000 5.000000 -5.000000 -5.000000 -5.000000 5.000000 -5.000000
235 -9.1371264456 -5.000000 -5.000000 -5.000000 -5.000000 -5.000000 5.000000 5.000000 5.000000 -5.000000 -5.000000 5.000000 -5.000000 5.000000 -5.000000 5.000000
236 -8.9096856754 -5.000000 -5.000000 -5.000000 -5.000000 5.000000 -5.000000 -3.581440 -0.349122 -4.898054 5.000000 -5.000000 5.000000 -3.868866 5.000000 5.000000
237 -5.1126317126 -5.000000 5.000000 5.000000 -5.000000 -5.000000 -5.000000 -5.000000 -5.000000 -5.000000 5.000000 5.000000 5.000000 5.000000 -5.000000 5.000000
238 -9.0616243767 -5.000000 -5.000000 -5.000000 -5.000000 -5.000000 5.000000 5.000000 5.000000 -5.000000 -5.000000 5.000000 5.000000 5.000000 -5.000000 -2.752923
239 -9.0972035195 -5.000000 -5.000000 -5.000000 -5.000000 5.000000 -5.000000 5.000000 -5.000000 -4.997028 5.000000 -5.000000 -4.995558 5.000000 5.000000 -5.000000
240 -9.1388375752 -5.000000 -5.000000 -5.000000 -5.000000 -5.000000 5.000000 -5.000000 5.000000 -5.000000 -5.000000 5.000000 -5.000000 5.000000 5.000000 5.000000
241 -7.1540413033 -5.000000 5.000000 -5.000000 -5.000000 4.829437 5.000000 -5.000000 -5.000000 -5.000000 -5.000000 5.000000 5.000000 -5.000000 5.000000 -5.000000
242 -9.1425253606 -5.000000 -5.000000 -5.000000 -5.000000 -5.000000 5.000000 -5.000000 5.000000 -5.000000 5.000000 5.000000 -5.000000 5.000000 5.000000 -5.000000
243 -7.6552281662 -5.000000 -5.000000 -2.086009 -5.000000 -1.199720 5.000000 -5.000000 5.000000 -5.000000 5.000000 -5.000000 -4.917860 -5.000000 5.000000 1.073887
244 -7.1877345367 -5.000000 -5.000000 -5.000000 5.000000 5.000000 5.000000 -5.000000 5.000000 -5.000000 5.000000 5.000000 -5.000000 -5.000000 -5.000000 -5.000000
245 -5.5849814359 -0.875058 -5.000000 -5.000000 -5.000000 5.000000 5.000000 -5.000000 -5.000000 -5.000000 -5.000000 -5.000000 -5.000000 5.000000 5.000000 5.000000
246 -4.9957486116 5.000000 -5.000000 -5.000000 -5.000000 -5.000000 5.000000 -5.000000 -5.000000 -5.000000 -5.000000 5.000000 5.000000 -5.000000 -5.000000 -5.000000
247 -8.9336671894 -5.000000 -5.000000 -5.000000 -5.000000 -5.000000 5.000000 5.000000 -5.000000 5.000000 -3.424510 -5.000000 5.000000 -5.000000 5.000000 5.000000
248 -5.2370189548 -5.000000 -5.000000 5.000000 5.000000 5.000000 -5.000000 5.000000 -5.000000 -5.000000 5.000000 -5.000000 -5.000000 -5.000000 5.000000 -5.000000
249 -9.0953356650 -5.000000 -5.000000 -5.000000 -5.000000 -5.000000 -5.000000 -5.000000 5.000000 -4.092377 5.000000 -5.000000 5.000000 5.000000 5.000000 -5.000000
250 -9.0857384009 -5.000000 -5.000000 -5.000000 -5.000000 -5.000000 -5.000000 -5.000000 5.000000 5.000000 -4.366492 5.000000 5.000000 5.000000 -4.619885 -1.380781
251 -8.9479177442 -5.000000 -5.000000 -5.000000 -5.000000 -5.000000 5.000000 5.000000 -5.000000 -5.000000 5.000000 5.000000 -5.000000 -3.571003 5.000000 5.000000
252 -3.2902951521 5.000000 -5.000000 -5.000000 5.000000 5.000000 -5.000000 -5.000000 -5.000000 5.000000 -5.000000 5.000000 -5.000000 -5.000000 5.000000 -5.000000
253 -1.3372698760 5.000000 5.000000 -5.000000 5.000000 -5.000000 5.000000 5.000000 -5.000000 -5.000000 -5.000000 -5.000000 5.000000 -5.000000 -5.000000 -5.000000
254 -9.1406296005 -5.000000 -5.000000 -5.000000 -5.000000 5.000000 5.000000 5.000000 -5.000000 -5.000000 5.000000 -5.000000 5.000000 5.000000 -5.000000 -5.000000
255 -7.1475338260 -5.000000 -5.000000 -5.000000 5.000000 -5.000000 5.000000 -5.000000 5.000000 -5.000000 -5.000000 5.000000 -5.000000 -5.000000 -5.000000 5.000000
256 -0.9410441006 5.000000 -5.000000 5.000000 5.000000 -5.000000 -5.000000 5.000000 -5.000000 5.000000 5.000000 5.000000 -5.000000 5.000000 -5.000000 -5.000000
257 -9.1359081387 -5.000000 -5.000000 -5.000000 -5.000000 -5.000000 -5.000000 -5.000000 5.000000 5.000000 -5.000000 5.000000 -5.000000 5.000000 5.000000 5.000000
258 -8.2615509033 -5.000000 -5.000000 -5.000000 -5.000000 4.645294 5.000000 5.000000 5.000000 5.000000 5.000000 5.000000 5.000000 5.000000 -5.000000 -5.000000
259 -3.0035701397 0.820106 -5.000000 5.000000 -5.000000 5.000000 5.000000 5.000000 5.000000 -5.000000 -5.000000 5.000000 -5.000000 -5.000000 -5.000000 -5.000000
260 -3.2879398617 5.000000 5.000000 -5.000000 -5.000000 -5.000000 5.000000 -5.000000 -5.000000 5.000000 5.000000 5.000000 -5.000000 -5.000000 -5.000000 -5.000000
261 -9.1419091688 -5.000000 -5.000000 -5.000000 -5.000000 5.000000 -5.000000 -5.000000 -5.000000 5.000000 5.000000 5.000000 -5.000000 5.000000 -5.000000 5.000000
262 -9.1297696302 -5.000000 -5.000000 -5.000000 -5.000000 5.000000 -5.000000 5.000000 -5.000000 5.000000 5.000000 -3.205892 3.723190 -5.000000 -5.000000 5.000000
263 -7.1499738428 -5.000000 -5.000000 5.000000 -5.000000 5.000000 5.000000 -5.000000 -5.000000 5.000000 5.000000 -5.000000 -5.000000 -5.000000 -5.000000 -5.000000
264 -2.2087283830 1.489357 5.000000 -5.000000 -5.000000 -5.000000 5.000000 -5.000000 -5.000000 -5.000000 -5.000000 -5.000000 -5.000000 -5.000000 -5.000000 -5.000000
265 -3.1674432757 -5.000000 5.000000 5.000000 5.000000 -5.000000 5.000000 5.000000 -5.000000 -5.000000 -5.000000 -5.000000 -5.000000 5.000000 -5.000000 5.000000
266 -1.2133743423 5.000000 5.000000 5.000000 -5.000000 -5.000000 5.000000 5.000000 -5.000000 5.000000 -5.000000 5.000000 -5.000000 -5.000000 -5.000000 -5.000000
267 -9.1931022699 -5.000000 -5.000000 -5.000000 -5.000000 -5.000000 5.000000 5.000000 -5.000000 5.000000 5.000000 -5.000000 -5.000000 5.000000 -5.000000 1.022220
268 -9.0111347706 -5.000000 -5.000000 -5.000000 -5.000000 -5.000000 -5.000000 -5.000000 5.000000 5.000000 5.000000 -3.821315 5.000000 5.000000 -5.000000 4.999297
269 -2.8886013545 5.000000 -5.000000 5.000000 -5.000000 5.000000 -5.000000 5.000000 5.000000 -5.000000 -5.000000 5.000000 -5.000000 -5.000000 5.000000 5.000000
270 -9.1331270898 -5.000000 -5.000000 -5.000000 -5.000000 -5.000000 5.000000 5.000000 5.000000 -5.000000 -5.000000 5.000000 5.000000 5.000000 -5.000000 -5.000000
271 -9.1348460267 -5.000000 -5.000000 -5.000000 -5.000000 -5.000000 -5.000000 -5.000000 5.000000 5.000000 5.000000 5.000000 -5.000000 5.000000 -5.000000 5.000000
272 -9.2523816107 -5.000000 -5.000000 -5.000000 -5.000000 -5.000000 -4.308848 -5.000000 5.000000 5.000000 -0.225900 5.000000 5.000000 -5.000000 -4.478460 5.000000
273 -9.3679375302 -5.000000 -5.000000 -5.000000 -5.000000 5.000000 -5.000000 5.000000 1.455206 0.665317 -5.000000 -0.048565 5.000000 -5.000000 1.765082 5.000000
274 -7.1430499952 -5.000000 5.000000 -5.000000 -5.000000 -5.000000 5.000000 -5.000000 -5.000000 5.000000 5.000000 2.476948 5.000000 5.000000 -5.000000 -5.000000
275 -9.1343312143 -5.000000 -5.000000 -5.000000 -5.000000 -5.000000 -5.000000 5.000000 -5.000000 5.000000 5.000000 -5.000000 5.000000 5.000000 5.000000 -5.000000
276 -9.1343890051 -5.000000 -5.000000 -5.000000 -5.000000 5.000000 -5.000000 -5.000000 5.000000 -5.000000 -5.000000 5.000000 5.000000 -5.000000 5.000000 5.000000
277 -0.9407291839 5.000000 5.000000 5.000000 -5.000000 5.000000 -5.000000 -5.000000 5.000000 5.000000 5.000000 -5.000000 -5.000000 -5.000000 5.000000 -5.000000
278 -9.1356064745 -5.000000 -5.000000 -5.000000 -5.000000 5.000000 -5.000000 5.000000 -5.000000 5.000000 -5.000000 5.000000 5.000000 -5.000000 -5.000000 5.000000
279 -7.0697114561 -5.000000 -5.000000 5.000000 -5.000000 -5.000000 5.000000 5.000000 5.000000 -5.000000 5.000000 -5.000000 5.000000 5.000000 -5.000000 -5.000000
280 -7.0696429591 -5.000000 -5.000000 -5.000000 5.000000 5.000000 -5.000000 5.000000 -5.000000 -5.000000 5.000000 -5.000000 5.000000 5.000000 -5.000000 5.000000
281 -9.0996548579 -5.000000 -5.000000 -5.000000 -5.000000 5.000000 -5.000000 -5.000000 5.000000 5.000000 -5.000000 -5.000000 5.000000 -5.000000 5.000000 -4.999998
282 -8.9586517650 -5.000000 -5.000000 -5.000000 -5.000000 5.000000 5.000000 -1.524746 5.000000 -5.000000 -5.000000 -5.000000 5.000000 5.000000 -5.000000 5.000000
283 -9.1003196254 -5.000000 -5.000000 -5.000000 -5.000000 -5.000000 5.000000 -5.000000 5.000000 5.000000 5.000000 -5.000000 -5.000000 5.000000 -5.000000 -5.000000
284 -9.1426088274 -5.000000 -5.000000 -5.000000 -5.000000 -5.000000 5.000000 5.000000 5.000000 -5.000000 -5.000000 5.000000 5.000000 -5.000000 -5.000000 5.000000
285 -9.1354655172 -5.000000 -5.000000 -5.000000 -5.000000 -5.000000 5.000000 -5.000000 -5.000000 -5.000000 5.000000 5.000000 5.000000 5.000000 5.000000 -5.000000
286 -2.3791494324 1.465451 -5.000000 5.000000 -5.000000 -5.000000 5.000000 -5.000000 5.000000 5.000000 5.000000 5.000000 -5.000000 -5.000000 5.000000 5.000000
287 -7.1915730618 -5.000000 -5.000000 5.000000 -5.000000 5.000000 -5.000000 -5.000000 -5.000000 5.000000 5.000000 -5.000000 5.000000 -5.000000 5.000000 -5.000000
288 -4.8402427246 -5.000000 5.000000 -5.000000 5.000000 5.000000 5.000000 -5.000000 5.000000 -5.000000 5.000000 -5.000000 5.000000 5.000000 -5.000000 -5.000000
289 -9.1388188806 -5.000000 -5.000000 -5.000000 -5.000000 5.000000 5.000000 5.000000 -5.000000 5.000000 -5.000000 -5.000000 5.000000 5.000000 -5.000000 -5.000000
290 -1.2178588225 5.000000 -5.000000 5.000000 5.000000 -5.000000 5.000000 -5.000000 -5.000000 -5.000000 -5.000000 5.000000 -5.000000 -5.000000 5.000000 5.000000
291 -9.0821940486 -5.000000 -5.000000 -5.000000 -5.000000 -5.000000 -5.000000 5.000000 5.000000 5.000000 -5.000000 -5.000000 5.000000 5.000000 0.852530 4.305569
292 -4.8329121525 -5.000000 -5.000000 5.000000 5.000000 -5.000000 5.000000 5.000000 5.000000 5.000000 -5.000000 5.000000 5.000000 -5.000000 -5.000000 -5.000000
293 -9.1354572552 -5.000000 -5.000000 -5.000000 -5.000000 5.000000 -5.000000 5.000000 5.000000 -5.000000 -5.000000 -5.000000 5.000000 5.000000 5.000000 -5.000000
294 1.0106140549 5.000000 5.000000 5.000000 5.000000 5.000000 -5.000000 -5.000000 -5.000000 5.000000 5.000000 -5.000000 5.000000 -5.000000 -5.000000 -5.000000
295 -9.1764258557 -5.000000 -5.000000 -5.000000 -5.000000 -5.000000 -5.000000 5.000000 5.000000 -5.000000 5.000000 5.000000 0.868507 -5.000000 5.000000 -5.000000
296 -9.0056668402 -5.000000 -5.000000 -5.000000 -5.000000 -5.000000 -5.000000 5.000000 -5.000000 5.000000 5.000000 5.000000 -5.000000 -3.696115 -0.815591 2.253186
297 -9.1039014117 -5.000000 -5.000000 -5.000000 -5.000000 -5.000000 -5.000000 5.000000 5.000000 -4.969817 5.000000 -5.000000 5.000000 5.000000 -5.000000 -5.000000
298 -9.1978459290 -5.000000 -5.000000 -5.000000 -5.000000 -5.000000 -5.000000 -5.000000 5.000000 0.954054 -5.000000 5.000000 5.000000 5.000000 5.000000 -5.000000
299 -9.0413446017 -5.000000 -5.000000 -5.000000 -5.000000 -5.000000 -5.000000 -5.000000 5.000000 -2.371099 -0.693443 5.000000 5.000000 0.094319 5.000000 5.000000
300 -9.0525029704 -5.000000 -5.000000 -5.000000 -5.000000 -5.000000 5.000000 -5.000000 -5.000000 5.000000 -5.000000 -4.324262 5.000000 -4.609997 -5.000000 5.000000
301 -9.1400553365 -5.000000 -5.000000 -5.000000 -5.000000 5.000000 -5.000000 -5.000000 -5.000000 5.000000 -5.000000 5.000000 5.000000 -5.000000 5.000000 5.000000
302 -4.3988159358 -5.000000 5.000000 -5.000000 5.000000 -5.000000 5.000000 5.000000 5.000000 -5.000000 5.000000 5.000000 5.000000 -5.000000 -5.000000 5.000000
303 -2.4439051673 5.000000 5.000000 -5.000000 -5.000000 -5.000000 -5.000000 5.000000 5.000000 -5.000000 5.000000 5.000000 5.000000 5.000000 5.000000 -5.000000
304 -9.0150649588 -5.000000 -5.000000 -5.000000 -5.000000 -5.000000 -5.000000 5.000000 5.000000 4.995518 -5.000000 5.000000 5.000000 5.000000 5.000000 -5.000000
305 -2.4492007670 -5.000000 5.000000 5.000000 5.000000 -5.000000 5.000000 5.000000 -5.000000 5.000000 5.000000 5.000000 -5.000000 -5.000000 5.000000 -5.000000
306 -9.1357808903 -5.000000 -5.000000 -5.000000 -5.000000 5.000000 -5.000000 -5.000000 -5.000000 5.000000 5.000000 -5.000000 5.000000 5.000000 -5.000000 5.000000
307 -5.6254808945 -0.546336 -5.000000 -5.000000 -5.000000 5.000000 5.000000 -5.000000 -5.000000 3.558707 -5.000000 -5.000000 -5.000000 5.000000 5.000000 5.000000
308 -2.7283346626 1.877200 -5.000000 5.000000 -5.000000 5.000000 -5.000000 -2.071526 -5.000000 -5.000000 -5.000000 -2.809693 -5.000000 5.000000 5.000000 5.000000
309 -9.3303396697 -5.000000 -5.000000 -5.000000 -5.000000 -5.000000 2.897870 -5.000000 5.000000 5.000000 -5.000000 5.000000 -0.988060 3.403455 5.000000 -5.000000
310 -8.3395724327 -5.000000 -5.000000 -5.000000 -5.000000 -5.000000 4.210554 5.000000 5.000000 5.000000 -5.000000 5.000000 5.000000 5.000000 5.000000 5.000000
311 -9.0933239045 -5.000000 -5.000000 -5.000000 -5.000000 -5.000000 -4.999796 5.000000 -5.000000 -4.999196 5.000000 5.000000 -5.000000 5.000000 5.000000 -5.000000
312 -5.1133600003 -5.000000 5.000000 5.000000 -5.000000 5.000000 5.000000 -5.000000 5.000000 -5.000000 -5.000000 -5.000000 -5.000000 5.000000 5.000000 -5.000000
313 -9.1453349853 -5.000000 -5.000000 -5.000000 -5.000000 0.857661 5.000000 5.000000 5.000000 4.093352 5.000000 -5.000000 5.000000 -5.000000 -5.000000 -5.000000
314 -9.1374961862 -5.000000 -5.000000 -5.000000 -5.000000 -5.000000 5.000000 -5.000000 -5.000000 5.000000 5.000000 -5.000000 -5.000000 5.000000 5.000000 5.000000
315 -7.7706044257 -3.952294 -5.000000 -5.000000 -5.000000 5.000000 5.000000 5.000000 -5.000000 -5.000000 -5.000000 5.000000 -5.000000 5.000000 5.000000 5.000000
316 -9.0979675325 -5.000000 -5.000000 -5.000000 -5.000000 -5.000000 -5.000000 5.000000 5.000000 5.000000 -5.000000 -5.000000 5.000000 -5.000000 5.000000 -5.000000
317 -7.0657189258 -5.000000 -5.000000 -5.000000 5.000000 5.000000 -5.000000 -5.000000 5.000000 -5.000000 5.000000 -5.000000 -5.000000 5.000000 5.000000 5.000000
318 -9.1358776099 -5.000000 -5.000000 -5.000000 -5.000000 -5.000000 3.826564 5.000000 5.000000 5.000000 4.939527 5.000000 5.000000 -5.000000 -5.000000 -5.000000
319 -9.1405480228 -5.000000 -5.000000 -5.000000 -5.000000 -5.000000 5.000000 -5.000000 5.000000 5.000000 -5.000000 5.000000 -5.000000 5.000000 -5.000000 5.000000
320 -1.8434359542 5.000000 -5.000000 -5.000000 5.000000 5.000000 5.000000 5.000000 5.000000 5.000000 -5.000000 -5.000000 5.000000 5.000000 5.000000 -5.000000
321 -9.1344660835 -5.000000 -5.000000 -5.000000 -5.000000 -5.000000 -5.000000 5.000000 5.000000 -5.000000 5.000000 -5.000000 5.000000 5.000000 5.000000 -5.000000
322 -7.1828293256 -5.000000 -5.000000 5.000000 -5.000000 5.000000 -5.000000 5.000000 5.000000 5.000000 -5.000000 -5.000000 -5.000000 -5.000000 -5.000000 5.000000
323 -8.6420870563 -5.000000 -5.000000 -5.000000 -5.000000 5.000000 -5.000000 5.000000 5.000000 -3.057317 5.000000 -5.000000 5.000000 -5.000000 -3.406802 -3.308711
324 -8.8998392399 -5.000000 -5.000000 -5.000000 -5.000000 -5.000000 -4.999981 -5.000000 -5.000000 5.000000 -4.999945 5.000000 -5.000000 5.000000 -5.000000 5.000000
325 -9.1414212964 -5.000000 -5.000000 -5.000000 -5.000000 -0.102850 -5.000000 5.000000 5.000000 -5.000000 -5.000000 5.000000 -5.000000 5.000000 -5.000000 5.000000
326 -9.1414954751 -5.000000 -5.000000 -5.000000 -5.000000 5.000000 -5.000000 5.000000 -5.000000 5.000000 5.000000 -5.000000 5.000000 -5.000000 5.000000 -5.000000
327 -8.8629454936 -5.000000 -5.000000 -5.000000 -5.000000 2.302137 2.766049 -5.000000 5.000000 5.000000 -1.109432 5.000000 -4.751690 -1.869173 5.000000 5.000000
328 -9.1468993036 -5.000000 -5.000000 -5.000000 -5.000000 -4.295654 -5.000000 5.000000 5.000000 5.000000 5.000000 -5.000000 -5.000000 5.000000 -5.000000 -5.000000
329 -9.1345746825 -5.000000 -5.000000 -5.000000 -5.000000 5.000000 -5.000000 -5.000000 5.000000 5.000000 -5.000000 -5.000000 -5.000000 5.000000 5.000000 5.000000
330 -6.8996939890 -5.000000 -0.089867 -5.000000 -5.000000 -5.000000 2.404793 3.371228 5.000000 -0.958802 -1.316742 5.000000 5.000000 5.000000 -5.000000 5.000000
331 -5.2363803519 5.000000 -5.000000 -5.000000 -5.000000 -5.000000 -5.000000 -5.000000 5.000000 -5.000000 -5.000000 5.000000 5.000000 5.000000 5.000000 -5.000000
332 -9.1025615727 -5.000000 -5.000000 -5.000000 -5.000000 5.000000 -5.000000 -5.000000 5.000000 -5.000000 5.000000 5.000000 -5.000000 -5.000000 5.000000 -5.000000
333 -2.8907547180 5.000000 5.000000 -5.000000 -5.000000 5.000000 5.000000 5.000000 -5.000000 5.000000 -5.000000 5.000000 -5.000000 -5.000000 5.000000 -5.000000
334 -9.3513355619 -5.000000 -5.000000 -5.000000 -5.000000 -5.000000 -5.000000 5.000000 -5.000000 5.000000 -5.000000 3.843534 -5.000000 1.567631 5.000000 5.000000
335 -9.1389846410 -5.000000 -5.000000 -5.000000 -5.000000 5.000000 5.000000 -5.000000 5.000000 -5.000000 -5.000000 5.000000 5.000000 -5.000000 5.000000 -5.000000
336 -9.1376043758 -5.000000 -5.000000 -5.000000 -5.000000 -5.000000 -5.000000 -5.000000 5.000000 5.000000 -5.000000 5.000000 5.000000 -5.000000 5.000000 5.000000
337 -7.1921839140 -5.000000 5.000000 -5.000000 -5.000000 5.000000 5.000000 -5.000000 -5.000000 -5.000000 5.000000 -5.000000 -5.000000 -5.000000 5.000000 5.000000
338 -8.9094019062 -5.000000 -5.000000 -5.000000 -5.000000 5.000000 -5.000000 5.000000 -5.000000 -5.000000 2.598789 5.000000 -1.575415 0.696624 -2.129373 5.000000
339 -4.5280457483 -5.000000 5.000000 5.000000 -5.000000 -1.383074 5.000000 5.000000 -5.000000 -5.000000 -5.000000 -5.000000 5.000000 5.000000 5.000000 5.000000
340 -7.0661471841 -5.000000 -5.000000 5.000000 -5.000000 5.000000 -5.000000 5.000000 5.000000 -5.000000 5.000000 -5.000000 -5.000000 -5.000000 5.000000 5.000000
341 -9.0179751621 -5.000000 -5.000000 -5.000000 -5.000000 5.000000 5.000000 5.000000 -5.000000 -5.000000 -5.000000 -5.000000 5.000000 5.000000 5.000000 5.000000
342 -5.8874861909 -3.893217 -5.000000 -5.000000 5.000000 -5.000000 -5.000000 5.000000 -5.000000 5.000000 5.000000 5.000000 -5.000000 -5.000000 -5.000000 5.000000
343 -9.2889909885 -5.000000 -5.000000 -5.000000 -5.000000 0.530713 -5.000000 5.000000 -5.000000 0.351807 -5.000000 1.117834 2.982090 5.000000 5.000000 -5.000000
344 -7.0630574927 -5.000000 5.000000 -5.000000 -5.000000 -5.000000 4.999999 5.000000 5.000000 -5.000000 5.000000 5.000000 -5.000000 -5.000000 5.000000 -5.000000
345 -9.1005603942 -5.000000 -5.000000 -5.000000 -5.000000 -5.000000 5.000000 5.000000 -5.000000 5.000000 -5.000000 -4.999641 5.000000 5.000000 -5.000000 -5.000000
346 -6.9893111825 -5.000000 5.000000 -5.000000 -5.000000 -5.000000 -5.000000 5.000000 -5.000000 -5.000000 -5.000000 5.000000 -5.000000 5.000000 -5.000000 -2.299588
347 -7.1852577121 -5.000000 -5.000000 -5.000000 5.000000 5.000000 -5.000000 5.000000 -5.000000 -5.000000 -5.000000 5.000000 -5.000000 -5.000000 5.000000 5.000000
348 -9.0140272663 -5.000000 -5.000000 -5.000000 -5.000000 5.000000 5.000000 5.000000 5.000000 -5.000000 -5.000000 4.985302 5.000000 5.000000 -5.000000 -5.000000
349 -4.8333276769 5.000000 -5.000000 -5.000000 -5.000000 5.000000 5.000000 5.000000 5.000000 -5.000000 5.000000 -5.000000 5.000000 5.000000 -5.000000 -5.000000
350 -7.1888382022 -5.000000 -5.000000 -5.000000 5.000000 5.000000 5.000000 -5.000000 -5.000000 5.000000 -5.000000 -5.000000 -5.000000 -5.000000 5.000000 5.000000
351 -9.0979811277 -5.000000 -5.000000 -5.000000 -5.000000 5.000000 -5.000000 5.000000 5.000000 -5.000000 -5.000000 -5.000000 5.000000 -5.000000 5.000000 -5.000000
352 -9.2586871485 -5.000000 -5.000000 -5.000000 -5.000000 -5.000000 1.674589 5.000000 5.000000 -5.000000 -5.000000 5.000000 -5.000000 5.000000 5.000000 -5.000000
353 -3.2465278947 5.000000 -5.000000 5.000000 -5.000000 -5.000000 -5.000000 5.000000 -5.000000 5.000000 -5.000000 -5.000000 -5.000000 -5.000000 5.000000 -5.000000
354 -5.1197357661 -5.000000 5.000000 5.000000 -5.000000 5.000000 -5.000000 -5.000000 5.000000 -5.000000 -5.000000 -5.000000 5.000000 -5.000000 5.000000 5.000000
355 -3.1710147954 5.000000 5.000000 -5.000000 -5.000000 -5.000000 -5.000000 5.000000 -5.000000 5.000000 -5.000000 -5.000000 -5.000000 5.000000 5.000000 5.000000
356 -9.1371725729 -5.000000 -5.000000 -5.000000 -5.000000 -5.000000 5.000000 5.000000 5.000000 5.000000 -5.000000 5.000000 -5.000000 -5.000000 -5.000000 5.000000
357 -9.1372947831 -5.000000 -5.000000 -5.000000 -5.000000 5.000000 -5.000000 5.000000 5.000000 -5.000000 -5.000000 -5.000000 5.000000 -5.000000 5.000000 5.000000
358 -9.1125573248 -5.000000 -5.000000 -5.000000 -5.000000 0.245965 5.000000 -5.000000 5.000000 -5.000000 5.000000 5.000000 -5.000000 5.000000 -5.000000 -5.000000
359 -9.0956357312 -5.000000 -5.000000 -5.000000 -5.000000 -5.000000 -5.000000 -5.000000 5.000000 -5.000000 -5.000000 5.000000 5.000000 5.000000 -5.000000 5.000000
360 -9.0163801639 -5.000000 -5.000000 -5.000000 -5.000000 -5.000000 5.000000 -5.000000 5.000000 5.000000 5.000000 5.000000 -5.000000 -5.000000 5.000000 5.000000
361 -9.1007277130 -5.000000 -5.000000 -5.000000 -5.000000 -5.000000 5.000000 -5.000000 5.000000 -5.000000 5.000000 5.000000 -5.000000 -5.000000 5.000000 -5.000000
362 -7.0634245205 -5.000000 -5.000000 5.000000 -5.000000 -5.000000 5.000000 -5.000000 -5.000000 -5.000000 -5.000000 -0.060156 -5.000000 -5.000000 5.000000 5.000000
363 -7.1454146566 -5.000000 5.000000 -5.000000 -5.000000 5.000000 -5.000000 -5.000000 -5.000000 -5.000000 5.000000 5.000000 -5.000000 -5.000000 -5.000000 5.000000
364 -9.1373235284 -5.000000 -5.000000 -5.000000 -5.000000 -5.000000 5.000000 -5.000000 5.000000 5.000000 -5.000000 5.000000 5.000000 -5.000000 -5.000000 5.000000
365 -4.8386629950 5.000000 -5.000000 -5.000000 -5.000000 5.000000 -5.000000 5.000000 -5.000000 -5.000000 5.000000 5.000000 5.000000 5.000000 -5.000000 5.000000
366 -0.9393945012 5.000000 5.000000 -5.000000 5.000000 5.000000 -5.000000 5.000000 -5.000000 -5.000000 5.000000 5.000000 -5.000000 -5.000000 -5.000000 5.000000
367 -9.1365139471 -5.000000 -5.000000 -5.000000 -5.000000 5.000000 -5.000000 -5.000000 -5.000000 5.000000 -5.000000 -5.000000 5.000000 5.000000 5.000000 5.000000
368 -9.1912826219 -5.000000 -5.000000 -5.000000 -5.000000 -5.000000 5.000000 -5.000000 -5.000000 5.000000 5.000000 5.000000 -4.660715 5.000000 -5.000000 5.000000
369 -9.0029108382 -5.000000 -5.000000 -5.000000 -5.000000 -5.000000 -3.301766 -5.000000 5.000000 -5.000000 -5.000000 5.000000 5.000000 -4.611061 5.000000 5.000000
370 -9.1418704267 -5.000000 -5.000000 -5.000000 -5.000000 5.000000 -5.000000 -5.000000 5.000000 -5.000000 -5.000000 5.000000 5.000000 5.000000 5.000000 -5.000000
371 -9.0980110360 -5.000000 -5.000000 -5.000000 -5.000000 -5.000000 5.000000 -5.000000 5.000000 -5.000000 -5.000000 -5.000000 5.000000 5.000000 5.000000 -5.000000
372 -4.3937096445 -5.000000 5.000000 5.000000 -5.000000 5.000000 -5.000000 5.000000 5.000000 -5.000000 5.000000 5.000000 5.000000 -5.000000 5.000000 -5.000000
373 -5.2416732615 -5.000000 -5.000000 5.000000 5.000000 5.000000 -5.000000 5.000000 -5.000000 -5.000000 -5.000000 5.000000 -5.000000 5.000000 -5.000000 -5.000000
374 -3.2827291287 -5.000000 5.000000 5.000000 5.000000 -5.000000 -5.000000 -5.000000 5.000000 -5.000000 -5.000000 5.000000 5.000000 -5.000000 -5.000000 -5.000000
375 -9.0931271918 -5.000000 -5.000000 -5.000000 -5.000000 -5.000000 -5.000000 -5.000000 -5.000000 -5.000000 5.000000 5.000000 5.000000 5.000000 5.000000 -5.000000
376 -7.1918351410 -5.000000 -5.000000 5.000000 -5.000000 -5.000000 5.000000 5.000000 -5.000000 -5.000000 5.000000 -5.000000 5.000000 5.000000 -5.000000 -5.000000
377 -9.0932837526 -5.000000 -5.000000 -5.000000 -5.000000 5.000000 -5.000000 -5.000000 -5.000000 5.000000 5.000000 -5.000000 -5.000000 5.000000 -5.000000 5.000000
378 -9.0991956351 -5.000000 -5.000000 -5.000000 -5.000000 -5.000000 -4.999700 5.000000 -5.000000 5.000000 5.000000 -4.999465 -5.000000 5.000000 -5.000000 5.000000
379 -8.5341707941 -5.000000 -5.000000 -5.000000 -5.000000 -5.000000 5.000000 -5.000000 -5.000000 5.000000 -5.000000 -5.000000 -5.000000 -5.000000 5.000000 -5.000000
380 -3.6845580123 -1.047205 -5.000000 -5.000000 5.000000 5.000000 5.000000 -5.000000 5.000000 -5.000000 -5.000000 -5.000000 5.000000 -5.000000 -5.000000 -5.000000
381 -2.4482093347 5.000000 -5.000000 -5.000000 5.000000 -5.000000 5.000000 5.000000 5.000000 5.000000 -5.000000 5.000000 -5.000000 -5.000000 5.000000 5.000000
382 -7.1862754549 -5.000000 -5.000000 -5.000000 5.000000 -5.000000 -5.000000 -5.000000 -5.000000 5.000000 -5.000000 5.000000 5.000000 5.000000 5.000000 -5.000000
383 -9.0156103402 -5.000000 -5.000000 -5.000000 -5.000000 5.000000 -5.000000 -5.000000 -5.000000 -1.152118 5.000000 -5.000000 5.000000 -5.000000 5.000000 5.000000
384 -5.2422799943 -5.000000 5.000000 5.000000 -5.000000 5.000000 -5.000000 -5.000000 -5.000000 5.000000 5.000000 -5.000000 -5.000000 5.000000 -5.000000 -5.000000
385 -9.1228831466 -5.000000 -5.000000 -5.000000 -5.000000 -5.000000 -5.000000 5.000000 5.000000 5.000000 -5.000000 4.180574 5.000000 -5.000000 -5.000000 5.000000
386 -9.1177194889 -5.000000 -5.000000 -5.000000 -5.000000 -5.000000 1.528340 5.000000 -5.000000 -5.000000 5.000000 -3.752723 -0.470858 5.000000 5.000000 -5.000000
387 -9.0861773782 -5.000000 -5.000000 -5.000000 -5.000000 -5.000000 -3.619243 5.000000 5.000000 5.000000 3.757048 -5.000000 5.000000 -5.000000 -5.000000 5.000000
388 -9.1769758963 -5.000000 -5.000000 -5.000000 -5.000000 5.000000 -5.000000 5.000000 -5.000000 -4.249736 -5.000000 0.753306 5.000000 5.000000 -5.000000 5.000000
389 -9.1446183499 -5.000000 -5.000000 -5.000000 -5.000000 5.000000 -5.000000 5.000000 -5.000000 5.000000 -5.000000 -0.191158 -4.999932 -5.000000 5.000000 5.000000
390 -7.0692765217 -5.000000 5.000000 -5.000000 -5.000000 5.000000 -5.000000 -5.000000 5.000000 5.000000 -5.000000 -5.000000 -5.000000 5.000000 5.000000 5.000000
391 -9.0885301864 -5.000000 -5.000000 -5.000000 -5.000000 -5.000000 -0.011404 5.000000 -5.000000 5.000000 5.000000 -0.801906 5.000000 5.000000 -5.000000 -5.000000
392 -9.1253359206 -5.000000 -5.000000 -5.000000 -5.000000 5.000000 -5.000000 5.000000 -5.000000 5.000000 -5.000000 -3.647175 5.000000 0.130549 1.287316 2.854989
393 -9.3149866398 -5.000000 -5.000000 -5.000000 -5.000000 -5.000000 -5.000000 5.000000 -5.000000 5.000000 -5.000000 3.524739 5.000000 5.000000 5.000000 -5.000000
394 -2.8879153949 -5.000000 5.000000 5.000000 5.000000 5.000000 -5.000000 5.000000 -5.000000 -5.000000 5.000000 -5.000000 5.000000 -5.000000 5.000000 -5.000000
395 -9.1103681472 -5.000000 -5.000000 -5.000000 -5.000000 -5.000000 5.000000 -5.000000 5.000000 -5.000000 5.000000 0.141798 -5.000000 5.000000 5.000000 -5.000000
396 -9.1414611335 -5.000000 -5.000000 -5.000000 -5.000000 5.000000 -5.000000 -5.000000 5.000000 5.000000 5.000000 5.000000 -5.000000 5.000000 -5.000000 -5.000000
397 -7.6136267590 -3.725610 -5.000000 -5.000000 -5.000000 -5.000000 5.000000 -5.000000 5.000000 5.000000 5.000000 -5.000000 -5.000000 -5.000000 5.000000 5.000000
398 -8.9886047353 -5.000000 -5.000000 -5.000000 -5.000000 -5.000000 5.000000 5.000000 -5.000000 5.000000 -2.999366 5.000000 -5.000000 5.000000 -5.000000 0.006986
399 -9.4209929971 -5.000000 -5.000000 -5.000000 -5.000000 -5.000000 2.014253 -5.000000 -5.000000 0.587766 5.000000 1.430792 5.000000 5.000000 -5.000000 3.119046
400 -9.1036179047 -5.000000 -5.000000 -5.000000 -5.000000 -5.000000 0.423483 5.000000 5.000000 0.236901 -5.000000 5.000000 -5.000000 -5.000000 5.000000 -0.572749
401 -9.2597848533 -5.000000 -5.000000 -5.000000 -5.000000 -5.000000 -5.000000 -5.000000 3.132418 5.000000 5.000000 -0.535873 -5.000000 5.000000 5.000000 -5.000000
402 -9.0954942257 -5.000000 -5.000000 -5.000000 -5.000000 5.000000 -5.000000 5.000000 5.000000 -5.000000 -5.000000 5.000000 -5.000000 5.000000 -5.000000 0.240086
403 -9.2104731411 -5.000000 -5.000000 -5.000000 -5.000000 5.000000 5.000000 5.000000 5.000000 -5.000000 5.000000 3.443902 -5.000000 -5.000000 -5.000000 4.454071
404 -4.9956469744 5.000000 -5.000000 -5.000000 -5.000000 -5.000000 -5.000000 -5.000000 5.000000 -5.000000 5.000000 5.000000 -5.000000 -5.000000 -5.000000 -5.000000
405 -7.1867496813 -5.000000 5.000000 -5.000000 -5.000000 -5.000000 -5.000000 5.000000 -5.000000 5.000000 -5.000000 -5.000000 5.000000 5.000000 5.000000 -5.000000
406 -0.2142674210 5.000000 5.000000 -5.000000 5.000000 -5.000000 5.000000 -5.000000 5.000000 -0.076740 5.000000 -5.000000 -5.000000 5.000000 5.000000 5.000000
407 -7.0718951687 -5.000000 -5.000000 -5.000000 5.000000 -5.000000 -5.000000 5.000000 5.000000 5.000000 5.000000 -5.000000 -5.000000 5.000000 5.000000 -5.000000
408 -9.1832396402 -5.000000 -5.000000 -5.000000 -5.000000 5.000000 0.901244 5.000000 5.000000 -5.000000 -5.000000 -0.287304 -5.000000 -5.000000 5.000000 5.000000
409 -7.1872776085 -5.000000 5.000000 -5.000000 -5.000000 5.000000 5.000000 -5.000000 5.000000 -5.000000 -5.000000 -5.000000 -5.000000 5.000000 5.000000 -5.000000
410 -9.1539107447 -5.000000 -5.000000 -5.000000 -5.000000 5.000000 -5.000000 5.000000 -5.000000 5.000000 -5.000000 -4.930403 5.000000 -5.000000 5.000000 5.000000
411 -8.9749349487 -5.000000 -5.000000 -5.000000 -5.000000 5.000000 -5.000000 5.000000 -5.000000 -5.000000 -1.121377 -0.857615 5.000000 5.000000 5.000000 -5.000000
412 -8.2399029215 -5.000000 -5.000000 -5.000000 -5.000000 -1.726232 0.939706 5.000000 5.000000 5.000000 5.000000 -5.000000 5.000000 5.000000 5.000000 5.000000
413 -9.1738772937 -5.000000 -5.000000 -5.000000 -5.000000 1.102421 -5.000000 5.000000 -5.000000 5.000000 5.000000 -5.000000 5.000000 5.000000 5.000000 -5.000000
414 -9.1376561265 -5.000000 -5.000000 -5.000000 -5.000000 -5.000000 5.000000 -5.000000 -5.000000 5.000000 5.000000 5.000000 5.000000 -5.000000 -5.000000 5.000000
415 -7.0643706541 -5.000000 -5.000000 -5.000000 5.000000 5.000000 5.000000 5.000000 5.000000 -5.000000 5.000000 -5.000000 -5.000000 -5.000000 -5.000000 5.000000
416 -7.0685963220 -5.000000 -5.000000 -5.000000 5.000000 -5.000000 5.000000 -5.000000 5.000000 -5.000000 5.000000 5.000000 5.000000 5.000000 -5.000000 -5.000000
417 -9.0462024091 -5.000000 -5.000000 -5.000000 -5.000000 -5.000000 -5.000000 5.000000 5.000000 3.747769 -5.000000 5.000000 0.185968 5.000000 5.000000 5.000000
418 -3.8744307916 -1.746296 -5.000000 -5.000000 5.000000 5.000000 -5.000000 -5.000000 -5.000000 -5.000000 5.000000 -5.000000 5.000000 5.000000 5.000000 5.000000
419 -5.2021045421 -5.000000 -5.000000 5.000000 5.000000 5.000000 -5.000000 -5.000000 -5.000000 5.000000 -5.000000 -5.000000 -5.000000 -5.000000 -5.000000 5.000000
420 -9.0852727791 -5.000000 -5.000000 -5.000000 -5.000000 5.000000 -4.999934 5.000000 -5.000000 -4.897474 -3.003602 5.000000 5.000000 -5.000000 -4.548614 5.000000
421 -6.8770628475 -5.000000 -5.000000 -5.000000 5.000000 5.000000 -5.000000 5.000000 -1.837980 -3.549380 5.000000 5.000000 1.072559 -0.254830 -5.000000 -5.000000
422 -9.1354385155 -5.000000 -5.000000 -5.000000 -5.000000 5.000000 -5.000000 5.000000 5.000000 -5.000000 -5.000000 5.000000 -5.000000 -5.000000 5.000000 5.000000
423 -1.9051570602 0.734622 -5.000000 5.000000 -5.000000 -5.000000 5.000000 5.000000 5.000000 -5.000000 5.000000 5.000000 5.000000 5.000000 5.000000 -5.000000
424 -9.1421093461 -5.000000 -5.000000 -5.000000 -5.000000 5.000000 -5.000000 5.000000 5.000000 -5.000000 -5.000000 -5.000000 -5.000000 5.000000 5.000000 5.000000
425 -9.1004066532 -5.000000 -5.000000 -5.000000 -5.000000 5.000000 -5.000000 -5.000000 5.000000 -5.000000 -5.000000 -5.000000 5.000000 -5.000000 5.000000 5.000000
426 -9.2162800469 -5.000000 -5.000000 -5.000000 -5.000000 5.000000 -5.000000 5.000000 5.000000 3.126946 -5.000000 5.000000 -5.000000 5.000000 5.000000 -5.000000
427 -9.1252710777 -5.000000 -5.000000 -5.000000 -5.000000 5.000000 -5.000000 -5.000000 5.000000 5.000000 -5.000000 0.021441 -5.000000 -5.000000 5.000000 5.000000
428 -7.1511727335 -5.000000 -5.000000 -5.000000 5.000000 -5.000000 5.000000 -5.000000 -5.000000 -5.000000 5.000000 -5.000000 5.000000 -5.000000 -5.000000 5.000000
429 -9.1412784736 -5.000000 -5.000000 -5.000000 -5.000000 5.000000 5.000000 -5.000000 -5.000000 -5.000000 -5.000000 5.000000 5.000000 5.000000 5.000000 -5.000000
430 -7.1431799969 -5.000000 -5.000000 5.000000 -5.000000 -5.000000 5.000000 -5.000000 -5.000000 5.000000 5.000000 5.000000 -5.000000 -5.000000 -5.000000 -5.000000
431 -9.1345758567 -5.000000 -5.000000 -5.000000 -5.000000 5.000000 5.000000 5.000000 -5.000000 -5.000000 5.000000 5.000000 5.000000 -5.000000 -5.000000 -5.000000
432 -8.9983417344 -5.000000 -5.000000 -5.000000 -5.000000 -5.000000 5.000000 5.000000 -5.000000 -5.000000 5.000000 5.000000 -5.000000 0.485044 -5.000000 -5.000000
433 0.6627174014 -0.645551 -0.178628 5.000000 0.435674 -2.862313 -2.558056 5.000000 2.231889 1.966790 5.000000 -1.359117 -5.000000 4.480353 -5.000000 -4.702459
434 -8.9940222829 -5.000000 -5.000000 -5.000000 -5.000000 5.000000 5.000000 -5.000000 -5.000000 -5.000000 5.000000 4.076792 5.000000 5.000000 -1.610222 -5.000000
435 -9.0147078450 -5.000000 -5.000000 -5.000000 -5.000000 -5.000000 -5.000000 5.000000 5.000000 -5.000000 5.000000 5.000000 5.000000 5.000000 5.000000 -5.000000
436 -9.0975157566 -5.000000 -5.000000 -5.000000 -5.000000 -5.000000 5.000000 5.000000 -5.000000 5.000000 -5.000000 -5.000000 -5.000000 5.000000 -5.000000 5.000000
437 -9.0443880580 -5.000000 -5.000000 -5.000000 -5.000000 5.000000 -5.000000 -5.000000 -2.888738 5.000000 -0.431789 5.000000 -5.000000 5.000000 5.000000 -5.000000
438 -7.1852279652 -5.000000 -5.000000 -5.000000 5.000000 -5.000000 5.000000 -5.000000 5.000000 -5.000000 5.000000 -5.000000 -5.000000 5.000000 5.000000 -5.000000
439 -2.8766645313 4.160464 -5.000000 -5.000000 -5.000000 5.000000 -5.000000 5.000000 5.000000 5.000000 5.000000 5.000000 5.000000 5.000000 5.000000 5.000000
440 -4.6399886433 -5.000000 5.000000 5.000000 -5.000000 -5.000000 -5.000000 -5.000000 -5.000000 -5.000000 -5.000000 -5.000000 5.000000 -5.000000 -5.000000 -5.000000
441 -1.1298813146 -0.080431 5.000000 -5.000000 5.000000 5.000000 -5.000000 -5.000000 5.000000 5.000000 -5.000000 5.000000 -5.000000 -5.000000 5.000000 -5.000000
442 -9.2191518309 -5.000000 -5.000000 -5.000000 -5.000000 5.000000 -5.000000 -5.000000 5.000000 5.000000 -5.000000 1.889112 5.000000 -5.000000 -5.000000 5.000000
443 -9.0991867306 -5.000000 -5.000000 -5.000000 -5.000000 -5.000000 -5.000000 -5.000000 5.000000 5.000000 -5.000000 5.000000 -5.000000 5.000000 5.000000 -5.000000
444 -9.1001988281 -5.000000 -5.000000 -5.000000 -5.000000 -5.000000 -5.000000 5.000000 -5.000000 5.000000 -5.000000 5.000000 5.000000 -5.000000 5.000000 -5.000000
445 -9.0986328655 -5.000000 -5.000000 -5.000000 -5.000000 -5.000000 5.000000 5.000000 -5.000000 5.000000 5.000000 -5.000000 -5.000000 -5.000000 -5.000000 5.000000
446 -9.1024261567 -5.000000 -5.000000 -5.000000 -5.000000 -5.000000 -5.000000 5.000000 -5.000000 -5.000000 -5.000000 5.000000 5.000000 -5.000000 5.000000 5.000000
447 -7.1646603166 -5.000000 5.000000 -5.000000 -5.000000 -5.000000 -5.000000 -5.000000 -5.000000 5.000000 -5.000000 5.000000 -5.000000 0.111864 5.000000 5.000000
448 -3.2909084368 5.000000 -5.000000 5.000000 -5.000000 5.000000 -5.000000 -5.000000 -5.000000 -5.000000 -5.000000 5.000000 5.000000 -5.000000 5.000000 -5.000000
449 -9.2454057211 -5.000000 -5.000000 -5.000000 -5.000000 -5.000000 -5.000000 -5.000000 -5.000000 5.000000 5.000000 5.000000 5.000000 5.000000 -5.000000 1.930597
450 -5.1160808989 5.000000 -5.000000 -5.000000 -5.000000 5.000000 5.000000 -5.000000 5.000000 5.000000 5.000000 -5.000000 -5.000000 5.000000 -5.000000 -5.000000
