evaluations raw_y x0 x1 x2 x3 x4 x5 x6 x7 x8 x9 x10 x11 x12 x13 x14
1 2.6930625287 0.248928 -0.248928 -0.248928 0.248928 -0.248928 -0.248928 -0.248928 0.248928 0.248928 -0.248928 0.248928 0.248928 -0.248928 -0.248928 0.248928
2 2.6529340696 -0.601231 0.601231 0.601231 -0.601231 0.601231 0.601231 0.601231 -0.601231 -0.601231 0.601231 -0.601231 -0.601231 0.601231 0.601231 -0.601231
3 1.4273240274 -4.877833 4.877833 4.877833 -4.877833 4.877833 4.877833 4.877833 -4.877833 -4.877833 4.877833 -4.877833 -4.877833 4.877833 4.877833 -4.877833
4 1.8396934264 4.605106 -4.605106 -4.605106 4.605106 -4.605106 -4.605106 -4.605106 4.605106 4.605106 -4.605106 4.605106 4.605106 -4.605106 -4.605106 4.605106
5 2.4649639956 2.540968 -2.540968 -2.540968 2.540968 -2.540968 -2.540968 -2.540968 2.540968 2.540968 -2.540968 2.540968 2.540968 -2.540968 -2.540968 2.540968
6 2.2299925416 -2.820915 2.820915 2.820915 -2.820915 2.820915 2.820915 2.820915 -2.820915 -2.820915 2.820915 -2.820915 -2.820915 2.820915 2.820915 -2.820915
7 2.3641303222 -2.326088 2.326088 2.326088 -2.326088 2.326088 2.326088 2.326088 -2.326088 -2.326088 2.326088 -2.326088 -2.326088 2.326088 2.326088 -2.326088
8 2.5659685489 1.981064 -1.981064 -1.981064 1.981064 -1.981064 -1.981064 -1.981064 1.981064 1.981064 -1.981064 1.981064 1.981064 -1.981064 -1.981064 1.981064
9 2.6054901235 1.701131 -1.701131 -1.701131 1.701131 -1.701131 -1.701131 -1.701131 1.701131 1.701131 -1.701131 1.701131 1.701131 -1.701131 -1.701131 1.701131
10 2.5607181316 -1.356181 1.356181 1.356181 -1.356181 1.356181 1.356181 1.356181 -1.356181 -1.356181 1.356181 -1.356181 -1.356181 1.356181 1.356181 -1.356181
11 2.1229114585 -3.166006 3.166006 3.166006 -3.166006 3.166006 3.166006 3.166006 -3.166006 -3.166006 3.166006 -3.166006 -3.166006 3.166006 3.166006 -3.166006
12 2.2397854300 3.446027 -3.446027 -3.446027 3.446027 -3.446027 -3.446027 -3.446027 3.446027 3.446027 -3.446027 3.446027 3.446027 -3.446027 -3.446027 3.446027
13 1.9745487375 4.252870 -4.252870 -4.252870 4.252870 -4.252870 -4.252870 -4.252870 4.252870 4.252870 -4.252870 4.252870 4.252870 -4.252870 -4.252870 4.252870
14 1.8261883644 -3.980218 3.980218 3.980218 -3.980218 3.980218 3.980218 3.980218 -3.980218 -3.980218 3.980218 -3.980218 -3.980218 3.980218 3.980218 -3.980218
15 2.6257603741 -0.873970 0.873970 0.873970 -0.873970 0.873970 0.873970 0.873970 -0.873970 -0.873970 0.873970 -0.873970 -0.873970 0.873970 0.873970 -0.873970
16 2.6557894989 1.226348 -1.226348 -1.226348 1.226348 -1.226348 -1.226348 -1.226348 1.226348 1.226348 -1.226348 1.226348 1.226348 -1.226348 -1.226348 1.226348
17 2.6864456095 0.714216 -0.714216 -0.714216 0.714216 -0.714216 -0.714216 -0.714216 0.714216 0.714216 -0.714216 0.714216 0.714216 -0.714216 -0.714216 0.714216
18 2.6016271939 -1.072382 1.072382 1.072382 -1.072382 1.072382 1.072382 1.072382 -1.072382 -1.072382 1.072382 -1.072382 -1.072382 1.072382 1.072382 -1.072382
19 1.7801617043 -4.093106 4.093106 4.093106 -4.093106 4.093106 4.093106 4.093106 -4.093106 -4.093106 4.093106 -4.093106 -4.093106 4.093106 4.093106 -4.093106
20 2.1223635367 3.826261 -3.826261 -3.826261 3.826261 -3.826261 -3.826261 -3.826261 3.826261 3.826261 -3.826261 3.826261 3.826261 -3.826261 -3.826261 3.826261
21 2.2744562952 3.324540 -3.324540 -3.324540 3.324540 -3.324540 -3.324540 -3.324540 3.324540 3.324540 -3.324540 3.324540 3.324540 -3.324540 -3.324540 3.324540
22 1.9729065452 -3.598772 3.598772 3.598772 -3.598772 3.598772 3.598772 3.598772 -3.598772 -3.598772 3.598772 -3.598772 -3.598772 3.598772 3.598772 -3.598772
23 2.4696317347 -1.859674 1.859674 1.859674 -1.859674 1.859674 1.859674 1.859674 -1.859674 -1.859674 1.859674 -1.859674 -1.859674 1.859674 1.859674 -1.859674
24 2.6283896953 1.508917 -1.508917 -1.508917 1.508917 -1.508917 -1.508917 -1.508917 1.508917 1.508917 -1.508917 1.508917 1.508917 -1.508917 -1.508917 1.508917
25 2.4764514854 2.484632 -2.484632 -2.484632 2.484632 -2.484632 -2.484632 -2.484632 2.484632 2.484632 -2.484632 2.484632 2.484632 -2.484632 -2.484632 2.484632
26 2.4100864112 -2.133800 2.133800 2.133800 -2.133800 2.133800 2.133800 2.133800 -2.133800 -2.133800 2.133800 -2.133800 -2.133800 2.133800 2.133800 -2.133800
27 2.2650220953 -2.699502 2.699502 2.699502 -2.699502 2.699502 2.699502 2.699502 -2.699502 -2.699502 2.699502 -2.699502 -2.699502 2.699502 2.699502 -2.699502
28 2.3668537024 2.973660 -2.973660 -2.973660 2.973660 -2.973660 -2.973660 -2.973660 2.973660 2.973660 -2.973660 2.973660 2.973660 -2.973660 -2.973660 2.973660
29 1.7939917522 4.718068 -4.718068 -4.718068 4.718068 -4.718068 -4.718068 -4.718068 4.718068 4.718068 -4.718068 4.718068 4.718068 -4.718068 -4.718068 4.718068
30 1.6263073178 -4.451150 4.451150 4.451150 -4.451150 4.451150 4.451150 4.451150 -4.451150 -4.451150 4.451150 -4.451150 -4.451150 4.451150 4.451150 -4.451150
31 2.6851876242 -0.089173 0.089173 0.089173 -0.089173 0.089173 0.089173 0.089173 -0.089173 -0.089173 0.089173 -0.089173 -0.089173 0.089173 0.089173 -0.089173
32 2.6927141677 0.447266 -0.447266 -0.447266 0.447266 -0.447266 -0.447266 -0.447266 0.447266 0.447266 -0.447266 0.447266 0.447266 -0.447266 -0.447266 0.447266
33 2.6910687868 0.551002 -0.551002 -0.551002 0.551002 -0.551002 -0.551002 -0.551002 0.551002 0.551002 -0.551002 0.551002 0.551002 -0.551002 -0.551002 0.551002
34 2.6761227817 -0.278369 0.278369 0.278369 -0.278369 0.278369 0.278369 0.278369 -0.278369 -0.278369 0.278369 -0.278369 -0.278369 0.278369 0.278369 -0.278369
35 1.5794723810 -4.554934 4.554934 4.554934 -4.554934 4.554934 4.554934 4.554934 -4.554934 -4.554934 4.554934 -4.554934 -4.554934 4.554934 4.554934 -4.554934
36 1.7147662658 4.907292 -4.907292 -4.907292 4.907292 -4.907292 -4.907292 -4.907292 4.907292 4.907292 -4.907292 4.907292 4.907292 -4.907292 -4.907292 4.907292
37 2.3937126035 2.862563 -2.862563 -2.862563 2.862563 -2.862563 -2.862563 -2.862563 2.862563 2.862563 -2.862563 2.862563 2.862563 -2.862563 -2.862563 2.862563
38 2.3149291052 -2.517594 2.517594 2.517594 -2.517594 2.517594 2.517594 2.517594 -2.517594 -2.517594 2.517594 -2.517594 -2.517594 2.517594 2.517594 -2.517594
39 2.4350582993 -2.022731 2.022731 2.022731 -2.022731 2.022731 2.022731 2.022731 -2.022731 -2.022731 2.022731 -2.022731 -2.022731 2.022731 2.022731 -2.022731
40 2.5115118020 2.302772 -2.302772 -2.302772 2.302772 -2.302772 -2.302772 -2.302772 2.302772 2.302772 -2.302772 2.302772 2.302772 -2.302772 -2.302772 2.302772
41 2.6400492813 1.397846 -1.397846 -1.397846 1.397846 -1.397846 -1.397846 -1.397846 1.397846 1.397846 -1.397846 1.397846 1.397846 -1.397846 -1.397846 1.397846
42 2.5052633034 -1.677812 1.677812 1.677812 -1.677812 1.677812 1.677812 1.677812 -1.677812 -1.677812 1.677812 -1.677812 -1.677812 1.677812 1.677812 -1.677812
43 2.0130841841 -3.487673 3.487673 3.487673 -3.487673 3.487673 3.487673 3.487673 -3.487673 -3.487673 3.487673 -3.487673 -3.487673 3.487673 3.487673 -3.487673
44 2.3237938882 3.142630 -3.142630 -3.142630 3.142630 -3.142630 -3.142630 -3.142630 3.142630 3.142630 -3.142630 3.142630 3.142630 -3.142630 -3.142630 3.142630
45 2.0879683992 3.930044 -3.930044 -3.930044 3.930044 -3.930044 -3.930044 -3.930044 3.930044 3.930044 -3.930044 3.930044 3.930044 -3.930044 -3.930044 3.930044
46 1.3673652309 -4.999709 4.999709 4.999709 -4.999709 4.999709 4.999709 4.999709 -4.999709 -4.999709 4.999709 -4.999709 -4.999709 4.999709 4.999709 -4.999709
47 1.3673013297 -4.999837 4.999837 4.999837 -4.999837 4.999837 4.999837 4.999837 -4.999837 -4.999837 4.999837 -4.999837 -4.999837 4.999837 4.999837 -4.999837
48 1.3673092525 -4.999822 4.999822 4.999822 -4.999822 4.999822 4.999822 4.999822 -4.999822 -4.999822 4.999822 -4.999822 -4.999822 4.999822 4.999822 -4.999822
49 1.3672894899 -4.999861 4.999861 4.999861 -4.999861 4.999861 4.999861 4.999861 -4.999861 -4.999861 4.999861 -4.999861 -4.999861 4.999861 4.999861 -4.999861
50 1.3672397620 -4.999961 4.999961 4.999961 -4.999961 4.999961 4.999961 4.999961 -4.999961 -4.999961 4.999961 -4.999961 -4.999961 4.999961 4.999961 -4.999961
51 1.3672658361 -4.999909 4.999909 4.999909 -4.999909 4.999909 4.999909 4.999909 -4.999909 -4.999909 4.999909 -4.999909 -4.999909 4.999909 4.999909 -4.999909
52 1.3672852269 -4.999870 4.999870 4.999870 -4.999870 4.999870 4.999870 4.999870 -4.999870 -4.999870 4.999870 -4.999870 -4.999870 4.999870 4.999870 -4.999870
53 1.4030152419 -4.888263 4.951454 4.888263 -4.951454 4.951454 4.869534 4.888263 -4.951454 -4.869534 4.888263 -4.951454 -4.869534 4.888263 4.869534 -4.869534
54 1.4726943441 -4.689567 4.955105 4.689567 -4.955105 4.955105 4.795498 4.689567 -4.955105 -4.795498 4.689567 -4.955105 -4.795498 4.689567 4.795498 -4.795498
55 0.2844942050 -4.971271 4.707854 4.971271 -4.707854 4.707854 0.471894 4.971271 -4.707854 -0.471894 4.971271 -4.707854 -0.471894 4.971271 0.471894 -0.471894
56 -1.1237643342 -4.985829 4.942926 4.985829 -4.942926 4.942926 -3.032847 4.985829 -4.942926 3.032847 4.985829 -4.942926 3.032847 4.985829 -3.032847 3.032847
57 -1.7003199141 -4.728861 4.811034 4.728861 -4.811034 4.811034 -4.926947 4.728861 -4.811034 4.926947 4.728861 -4.811034 4.926947 4.728861 -4.926947 4.926947
58 -1.6844647942 -4.665315 4.971560 4.665315 -4.971560 4.971560 -4.888973 4.665315 -4.971560 4.888973 4.665315 -4.971560 4.888973 4.665315 -4.888973 4.888973
59 -1.5864729125 -4.813266 4.312085 4.813266 -4.312085 4.312085 -4.900783 4.813266 -4.312085 4.900783 4.813266 -4.312085 4.900783 4.813266 -4.900783 4.900783
60 -1.5091908244 -4.989893 4.412489 4.989893 -4.412489 4.412489 -4.308799 4.989893 -4.412489 4.308799 4.989893 -4.412489 4.308799 4.989893 -4.308799 4.308799
61 -1.8525818295 -4.991780 4.570088 4.991780 -4.570088 4.570088 -4.916558 4.991780 -4.570088 4.916558 4.991780 -4.570088 4.916558 4.991780 -4.916558 4.916558
62 -1.8495874216 -4.796333 4.995704 4.796333 -4.995704 4.995704 -4.963531 4.796333 -4.995704 4.963531 4.796333 -4.995704 4.963531 4.796333 -4.963531 4.963531
63 -1.7895240932 -4.987055 4.572756 4.987055 -4.572756 4.572756 -4.792036 4.987055 -4.572756 4.792036 4.987055 -4.572756 4.792036 4.987055 -4.792036 4.792036
64 -1.8441771721 -4.932143 4.970314 4.932143 -4.970314 4.970314 -4.706590 4.932143 -4.970314 4.706590 4.932143 -4.970314 4.706590 4.932143 -4.706590 4.706590
65 -1.9411567259 -4.918076 4.998227 4.918076 -4.998227 4.998227 -4.914394 4.918076 -4.998227 4.914394 4.918076 -4.998227 4.914394 4.918076 -4.914394 4.914394
66 -1.9148515355 -4.994533 4.721787 4.994533 -4.721787 4.721787 -4.925135 4.994533 -4.721787 4.925135 4.994533 -4.721787 4.925135 4.994533 -4.925135 4.925135
67 -1.9421163714 -4.997163 4.857646 4.997163 -4.857646 4.857646 -4.871545 4.997163 -4.857646 4.871545 4.997163 -4.857646 4.871545 4.997163 -4.871545 4.871545
68 -1.8976934080 -4.852153 4.984774 4.852153 -4.984774 4.984774 -4.963711 4.852153 -4.984774 4.963711 4.852153 -4.984774 4.963711 4.852153 -4.963711 4.963711
69 -1.9901265824 -4.998285 4.984550 4.998285 -4.984550 4.984550 -4.869230 4.998285 -4.984550 4.869230 4.998285 -4.984550 4.869230 4.998285 -4.869230 4.869230
70 -2.0075218317 -4.996042 4.943778 4.996042 -4.943778 4.943778 -4.941496 4.996042 -4.943778 4.941496 4.996042 -4.943778 4.941496 4.996042 -4.941496 4.941496
71 -2.0456608697 -4.992121 4.998740 4.992121 -4.998740 4.998740 -4.984347 4.992121 -4.998740 4.984347 4.992121 -4.998740 4.984347 4.992121 -4.984347 4.984347
72 -1.9038384360 -4.909833 4.842705 4.909833 -4.842705 4.842705 -4.975375 4.909833 -4.842705 4.975375 4.909833 -4.842705 4.975375 4.909833 -4.975375 4.975375
73 -1.9684812271 -4.967874 4.960072 4.967874 -4.960072 4.960072 -4.903492 4.967874 -4.960072 4.903492 4.967874 -4.960072 4.903492 4.967874 -4.903492 4.903492
74 -1.9830149893 -4.961006 4.933999 4.961006 -4.933999 4.933999 -4.967451 4.961006 -4.933999 4.967451 4.961006 -4.933999 4.967451 4.961006 -4.967451 4.967451
75 -2.0191331404 -4.998500 4.934398 4.998500 -4.934398 4.934398 -4.967875 4.998500 -4.934398 4.967875 4.998500 -4.934398 4.967875 4.998500 -4.967875 4.967875
76 -2.0130615529 -4.968831 4.962557 4.968831 -4.962557 4.962557 -4.991553 4.968831 -4.962557 4.991553 4.968831 -4.962557 4.991553 4.968831 -4.991553 4.991553
77 -2.0121662369 -4.968247 4.967519 4.968247 -4.967519 4.967519 -4.986960 4.968247 -4.967519 4.986960 4.968247 -4.967519 4.986960 4.968247 -4.986960 4.986960
78 -2.0388709740 -4.994459 4.989024 4.994459 -4.989024 4.989024 -4.973483 4.994459 -4.989024 4.973483 4.994459 -4.989024 4.973483 4.994459 -4.973483 4.973483
79 -2.0452558878 -4.994457 4.989287 4.994457 -4.989287 4.989287 -4.986370 4.994457 -4.989287 4.986370 4.994457 -4.989287 4.986370 4.994457 -4.986370 4.986370
80 -2.0349265891 -4.988026 4.961870 4.988026 -4.961870 4.961870 -4.999333 4.988026 -4.961870 4.999333 4.988026 -4.961870 4.999333 4.988026 -4.999333 4.999333
81 -2.0526311462 -4.994772 4.998650 4.994772 -4.998650 4.998650 -4.993498 4.994772 -4.998650 4.993498 4.994772 -4.998650 4.993498 4.994772 -4.993498 4.993498
82 -2.0469950189 -4.988503 4.998027 4.988503 -4.998027 4.998027 -4.994737 4.988503 -4.998027 4.994737 4.988503 -4.998027 4.994737 4.988503 -4.994737 4.994737
83 -2.0477231186 -4.998456 4.997721 4.998456 -4.997721 4.997721 -4.976951 4.998456 -4.997721 4.976951 4.998456 -4.997721 4.976951 4.998456 -4.976951 4.976951
84 -2.0483210995 -4.997498 4.989369 4.997498 -4.989369 4.989369 -4.986621 4.997498 -4.989369 4.986621 4.997498 -4.989369 4.986621 4.997498 -4.986621 4.986621
85 -2.0560550438 -4.998408 4.994927 4.998408 -4.994927 4.994927 -4.996305 4.998408 -4.994927 4.996305 4.998408 -4.994927 4.996305 4.998408 -4.996305 4.996305
86 -2.0537475989 -4.998303 4.998950 4.998303 -4.998950 4.998950 -4.988624 4.998303 -4.998950 4.988624 4.998303 -4.998950 4.988624 4.998303 -4.988624 4.988624
87 -2.0522024972 -4.997904 4.983621 4.997904 -4.983621 4.983621 -4.998289 4.997904 -4.983621 4.998289 4.997904 -4.983621 4.998289 4.997904 -4.998289 4.998289
88 -2.0517408974 -4.997468 4.981781 4.997468 -4.981781 4.981781 -4.999642 4.997468 -4.981781 4.999642 4.997468 -4.981781 4.999642 4.997468 -4.999642 4.999642
89 -2.0567348182 -4.997075 4.999786 4.997075 -4.999786 4.999786 -4.996490 4.997075 -4.999786 4.996490 4.997075 -4.999786 4.996490 4.997075 -4.996490 4.996490
90 -2.0559978293 -4.998373 4.995670 4.998373 -4.995670 4.995670 -4.995673 4.998373 -4.995670 4.995673 4.998373 -4.995670 4.995673 4.998373 -4.995673 4.995673
91 -2.0557924305 -4.996365 4.997264 4.996365 -4.997264 4.997264 -4.997937 4.996365 -4.997264 4.997937 4.996365 -4.997264 4.997937 4.996365 -4.997937 4.997937
92 -0.8263337416 -4.873244 3.050096 4.907179 -2.814947 2.814947 -4.961935 4.873244 -3.618032 4.614959 4.489218 -3.050096 0.461117 4.489218 -4.961935 4.614959
93 -1.2288528113 -4.727106 4.745905 3.433575 -2.145730 2.145730 -3.749673 4.727106 -4.970207 4.976403 3.042625 -4.745905 4.899702 3.042625 -3.749673 4.976403
94 -1.1110510551 -4.824855 2.648536 2.872818 0.794527 -0.794527 -4.839370 4.824855 -4.533357 3.584091 3.320280 -2.648536 4.999729 3.320280 -4.839370 3.584091
95 -1.3800002534 -4.992881 2.652777 1.746486 -4.615801 4.615801 -4.951064 4.992881 -4.679708 4.780667 3.609766 -2.652777 4.474171 3.609766 -4.951064 4.780667
96 -1.0567168976 -4.992821 2.251811 4.474465 -4.566403 4.566403 -4.955036 4.992821 -4.407670 4.707765 2.767572 -2.251811 2.845879 2.767572 -4.955036 4.707765
97 -1.4630955617 -4.949803 4.986435 1.057766 -0.717431 0.717431 -4.519965 4.949803 -3.506467 4.976033 4.914536 -4.986435 4.501289 4.914536 -4.519965 4.976033
98 -1.6201454216 -4.835807 4.174529 4.452406 -4.700928 4.700928 -4.861962 4.835807 -4.771683 4.919809 4.624792 -4.174529 4.626852 4.624792 -4.861962 4.919809
99 -0.9096899582 -4.953634 3.445191 -4.350548 -2.489072 2.489072 -4.528199 4.953634 -4.808321 4.967004 2.723733 -3.445191 4.874140 2.723733 -4.528199 4.967004
100 -1.3172578561 -4.947457 4.331611 2.611704 -4.565111 4.565111 -4.785134 4.947457 -4.909160 3.052381 3.940204 -4.331611 4.060634 3.940204 -4.785134 3.052381
101 -1.5137776449 -4.923334 3.383162 3.831841 -4.885631 4.885631 -4.834440 4.923334 -4.299100 4.745876 4.849429 -3.383162 4.943899 4.849429 -4.834440 4.745876
102 -1.7302322560 -4.983640 3.759008 4.574421 -2.999732 2.999732 -4.961855 4.983640 -4.744989 4.995720 4.897024 -3.759008 4.587270 4.897024 -4.961855 4.995720
103 -1.5589142470 -4.930621 4.031406 4.132332 -2.920221 2.920221 -4.947383 4.930621 -4.672958 4.383049 4.849260 -4.031406 4.080283 4.849260 -4.947383 4.383049
104 -1.6204089623 -4.932918 4.901342 4.110631 -1.671788 1.671788 -4.988310 4.932918 -4.335847 3.740094 4.742743 -4.901342 4.931767 4.742743 -4.988310 3.740094
105 -1.8599100382 -4.883306 4.806284 3.658955 -3.787168 3.787168 -4.857293 4.883306 -4.988757 4.974521 4.995711 -4.806284 4.957727 4.995711 -4.857293 4.974521
106 -1.6523616737 -4.988950 3.864100 3.350664 -4.260783 4.260783 -4.857075 4.988950 -4.939965 4.558503 4.779052 -3.864100 4.307052 4.779052 -4.857075 4.558503
107 -1.7258691110 -4.919609 4.871496 4.043362 -3.482029 3.482029 -4.773185 4.919609 -4.952646 4.324481 4.757230 -4.871496 4.732120 4.757230 -4.773185 4.324481
108 -1.6936281280 -4.953245 4.196402 3.744350 -3.647320 3.647320 -4.908027 4.953245 -4.883811 4.556368 4.514888 -4.196402 4.912364 4.514888 -4.908027 4.556368
109 -1.6968708717 -4.988116 3.554057 3.496410 -3.918601 3.918601 -4.979757 4.988116 -4.685158 4.952792 4.653966 -3.554057 4.957311 4.653966 -4.979757 4.952792
110 -1.8940191933 -4.941082 4.710106 4.396027 -4.933039 4.933039 -4.949034 4.941082 -4.983769 4.728675 4.990096 -4.710106 4.934620 4.990096 -4.949034 4.728675
111 -1.8534194662 -4.999286 4.620275 4.500072 -3.795671 3.795671 -4.907047 4.999286 -4.752417 4.894872 4.762032 -4.620275 4.818739 4.762032 -4.907047 4.894872
112 -1.8675469685 -4.983381 4.803274 4.091286 -4.332634 4.332634 -4.959364 4.983381 -4.811498 4.832062 4.715649 -4.803274 4.709231 4.715649 -4.959364 4.832062
113 -1.9323801680 -4.982290 4.886271 4.826696 -4.900067 4.900067 -4.949690 4.982290 -4.856880 4.836702 4.866614 -4.886271 4.858370 4.866614 -4.949690 4.836702
114 -1.8530160906 -4.958346 4.658100 4.346269 -4.235016 4.235016 -4.785220 4.958346 -4.962911 4.953606 4.894015 -4.658100 4.733906 4.894015 -4.785220 4.953606
115 -1.8213460142 -4.970913 4.974716 4.856174 -4.458865 4.458865 -4.940269 4.970913 -4.836778 4.979732 4.312136 -4.974716 4.134142 4.312136 -4.940269 4.979732
116 -1.9384238662 -4.956707 4.981316 4.679657 -4.647382 4.647382 -4.987110 4.956707 -4.974466 4.724639 4.927955 -4.981316 4.813123 4.927955 -4.987110 4.724639
117 -1.8735171357 -4.945746 4.726066 4.523835 -4.178132 4.178132 -4.921457 4.945746 -4.946158 4.959614 4.863852 -4.726066 4.653521 4.863852 -4.921457 4.959614
118 -1.8403747651 -4.987984 4.967783 4.795535 -3.628747 3.628747 -4.884973 4.987984 -4.564840 4.830885 4.561796 -4.967783 4.903941 4.561796 -4.884973 4.830885
119 -1.9384041104 -4.977906 4.978505 4.931763 -4.883744 4.883744 -4.892446 4.977906 -4.993446 4.854959 4.698970 -4.978505 4.830188 4.698970 -4.892446 4.854959
120 -1.9488864124 -4.997054 4.920011 4.850783 -4.732842 4.732842 -4.894894 4.997054 -4.988709 4.989819 4.476665 -4.920011 4.970952 4.476665 -4.894894 4.989819
121 -1.9446108151 -4.990658 4.988457 4.853280 -4.513403 4.513403 -4.875425 4.990658 -4.933081 4.962615 4.849903 -4.988457 4.631404 4.849903 -4.875425 4.962615
122 -1.9572422577 -4.964602 4.945306 4.805917 -4.985390 4.985390 -4.961666 4.964602 -4.821330 4.982857 4.852742 -4.945306 4.983289 4.852742 -4.961666 4.982857
123 -1.9431477354 -4.978391 4.989081 4.807424 -4.768981 4.768981 -4.911810 4.978391 -4.925145 4.764204 4.874037 -4.989081 4.915392 4.874037 -4.911810 4.764204
124 -1.9444937119 -4.999643 4.983946 4.727498 -4.797815 4.797815 -4.747084 4.999643 -4.965464 4.765739 4.997510 -4.983946 4.946761 4.997510 -4.747084 4.765739
125 -1.9694371057 -4.987217 4.755612 4.478055 -4.568975 4.568975 -4.962024 4.987217 -4.998510 4.947449 4.928544 -4.755612 4.948789 4.928544 -4.962024 4.947449
126 -1.9477283870 -4.999184 4.975116 4.705436 -4.632772 4.632772 -4.789932 4.999184 -4.992288 4.918035 4.695845 -4.975116 4.977155 4.695845 -4.789932 4.918035
127 -1.9426194474 -4.981040 4.775572 4.808890 -4.727882 4.727882 -4.984022 4.981040 -4.926186 4.980458 4.761954 -4.775572 4.873528 4.761954 -4.984022 4.980458
128 -2.0001042837 -4.998060 4.975858 4.803605 -4.794304 4.794304 -4.982281 4.998060 -4.996324 4.979097 4.748151 -4.975858 4.838242 4.748151 -4.982281 4.979097
129 -2.0165094038 -4.985187 4.996850 4.973872 -4.801884 4.801884 -4.999820 4.985187 -4.935901 4.907831 4.997915 -4.996850 4.980435 4.997915 -4.999820 4.907831
130 -2.0168120973 -4.995411 4.952038 4.981401 -4.736852 4.736852 -4.968791 4.995411 -4.986008 4.983949 4.887798 -4.952038 4.968790 4.887798 -4.968791 4.983949
131 -2.0083903347 -4.986697 4.974826 4.933525 -4.940819 4.940819 -4.997582 4.986697 -4.929249 4.944066 4.949900 -4.974826 4.914373 4.949900 -4.997582 4.944066
132 -2.0068181313 -4.993237 4.988967 4.963892 -4.920266 4.920266 -4.967152 4.993237 -4.957756 4.990915 4.756671 -4.988967 4.991704 4.756671 -4.967152 4.990915
133 -2.0133790470 -4.989281 4.985335 4.995706 -4.828424 4.828424 -4.992779 4.989281 -4.975112 4.978602 4.956577 -4.985335 4.794439 4.956577 -4.992779 4.978602
134 -2.0058679409 -4.989878 4.960955 4.959884 -4.766872 4.766872 -4.993448 4.989878 -4.965945 4.877963 4.928502 -4.960955 4.985603 4.928502 -4.993448 4.877963
135 -2.0012418765 -4.999495 4.997976 4.799562 -4.942365 4.942365 -4.956448 4.999495 -4.803029 4.966361 4.968432 -4.997976 4.992148 4.968432 -4.956448 4.966361
136 -2.0107871424 -4.987436 4.961969 4.880672 -4.955343 4.955343 -4.979810 4.987436 -4.975940 4.987580 4.909004 -4.961969 4.884349 4.909004 -4.979810 4.987580
137 -2.0388045403 -4.997750 4.991692 4.946079 -4.856012 4.856012 -4.991504 4.997750 -4.996769 4.974732 4.911007 -4.991692 4.999067 4.911007 -4.991504 4.974732
138 -2.0371919890 -4.997387 4.980769 4.905497 -4.904259 4.904259 -4.990659 4.997387 -4.962730 4.988994 4.962204 -4.980769 4.985135 4.962204 -4.990659 4.988994
139 -2.0294047575 -4.991818 4.944753 4.985051 -4.878257 4.878257 -4.972386 4.991818 -4.999672 4.986952 4.988502 -4.944753 4.964372 4.988502 -4.972386 4.986952
140 -2.0333883968 -4.992099 4.989197 4.901293 -4.994422 4.994422 -4.985704 4.992099 -4.963441 4.988889 4.953354 -4.989197 4.982977 4.953354 -4.985704 4.988889
141 -2.0366327374 -4.996818 4.940380 4.871231 -4.981496 4.981496 -4.988623 4.996818 -4.999572 4.959499 4.989428 -4.940380 4.995063 4.989428 -4.988623 4.959499
142 -2.0348729667 -4.998677 4.981429 4.872036 -4.942204 4.942204 -4.968425 4.998677 -4.989542 4.992249 4.944152 -4.981429 4.961200 4.944152 -4.968425 4.992249
143 -2.0417421347 -4.992646 4.996154 4.921027 -4.998134 4.998134 -4.996650 4.992646 -4.965276 4.976767 4.999035 -4.996154 4.986394 4.999035 -4.996650 4.976767
144 -2.0331039407 -4.996028 4.976746 4.998438 -4.966017 4.966017 -4.982854 4.996028 -4.995906 4.958013 4.948716 -4.976746 4.966845 4.948716 -4.982854 4.958013
145 -2.0415837403 -4.999417 4.948787 4.924094 -4.986840 4.986840 -4.997428 4.999417 -4.993581 4.995738 4.992245 -4.948787 4.929941 4.992245 -4.997428 4.995738
146 -2.0486203759 -4.998247 4.996127 4.994637 -4.989675 4.989675 -4.987606 4.998247 -4.997270 4.995754 4.965852 -4.996127 4.974110 4.965852 -4.987606 4.995754
147 -2.0494014786 -4.996529 4.993046 4.933479 -4.976852 4.976852 -4.985048 4.996529 -4.995969 4.990799 4.988860 -4.993046 4.998934 4.988860 -4.985048 4.990799
148 -2.0499678520 -4.999232 4.974282 4.930857 -4.986336 4.986336 -4.990800 4.999232 -4.995229 4.991159 4.999082 -4.974282 4.987844 4.999082 -4.990800 4.991159
149 -2.0503558354 -4.998038 4.994950 4.935835 -4.960699 4.960699 -4.985820 4.998038 -4.999691 4.996963 4.975413 -4.994950 4.990764 4.975413 -4.985820 4.996963
150 -2.0483430144 -4.998201 4.996080 4.955208 -4.963607 4.963607 -4.993908 4.998201 -4.977577 4.980616 4.991013 -4.996080 4.997169 4.991013 -4.993908 4.980616
151 -2.0499282902 -4.998942 4.996872 4.966581 -4.994303 4.994303 -4.996564 4.998942 -4.997404 4.987241 4.976769 -4.996872 4.957928 4.976769 -4.996564 4.987241
152 -2.0500301145 -4.995551 4.989825 4.939075 -4.955318 4.955318 -4.998782 4.995551 -4.993401 4.992284 4.994652 -4.989825 4.984037 4.994652 -4.998782 4.992284
153 -2.0487034991 -4.997657 4.983621 4.962998 -4.964896 4.964896 -4.996463 4.997657 -4.990106 4.978544 4.999067 -4.983621 4.990380 4.999067 -4.996463 4.978544
154 -2.0500328381 -4.999808 4.995071 4.996168 -4.975694 4.975694 -4.985963 4.999808 -4.980738 4.993857 4.984429 -4.995071 4.998995 4.984429 -4.985963 4.993857
155 -0.2457978226 -3.712614 2.624175 2.896652 -3.195618 0.245334 -4.299612 4.710201 -4.612808 4.075553 3.242630 -3.180103 4.850429 4.353415 -2.667225 4.806781
156 -1.0147241363 -4.932056 4.873902 3.069999 -0.959870 4.135264 -3.438908 3.709826 -4.804035 4.277601 3.897876 -3.540046 4.237721 4.033003 -4.928687 1.869604
157 -1.1534923117 -4.752027 3.550976 4.193577 -3.875750 0.089798 -4.447947 4.659530 -4.967226 4.114428 4.982685 -1.421992 4.467799 1.781829 -3.868769 4.981431
158 -1.0169126095 -4.877678 4.516986 4.077325 -3.203788 1.972644 -4.762467 3.846629 -3.566386 4.857978 4.300591 -4.131487 4.330800 2.303108 -4.212173 4.553428
159 -1.2859181281 -4.928811 2.774418 4.472013 -3.598975 4.776033 -4.345669 4.863565 -4.540971 4.389980 4.686525 -4.948585 3.519172 4.019187 -4.724021 4.560223
160 -1.0301248983 -4.713453 2.819928 2.307815 -4.814950 0.887924 -1.399846 4.503383 -4.520937 3.569097 4.047996 -4.763182 4.885472 3.611488 -4.832838 3.986512
161 -1.2496180494 -4.986508 4.986258 1.988311 -4.870750 -3.332199 -3.033878 4.802963 -3.049353 4.483727 1.869131 -3.020541 4.830930 -0.086491 -4.811489 3.580882
162 -0.9983739648 -4.999851 4.460357 4.155237 -0.253828 1.760457 2.611046 4.760231 -4.453471 4.439563 4.484550 -4.649900 1.613784 2.511554 -4.208895 4.842477
163 -0.7556301314 -4.687352 3.799696 3.741529 -4.861741 4.465485 -4.926168 4.794692 -4.976375 4.343467 4.926905 -2.957136 3.686713 2.952659 -3.550569 1.395137
164 -1.1128929043 -4.770188 4.282897 3.958949 0.019921 1.770292 -2.802212 4.701676 -4.886006 2.442972 4.956830 -2.920537 3.969047 3.495103 -4.718719 3.757400
165 -0.4900831170 -4.967235 4.659636 4.845303 -1.266433 4.368485 3.881958 4.822754 -4.966637 0.728555 3.181173 -0.744941 4.308049 1.149406 -4.942885 4.330142
166 -1.0007304597 -4.977923 4.777380 4.647993 -2.600220 2.126185 -3.099591 3.017902 -4.486800 4.017125 4.975229 -4.969907 4.518612 2.728020 -3.775684 4.009463
167 -1.0169094283 -4.668775 4.847179 1.698413 -0.678627 4.264676 -4.357172 4.725317 -4.829393 4.211577 4.541372 -3.151401 2.737403 1.113066 -4.706989 4.202740
168 -0.9572165422 -4.984207 4.706941 4.280321 0.496113 4.379766 -4.556153 4.501366 -4.474139 4.929945 4.278783 -1.342450 3.819698 2.083901 -4.447044 1.711276
169 -0.9666422205 -4.769538 4.958900 4.542823 -2.602955 4.529405 -3.535121 4.783308 -4.715289 1.470703 2.160698 -3.406928 3.622700 1.016200 -4.951986 4.154604
170 -1.5954862147 -4.941577 4.945152 3.691056 -1.642564 3.425698 -4.934802 4.956032 -4.266960 4.609947 4.697150 -4.401221 4.058456 4.846452 -4.897721 4.573658
171 -1.5148794876 -4.901569 4.465751 3.653832 -2.755135 4.053447 -4.378375 4.989031 -4.696601 4.795645 4.468857 -3.139207 4.308330 4.700511 -4.778717 4.244617
172 -1.6150869600 -4.971215 4.982687 3.790080 2.696376 3.224659 -4.292815 4.980109 -4.663201 4.187458 4.991524 -4.777925 4.355139 4.635017 -4.939859 2.832982
173 -1.6160946231 -4.959323 4.856783 4.778630 -3.529450 3.116894 -4.948498 4.928667 -4.452721 4.002845 4.559732 -3.536985 4.618030 4.702808 -4.943142 4.154003
174 -1.7197812188 -4.996362 4.944041 3.470666 -3.226674 2.461783 -4.357741 4.616503 -4.655050 4.892012 4.797958 -4.380326 4.380394 4.760394 -4.865811 4.733674
175 -1.6415761052 -4.965684 4.964126 3.389291 -4.124583 2.142565 -4.558518 4.871784 -4.905760 4.203245 4.842463 -2.979844 4.456593 4.705258 -4.277166 4.846370
176 -1.5549349517 -4.995365 4.073427 4.476527 -4.076699 2.379036 -4.467716 4.920380 -4.806468 3.855567 4.405213 -4.933764 4.536322 3.862321 -4.631528 4.227867
177 -1.5569849424 -4.926515 4.513671 3.270955 -3.308715 1.529939 -4.808162 4.882196 -4.786901 4.756001 4.961326 -3.965136 4.436438 4.324936 -4.679328 3.328525
178 -1.5387145181 -4.948367 4.656674 4.064911 -4.723340 1.973524 -3.851029 4.973420 -4.260817 4.951981 4.946766 -3.357495 4.242487 3.996830 -4.586835 3.991746
179 -1.4275000031 -4.971551 4.762878 3.890130 -4.552983 1.942801 -3.283397 4.006366 -4.566147 3.920002 4.269670 -4.618226 4.692557 2.242058 -4.983505 4.326260
180 -1.5804071538 -4.953110 4.883399 4.687378 -4.624575 4.847919 -4.489249 4.451674 -4.252219 4.331116 4.342013 -4.599457 4.939857 4.048898 -4.931000 4.922455
181 -1.5964312890 -4.864272 4.899386 4.946302 -4.602832 4.334048 -4.677345 4.863346 -4.469259 4.969346 4.497962 -3.815803 4.653241 3.890929 -4.990810 4.116274
182 -1.5714145049 -4.990834 4.964422 4.564681 -4.953485 3.623667 -4.691499 4.210707 -4.984880 3.623294 3.729523 -4.008998 4.483251 4.066781 -4.956631 4.667912
183 -1.6805447587 -4.979079 4.998282 3.712359 -4.031958 2.210001 -4.962027 4.825968 -4.422992 4.044938 4.438649 -4.759651 4.793769 4.961761 -4.855700 4.123233
184 -1.5697929554 -4.869432 4.901740 3.218208 -4.963377 2.221929 -4.743549 4.923788 -4.810849 4.485427 2.868026 -3.120075 4.892198 3.102549 -4.973612 4.406194
185 -1.7700300005 -4.960978 4.801128 4.534831 -4.395836 4.230329 -4.560817 4.845532 -4.664617 4.507699 4.676827 -4.807626 4.537798 4.944926 -4.904188 4.993664
186 -1.7850868097 -4.989921 4.271488 4.145296 -3.844533 3.615074 -4.074866 4.955671 -4.821187 4.875688 4.894239 -4.202104 4.814440 4.017580 -4.990700 4.991675
187 -1.7493713130 -4.997488 4.878140 4.842174 -4.053020 4.022395 -4.286840 4.632986 -4.768125 4.975335 4.711394 -4.929318 4.246118 4.549958 -4.971276 4.563924
188 -1.7817585398 -4.960232 4.380577 4.282736 -4.820903 4.531740 -4.374691 4.971757 -4.780998 4.973510 4.963494 -4.602948 4.746282 4.719416 -4.781827 4.818459
189 -1.7634408301 -4.926296 4.509662 4.938343 -4.422620 3.817889 -4.110602 4.960901 -4.833506 4.452828 4.449909 -4.900747 4.831914 4.916014 -4.932605 4.737367
190 -1.8255779586 -4.985495 4.815350 4.509931 -4.784343 3.647295 -4.646531 4.735390 -4.943490 4.555992 4.918466 -4.474993 4.890661 4.046681 -4.875636 4.755312
191 -1.8254027046 -4.979149 4.996094 4.829362 -4.696622 4.729872 -4.181453 4.952266 -4.768516 4.926256 4.974646 -4.725362 4.840978 4.961062 -4.593225 4.701818
192 -1.8321298672 -4.981086 4.718595 4.804688 -4.272983 3.782740 -4.271774 4.822863 -4.943392 4.829428 4.920661 -4.682143 4.615129 4.633520 -4.925271 4.687044
193 -1.8226946990 -4.997039 4.788433 4.629821 -4.897143 4.246973 -4.650796 4.805092 -4.911732 4.857729 4.714479 -4.490201 4.929350 4.351237 -4.924160 4.335150
194 -1.7593062429 -4.913388 4.949370 4.293891 -4.639355 4.108202 -4.940698 4.922195 -4.806742 4.535962 4.819343 -4.701128 4.725204 4.411148 -4.774467 4.608426
195 -1.8290327989 -4.951812 4.904627 4.721422 -4.241894 4.001843 -4.356435 4.917762 -4.983853 4.776507 4.560781 -4.909046 4.537280 4.807559 -4.916943 4.607649
196 -1.7656260865 -4.986790 4.924284 4.535501 -4.721890 3.883948 -4.612704 4.697602 -4.722463 4.545508 4.892795 -3.881038 4.397975 4.673064 -4.945181 4.930238
197 -1.7476200732 -4.889663 4.742725 4.131048 -3.999737 4.729042 -4.844674 4.991666 -4.750748 4.956389 4.400758 -4.371874 4.594562 4.845897 -4.964025 4.880789
198 -1.7856953689 -4.996241 4.631564 4.568120 -4.994610 4.106741 -4.903210 4.746682 -4.777988 4.708342 4.717039 -4.823605 4.942509 4.727974 -4.744860 4.706606
199 -1.7748756707 -4.895464 4.911986 4.910770 -4.245951 4.798465 -4.963368 4.905975 -4.986149 4.762209 4.405102 -4.544338 4.796177 4.351316 -4.951392 4.604041
200 -1.9448498528 -4.976588 4.905590 4.782522 -4.720396 4.687700 -4.528560 4.980750 -4.994956 4.607792 4.985672 -4.790914 4.961018 4.820674 -4.944002 4.831798
201 -1.9156064246 -4.993717 4.938470 4.916340 -4.959626 4.601156 -4.944646 4.992655 -4.713508 4.935161 4.980450 -4.728495 4.779497 4.537659 -4.937270 4.821944
202 -1.9217435164 -4.999728 4.933587 4.567461 -4.811226 4.509214 -4.492096 4.887170 -4.984489 4.972286 4.691975 -4.628836 4.976429 4.585077 -4.960379 4.647710
203 -1.8974145142 -4.995874 4.838319 4.838858 -4.750525 4.835898 -4.809560 4.691547 -4.984412 4.927660 4.795743 -4.382248 4.972971 4.868093 -4.981154 4.933232
204 -1.9110565936 -4.982634 4.963854 4.591768 -4.599260 4.456112 -4.818596 4.945719 -4.977443 4.727983 4.801491 -4.736113 4.871176 4.697705 -4.869556 4.835602
205 -1.9162884920 -4.991241 4.884961 4.580726 -4.528844 4.955654 -4.733113 4.980964 -4.909441 4.568823 4.962653 -4.649873 4.853215 4.815498 -4.933576 4.969086
206 -1.9164349211 -4.992079 4.903937 4.840797 -4.541645 4.503082 -4.881542 4.975901 -4.964417 4.533826 4.917671 -4.503840 4.536408 4.879180 -4.999983 4.974123
207 -1.9282700951 -4.983436 4.918959 4.960651 -4.648770 4.630478 -4.473917 4.984013 -4.852572 4.798214 4.836378 -4.822517 4.866978 4.672750 -4.997226 4.863969
208 -1.9267523672 -4.952797 4.881141 4.796630 -4.978431 4.417914 -4.574597 4.995051 -4.934871 4.754059 4.835126 -4.426044 4.909593 4.883043 -4.962404 4.933378
209 -1.9247160898 -4.979820 4.989455 4.818031 -4.890484 4.649154 -4.453591 4.923949 -4.964367 4.666469 4.816373 -4.904656 4.932036 4.649712 -4.995252 4.591506
210 -1.9091087224 -4.998044 4.634394 4.676204 -4.740318 4.625603 -4.987999 4.973107 -4.947069 4.921921 4.941114 -4.855522 4.930885 4.584421 -4.905585 4.706425
211 -1.9301682877 -4.963020 4.972022 4.852471 -4.891297 4.875656 -4.684031 4.985300 -4.846969 4.937605 4.843212 -4.870736 4.970446 4.722522 -4.993981 4.639826
212 -1.9168564895 -4.985921 4.931639 4.905748 -4.791052 4.766460 -4.796994 4.830909 -4.922776 4.808322 4.854354 -4.652802 4.987898 4.607961 -4.964327 4.897710
213 -1.9462645687 -4.993404 4.988424 4.591566 -4.930087 4.633055 -4.683571 4.978045 -4.964215 4.645289 4.735219 -4.950581 4.716174 4.617403 -4.974483 4.948808
214 -1.9288682193 -4.938113 4.946078 4.632445 -4.985466 4.607461 -4.874934 4.997874 -4.889874 4.973078 4.981188 -4.402618 4.962670 4.640415 -4.960739 4.819750
215 -1.9849964615 -4.996210 4.807904 4.788495 -4.865353 4.757228 -4.858093 4.992648 -4.943311 4.957673 4.916953 -4.986729 4.889066 4.750988 -4.989744 4.971261
216 -1.9840988084 -4.999495 4.920055 4.949777 -4.980579 4.896440 -4.989292 4.895606 -4.985524 4.871617 4.939334 -4.864236 4.993381 4.753352 -4.983181 4.884731
217 -1.9992089753 -4.969452 4.946580 4.999509 -4.846001 4.942393 -4.871999 4.998767 -4.932713 4.989168 4.964162 -4.989572 4.945064 4.925660 -4.991827 4.953521
218 -1.9887237487 -4.992597 4.950886 4.797268 -4.788954 4.992549 -4.754742 4.938972 -4.990426 4.795987 4.991635 -4.996931 4.987922 4.742995 -4.989230 4.895037
219 -1.9974090552 -4.983446 4.995710 4.773294 -4.993629 4.709515 -4.737221 4.986398 -4.931625 4.913333 4.992853 -4.868039 4.902186 4.938526 -4.969253 4.908240
220 -1.9921578922 -4.994492 4.956474 4.800738 -4.750608 4.770693 -4.841259 4.983812 -4.936572 4.921278 4.948910 -4.824698 4.914235 4.958496 -4.958027 4.975099
221 -1.9911522234 -4.996219 4.977409 4.846567 -4.837692 4.760451 -4.896017 4.986203 -4.970075 4.794426 4.912921 -4.846717 4.890485 4.953648 -4.955648 4.950552
222 -1.9947366204 -4.999882 4.933379 4.801967 -4.997738 4.945632 -4.736113 4.995417 -4.973510 4.994929 4.943150 -4.904485 4.896717 4.911675 -4.903005 4.940270
223 -1.9879678505 -4.985352 4.975846 4.829891 -4.839380 4.818499 -4.857277 4.932599 -4.990428 4.812807 4.944085 -4.964349 4.933149 4.955233 -4.992349 4.857639
224 -2.0042925888 -4.999837 4.991329 4.994035 -4.956515 4.828120 -4.766174 4.972593 -4.898966 4.851133 4.936719 -4.929551 4.982259 4.944688 -4.982667 4.950291
225 -1.9947475709 -4.991985 4.952285 4.869629 -4.916261 4.801556 -4.771936 4.950729 -4.987837 4.956563 4.831555 -4.911697 4.984173 4.880038 -4.954442 4.952612
226 -1.9994746299 -4.989248 4.995166 4.838683 -4.871256 4.818202 -4.810542 4.972247 -4.978097 4.886343 4.993760 -4.819188 4.902735 4.730564 -4.998500 4.928997
227 -1.9933406854 -4.982460 4.962306 4.852338 -4.807670 4.949361 -4.881731 4.967722 -4.952256 4.977815 4.906440 -4.930742 4.943670 4.924665 -4.964084 4.987301
228 -1.9876266641 -4.997463 4.933053 4.798406 -4.802283 4.878264 -4.860899 4.936752 -4.998336 4.970975 4.710355 -4.788366 4.986459 4.945348 -4.974989 4.993999
229 -1.9907539646 -4.991549 4.954206 4.937790 -4.995224 4.764418 -4.949491 4.908309 -4.993248 4.952733 4.880147 -4.827057 4.974014 4.981218 -4.927734 4.973791
230 -2.0294719676 -4.998573 4.981478 4.968298 -4.984149 4.925058 -4.963784 4.949761 -4.976955 4.979960 4.980285 -4.839180 4.996891 4.972851 -4.999625 4.970197
231 -2.0320220457 -4.998154 4.946248 4.940778 -4.945893 4.858392 -4.880732 4.999555 -4.977869 4.900741 4.973589 -4.974106 4.992890 4.966603 -4.987260 4.985957
232 -2.0270003200 -4.994659 4.955934 4.997978 -4.920244 4.960560 -4.939420 4.984435 -4.957073 4.983727 4.961355 -4.958911 4.965047 4.974004 -4.999700 4.988514
233 -2.0205736679 -4.997708 4.980399 4.985654 -4.937072 4.892865 -4.931120 4.961008 -4.974825 4.992601 4.960152 -4.957061 4.970315 4.891661 -4.957139 4.990385
234 -2.0262362778 -4.995305 4.983252 4.926543 -4.868916 4.905855 -4.926639 4.996701 -4.998004 4.985305 4.910800 -4.975410 4.975031 4.953676 -4.976778 4.922156
235 -2.0253973266 -4.997070 4.989492 4.988450 -4.918567 4.872172 -4.889629 4.992880 -4.980663 4.947105 4.944548 -4.913376 4.971087 4.849611 -4.985953 4.964367
236 -2.0365747874 -4.994380 4.979033 4.947394 -4.941043 4.943571 -4.873418 4.982052 -4.998477 4.901301 4.996963 -4.971970 4.997009 4.977848 -4.998749 4.972741
237 -2.0216589589 -4.997280 4.968549 4.975132 -4.868357 4.907347 -4.930190 4.991556 -4.956853 4.913971 4.992059 -4.877296 4.982779 4.847161 -4.995539 4.992740
238 -2.0391471096 -4.997266 4.966651 4.906514 -4.995258 4.873097 -4.961010 4.999953 -4.985154 4.903187 4.968791 -4.962159 4.984156 4.984456 -4.993122 4.996134
239 -2.0239399844 -4.988797 4.996895 4.914400 -4.983868 4.859236 -4.870828 4.975589 -4.972150 4.931717 4.980723 -4.837740 4.999260 4.984992 -4.991230 4.953591
240 -2.0202402181 -4.990264 4.986405 4.997401 -4.974844 4.933801 -4.946802 4.996756 -4.935827 4.877192 4.994804 -4.987244 4.980788 4.987137 -4.963606 4.997929
241 -2.0364846311 -4.999435 4.955566 4.950026 -4.975851 4.854157 -4.863746 4.999436 -4.985017 4.977485 4.986319 -4.908372 4.982045 4.964613 -4.985713 4.965368
242 -2.0252888218 -4.990967 4.975432 4.986312 -4.933351 4.975698 -4.916622 4.998543 -4.985991 4.899218 4.989702 -4.916684 4.993064 4.886956 -4.995333 4.947319
243 -2.0254575823 -4.992452 4.982340 4.908667 -4.917302 4.910105 -4.972359 4.987334 -4.993524 4.936248 4.911530 -4.929879 4.936371 4.964896 -4.993056 4.997280
244 -2.0296700078 -4.994306 4.969670 4.952173 -4.956659 4.971203 -4.886783 4.971302 -4.966327 4.986860 4.998763 -4.975980 4.933475 4.983655 -4.997564 4.999201
245 -2.0427141468 -4.994791 4.991375 4.980748 -4.960460 4.990797 -4.941007 4.999707 -4.991960 4.998428 4.955117 -4.965273 4.984631 4.976365 -4.990617 4.985158
246 -2.0442545695 -4.995027 4.986583 4.949184 -4.970599 4.956484 -4.957216 4.998225 -4.999652 4.993511 4.974957 -4.966193 4.946199 4.955902 -4.997715 4.998958
247 -2.0411658840 -4.999986 4.974848 4.987655 -4.928989 4.954787 -4.948099 4.975961 -4.996621 4.946564 4.994096 -4.946509 4.994766 4.965241 -4.996897 4.998711
248 -2.0438172446 -4.999699 4.994135 4.960366 -4.990490 4.976963 -4.995921 4.986500 -4.998047 4.946536 4.938620 -4.978979 4.993246 4.998447 -4.986339 4.999133
249 -2.0422437487 -4.996412 4.972464 4.961315 -4.973755 4.975539 -4.990978 4.995095 -4.988591 4.969165 4.996829 -4.996794 4.963340 4.988130 -4.998830 4.968611
250 -2.0450497401 -4.996656 4.997985 4.984203 -4.976457 4.931762 -4.940889 4.987737 -4.967679 4.996572 4.997261 -4.990234 4.994826 4.988711 -4.991942 4.985321
251 -2.0425593866 -4.998075 4.981740 4.944658 -4.995210 4.982219 -4.940079 4.997577 -4.983707 4.983543 4.956659 -4.965325 4.988803 4.985271 -4.990855 4.985936
252 -2.0455132375 -4.995030 4.989238 4.960572 -4.995578 4.939853 -4.930457 4.999516 -4.993054 4.999236 4.951872 -4.944719 4.976309 4.968428 -4.999639 4.995618
253 -2.0425442577 -4.999934 4.992146 4.993636 -4.980487 4.938533 -4.987895 4.988772 -4.984794 4.979094 4.991204 -4.970290 4.942663 4.963832 -4.992159 4.988687
254 -2.0418898865 -4.999609 4.985013 4.953378 -4.947039 4.968634 -4.944936 4.995986 -4.996488 4.991394 4.986907 -4.981231 4.998787 4.987160 -4.964156 4.972046
255 -2.0425225251 -4.999273 4.991199 4.957261 -4.959902 4.929670 -4.955934 4.996245 -4.989574 4.983234 4.978172 -4.988682 4.998984 4.937520 -4.980769 4.958583
256 -2.0435962234 -4.992643 4.987187 4.963323 -4.993874 4.942227 -4.929159 4.999408 -4.991974 4.978278 4.970804 -4.937414 4.998752 4.993212 -4.988721 4.996549
257 -2.0465817778 -4.990474 4.997972 4.987321 -4.956313 4.973036 -4.994864 4.996471 -4.998827 4.999151 4.990488 -4.932654 4.993430 4.972885 -4.997164 4.993836
258 -2.0456659751 -4.995960 4.990565 4.983783 -4.982002 4.982159 -4.982948 4.997248 -4.994633 4.969144 4.998628 -4.974810 4.987341 4.927078 -4.999451 4.969570
259 -2.0459842815 -4.996305 4.993795 4.951544 -4.983360 4.992104 -4.950431 4.997182 -4.998667 4.989664 4.999768 -4.989929 4.945430 4.998972 -4.989267 4.981587
260 -1.0157994843 -4.929077 4.841276 3.753852 -4.850457 0.393263 -0.739319 3.800984 -4.317566 4.678424 2.340258 -4.456616 3.621656 1.609800 -4.502388 3.807871
261 -0.9933697237 -4.845703 3.549886 4.378340 -2.374581 2.431925 -3.441609 4.545337 -4.635493 1.128588 3.150340 -2.166680 4.456256 4.577227 -4.879723 4.218457
262 -1.1946008356 -4.909347 4.700126 4.655538 -2.944347 0.435251 -4.166122 4.873313 -4.188298 4.318145 4.513184 -2.881059 4.940913 0.874493 -4.517584 2.103240
263 -1.1151478509 -4.860747 4.449452 2.056544 -4.796206 3.010799 -4.943719 4.479095 -4.760573 1.594866 4.622803 -0.721064 3.060566 3.915450 -4.748930 4.680915
264 -0.9707944666 -4.981559 4.750050 2.824203 -3.519040 4.180880 -4.120433 4.881996 -3.423020 4.121069 2.627648 -0.320587 4.458041 3.339654 -4.240510 4.520039
265 -0.9245183238 -4.775972 1.975120 3.097325 -3.019080 4.347801 -4.771423 4.784958 -4.710300 4.814671 2.221826 -2.215802 2.838931 4.274201 -4.894674 4.963112
266 -0.9259356508 -4.858850 4.921729 2.579957 -4.439319 2.755533 -2.533508 3.718603 -4.293798 3.150560 4.470376 -1.899829 3.790318 4.223697 -4.546692 3.256729
267 -1.0527238238 -4.765700 4.467979 4.122713 -4.420492 0.176664 -3.256226 4.443547 -4.775746 3.134619 3.425172 -0.680824 3.554231 0.119923 -4.985998 4.995658
268 -1.1912973471 -4.947972 4.375477 3.563880 -1.312654 0.081603 -2.990954 4.337639 -3.695487 3.025433 4.151630 -1.088571 4.728342 4.838823 -4.643920 4.940140
269 -0.9142343907 -4.960120 4.269518 4.059109 -3.725305 4.070924 -4.484772 4.200723 -4.322400 2.554033 4.042928 -0.380695 2.931063 2.878073 -4.892116 4.170922
270 -0.9923211526 -4.665703 3.413134 2.472415 -4.866067 1.553922 -3.091359 3.646944 -4.741252 4.784730 2.427533 -3.136111 4.828508 3.268373 -4.897001 4.772263
271 -1.1137857491 -4.855443 4.951436 2.507013 -3.372660 0.439112 -2.338774 4.442639 -4.350477 4.340805 4.383457 -0.722962 3.296418 4.195959 -4.596357 3.439516
272 -0.9169740434 -4.827673 4.840523 3.495750 -4.084183 1.066428 -0.751806 4.318145 -4.754488 2.953865 3.244924 -1.030943 4.057223 4.096705 -4.416144 3.386768
273 -1.1023701152 -4.949831 1.564724 3.595602 -0.466476 0.760515 -4.849136 4.378604 -4.893841 4.307409 4.548788 -4.999974 4.266576 3.813701 -4.615828 4.247870
274 -1.0164001450 -4.939270 4.693172 2.635344 -2.580553 1.411494 -2.592822 3.756877 -4.095224 3.984753 4.999915 -2.876556 2.893991 2.606326 -4.912322 4.265783
275 -1.4958075745 -4.974956 4.545092 3.919108 -4.693331 3.513733 -3.849425 4.868264 -4.990489 2.958832 4.426696 -4.513357 3.606645 4.686092 -4.953108 3.569702
276 -1.5377026635 -4.947154 4.973959 3.596165 -4.260706 2.599864 -4.354619 4.384120 -4.472677 4.032346 4.602098 -4.781007 4.845640 3.216245 -4.925905 4.167535
277 -1.4546768510 -4.895163 4.100549 4.945244 -4.515789 3.635579 -4.475060 4.518162 -4.835497 4.439706 4.786958 -4.417496 3.962508 4.375552 -4.939507 3.818482
278 -1.4961394251 -4.979820 4.878842 4.785751 -2.837520 2.674770 -4.282794 4.515663 -4.975701 2.695841 4.675178 -4.322792 3.747393 4.173965 -4.823956 4.809023
279 -1.5179953310 -4.904185 4.389344 3.449238 -4.994742 4.785477 -4.858367 4.432650 -4.972544 3.922082 4.505654 -4.686308 4.869903 2.547140 -4.821286 4.949056
280 -1.5548674135 -4.816188 4.369785 4.993746 -3.438529 4.764633 -3.492521 4.728938 -4.670873 4.495154 4.857863 -4.349312 4.944631 3.979772 -4.972282 4.921505
281 -1.5043273019 -4.888433 4.427364 4.055934 -3.646077 2.976463 -4.701103 4.794663 -4.904686 4.127247 4.732689 -3.263397 4.648137 4.943355 -4.920665 3.225895
282 -1.5947397704 -4.879349 4.974670 4.844128 -4.919177 2.683626 -4.066466 4.972042 -4.825069 4.589684 4.034227 -4.693526 4.680522 4.254134 -4.175369 4.648641
283 -1.5390713110 -4.986825 4.728589 4.767933 -4.717133 3.974769 -4.713823 4.532911 -4.943259 4.337390 4.873344 -3.643716 4.071598 2.164550 -4.641111 4.967389
284 -1.4908622774 -4.775199 4.962434 3.182311 -4.624893 2.650482 -3.957921 4.709067 -4.852959 3.517572 4.866431 -3.276587 4.706005 3.110082 -4.855706 4.502401
285 -1.5462008683 -4.656852 4.091177 4.940999 -4.682018 4.249459 -4.543860 4.774258 -4.831315 4.752524 4.966672 -4.587272 4.918748 3.879490 -4.896866 4.994878
286 -1.5325344768 -4.920124 4.883379 3.526241 -3.392701 2.863490 -4.822915 4.666263 -4.993101 4.216577 3.461370 -4.324246 4.561596 4.769472 -4.734960 4.204090
287 -1.6823915373 -4.963405 4.951104 3.192200 -2.667581 3.847021 -4.599945 4.870512 -4.643009 4.872550 4.873460 -3.636537 4.485695 4.609136 -4.869553 4.521161
288 -1.6156782614 -4.924188 4.715501 4.150908 -4.671565 3.892046 -4.507562 4.852035 -4.419505 4.870522 4.825337 -3.944307 4.981452 4.577097 -4.749062 3.980473
289 -1.5046335730 -4.987995 4.110634 4.990971 -3.154728 3.255706 -3.273863 4.693899 -4.685765 4.750445 4.627359 -2.909432 4.949880 4.132098 -4.917673 4.192732
290 -1.7686855364 -4.951581 4.828304 4.147042 -4.021539 3.729834 -4.515654 4.950800 -4.860368 4.667021 3.953735 -4.936184 4.920924 4.708767 -4.987360 4.350539
291 -1.7320367424 -4.992968 4.968799 4.923463 -4.820935 4.150134 -4.035162 4.844109 -4.842839 4.999222 3.939988 -4.339027 4.256792 4.942378 -4.972951 4.159773
292 -1.8029104816 -4.935844 4.820046 4.714431 -4.451880 3.687969 -4.128869 4.983682 -4.745111 4.383838 4.540678 -4.539565 4.899226 4.911877 -4.929034 4.834484
293 -1.7559612313 -4.989433 4.410476 4.181469 -4.748308 3.863202 -4.954698 4.947259 -4.891925 4.060887 4.496631 -4.328202 4.920028 4.629107 -4.828906 4.803283
294 -1.8069304058 -4.968879 4.870183 4.768908 -3.869120 4.846677 -4.949408 4.795251 -4.974234 4.735520 4.814443 -4.937969 4.767004 4.029989 -4.930101 4.624727
295 -1.7773164517 -4.873545 4.470570 4.961095 -4.937573 4.166411 -4.327897 4.960292 -4.994989 4.577897 4.937255 -4.749994 4.923837 4.338296 -4.820016 4.809223
296 -1.7999593017 -4.922834 4.850608 4.308259 -4.573014 3.888332 -4.883740 4.981518 -4.932839 4.841308 4.347078 -4.654541 4.564993 4.362002 -4.879712 4.837857
297 -1.7663057603 -4.874670 4.837751 4.965527 -4.445049 4.235091 -4.895444 4.899279 -4.919590 4.556587 4.995008 -4.234547 4.564514 3.947776 -4.932373 4.995749
298 -1.8241336527 -4.983323 4.972894 4.364389 -3.841978 3.606243 -4.243817 4.999605 -4.676854 4.942867 4.780035 -4.529562 4.599213 4.198165 -4.868010 4.922249
299 -1.7771221620 -4.972286 4.938702 4.589037 -4.337730 3.941193 -4.265487 4.895254 -4.697837 4.304024 4.875393 -4.547115 4.418358 4.493809 -4.999564 4.735345
300 -1.8359501882 -4.988522 4.926229 4.318237 -4.599164 4.404494 -4.635832 4.892520 -4.808687 4.864066 4.272274 -4.495136 4.899157 4.003772 -4.966223 4.999621
301 -1.7404671407 -4.913928 4.999059 4.881093 -4.405167 3.660078 -4.585319 4.862515 -4.725084 4.957852 4.381987 -4.912259 4.249545 4.977842 -4.787700 4.816551
302 -1.8369125934 -4.975067 4.956796 4.496279 -4.875837 3.838180 -4.667102 4.898165 -4.931551 4.711151 4.809086 -4.581235 4.732546 3.899423 -4.742120 4.920410
303 -1.8065294848 -4.968184 4.805919 4.354379 -4.714633 3.747946 -4.383905 4.846176 -4.868995 4.782044 4.648322 -4.917207 4.938447 4.691688 -4.779920 4.487516
304 -1.8473899685 -4.980954 4.769515 4.091969 -4.559910 3.588333 -4.902317 4.846903 -4.989089 4.931732 4.450585 -4.864642 4.797376 3.437894 -4.953844 4.963491
305 -1.9587305271 -4.987070 4.895783 4.603015 -4.980592 4.673376 -4.920136 4.972906 -4.928020 4.651794 4.957835 -4.976281 4.924895 4.797430 -4.939478 4.911402
306 -1.9080548423 -4.999943 4.951968 4.787379 -4.947754 4.984130 -4.510053 4.943623 -4.888679 4.804196 4.954656 -4.498727 4.943976 4.327662 -4.912023 4.797052
307 -1.9183285605 -4.993936 4.956064 4.839789 -4.901576 4.758071 -4.924636 4.839452 -4.808563 4.737280 4.733850 -4.933208 4.974087 4.602112 -4.975958 4.995229
308 -1.9395061104 -4.998963 4.987532 4.661237 -4.884166 4.531937 -4.891205 4.997003 -4.953751 4.915927 4.990253 -4.975877 4.686101 4.996215 -4.857389 4.519822
309 -1.9183311047 -4.986976 4.977924 4.882063 -4.486226 4.630787 -4.477537 4.965430 -4.841611 4.895650 4.957874 -4.844837 4.659144 4.777661 -4.905245 4.983548
310 -1.9328137443 -4.999792 4.982145 4.828048 -4.978204 4.780159 -4.846676 4.821303 -4.994800 4.927208 4.885328 -4.894291 4.908927 4.552716 -4.828300 4.918194
311 -1.9194774249 -4.960670 4.967181 4.525180 -4.640627 4.414079 -4.999196 4.937302 -4.955085 4.966408 4.976266 -4.859296 4.957249 4.742983 -4.767590 4.870504
312 -1.9137615725 -4.975831 4.950055 4.735688 -4.673644 4.900194 -4.889337 4.937671 -4.948384 4.485167 4.954862 -4.981094 4.791185 4.907659 -4.935740 4.817062
313 -1.9414945683 -4.965207 4.981619 4.960124 -4.837583 4.410259 -4.623651 4.986748 -4.979206 4.753610 4.996685 -4.471737 4.710626 4.926609 -4.942552 4.911015
314 -1.9315199908 -4.998624 4.906888 4.833165 -4.988965 4.608794 -4.449525 4.991793 -4.956062 4.961206 4.864493 -4.654325 4.695490 4.590741 -4.982897 4.620851
315 -1.9503108836 -4.977045 4.887814 4.779577 -4.903596 4.532125 -4.755397 4.963244 -4.927967 4.982080 4.817915 -4.865182 4.922068 4.949819 -4.934665 4.803396
316 -1.9302562323 -4.996090 4.996883 4.536661 -4.727920 4.526569 -4.670093 4.997579 -4.990539 4.556803 4.584946 -4.982918 4.950973 4.844194 -4.821056 4.959148
317 -1.9404182910 -4.997528 4.855905 4.869050 -4.664422 4.384267 -4.503629 4.996215 -4.978387 4.948016 4.433281 -4.912933 4.868949 4.867588 -4.961274 4.863612
318 -1.9297436685 -4.988932 4.678125 4.844715 -4.977317 4.795120 -4.747709 4.980947 -4.996504 4.934432 4.650113 -4.723443 4.794083 4.688746 -4.987366 4.986701
319 -1.9418904201 -4.985196 4.976005 4.743184 -4.514888 4.442986 -4.478205 4.968151 -4.830001 4.882990 4.847553 -4.623947 4.981299 4.898540 -4.973201 4.904210
320 -1.9927289696 -4.990239 4.994037 4.948853 -4.953012 4.725418 -4.986714 4.970378 -4.896274 4.930638 4.996116 -4.936526 4.839396 4.746429 -4.987148 4.946854
321 -2.0028122033 -4.984799 4.985958 4.772323 -4.840215 4.681771 -4.812115 4.979036 -4.972130 4.985113 4.993669 -4.833369 4.992580 4.979612 -4.924973 4.913838
322 -1.9899325193 -4.996228 4.980142 4.863563 -4.926225 4.903509 -4.961296 4.995179 -4.925348 4.935112 4.954596 -4.723142 4.985822 4.962307 -4.887590 4.985453
323 -1.9909935767 -4.999566 4.960622 4.816720 -4.771253 4.709447 -4.988083 4.999811 -4.881847 4.970758 4.936037 -4.905311 4.936861 4.708463 -4.959708 4.965321
324 -1.9959188724 -4.993246 4.952085 4.890069 -4.769819 4.647534 -4.980967 4.991417 -4.986951 4.956314 4.978896 -4.977322 4.861578 4.943763 -4.932254 4.857114
325 -1.9945217518 -4.957205 4.976906 4.886619 -4.800370 4.848271 -4.929568 4.972360 -4.990201 4.976902 4.917536 -4.946395 4.996709 4.994319 -4.991931 4.870414
326 -1.9853284038 -4.991569 4.969709 4.944347 -4.839967 4.824930 -4.759899 4.992572 -4.937699 4.802914 4.927110 -4.919298 4.979299 4.699707 -4.979444 4.899272
327 -1.9884678410 -4.997257 4.943075 4.894414 -4.780097 4.998872 -4.981110 4.965192 -4.992715 4.959109 4.983258 -4.894125 4.937502 4.744442 -4.900114 4.989387
328 -1.9831693138 -4.957978 4.998784 4.868292 -4.947645 4.896436 -4.925108 4.997183 -4.983995 4.990158 4.958711 -4.959089 4.896251 4.774411 -4.907716 4.969972
329 -1.9971695161 -4.975231 4.996237 4.780524 -4.936423 4.865658 -4.857997 4.973468 -4.938433 4.971148 4.960522 -4.977726 4.865255 4.952754 -4.971208 4.977485
330 -1.9915404096 -4.987885 4.890020 4.764501 -4.706636 4.985586 -4.965507 4.976722 -4.997555 4.791517 4.891290 -4.962546 4.942174 4.959836 -4.999075 4.993342
331 -1.9853600223 -4.991779 4.962937 4.956385 -4.713575 4.707437 -4.713894 4.919158 -4.985565 4.835259 4.790544 -4.839415 4.985172 4.998124 -4.998262 4.974006
332 -1.9957483792 -4.991893 4.970984 4.845862 -4.706700 4.728642 -4.861448 4.996630 -4.941987 4.985751 4.865410 -4.930753 4.935359 4.744517 -4.976265 4.960649
333 -1.9826375665 -4.990019 4.974907 4.776021 -4.973071 4.741077 -4.913156 4.933282 -4.995964 4.972176 4.967478 -4.846050 4.996634 4.959979 -4.815811 4.985793
334 -1.9897463425 -4.998093 4.956842 4.982752 -4.789322 4.961380 -4.848473 4.940882 -4.935166 4.947300 4.985693 -4.975477 4.871531 4.890140 -4.999506 4.876574
335 -2.0231162093 -4.998087 4.914845 4.991726 -4.959235 4.945995 -4.891512 4.989384 -4.990278 4.973998 4.962635 -4.899386 4.968690 4.922277 -4.999331 4.939937
336 -2.0237612969 -4.999283 4.984713 4.894521 -4.993260 4.858103 -4.873414 4.987789 -4.998514 4.963921 4.974607 -4.962184 4.909288 4.967729 -4.966758 4.890080
337 -2.0274203217 -4.992255 4.980678 4.884938 -4.995937 4.975709 -4.852927 4.996103 -4.983550 4.976490 4.883549 -4.977175 4.944637 4.958749 -4.994302 4.983543
338 -2.0245001306 -4.997478 4.990594 4.942040 -4.991730 4.935255 -4.872983 4.982761 -4.982817 4.980889 4.986412 -4.970939 4.933156 4.913453 -4.955531 4.960334
339 -2.0257730242 -4.999083 4.913791 4.915126 -4.872177 4.881533 -4.955319 4.980745 -4.995994 4.936844 4.986970 -4.944684 4.982926 4.983834 -4.996111 4.943079
340 -2.0291676683 -4.999334 4.974646 4.891853 -4.874399 4.994107 -4.939673 4.980625 -4.963476 4.982286 4.993906 -4.876381 4.992463 4.989436 -4.997217 4.958831
341 -2.0320976741 -4.996590 4.993280 4.941234 -4.952727 4.983266 -4.929784 4.986224 -4.995841 4.959699 4.936945 -4.946313 4.976794 4.970884 -4.970807 4.994734
342 -2.0307419750 -4.987718 4.990475 4.894178 -4.972992 4.931281 -4.975157 4.968338 -4.977499 4.964328 4.960883 -4.980595 4.975393 4.984924 -4.995848 4.997898
343 -2.0232598651 -4.987117 4.992361 4.964708 -4.992741 4.971898 -4.867901 4.992085 -4.999305 4.879380 4.993225 -4.986237 4.970386 4.974892 -4.968032 4.934692
344 -2.0241289031 -4.988550 4.992034 4.969581 -4.986329 4.963061 -4.935546 4.988603 -4.983899 4.908765 4.958361 -4.993512 4.936664 4.839054 -4.999146 4.979637
345 -2.0217874290 -4.991210 4.932258 4.889244 -4.985891 4.884718 -4.960462 4.996807 -4.976381 4.965388 4.973392 -4.973931 4.960748 4.813369 -4.986113 4.979977
346 -2.0286062905 -4.997099 4.998671 4.978452 -4.918443 4.956643 -4.983503 4.999521 -4.992587 4.936765 4.861392 -4.926719 4.989290 4.827953 -4.995727 4.989656
347 -2.0331035980 -4.996714 4.990968 4.950101 -4.991055 4.989734 -4.994932 4.997733 -4.981083 4.913986 4.958324 -4.911681 4.997523 4.960640 -4.998089 4.935257
348 -2.0282334867 -4.990105 4.991121 4.946662 -4.977284 4.875737 -4.943229 4.973247 -4.999143 4.974421 4.967834 -4.875290 4.984057 4.955940 -4.997313 4.916983
349 -2.0265042577 -4.999335 4.976630 4.899756 -4.865170 4.910521 -4.903014 4.980053 -4.927636 4.990640 4.997876 -4.995588 4.983175 4.921028 -4.986504 4.993259
350 -2.0472387396 -4.996037 4.989433 4.949293 -4.933821 4.962577 -4.956090 4.997886 -4.988659 4.987464 4.992900 -4.995186 4.999353 4.967353 -4.997373 4.977327
351 -2.0461549180 -4.995302 4.998204 4.976101 -4.989807 4.998511 -4.996792 4.999682 -4.998828 4.954740 4.993410 -4.988062 4.983285 4.999473 -4.990427 4.961180
352 -2.0424340976 -4.997610 4.988991 4.963260 -4.966313 4.989846 -4.940291 4.964317 -4.984900 4.993467 4.998611 -4.989091 4.988149 4.974251 -4.999742 4.991759
353 -2.0471666071 -4.998907 4.990018 4.995618 -4.949186 4.971817 -4.928774 4.994267 -4.999615 4.966849 4.996609 -4.981314 4.985354 4.983767 -4.997887 4.963352
354 -2.0408230475 -4.997140 4.978609 4.983283 -4.967136 4.915394 -4.963327 4.998755 -4.986345 4.980822 4.979952 -4.955263 4.987097 4.897718 -4.993506 4.977975
355 -2.0439219694 -4.996694 4.984048 4.939025 -4.951458 4.974446 -4.970177 4.985392 -4.996338 4.965518 4.989682 -4.993653 4.997857 4.998622 -4.997811 4.959967
356 -2.0428247337 -4.998712 4.972363 4.944185 -4.984551 4.968997 -4.955490 4.999651 -4.999198 4.955275 4.950263 -4.987423 4.997150 4.940463 -4.985488 4.999656
357 -2.0455173301 -4.998285 4.993020 4.988656 -4.978569 4.960307 -4.949652 4.992954 -4.998848 4.999407 4.933260 -4.978093 4.999092 4.990178 -4.991234 4.967479
358 -2.0445596065 -4.999367 4.992430 4.998904 -4.988838 4.999885 -4.975616 4.994728 -4.999139 4.947846 4.958269 -4.971114 4.988061 4.995437 -4.990697 4.976666
359 -2.0445650619 -4.996194 4.998300 4.966064 -4.963378 4.949771 -4.964074 4.998810 -4.997900 4.997332 4.982540 -4.931873 4.960562 4.940867 -4.998536 4.974723
360 -2.0427366988 -4.999615 4.997734 4.955746 -4.960156 4.991023 -4.939093 4.996255 -4.991496 4.966997 4.996836 -4.943985 4.997825 4.907660 -4.992328 4.958616
361 -2.0441559093 -4.999474 4.985709 4.974944 -4.934082 4.911929 -4.986540 4.999185 -4.989011 4.969694 4.995498 -4.998217 4.957602 4.939303 -4.997391 4.968963
362 -2.0424176150 -4.992422 4.996994 4.956381 -4.973696 4.930687 -4.929609 4.994427 -4.999642 4.965452 4.985329 -4.933296 4.994959 4.980624 -4.997376 4.956016
363 -2.0426268295 -4.998433 4.993171 4.942234 -4.997888 4.967883 -4.970381 4.994942 -4.985041 4.992632 4.978963 -4.948621 4.988536 4.939900 -4.987886 4.970452
364 -2.0447995360 -4.996937 4.958517 4.964551 -4.992245 4.938937 -4.935402 4.997832 -4.999367 4.990271 4.954776 -4.999991 4.978324 4.969343 -4.994595 4.999597
365 -1.0950985805 -4.913552 4.905091 3.475944 -3.797590 0.304054 -1.225842 4.326871 -4.729028 3.998969 4.628318 -3.031096 4.732541 -0.663064 -4.181263 4.159412
366 -1.1579677670 -4.990871 4.837100 3.667336 -3.989142 -0.180620 -1.531931 4.790796 -4.987307 3.140152 2.509357 -4.734735 4.542477 0.721902 -4.588175 2.038398
367 -1.0147197257 -4.910241 4.586697 3.358424 -3.999203 0.737877 -4.459931 4.876272 -4.101082 1.928740 4.529908 -1.460435 3.730074 2.975856 -4.716930 1.940310
368 -1.1161547084 -4.995425 4.790773 4.731046 -0.544799 -0.020498 -4.297618 4.910232 -4.266650 3.108245 1.056665 -0.868704 3.866829 4.832055 -4.712371 3.489231
369 -0.9197506914 -4.653419 4.900872 3.769280 -4.290539 0.253326 -4.284936 4.343201 -4.513884 4.590801 -0.504293 -4.720990 3.834365 3.122765 -4.921749 3.051335
370 -1.0588651871 -4.782017 3.077920 1.820672 -1.946045 0.477712 -4.294280 4.311047 -4.883892 3.459603 4.072829 -3.645219 4.971987 2.131271 -4.712547 4.595287
371 -1.0765132015 -4.996774 4.521102 3.842827 -2.383013 2.167087 -2.092933 4.941833 -4.348965 3.636018 4.109184 -4.665753 4.197139 -0.410819 -4.777785 1.515793
372 -1.0535592952 -4.879005 3.949402 2.744645 -2.190022 0.209117 -4.360964 4.772561 -4.453094 4.098585 3.413550 -3.940451 2.251005 0.908868 -4.967353 4.515831
373 -1.1484501019 -4.960756 4.769261 1.794288 -3.416640 1.539449 -4.974469 4.395562 -4.667729 4.250205 2.152080 -4.508548 3.994631 3.619159 -4.758087 3.093014
374 -1.0318143015 -4.862352 4.889811 1.279668 -1.561734 0.664414 -2.466482 4.775426 -4.294139 3.926931 4.256881 -3.980472 4.987928 3.938931 -4.978594 0.056565
375 -0.9996991978 -4.434856 4.889841 2.044397 -0.862934 0.276738 -2.838825 4.346961 -4.967093 4.450660 3.860121 -4.012199 4.101493 2.782160 -4.261837 4.763807
376 -0.9938029731 -4.918160 4.386137 4.642811 -3.770039 0.988857 -0.840105 4.476877 -3.634876 4.916138 3.752311 -3.681540 3.304015 4.697646 -4.993608 1.215532
377 -1.0772091595 -4.682983 3.555405 1.797739 -4.977723 -0.442973 -1.380004 4.970337 -4.711899 4.451582 4.388291 -4.386732 3.079787 4.344493 -4.652160 2.218239
378 -1.0892571088 -4.977759 4.854417 2.867198 -3.017239 1.182201 -0.388395 4.772416 -4.287169 2.343355 4.180732 -1.342334 4.664217 2.982301 -4.652337 4.526250
379 -1.2431484601 -4.938404 4.143670 3.486375 -3.855358 -0.369335 -1.522981 4.428062 -4.850204 4.415666 4.803427 -3.174020 3.135717 3.555814 -4.256970 4.216246
380 -1.5576162385 -4.821883 4.986395 4.877914 -3.722704 2.329204 -3.720430 4.745651 -4.890948 4.774042 4.747324 -3.701101 4.520594 2.320826 -4.764443 4.538475
381 -1.5503208093 -4.938036 4.461936 3.557384 -3.441822 3.149239 -4.435327 4.989983 -4.513437 3.814698 4.678220 -3.291218 4.988762 4.459510 -4.808268 4.274848
382 -1.5439743759 -4.953654 4.500585 4.810889 -3.833722 3.420025 -4.069566 4.956505 -4.962784 3.135505 3.774997 -3.423765 4.981781 4.959340 -4.742242 4.382631
383 -1.5896265242 -4.966657 4.499200 4.564018 -3.340823 2.624803 -4.430425 4.903075 -4.645275 4.442374 4.971801 -4.782674 3.816741 2.916597 -4.872004 4.546246
384 -1.5215295289 -4.798753 4.292591 3.355723 -3.029969 3.893016 -4.147865 4.980360 -4.967888 4.440038 4.752388 -3.198178 4.740001 4.701743 -4.825607 4.223430
385 -1.5669081053 -4.877959 4.834264 4.737043 -4.979754 4.272318 -2.889615 4.998889 -4.566415 4.887842 3.540247 -4.897276 4.938689 3.942359 -4.993444 3.492534
386 -1.5546614779 -4.747147 4.991260 4.812763 -3.947442 2.161362 -4.534264 4.796084 -4.643043 4.890481 4.873682 -4.884783 4.617839 4.224883 -4.329958 4.540819
387 -1.5481559701 -4.858060 4.584426 3.867208 -4.842134 2.810193 -4.950097 4.953005 -4.928856 4.630477 4.578722 -3.383754 4.982547 4.616153 -4.639562 3.002770
388 -1.6596325849 -4.983505 4.530385 4.935173 -4.402408 2.275713 -4.833533 4.330356 -4.421892 4.672309 4.767249 -4.751621 4.930530 4.840356 -4.757884 4.810650
389 -1.5779301426 -4.897623 4.979830 4.569494 -2.590256 2.975056 -3.759244 4.893372 -4.906170 4.635815 4.197767 -4.386336 4.458583 4.570924 -4.361945 4.792968
390 -1.6345545618 -4.965375 4.709348 4.651860 -3.369290 2.174964 -3.134863 4.793014 -4.574971 4.672485 4.925274 -3.445157 4.901624 3.503209 -4.866618 4.542295
391 -1.5368010289 -4.953876 4.574843 3.258117 -3.885473 3.888705 -3.378542 4.739279 -4.477585 4.951051 4.141373 -3.598817 4.265402 4.875708 -4.807877 4.908689
392 -1.5423333963 -4.988716 4.221549 4.588604 -4.426052 3.089197 -2.928294 4.956982 -4.319404 4.963858 4.372051 -4.845275 4.289995 2.617013 -4.773452 4.968260
393 -1.6123005096 -4.998009 4.447789 3.704361 -4.838079 4.468431 -4.944689 4.760016 -4.804095 4.497516 3.868692 -3.398441 4.956260 4.632627 -4.574846 4.972215
394 -1.5987602613 -4.940484 4.676824 4.722615 -3.073791 3.655735 -4.454530 4.680001 -4.473974 4.961675 4.072772 -4.799489 4.609194 4.613729 -4.862952 4.711932
395 -1.7925453596 -4.933675 4.891375 4.799162 -4.045761 3.946471 -3.826019 4.911013 -4.981579 4.804030 4.836789 -4.862476 4.892631 4.815308 -4.857723 4.024896
396 -1.7608217224 -4.973534 4.830576 4.920063 -4.728830 4.834442 -4.606507 4.916582 -4.984395 4.635295 4.660595 -4.854058 4.719602 4.464649 -4.722327 4.203424
397 -1.7927003850 -4.962655 4.947492 4.301550 -4.512105 3.764322 -4.810720 4.742082 -4.995148 4.945161 4.989088 -4.009923 4.460935 3.708226 -4.907794 4.708068
398 -1.8044616677 -4.944688 4.738804 4.106697 -4.519789 3.718208 -4.504848 4.860476 -4.971224 4.891238 4.967676 -4.418254 4.919027 3.601742 -4.748776 4.996578
399 -1.7755567048 -4.986520 4.602746 4.775017 -4.674019 3.614165 -4.844597 4.774167 -4.994560 4.545177 4.631041 -4.775303 4.679740 4.204412 -4.720536 4.962862
400 -1.7981357096 -4.983235 4.784218 4.881570 -4.054428 3.690466 -4.561443 4.972467 -4.507249 4.940228 4.991549 -4.918089 4.801037 4.540929 -4.925899 4.298324
401 -1.8057175369 -4.990426 4.878398 4.656021 -3.843697 3.777053 -4.887612 4.977580 -4.757733 4.291078 4.456635 -3.935745 4.926633 4.751432 -4.999492 4.684808
402 -1.8024340447 -4.886054 4.752878 4.318362 -4.751946 3.846183 -4.876536 4.917989 -4.984524 4.947981 4.543740 -4.337381 4.680247 4.693386 -4.941609 4.678600
403 -1.8372257889 -4.998463 4.818692 4.469039 -4.772704 4.731296 -4.569775 4.902177 -4.953140 4.814941 4.756276 -4.802239 4.816359 3.514255 -4.824355 4.901680
404 -1.7746992159 -4.955657 4.662081 4.610143 -4.265713 3.566159 -4.155235 4.848415 -4.874453 4.905134 4.933815 -4.125403 4.657549 4.761517 -4.824376 4.696767
405 -1.7688706626 -4.973553 4.756352 4.902270 -4.635611 4.148576 -3.813691 4.970758 -4.822593 3.854130 4.868592 -4.012955 4.817058 4.914294 -4.954818 4.608963
406 -1.7711099629 -4.997459 4.946006 4.593077 -4.914059 3.813076 -4.602960 4.927557 -4.860297 4.654902 4.133629 -4.340945 4.597207 3.668527 -4.964319 4.453871
407 -1.8405325911 -4.990466 4.913530 4.102310 -4.205179 3.664089 -4.447198 4.992220 -4.925942 4.956603 4.967393 -4.005668 4.716840 4.298138 -4.792376 4.616357
408 -1.7742232256 -4.962231 4.998993 4.104700 -4.462547 3.869541 -3.812273 4.942672 -4.518092 4.463426 4.989313 -4.876972 4.987234 4.330281 -4.803746 4.711207
409 -1.7787383523 -4.947647 4.972544 4.769821 -4.240744 4.233794 -4.655857 4.826147 -4.842847 4.747092 4.907280 -4.547818 4.746752 3.999423 -4.995497 4.249760
410 -1.9262549076 -4.999648 4.760430 4.804328 -4.923650 4.828487 -4.485309 4.928497 -4.991345 4.885995 4.974364 -4.692283 4.792174 4.998701 -4.918084 4.769258
411 -1.9679136110 -4.982077 4.919247 4.592953 -4.672008 4.479480 -4.686847 4.991333 -4.871616 4.975825 4.910597 -4.919926 4.934595 4.656779 -4.977863 4.966650
412 -1.9149966477 -4.995953 4.582270 4.527507 -4.837344 4.923602 -4.852219 4.978052 -4.911022 4.783603 4.963713 -4.830454 4.958932 4.842714 -4.911771 4.931738
413 -1.9224302766 -4.998271 4.940583 4.953623 -4.806911 4.633806 -4.713695 4.949746 -4.843218 4.770307 4.945026 -4.797848 4.928482 4.865527 -4.880857 4.772307
414 -1.9195718738 -4.994056 4.741079 4.682847 -4.824498 4.315797 -4.934867 4.943096 -4.974027 4.801465 4.876180 -4.835682 4.979059 4.953513 -4.747464 4.988724
415 -1.9188979246 -4.967054 4.790685 4.943226 -4.586555 4.659263 -4.915960 4.996713 -4.949680 4.928452 4.805685 -4.927951 4.948157 4.777715 -4.870882 4.882196
416 -1.9482492210 -4.989378 4.754953 4.554204 -4.941914 4.324183 -4.840421 4.998049 -4.985090 4.867894 4.961659 -4.578925 4.939499 4.901737 -4.914507 4.764232
417 -1.9180013929 -4.998788 4.913154 4.597420 -4.524077 4.563423 -4.847784 4.960814 -4.870294 4.845210 4.980942 -4.960336 4.886742 4.421728 -4.882890 4.820241
418 -1.9299985773 -4.969329 4.833014 4.602826 -4.749498 4.812819 -4.615307 4.999111 -4.938583 4.836098 4.953233 -4.624100 4.999531 4.968907 -4.848712 4.995048
419 -1.9336361141 -4.993125 4.885880 4.859417 -4.968204 4.454029 -4.780243 4.883381 -4.973156 4.958826 4.839753 -4.571323 4.894187 4.547926 -4.956240 4.817087
420 -1.9313084146 -4.987617 4.874274 4.784921 -4.983522 4.636176 -4.980761 4.921309 -4.992166 4.914720 4.756545 -4.717648 4.686216 4.992615 -4.946077 4.835380
421 -1.9352580926 -4.998587 4.914512 4.740032 -4.983252 4.915031 -4.819084 4.984276 -4.945082 4.838317 4.785512 -4.903566 4.947966 4.826348 -4.870129 4.706421
422 -1.9309741780 -4.951265 4.887549 4.912390 -4.979257 4.667349 -4.541301 4.992904 -4.961674 4.540938 4.946204 -4.512400 4.998207 4.914266 -4.973554 4.878593
423 -1.9139069746 -4.990669 4.757188 4.501520 -4.764877 4.691113 -4.542675 4.973006 -4.991174 4.733460 4.557605 -4.970981 4.785780 4.927053 -4.937434 4.988917
424 -1.9335071450 -4.997757 4.855684 4.725550 -4.758979 4.310193 -4.754544 4.989273 -4.993797 4.769781 4.913644 -4.631628 4.985410 4.668711 -4.803102 4.902314
425 -1.9824112596 -4.984021 4.999537 4.938981 -4.726138 4.849407 -4.708323 4.989341 -4.950689 4.928000 4.935047 -4.951859 4.962274 4.815101 -4.936349 4.873000
426 -1.9968770850 -4.998329 4.938261 4.784182 -4.781812 4.750738 -4.890546 4.994283 -4.984642 4.979857 4.828830 -4.949111 4.998031 4.753804 -4.921772 4.973632
427 -1.9881386538 -4.992137 4.930608 4.787008 -4.965987 4.677400 -4.913431 4.981611 -4.969207 4.960704 4.962891 -4.786985 4.883930 4.928650 -4.897238 4.989692
428 -1.9910641787 -4.982228 4.917912 4.819183 -4.952730 4.677201 -4.955664 4.993418 -4.982032 4.915262 4.996845 -4.856269 4.949026 4.842249 -4.984832 4.763555
429 -1.9956288841 -4.997697 4.950089 4.954415 -4.800376 4.855217 -4.753005 4.985284 -4.964073 4.830134 4.910801 -4.956996 4.957268 4.812942 -4.973930 4.952636
430 -2.0023576774 -4.991524 4.983202 4.807388 -4.976122 4.675744 -4.772648 4.990625 -4.862023 4.961880 4.990532 -4.989581 4.908282 4.745773 -4.993176 4.972806
431 -1.9842840215 -4.990931 4.907852 4.800181 -4.959840 4.925314 -4.885844 4.961119 -4.993077 4.976468 4.851872 -4.810887 4.971470 4.775799 -4.995742 4.829919
432 -2.0057518211 -4.999128 4.890515 4.826451 -4.895295 4.795584 -4.856964 4.986559 -4.982961 4.921674 4.953516 -4.977355 4.924790 4.746796 -4.972837 4.995940
433 -1.9919190796 -4.998441 4.973555 4.905142 -4.981281 4.712907 -4.958258 4.999717 -4.964846 4.850970 4.745196 -4.872656 4.938848 4.790871 -4.960528 4.946274
434 -1.9955904110 -4.992267 4.941214 4.926208 -4.693759 4.962208 -4.824045 4.980877 -4.981778 4.989219 4.895357 -4.904921 4.951384 4.909962 -4.999718 4.844070
435 -1.9999308963 -4.990337 4.991670 4.956237 -4.898360 4.947462 -4.800493 4.989327 -4.938665 4.816600 4.980354 -4.891575 4.871594 4.969337 -4.984414 4.990907
436 -1.9971350813 -4.998855 4.938025 4.941254 -4.759402 4.851788 -4.804358 4.998479 -4.987121 4.796863 4.994783 -4.969069 4.860724 4.905333 -4.996794 4.852299
437 -1.9955707601 -4.984330 4.999432 4.780592 -4.933089 4.663514 -4.861093 4.998645 -4.990694 4.863922 4.938444 -4.859646 4.957856 4.830022 -4.995638 4.721194
438 -1.9917633654 -4.996494 4.959854 4.862838 -4.988026 4.698663 -4.720252 4.974105 -4.951791 4.996262 4.657988 -4.817577 4.992696 4.766329 -4.990638 4.966869
439 -1.9925976739 -4.986370 4.917062 4.795062 -4.848237 4.723855 -4.903038 4.976348 -4.986453 4.925377 4.932575 -4.963381 4.810921 4.933423 -4.978397 4.966624
440 -2.0281004323 -4.996136 4.988623 4.965000 -4.977908 4.874372 -4.911526 4.999973 -4.982949 4.915349 4.999423 -4.985037 4.944959 4.940722 -4.963964 4.947028
441 -2.0247767847 -4.981267 4.994460 4.894788 -4.958490 4.855175 -4.904340 4.994312 -4.993699 4.917136 4.958835 -4.902099 4.998016 4.934089 -4.979006 4.987608
442 -2.0220245014 -4.993072 4.976485 4.976161 -4.987370 4.950073 -4.934979 4.999953 -4.968274 4.954240 4.976003 -4.888823 4.966849 4.903847 -4.981544 4.941793
443 -2.0290417332 -4.997561 4.979394 4.952923 -4.941463 4.862879 -4.921226 4.989033 -4.960455 4.939897 4.996275 -4.970946 4.963294 4.832813 -4.996441 4.976220
444 -2.0278088436 -4.997769 4.984565 4.954789 -4.941016 4.831445 -4.944877 4.938367 -4.993302 4.928040 4.968250 -4.988908 4.995954 4.918579 -4.990120 4.970126
445 -2.0294504426 -4.999445 4.990755 4.881379 -4.929933 4.963979 -4.870936 4.987153 -4.963190 4.997356 4.995727 -4.979801 4.934834 4.971702 -4.996941 4.907555
446 -2.0232401619 -4.999072 4.954849 4.937374 -4.899101 4.928781 -4.864453 4.965417 -4.981106 4.979014 4.949566 -4.902011 4.985951 4.999609 -4.986116 4.968821
447 -2.0289140421 -4.997096 4.994358 4.916148 -4.982786 4.899317 -4.964337 4.989489 -4.997239 4.859267 4.970356 -4.988612 4.916045 4.851764 -4.993179 4.989250
448 -2.0350108237 -4.994170 4.991593 4.926391 -4.932763 4.866214 -4.948839 4.999490 -4.989506 4.998672 4.952615 -4.967944 4.972927 4.862606 -4.980342 4.979488
449 -2.0283791229 -4.997519 4.946055 4.989469 -4.977106 4.915481 -4.985782 4.995372 -4.991898 4.974554 4.997283 -4.914632 4.976303 4.918725 -4.953186 4.991224
450 -2.0251168570 -4.993195 4.983112 4.892483 -4.928876 4.913970 -4.953575 4.985503 -4.988271 4.991218 4.935635 -4.973293 4.998795 4.990343 -4.958836 4.933226
