evaluations raw_y x0 x1 x2 x3 x4
1 5.3804140091 0.248928 0.248928 0.248928 0.248928 0.248928
2 5.8779640198 -0.601231 -0.601231 -0.601231 -0.601231 -0.601231
3 2.6067414284 -4.877833 -4.877833 -4.877833 -4.877833 -4.877833
4 4.5451593399 4.605106 4.605106 4.605106 4.605106 4.605106
5 4.1729254723 2.540968 2.540968 2.540968 2.540968 2.540968
6 5.4518823624 -2.820915 -2.820915 -2.820915 -2.820915 -2.820915
7 5.7951965332 -2.326088 -2.326088 -2.326088 -2.326088 -2.326088
8 4.0539054871 1.981064 1.981064 1.981064 1.981064 1.981064
9 3.9927113056 1.701131 1.701131 1.701131 1.701131 1.701131
10 6.0429801941 -1.356181 -1.356181 -1.356181 -1.356181 -1.356181
11 5.1257553101 -3.166006 -3.166006 -3.166006 -3.166006 -3.166006
12 4.3519077301 3.446027 3.446027 3.446027 3.446027 3.446027
13 4.4916486740 4.252870 4.252870 4.252870 4.252870 4.252870
14 2.7568628788 -3.980218 -3.980218 -3.980218 -3.980218 -3.980218
15 5.9705119133 -0.873970 -0.873970 -0.873970 -0.873970 -0.873970
16 2.6733543873 -4.459889 -4.459889 -4.459889 -4.459889 -4.459889
17 2.5885105133 -4.999747 -4.999747 -4.999747 -4.999747 -4.999747
18 2.5884935856 -4.999848 -4.999848 -4.999848 -4.999848 -4.999848
19 2.5885417461 -4.999524 -4.999524 -4.999524 -4.999524 -4.999524
20 2.5884718895 -4.999995 -4.999995 -4.999995 -4.999995 -4.999995
21 2.5885760784 -4.999299 -4.999299 -4.999299 -4.999299 -4.999299
22 2.5885374546 -4.999544 -4.999544 -4.999544 -4.999544 -4.999544
23 2.5886363983 -4.998885 -4.998885 -4.998885 -4.998885 -4.998885
24 2.8813815117 0.000000 -4.848652 -3.866039 -3.866039 -4.848652
25 2.8522148132 0.000000 -4.983020 -4.166300 -4.166300 -4.983020
26 2.8801579475 0.000000 -4.130820 -4.605192 -4.605192 -4.130820
27 2.9222695827 0.000000 -3.583496 -4.565236 -4.565236 -3.583496
28 2.8752703667 0.000000 -4.982269 -3.829400 -3.829400 -4.982269
29 2.8010301590 0.000000 -4.971190 -4.992591 -4.992591 -4.971190
30 2.8016748428 0.000000 -4.972878 -4.979873 -4.979873 -4.972878
31 2.8075585365 0.000000 -4.999074 -4.853916 -4.853916 -4.999074
32 2.9750328064 0.000000 -4.999092 -2.483157 -2.483157 -4.999092
33 2.8022916317 0.000000 -4.988629 -4.953052 -4.953052 -4.988629
34 2.8140826225 0.000000 -4.998060 -4.747290 -4.747290 -4.998060
35 2.8390207291 0.000000 -4.806919 -4.540234 -4.540234 -4.806919
36 2.8100934029 0.000000 -4.828436 -4.988689 -4.988689 -4.828436
37 2.7990484238 0.000000 -4.999194 -4.997260 -4.997260 -4.999194
38 2.7991216183 0.000000 -4.996250 -4.999141 -4.999141 -4.996250
39 2.8024954796 0.000000 -4.998959 -4.938901 -4.938901 -4.998959
40 2.7989099026 0.000000 -4.999060 -4.999826 -4.999826 -4.999060
41 2.8000545502 0.000000 -4.987938 -4.991823 -4.991823 -4.987938
42 2.7988700867 0.000000 -4.999623 -4.999859 -4.999859 -4.999623
43 2.7990610600 0.000000 -4.999654 -4.996602 -4.996602 -4.999654
44 2.7995626926 0.000000 -4.998541 -4.989191 -4.989191 -4.998541
45 3.0568065643 0.000000 -4.997924 -4.728359 0.510726 -4.060846
46 3.0153608322 0.000000 -4.291737 -4.687704 -4.106675 -1.085492
47 2.9107918739 0.000000 -4.442892 -3.849180 -4.057531 -4.210826
48 2.8527204990 0.000000 -4.285332 -4.815751 -4.179485 -4.986472
49 3.4057726860 0.000000 -3.938729 4.374455 -2.831735 -2.311767
50 2.8817620277 0.000000 -4.885702 -4.309244 -4.950208 -3.398311
51 2.8781187534 0.000000 -4.504122 -4.710452 -4.826841 -3.580251
52 3.0047130585 0.000000 -0.137783 -4.907872 -4.528892 -4.798810
53 2.8722743988 0.000000 -4.990527 -3.468903 -4.644917 -4.611870
54 3.1254673004 0.000000 2.705910 -4.850089 -4.678511 -4.922590
55 3.2614214420 0.000000 2.969162 -4.893308 -1.408970 -4.993848
56 2.8876967430 0.000000 -4.742327 -4.948567 -2.694304 -4.999582
57 2.8675808907 0.000000 -4.922038 -4.973858 -3.101051 -4.952198
58 2.8766121864 0.000000 -4.888546 -4.923342 -2.929325 -4.951429
59 2.8082151413 0.000000 -4.882798 -4.891764 -4.917508 -4.988639
60 2.8040807247 0.000000 -4.925246 -4.985490 -4.937258 -4.975630
61 2.8103528023 0.000000 -4.793039 -4.973242 -4.884884 -4.961378
62 2.8144226074 0.000000 -4.985963 -4.982211 -4.646562 -4.883503
63 2.8146862984 0.000000 -4.632436 -4.986049 -4.849591 -4.997012
64 2.8050539494 0.000000 -4.987376 -4.996857 -4.846685 -4.965439
65 2.8016135693 0.000000 -4.940749 -4.997758 -4.975845 -4.990922
66 2.8081429005 0.000000 -4.990002 -4.732811 -4.992355 -4.969990
67 2.8025221825 0.000000 -4.979198 -4.986778 -4.998030 -4.918664
68 2.8066642284 0.000000 -4.839074 -4.979343 -4.922025 -4.992743
69 2.8025646210 0.000000 -4.991165 -4.964006 -4.950598 -4.970579
70 2.7995553017 0.000000 -4.990008 -4.999865 -4.986381 -4.999545
71 2.8188309669 0.000000 -4.958687 -4.998933 -4.399278 -4.999074
72 2.8002378941 0.000000 -4.986767 -4.997471 -4.975505 -4.993366
73 2.7998597622 0.000000 -4.990503 -4.994676 -4.997959 -4.983540
74 2.7998304367 0.000000 -4.984975 -4.993350 -4.991094 -4.996761
75 2.7994394302 0.000000 -4.998666 -4.989762 -4.995960 -4.995405
76 2.8004097939 0.000000 -4.974043 -4.997718 -4.976670 -4.997964
77 2.8009910583 0.000000 -4.970914 -4.996618 -4.960101 -4.999194
78 2.7995181084 0.000000 -4.988404 -4.997175 -4.991658 -4.999464
79 2.7996835709 0.000000 -4.998568 -4.998254 -4.975164 -4.999749
80 2.9128596783 0.000000 -4.926689 -3.600988 -3.483316 -4.535480
81 3.0835909843 0.000000 -4.848630 -4.699054 -4.610831 1.132547
82 2.9677248001 0.000000 -4.895995 -4.572442 -1.228579 -4.623120
83 2.9675927162 0.000000 -4.358642 -4.539879 -1.973161 -4.281675
84 3.2916524410 0.000000 -4.509302 -4.746257 -4.012604 4.802505
85 3.4760899544 0.000000 4.949365 -4.880656 -4.583297 1.080972
86 2.8887567520 0.000000 -3.058254 -4.898953 -4.600273 -4.679183
87 2.8340246677 0.000000 -4.809016 -4.614569 -4.994882 -4.463836
88 2.8163552284 0.000000 -4.847983 -4.898123 -4.802294 -4.874033
89 2.8436474800 0.000000 -4.999894 -4.043094 -4.880369 -4.648015
90 2.9872202873 0.000000 -4.996745 -4.969029 -0.189532 -4.900186
91 2.8115065098 0.000000 -4.992398 -4.993796 -4.974321 -4.652823
92 2.8048262596 0.000000 -4.909483 -4.997533 -4.922856 -4.969324
93 2.8586843014 0.000000 -4.998895 -4.977054 -4.848168 -3.465469
94 2.8086791039 0.000000 -4.995038 -4.907327 -4.891855 -4.885122
95 2.8062186241 0.000000 -4.998673 -4.993840 -4.831112 -4.937251
96 2.7996110916 0.000000 -4.999548 -4.994750 -4.997794 -4.983320
97 2.8324115276 0.000000 -4.999639 -4.997108 -4.574457 -4.399161
98 2.8019607067 0.000000 -4.995330 -4.918664 -4.983223 -4.995614
99 2.8146333694 0.000000 -4.995638 -4.977418 -4.856000 -4.678270
100 2.7998600006 0.000000 -4.988059 -4.988653 -4.995787 -4.992995
101 2.8017597198 0.000000 -4.962491 -4.986644 -4.972281 -4.980509
102 2.8052754402 0.000000 -4.999966 -4.963987 -4.954720 -4.876299
103 2.8041059971 0.000000 -4.908452 -4.919459 -4.999143 -4.991337
104 2.8035254478 0.000000 -4.905946 -4.990455 -4.986377 -4.959820
105 2.8645408154 0.000000 -4.998556 -4.999504 -4.378796 -3.692729
106 2.8010263443 0.000000 -4.966251 -4.999882 -4.961189 -4.998304
107 2.8001689911 0.000000 -4.998964 -4.999383 -4.959596 -4.997962
108 2.7997479439 0.000000 -4.999907 -4.989310 -4.986063 -4.994445
109 2.8001675606 0.000000 -4.991356 -4.998799 -4.974595 -4.991318
110 2.7995452881 0.000000 -4.998555 -4.994972 -4.986097 -4.996768
111 2.7997164726 0.000000 -4.995144 -4.999992 -4.996392 -4.980608
112 2.7993230820 0.000000 -4.999683 -4.994070 -4.998429 -4.992134
113 2.7996902466 0.000000 -4.998726 -4.997007 -4.982175 -4.994081
114 2.7996683121 0.000000 -4.998647 -4.993839 -4.982258 -4.997462
115 2.8640310764 0.000000 -4.429018 -4.570621 -4.034517 -4.889902
116 2.8239660263 0.000000 -4.481621 -4.999873 -4.904183 -4.793215
117 2.8120136261 0.000000 -4.855414 -4.825619 -4.920268 -4.954011
118 2.8367929459 0.000000 -4.899656 -4.931666 -4.768698 -4.238092
119 2.8456311226 0.000000 -4.998084 -4.900766 -4.919791 -3.810961
120 2.8407897949 0.000000 -4.601578 -4.552120 -4.941767 -4.555010
121 2.8150253296 0.000000 -4.997483 -4.968709 -4.723968 -4.794177
122 2.8353679180 0.000000 -4.373545 -4.997040 -4.471450 -4.965842
123 2.8128392696 0.000000 -4.930442 -4.937956 -4.768528 -4.903727
124 2.8310022354 0.000000 -4.905817 -4.719861 -4.916100 -4.445274
125 2.8059685230 0.000000 -4.861813 -4.995302 -4.938974 -4.963868
126 2.8090381622 0.000000 -4.976689 -4.848924 -4.895978 -4.938508
127 2.8116841316 0.000000 -4.982164 -4.815978 -4.983630 -4.802152
128 2.8063764572 0.000000 -4.995726 -4.816732 -4.996660 -4.938775
129 2.8114361763 0.000000 -4.869458 -4.942243 -4.784426 -4.981859
130 2.8015561104 0.000000 -4.993263 -4.999649 -4.985178 -4.936292
131 2.8058772087 0.000000 -4.983085 -4.838536 -4.942664 -4.995672
132 2.8022615910 0.000000 -4.991840 -4.911576 -4.999907 -4.980385
133 2.8026378155 0.000000 -4.975023 -4.981375 -4.983748 -4.936646
134 2.8052139282 0.000000 -4.999028 -4.968985 -4.835926 -4.985025
135 2.8025746346 0.000000 -4.918011 -4.993350 -4.963949 -4.996518
136 2.8029751778 0.000000 -4.933673 -4.999554 -4.972889 -4.956755
137 2.8008949757 0.000000 -4.971396 -4.997558 -4.996680 -4.967146
138 2.8018419743 0.000000 -4.993887 -4.989285 -4.979970 -4.940879
139 2.8022208214 0.000000 -4.935320 -4.995827 -4.969062 -4.985126
140 2.7999014854 0.000000 -4.992136 -4.986750 -4.990296 -4.994953
141 2.8007969856 0.000000 -4.995879 -4.995468 -4.947366 -4.995973
142 2.8039870262 0.000000 -4.842837 -4.984470 -4.999821 -4.994985
143 2.7999184132 0.000000 -4.997728 -4.986026 -4.995392 -4.985375
144 2.8000364304 0.000000 -4.995406 -4.998197 -4.999727 -4.968977
145 2.7996821404 0.000000 -4.987842 -4.993471 -4.991434 -4.998441
146 2.7994403839 0.000000 -4.997929 -4.990993 -4.990627 -4.999957
147 2.7996740341 0.000000 -4.998824 -4.980020 -4.992410 -4.999973
148 2.7992448807 0.000000 -4.999389 -4.997116 -4.994632 -4.995547
149 2.7995505333 0.000000 -4.999737 -4.995624 -4.981952 -4.998823
150 2.8841514587 0.000000 -4.168330 -4.203962 -4.953199 -4.035548
