evaluations raw_y x0 x1 x2 x3 x4 x5 x6 x7 x8 x9 x10 x11 x12 x13 x14
1 2.0907349586 4.454191 -2.642669 -3.185994 -1.808931 2.983680 -4.773157 0.288213 3.173813 1.324325 2.327705 -3.872435 2.242574 -2.476557 -2.430331 4.801535
2 1.7298116684 -2.399619 2.089732 2.360930 -4.291034 -2.629768 3.899485 4.973569 -1.358424 -3.386967 1.561496 2.662145 -3.669807 -4.886053 -3.319768 3.057797
3 2.5739850998 -2.733972 -4.301560 -2.429261 -2.553790 -2.441519 -4.841784 3.771772 -3.592855 1.579627 -4.983396 -1.420538 0.053860 0.173931 -2.250350 -3.318163
4 2.5237860680 -2.199788 -3.538642 -1.609896 0.235378 0.152301 -3.914008 1.555969 -0.469719 -4.484544 -2.593757 -1.929021 2.925878 -3.401041 -4.155259 -4.751994
5 2.3029799461 -3.127182 0.847590 -3.830408 -3.185533 -3.479752 -1.148592 -2.650238 -4.779136 -0.183149 3.513502 -4.921207 -4.238411 3.108039 -3.759162 -0.242674
6 1.9731715918 -3.496182 4.797927 2.435813 4.463776 4.425612 -1.150486 -4.725519 -1.899939 2.965420 -3.152891 4.077321 -1.545050 2.927763 -1.144874 -1.207535
7 2.1774225235 -3.885169 3.291538 -4.868649 -3.327092 2.570554 -2.968834 -1.919558 -3.973804 1.910918 0.343567 3.955274 4.036221 -3.025816 -1.812295 4.886297
8 2.2339184284 1.621243 -1.520365 3.399946 1.847601 3.549501 -1.795881 -1.843522 -2.279099 2.658702 -1.123345 4.992585 -1.048625 -3.933408 -0.237904 -1.831627
9 1.9598050117 -4.162301 -3.200366 -3.111870 -3.778221 -1.196473 4.987979 -1.204427 -1.932687 -0.447912 -4.434584 -4.956415 0.748183 -2.588427 2.044940 1.679352
10 1.9116373062 -4.761372 -2.337289 3.064919 3.947247 1.647182 -3.243322 1.872034 -0.232675 0.147109 -3.615415 -4.207711 -0.625548 3.487913 -2.738276 3.647904
11 2.6275272369 -3.000323 -2.117650 -2.516470 2.164100 0.122985 -4.988058 -2.530696 0.043687 -1.424536 -0.445551 -0.830465 -4.542703 4.029321 -4.810861 -0.531506
12 2.0321259499 -4.254425 1.782613 -4.303939 1.339820 -4.072338 -2.611756 2.688501 4.369099 -1.281047 -0.379410 -0.048781 -0.291728 -4.016398 3.633980 -4.960205
13 1.9780955315 1.982235 -4.763703 4.825922 2.941647 -1.807308 -0.150037 1.771683 -2.654969 1.246605 3.379597 4.872742 -0.945715 -4.316984 -0.240089 4.083461
14 1.5103266239 4.946838 -4.692839 3.736957 3.754022 2.451581 2.654179 -0.036948 -1.948614 -4.409838 -4.185854 0.022031 -4.145291 -4.228928 4.318689 -3.530560
15 2.3014755249 2.247241 4.457902 -4.132887 -2.564275 -3.723604 4.178933 3.538812 -0.698004 2.450659 -0.994878 -3.082390 -0.086126 0.102403 -0.781287 0.378144
16 2.2616856098 2.858467 4.894173 3.491014 4.022343 3.173500 1.709514 0.952043 -1.016943 -0.765681 -2.990103 -4.914329 -3.547124 2.487655 3.449498 4.616135
17 2.1019427776 -4.719804 -4.637859 -2.545261 -3.934720 0.117846 3.103303 -0.141194 -2.343428 1.669031 -1.860256 2.532255 -4.638339 1.301280 -4.203217 -1.630978
18 2.2901713848 2.513733 1.682866 -3.781073 3.303848 3.589386 0.034328 1.196547 3.472383 -4.859560 2.132873 4.939834 -3.263546 0.426457 -1.547980 -1.123772
19 2.0828113556 0.926804 4.669004 -0.346606 -1.586417 1.015469 1.561841 3.520221 -2.093908 -4.276001 -0.510023 -3.118177 2.387805 1.735723 -4.773904 -0.518702
20 2.6258273125 2.159821 -1.080027 -1.500006 0.314114 2.368920 -4.708708 -1.133719 -1.258184 -2.085688 1.933838 -4.098254 1.587753 -3.501023 4.622408 -2.321702
21 2.2333440781 -1.129795 4.731524 1.485932 0.026411 2.049790 -2.238454 4.406190 1.192704 3.357980 -4.971505 -4.428297 -0.605475 -3.302351 0.179482 4.609655
22 2.0936846733 -3.728015 -2.255431 -2.254212 -4.470962 -1.017020 4.695812 2.136493 1.685706 -1.725094 -0.867326 -2.024697 2.451234 4.261915 1.827181 -1.338956
23 2.4184360504 2.864967 -1.644079 4.929782 -3.517085 -0.731403 1.632024 4.240061 1.814789 2.318668 1.327452 2.090488 -0.313845 0.430246 0.901237 1.601500
24 2.7080307007 -1.294364 -3.432358 -0.124807 -1.946316 -1.411943 2.371502 0.934544 -3.185596 3.967170 -2.802117 3.395275 4.366806 -2.126915 3.663185 -0.838490
25 2.4240403175 0.083836 4.615688 4.069067 1.846354 4.870352 -3.381441 -3.273883 -1.190173 -2.537110 3.396517 -0.684555 -1.460633 1.384922 1.660174 -3.989982
26 1.9964202642 -2.244862 -1.854006 -2.188789 4.979775 2.358818 -2.607714 1.145320 1.733175 4.389612 -0.305154 0.473113 1.843476 4.317342 -1.260405 2.309163
27 2.2255284786 -3.326571 1.564095 2.606973 -1.357645 2.802835 3.823727 -1.451017 3.318783 -2.412057 2.378386 -1.377608 -3.215019 2.013395 -1.799106 2.164011
28 1.9332114458 -3.462325 -3.773273 3.985616 0.004301 4.999343 -0.395933 -0.392982 -3.684266 -4.656300 -3.737583 4.322919 -0.599666 2.606301 4.586104 0.088883
29 2.3456525803 2.239723 0.670249 -4.487483 0.841789 -1.511960 3.375464 -2.087427 3.497802 -4.467679 -4.669317 0.206059 -4.238116 2.112949 3.112556 -4.916639
30 2.2108368874 0.814858 2.159219 4.899568 1.071210 1.970457 -2.971272 0.173303 -3.122487 -1.647653 -4.902496 -3.754457 -2.811298 -2.920117 3.966279 2.898224
31 2.6989569664 -1.154733 4.780904 3.120682 2.118316 2.897802 2.220426 -1.911134 2.860520 0.369158 0.158226 0.503798 -4.716539 2.480938 3.281324 -1.022558
32 2.0249052048 4.403400 -0.021385 -2.589606 0.397020 0.426622 1.605311 -0.428705 2.748621 4.149141 -2.979727 3.143648 0.227214 -0.832183 -1.383371 -3.728781
33 2.0408568382 4.211214 -4.145113 -4.179869 -4.677931 -1.500243 -0.220084 -1.482657 -0.689555 -3.438656 -0.704963 -4.952717 -4.814620 1.052567 1.597534 2.796124
34 2.2398102283 -1.197583 -2.025602 -3.649617 3.112852 -1.122942 -0.300323 3.143466 -2.911110 -0.047407 -0.192315 -0.222801 -2.185941 -3.002954 -2.023610 3.859579
35 1.9689519405 -4.698576 0.431240 3.658218 2.654953 -2.746615 1.342847 -4.768786 0.564313 -0.895500 -0.522587 1.510033 2.891929 -3.489342 -3.724706 -0.935851
36 1.8715786934 3.163961 0.672359 0.824171 -4.478219 4.967945 -0.607183 0.485537 3.903315 -2.670226 4.017151 -1.289731 -4.627430 -4.941126 -3.693710 0.564048
37 2.2639412880 3.633088 -1.953874 0.919321 -3.745281 -3.375716 0.192437 -1.127911 1.101279 3.371154 -2.346406 -2.331791 1.196344 -0.379380 -3.026052 -1.316391
38 1.7801902294 4.011408 4.734978 -2.501595 -4.023391 2.023507 4.847678 4.956930 1.844982 -3.859942 2.911448 -4.619669 -1.646109 -3.465451 1.303098 0.181658
39 2.3717231750 -1.307617 -2.718997 1.123425 3.690099 1.071075 2.341554 1.550853 -1.852022 1.064514 -4.175935 3.828054 -3.600749 2.420271 -1.093956 -3.611110
40 1.8954255581 -2.861356 -3.802449 4.267711 -3.813897 -3.928683 3.837159 0.884536 3.320615 -1.331794 4.545658 -3.154449 -4.115414 2.825276 4.966121 0.112155
41 2.2044880390 -2.707450 -0.784207 2.147212 3.964747 1.985239 -1.823901 -1.485298 2.237929 2.777448 1.314881 1.708391 -4.469607 2.076889 3.856942 -2.358351
42 1.9080809355 4.472194 2.025887 2.994794 -0.774748 0.680418 -2.135143 0.959725 -4.646128 -2.960406 -3.378733 -3.997898 1.947880 -0.103663 3.713760 3.950493
43 2.2823908329 3.473227 3.823298 -0.620666 -0.341389 -3.779418 2.737155 -1.103803 0.349119 -3.556464 2.946799 2.609284 -1.683948 3.719184 4.648999 -0.709257
44 2.6616015434 -0.407752 -2.179465 -2.610564 1.850935 -4.270920 -1.822506 -3.406405 3.045414 0.530693 -0.435112 -3.550786 -2.714999 -0.695081 -0.377910 4.756863
45 2.1184473038 -2.790830 2.931486 -3.414399 -1.600821 -1.937023 -0.118775 1.337769 0.181114 1.886283 2.563202 0.247015 -4.482159 -2.856127 -2.379208 1.279345
46 1.5704292059 5.000000 -5.000000 5.000000 4.126918 2.509151 5.000000 2.187983 -5.000000 -5.000000 -5.000000 3.057359 -4.249329 -5.000000 1.184921 -1.845881
47 1.5412263870 5.000000 -5.000000 5.000000 4.856336 2.147105 -0.479157 -4.589042 -0.738192 -5.000000 -5.000000 -5.000000 -5.000000 -5.000000 5.000000 -5.000000
48 1.6434756517 5.000000 -5.000000 5.000000 2.368530 5.000000 4.305112 4.174768 2.636556 -5.000000 -5.000000 -5.000000 -5.000000 -5.000000 5.000000 -5.000000
49 1.5350557566 -5.000000 -5.000000 5.000000 -5.000000 -5.000000 5.000000 3.947508 -3.552327 -4.857420 1.573084 -5.000000 -5.000000 -2.925063 5.000000 5.000000
50 1.5592045784 5.000000 -5.000000 3.837447 5.000000 -3.951867 4.805861 -4.588531 -4.902619 -1.315812 -5.000000 5.000000 -5.000000 -5.000000 5.000000 -5.000000
51 1.4630308151 -5.000000 5.000000 -1.849433 5.000000 -2.634227 -0.829978 5.000000 -3.880363 5.000000 -2.696755 -4.824944 -4.376334 -5.000000 -4.371130 5.000000
52 1.5256488323 -5.000000 5.000000 -5.000000 5.000000 -5.000000 4.115039 5.000000 2.825568 5.000000 5.000000 -5.000000 -5.000000 -5.000000 -2.018094 5.000000
53 1.4760042429 5.000000 -5.000000 4.926538 5.000000 5.000000 -3.761486 5.000000 -5.000000 -2.953291 -5.000000 5.000000 -5.000000 -5.000000 5.000000 5.000000
54 1.6515766382 -5.000000 2.955020 5.000000 5.000000 5.000000 -5.000000 5.000000 -5.000000 5.000000 -5.000000 -5.000000 2.357225 -5.000000 -4.357519 5.000000
55 1.5818095207 5.000000 -5.000000 2.256626 5.000000 5.000000 -1.806571 5.000000 -5.000000 0.418289 -5.000000 -1.177002 -5.000000 -5.000000 -5.000000 5.000000
56 1.8206397295 5.000000 -5.000000 4.159027 5.000000 -5.000000 -0.721636 5.000000 -5.000000 -4.434306 -5.000000 5.000000 5.000000 -5.000000 5.000000 -4.999758
57 1.8795094490 -5.000000 -0.437635 5.000000 5.000000 5.000000 4.118193 5.000000 -5.000000 5.000000 -1.377350 3.155036 -4.083705 -5.000000 5.000000 5.000000
58 1.7965463400 -5.000000 5.000000 -5.000000 5.000000 -5.000000 -3.536975 5.000000 -5.000000 5.000000 -5.000000 -5.000000 0.841664 -5.000000 -0.873211 5.000000
59 1.7366849184 -5.000000 5.000000 -0.835436 5.000000 5.000000 1.072286 5.000000 5.000000 5.000000 5.000000 -5.000000 -5.000000 -5.000000 -5.000000 5.000000
60 1.4793605804 -5.000000 -1.194232 5.000000 -5.000000 -5.000000 5.000000 5.000000 2.046135 -2.842295 5.000000 -5.000000 -5.000000 -5.000000 5.000000 5.000000
61 1.3537658453 -5.000000 5.000000 -1.617023 5.000000 -5.000000 5.000000 5.000000 -2.416878 5.000000 5.000000 -5.000000 -5.000000 -5.000000 -5.000000 5.000000
62 1.3150343895 -5.000000 -2.970005 0.127764 5.000000 -5.000000 5.000000 5.000000 -0.837720 5.000000 5.000000 -5.000000 -5.000000 -5.000000 -5.000000 5.000000
63 1.4427020550 -5.000000 3.006703 3.683560 5.000000 -5.000000 -5.000000 5.000000 -0.747449 5.000000 5.000000 -5.000000 -5.000000 -5.000000 -5.000000 5.000000
64 1.7280343771 5.000000 5.000000 5.000000 -3.947048 5.000000 5.000000 5.000000 -2.040489 -5.000000 5.000000 5.000000 -5.000000 -5.000000 -5.000000 5.000000
65 1.3571566343 -5.000000 -4.047733 5.000000 5.000000 -5.000000 5.000000 5.000000 -3.522704 2.701252 5.000000 -5.000000 -5.000000 -5.000000 -5.000000 5.000000
66 1.4821289778 5.000000 5.000000 5.000000 5.000000 -5.000000 5.000000 5.000000 -4.930986 5.000000 5.000000 5.000000 -5.000000 -5.000000 -5.000000 5.000000
67 1.5048780441 -1.466518 5.000000 5.000000 5.000000 -5.000000 5.000000 5.000000 -4.656279 5.000000 5.000000 -5.000000 -5.000000 -5.000000 -5.000000 5.000000
68 1.5221215487 -5.000000 -5.000000 4.054475 5.000000 -5.000000 5.000000 5.000000 -1.491349 5.000000 -5.000000 -5.000000 -5.000000 -5.000000 -5.000000 5.000000
69 1.3372030258 -5.000000 5.000000 3.050509 5.000000 -5.000000 5.000000 5.000000 -5.000000 1.033959 5.000000 -5.000000 -5.000000 -5.000000 -5.000000 5.000000
70 1.4959585667 -5.000000 5.000000 5.000000 -5.000000 5.000000 5.000000 5.000000 -5.000000 -5.000000 -5.000000 -5.000000 -2.515742 -4.827946 5.000000 5.000000
71 1.5782088041 -5.000000 5.000000 -3.333365 -5.000000 -5.000000 5.000000 5.000000 5.000000 2.718661 5.000000 -5.000000 -5.000000 -5.000000 5.000000 5.000000
72 1.5978556871 5.000000 5.000000 5.000000 5.000000 -5.000000 -5.000000 5.000000 -5.000000 -5.000000 -5.000000 -5.000000 -0.389437 -5.000000 -5.000000 5.000000
73 1.4496386051 5.000000 5.000000 5.000000 1.966432 5.000000 5.000000 5.000000 -5.000000 -5.000000 -5.000000 -5.000000 5.000000 4.801147 -5.000000 5.000000
74 1.5134435892 -5.000000 5.000000 5.000000 5.000000 5.000000 5.000000 5.000000 -5.000000 -5.000000 5.000000 -5.000000 3.860802 5.000000 5.000000 -5.000000
75 1.6238203049 5.000000 5.000000 -5.000000 -4.686116 5.000000 5.000000 5.000000 -5.000000 -5.000000 -5.000000 -5.000000 5.000000 5.000000 -5.000000 5.000000
76 1.7007820606 5.000000 -5.000000 5.000000 5.000000 -5.000000 -5.000000 5.000000 -5.000000 -5.000000 5.000000 -5.000000 -5.000000 -3.262596 5.000000 5.000000
77 1.3268281221 -5.000000 -5.000000 -0.651650 5.000000 -5.000000 5.000000 5.000000 -5.000000 5.000000 5.000000 -5.000000 -2.208287 1.602680 2.909552 5.000000
78 1.3430171013 -5.000000 3.378120 5.000000 -2.529758 -5.000000 5.000000 5.000000 -5.000000 5.000000 5.000000 -5.000000 -2.837758 -5.000000 -5.000000 5.000000
79 1.5604646206 -5.000000 -5.000000 5.000000 5.000000 -5.000000 5.000000 5.000000 -5.000000 5.000000 5.000000 -5.000000 -2.669973 3.869819 5.000000 -5.000000
80 1.6145759821 -5.000000 3.166607 5.000000 5.000000 5.000000 5.000000 5.000000 -5.000000 5.000000 5.000000 -5.000000 0.619847 2.196930 5.000000 5.000000
81 1.3020787239 -5.000000 -5.000000 -0.835551 5.000000 -3.837414 5.000000 5.000000 -5.000000 5.000000 5.000000 -5.000000 -5.000000 0.340132 -3.283913 5.000000
82 1.5888258219 5.000000 5.000000 5.000000 5.000000 5.000000 5.000000 5.000000 -5.000000 5.000000 1.153879 -5.000000 3.288182 -5.000000 -5.000000 5.000000
83 1.4419728518 -5.000000 -5.000000 -5.000000 5.000000 -5.000000 5.000000 5.000000 -5.000000 5.000000 5.000000 -5.000000 -1.543636 5.000000 1.817180 5.000000
84 1.3280923367 -5.000000 5.000000 5.000000 -5.000000 -5.000000 5.000000 5.000000 -5.000000 3.755621 5.000000 -5.000000 -5.000000 -5.000000 -1.296311 5.000000
85 1.2813297510 -5.000000 -3.285019 -1.148754 5.000000 -5.000000 5.000000 5.000000 -5.000000 5.000000 5.000000 -5.000000 -5.000000 -4.311909 -4.103344 5.000000
86 1.5597623587 -5.000000 5.000000 5.000000 5.000000 5.000000 -5.000000 5.000000 -5.000000 5.000000 5.000000 -5.000000 5.000000 5.000000 1.164842 5.000000
87 1.5093548298 -5.000000 -5.000000 -2.518699 5.000000 -5.000000 5.000000 5.000000 0.760067 5.000000 5.000000 -5.000000 -5.000000 5.000000 5.000000 5.000000
88 1.2774522305 -5.000000 -0.004013 2.600761 5.000000 -5.000000 5.000000 5.000000 -5.000000 5.000000 5.000000 -5.000000 -2.048654 -1.541242 -5.000000 5.000000
89 1.4766831398 -5.000000 -3.703984 1.126751 5.000000 -5.000000 5.000000 -5.000000 -5.000000 5.000000 5.000000 -5.000000 -5.000000 -4.443905 -5.000000 5.000000
90 1.3537908792 -5.000000 5.000000 2.501208 2.088072 -5.000000 2.989499 5.000000 -5.000000 5.000000 5.000000 -5.000000 -5.000000 -5.000000 -3.162079 5.000000
91 1.4007714987 5.000000 5.000000 5.000000 -0.165754 5.000000 5.000000 -5.000000 -5.000000 -5.000000 -5.000000 -5.000000 5.000000 -5.000000 -5.000000 5.000000
92 1.3355149031 -5.000000 5.000000 5.000000 -5.000000 -5.000000 5.000000 5.000000 -5.000000 -0.667499 5.000000 -5.000000 0.479234 -5.000000 -0.810513 5.000000
93 1.5386115313 -5.000000 -5.000000 2.026192 5.000000 -5.000000 5.000000 5.000000 -5.000000 -1.833521 5.000000 -5.000000 5.000000 -0.977757 5.000000 5.000000
94 1.2894952297 -5.000000 5.000000 5.000000 -5.000000 -5.000000 5.000000 5.000000 -5.000000 0.690565 5.000000 -5.000000 -5.000000 -5.000000 -5.000000 5.000000
95 1.3242723942 -5.000000 5.000000 5.000000 -5.000000 -5.000000 5.000000 -5.000000 -5.000000 -5.000000 5.000000 -5.000000 5.000000 5.000000 5.000000 5.000000
96 1.3152083158 -5.000000 5.000000 5.000000 -5.000000 -5.000000 5.000000 5.000000 -0.003432 3.813158 5.000000 -5.000000 -5.000000 -5.000000 -5.000000 5.000000
97 1.3551024199 -5.000000 5.000000 5.000000 -5.000000 -5.000000 5.000000 5.000000 -5.000000 -5.000000 5.000000 -5.000000 0.791759 5.000000 5.000000 5.000000
98 1.4771019220 5.000000 5.000000 -5.000000 5.000000 -5.000000 5.000000 5.000000 -5.000000 5.000000 5.000000 5.000000 -5.000000 -5.000000 -5.000000 5.000000
99 1.3848779202 -5.000000 5.000000 2.765907 5.000000 -5.000000 5.000000 5.000000 -5.000000 5.000000 5.000000 -5.000000 -0.907298 5.000000 -5.000000 5.000000
100 1.6886932850 5.000000 5.000000 -5.000000 -2.265699 -5.000000 5.000000 -5.000000 5.000000 -5.000000 -5.000000 -5.000000 -2.584493 -5.000000 -5.000000 -5.000000
101 1.5257236958 -5.000000 5.000000 5.000000 -5.000000 -5.000000 -2.662502 -5.000000 -5.000000 -5.000000 5.000000 -5.000000 1.422419 -2.800672 5.000000 5.000000
102 1.6104435921 5.000000 5.000000 5.000000 5.000000 -5.000000 -5.000000 -5.000000 -5.000000 5.000000 5.000000 5.000000 -5.000000 -5.000000 -5.000000 5.000000
103 1.3351267576 -5.000000 5.000000 5.000000 -5.000000 5.000000 5.000000 -0.946524 -5.000000 -5.000000 5.000000 -5.000000 5.000000 5.000000 5.000000 -5.000000
104 1.4610466957 -5.000000 5.000000 5.000000 -5.000000 -5.000000 5.000000 5.000000 0.405523 -5.000000 5.000000 -5.000000 5.000000 5.000000 5.000000 -5.000000
105 1.7347449064 5.000000 5.000000 -5.000000 -1.092600 5.000000 5.000000 5.000000 -5.000000 5.000000 5.000000 5.000000 -5.000000 -5.000000 -5.000000 5.000000
106 1.6557596922 -5.000000 5.000000 5.000000 -5.000000 5.000000 5.000000 -5.000000 -5.000000 -5.000000 5.000000 5.000000 -5.000000 5.000000 5.000000 5.000000
107 1.5818212032 5.000000 5.000000 -0.736656 5.000000 5.000000 5.000000 -5.000000 -5.000000 -5.000000 -5.000000 5.000000 5.000000 -3.929865 -5.000000 5.000000
108 1.5438414812 -5.000000 5.000000 5.000000 -5.000000 5.000000 5.000000 5.000000 -5.000000 -5.000000 5.000000 -5.000000 5.000000 1.202109 5.000000 5.000000
109 1.2831599712 -5.000000 5.000000 5.000000 -5.000000 -5.000000 5.000000 -5.000000 -5.000000 -5.000000 5.000000 -5.000000 1.854102 5.000000 5.000000 -5.000000
110 1.4637975693 -5.000000 -5.000000 -3.795045 5.000000 -5.000000 5.000000 5.000000 -5.000000 -1.647741 5.000000 -5.000000 -5.000000 -5.000000 5.000000 5.000000
111 1.2714344263 -5.000000 5.000000 5.000000 -5.000000 -5.000000 5.000000 -5.000000 -5.000000 -1.565017 5.000000 -5.000000 2.717031 5.000000 5.000000 -5.000000
112 1.2740491629 -5.000000 5.000000 5.000000 -5.000000 -5.000000 5.000000 -5.000000 -5.000000 -3.207009 5.000000 -5.000000 2.641526 5.000000 5.000000 -5.000000
113 1.2762248516 -5.000000 5.000000 5.000000 -5.000000 -1.950559 5.000000 -5.000000 -5.000000 -4.730086 -5.000000 -5.000000 3.401932 5.000000 5.000000 -5.000000
114 1.4013324976 -5.000000 5.000000 5.000000 -5.000000 -5.000000 -2.972747 5.000000 -5.000000 3.703824 5.000000 -5.000000 -4.209543 -5.000000 -5.000000 5.000000
115 1.2137901783 -5.000000 5.000000 5.000000 -5.000000 0.563468 5.000000 -5.000000 -5.000000 -1.963902 -0.768484 -5.000000 2.428076 5.000000 5.000000 5.000000
116 1.3038451672 -5.000000 5.000000 5.000000 -5.000000 5.000000 5.000000 -5.000000 -5.000000 3.171798 5.000000 -5.000000 2.591889 5.000000 5.000000 5.000000
117 1.6708550453 5.000000 5.000000 5.000000 -5.000000 5.000000 -5.000000 5.000000 -5.000000 -5.000000 -5.000000 -5.000000 5.000000 -5.000000 -5.000000 -5.000000
118 1.2637720108 -5.000000 5.000000 5.000000 -5.000000 5.000000 5.000000 -5.000000 -5.000000 -1.495543 -3.727396 -5.000000 3.212778 5.000000 0.877631 5.000000
119 1.2567069530 -5.000000 5.000000 5.000000 -5.000000 -4.922026 5.000000 -5.000000 2.557645 -0.072702 -5.000000 -5.000000 1.328131 5.000000 5.000000 5.000000
120 1.2284414768 -5.000000 5.000000 5.000000 -5.000000 -5.000000 5.000000 -5.000000 -5.000000 2.613382 -5.000000 -5.000000 1.272395 5.000000 3.412887 5.000000
121 1.4783226252 -5.000000 5.000000 5.000000 -5.000000 -1.564487 5.000000 -5.000000 -5.000000 -0.784319 -5.000000 5.000000 2.396671 5.000000 5.000000 5.000000
122 1.2919976711 -5.000000 0.450539 5.000000 -5.000000 1.152685 5.000000 -5.000000 -5.000000 -1.669850 -5.000000 -5.000000 0.915249 5.000000 5.000000 5.000000
123 1.7047052383 -5.000000 -5.000000 0.620300 5.000000 -5.000000 5.000000 5.000000 -5.000000 -5.000000 5.000000 5.000000 1.033539 5.000000 5.000000 5.000000
124 1.3495155573 -5.000000 5.000000 5.000000 -5.000000 -5.000000 5.000000 -5.000000 -5.000000 2.784815 -5.000000 -5.000000 -1.303533 -5.000000 -5.000000 5.000000
125 1.7648744583 -5.000000 -5.000000 5.000000 5.000000 -5.000000 -5.000000 5.000000 -5.000000 -5.000000 5.000000 -5.000000 -5.000000 -5.000000 5.000000 -5.000000
126 1.4780818224 -2.803586 5.000000 5.000000 5.000000 -5.000000 -5.000000 5.000000 -5.000000 5.000000 5.000000 5.000000 -1.380826 -5.000000 -5.000000 5.000000
127 1.2957569361 -5.000000 5.000000 5.000000 -5.000000 1.436570 -0.114063 -5.000000 -5.000000 -0.820377 -5.000000 -5.000000 1.337504 5.000000 5.000000 5.000000
128 1.9427928925 -4.409648 5.000000 1.249531 5.000000 -2.627545 3.396477 4.230513 3.515263 -1.414285 2.044388 -2.144227 1.200814 0.766523 2.464189 -4.090414
129 1.2051122189 -5.000000 5.000000 5.000000 -5.000000 -5.000000 5.000000 -5.000000 -2.627623 0.151904 -0.706269 -5.000000 0.720061 5.000000 3.998996 5.000000
130 1.4067944288 5.000000 5.000000 5.000000 -5.000000 -5.000000 5.000000 -5.000000 -5.000000 -5.000000 -5.000000 -5.000000 5.000000 5.000000 -5.000000 5.000000
131 1.7025222778 5.000000 -5.000000 -5.000000 5.000000 5.000000 5.000000 -5.000000 4.070004 -5.000000 -5.000000 5.000000 -5.000000 -5.000000 5.000000 5.000000
132 1.5584551096 5.000000 5.000000 5.000000 -5.000000 -5.000000 5.000000 5.000000 5.000000 -5.000000 -5.000000 -5.000000 5.000000 -5.000000 -5.000000 5.000000
133 1.3895919323 -5.000000 -5.000000 4.627462 5.000000 -5.000000 5.000000 5.000000 -5.000000 5.000000 5.000000 -5.000000 5.000000 5.000000 -5.000000 5.000000
134 1.3902759552 -5.000000 5.000000 5.000000 -5.000000 -5.000000 5.000000 -5.000000 1.193839 5.000000 5.000000 -5.000000 5.000000 5.000000 0.489785 5.000000
135 1.7230945826 5.000000 -5.000000 -0.342971 5.000000 5.000000 5.000000 5.000000 5.000000 5.000000 5.000000 5.000000 -5.000000 -5.000000 -5.000000 5.000000
136 1.2949720621 -5.000000 5.000000 5.000000 -5.000000 -5.000000 5.000000 5.000000 -5.000000 -0.920157 -5.000000 -5.000000 -4.120103 -5.000000 -3.829953 -5.000000
137 1.2139502764 -5.000000 5.000000 5.000000 -5.000000 -5.000000 5.000000 -5.000000 -2.985208 -0.311502 -5.000000 -5.000000 0.454990 5.000000 5.000000 5.000000
138 1.5841938257 5.000000 5.000000 -1.675567 5.000000 -5.000000 5.000000 -5.000000 -5.000000 5.000000 5.000000 -5.000000 -5.000000 -5.000000 -5.000000 -5.000000
139 1.3579099178 5.000000 5.000000 5.000000 -5.000000 5.000000 5.000000 -5.000000 5.000000 -5.000000 -5.000000 -5.000000 5.000000 5.000000 -5.000000 5.000000
140 1.5138372183 -2.206903 5.000000 5.000000 -5.000000 -5.000000 5.000000 5.000000 -5.000000 -5.000000 -5.000000 -5.000000 -2.325516 -5.000000 -5.000000 5.000000
141 1.2688859701 -5.000000 5.000000 5.000000 -5.000000 -5.000000 5.000000 -5.000000 -5.000000 -0.487722 5.000000 -5.000000 -3.311513 -5.000000 -1.919240 -5.000000
142 1.2699370384 -5.000000 5.000000 5.000000 -2.345909 -0.538559 5.000000 -5.000000 -5.000000 -1.703237 -1.400557 -5.000000 2.972368 5.000000 5.000000 5.000000
143 1.4700208902 5.000000 -5.000000 5.000000 2.431155 5.000000 -3.150978 -5.000000 -5.000000 -5.000000 -5.000000 5.000000 5.000000 5.000000 -5.000000 5.000000
144 1.5405911207 5.000000 5.000000 5.000000 -1.702382 5.000000 5.000000 -5.000000 -1.644621 -5.000000 -5.000000 5.000000 5.000000 3.053257 -5.000000 5.000000
145 1.4818699360 5.000000 -5.000000 5.000000 -0.991806 5.000000 5.000000 -5.000000 -5.000000 -5.000000 5.000000 -5.000000 5.000000 5.000000 -5.000000 5.000000
146 1.4303652048 -5.000000 -5.000000 5.000000 -5.000000 -5.000000 5.000000 -5.000000 5.000000 5.000000 5.000000 -5.000000 -5.000000 -5.000000 5.000000 5.000000
147 1.7536633015 5.000000 -5.000000 5.000000 5.000000 -5.000000 5.000000 -5.000000 5.000000 -5.000000 -5.000000 -5.000000 5.000000 5.000000 -5.000000 5.000000
148 1.5756955147 5.000000 5.000000 5.000000 -1.443909 5.000000 -3.703364 -5.000000 -5.000000 -5.000000 -5.000000 -5.000000 5.000000 5.000000 -5.000000 5.000000
149 1.6429821253 5.000000 -5.000000 5.000000 -5.000000 5.000000 5.000000 -5.000000 -5.000000 -5.000000 -5.000000 -5.000000 -0.188407 -5.000000 -5.000000 -5.000000
150 1.5627083778 -5.000000 5.000000 5.000000 -5.000000 -5.000000 -5.000000 -5.000000 5.000000 5.000000 -5.000000 -5.000000 -5.000000 -5.000000 5.000000 -3.922005
151 1.5468454361 5.000000 -5.000000 5.000000 1.127970 -4.485874 -5.000000 -5.000000 -5.000000 -5.000000 -5.000000 5.000000 -5.000000 -5.000000 -5.000000 5.000000
152 1.5493652821 5.000000 -5.000000 5.000000 5.000000 5.000000 -5.000000 -5.000000 5.000000 -5.000000 -5.000000 5.000000 4.233585 -5.000000 -5.000000 5.000000
153 1.4927406311 5.000000 5.000000 -5.000000 5.000000 -5.000000 5.000000 5.000000 -5.000000 5.000000 -5.000000 5.000000 5.000000 5.000000 -5.000000 5.000000
154 1.4600524902 5.000000 -5.000000 5.000000 5.000000 5.000000 -5.000000 5.000000 -5.000000 5.000000 -5.000000 5.000000 5.000000 5.000000 -5.000000 5.000000
155 1.2178624868 -5.000000 5.000000 5.000000 -5.000000 -1.598897 5.000000 -5.000000 -5.000000 -1.311505 -2.825767 -5.000000 -3.536106 5.000000 3.992114 1.918669
156 1.5993269682 5.000000 -5.000000 5.000000 5.000000 5.000000 5.000000 -5.000000 -5.000000 5.000000 5.000000 5.000000 5.000000 5.000000 -5.000000 -5.000000
157 1.3197079897 -5.000000 5.000000 5.000000 -5.000000 5.000000 5.000000 2.339085 -5.000000 0.878605 5.000000 -5.000000 -2.586919 -5.000000 -5.000000 -5.000000
158 1.2312704325 -5.000000 5.000000 5.000000 -5.000000 -5.000000 5.000000 -5.000000 -5.000000 -0.543903 -3.312383 -5.000000 -0.710456 5.000000 3.283146 5.000000
159 1.6101807356 -2.102795 5.000000 5.000000 5.000000 -5.000000 5.000000 5.000000 -5.000000 5.000000 5.000000 -3.559149 -5.000000 5.000000 -5.000000 5.000000
160 1.4129379988 5.000000 5.000000 5.000000 -5.000000 -5.000000 5.000000 -5.000000 3.912445 -5.000000 5.000000 -5.000000 5.000000 5.000000 -5.000000 -5.000000
161 1.1207144260 -5.000000 5.000000 5.000000 -5.000000 -2.186651 5.000000 -5.000000 -1.798321 0.932778 -5.000000 -5.000000 -5.000000 -4.917264 5.000000 3.423015
162 1.6008526087 -5.000000 5.000000 -5.000000 -5.000000 -5.000000 5.000000 5.000000 -5.000000 -5.000000 -5.000000 5.000000 -5.000000 -5.000000 5.000000 -5.000000
163 1.8789466619 5.000000 -5.000000 -5.000000 5.000000 5.000000 5.000000 -5.000000 -5.000000 5.000000 -5.000000 5.000000 -5.000000 5.000000 -5.000000 5.000000
164 1.1207944155 -5.000000 5.000000 5.000000 -5.000000 1.650985 5.000000 -5.000000 -1.197819 1.674725 -5.000000 -5.000000 -5.000000 -5.000000 5.000000 -5.000000
165 1.8664627075 5.000000 -5.000000 -5.000000 -5.000000 5.000000 5.000000 5.000000 5.000000 -5.000000 2.406702 5.000000 5.000000 -5.000000 -5.000000 -5.000000
166 1.4929202795 5.000000 -5.000000 5.000000 5.000000 -5.000000 -5.000000 5.000000 5.000000 5.000000 -5.000000 5.000000 -5.000000 -5.000000 -5.000000 -5.000000
167 1.4567861557 5.000000 5.000000 5.000000 5.000000 5.000000 -5.000000 5.000000 -5.000000 -0.466111 5.000000 5.000000 5.000000 5.000000 -5.000000 -5.000000
168 1.5263906717 5.000000 5.000000 -2.472901 5.000000 -5.000000 -5.000000 5.000000 -5.000000 5.000000 -5.000000 5.000000 5.000000 -5.000000 -5.000000 -5.000000
169 1.7310956717 5.000000 -5.000000 5.000000 -5.000000 -5.000000 5.000000 -5.000000 5.000000 -5.000000 -5.000000 -5.000000 -5.000000 5.000000 -5.000000 5.000000
170 1.5503748655 -5.000000 -5.000000 5.000000 5.000000 5.000000 -4.565509 -5.000000 -5.000000 5.000000 5.000000 -5.000000 5.000000 5.000000 5.000000 5.000000
171 1.3162587881 -5.000000 5.000000 5.000000 -5.000000 -5.000000 -2.445423 5.000000 -5.000000 -5.000000 5.000000 5.000000 -5.000000 -5.000000 -5.000000 -5.000000
172 1.2148127556 -5.000000 5.000000 5.000000 -5.000000 -1.079174 5.000000 -5.000000 -0.708538 3.932512 -5.000000 -5.000000 -5.000000 -5.000000 5.000000 5.000000
173 1.4290251732 5.000000 -5.000000 5.000000 5.000000 -5.000000 -5.000000 5.000000 -5.000000 5.000000 5.000000 5.000000 -5.000000 -5.000000 -5.000000 -5.000000
174 1.5884319544 -5.000000 5.000000 -5.000000 5.000000 -5.000000 5.000000 -5.000000 -5.000000 5.000000 5.000000 5.000000 -5.000000 -5.000000 5.000000 -5.000000
175 1.1519398689 -5.000000 5.000000 5.000000 -5.000000 -1.623713 5.000000 -5.000000 -5.000000 -0.378129 -5.000000 -5.000000 -5.000000 -5.000000 5.000000 -5.000000
176 1.3149207830 -5.000000 5.000000 5.000000 -5.000000 -5.000000 -5.000000 5.000000 5.000000 -0.363197 -5.000000 5.000000 -5.000000 -5.000000 -5.000000 -5.000000
177 1.1482660770 -5.000000 5.000000 5.000000 -5.000000 5.000000 5.000000 -5.000000 -0.705175 0.349024 -5.000000 -5.000000 -5.000000 -5.000000 5.000000 -5.000000
178 1.9369816780 5.000000 5.000000 -5.000000 5.000000 -5.000000 5.000000 -5.000000 5.000000 5.000000 5.000000 5.000000 5.000000 -5.000000 -5.000000 -5.000000
179 1.4833682775 -5.000000 5.000000 5.000000 -5.000000 -5.000000 -5.000000 5.000000 5.000000 -5.000000 -5.000000 5.000000 -5.000000 -5.000000 5.000000 -5.000000
180 1.1904437542 -5.000000 5.000000 5.000000 -5.000000 -4.300490 5.000000 -5.000000 1.890590 -0.218433 -5.000000 -5.000000 -5.000000 -5.000000 5.000000 -5.000000
181 1.1300282478 -5.000000 5.000000 5.000000 -5.000000 0.407594 5.000000 -2.415652 -2.903569 0.994674 -5.000000 -5.000000 -5.000000 -5.000000 5.000000 -0.283197
182 1.5799578428 -5.000000 -5.000000 -5.000000 5.000000 -5.000000 5.000000 5.000000 -5.000000 2.336337 5.000000 5.000000 -5.000000 -5.000000 -5.000000 5.000000
183 1.2678258419 -5.000000 5.000000 5.000000 -5.000000 3.499431 5.000000 -5.000000 -2.847213 1.053707 -5.000000 -5.000000 1.699530 -5.000000 5.000000 -5.000000
184 1.6817127466 -5.000000 5.000000 5.000000 5.000000 -5.000000 -5.000000 -5.000000 -5.000000 -5.000000 5.000000 5.000000 5.000000 5.000000 5.000000 5.000000
185 1.5651974678 5.000000 -5.000000 5.000000 5.000000 -5.000000 -5.000000 5.000000 -5.000000 5.000000 -5.000000 5.000000 -5.000000 5.000000 5.000000 -5.000000
186 1.6223648787 -5.000000 5.000000 5.000000 -5.000000 5.000000 5.000000 -0.770506 3.881605 1.002640 -0.698566 -5.000000 -5.000000 5.000000 5.000000 5.000000
187 1.1550346613 -5.000000 5.000000 5.000000 -5.000000 3.457777 5.000000 -5.000000 -5.000000 0.751773 -5.000000 -5.000000 -5.000000 -5.000000 5.000000 -3.227476
188 1.5265948772 5.000000 5.000000 -5.000000 5.000000 -5.000000 -5.000000 5.000000 -5.000000 5.000000 -5.000000 5.000000 -5.000000 -5.000000 5.000000 -5.000000
189 1.5073714256 -5.000000 5.000000 5.000000 -5.000000 5.000000 -5.000000 -3.141750 -1.989855 -2.028543 -5.000000 5.000000 -5.000000 -5.000000 -5.000000 -5.000000
190 1.8912446499 5.000000 5.000000 -5.000000 5.000000 -5.000000 -5.000000 5.000000 -5.000000 5.000000 -5.000000 -5.000000 -5.000000 5.000000 -5.000000 -5.000000
191 1.5386824608 5.000000 -5.000000 5.000000 5.000000 5.000000 -5.000000 5.000000 1.595477 -5.000000 5.000000 5.000000 -5.000000 5.000000 -5.000000 -5.000000
192 1.0955410004 -5.000000 5.000000 5.000000 -5.000000 -0.529845 5.000000 -5.000000 -2.311349 0.181599 -5.000000 -5.000000 -5.000000 -5.000000 5.000000 -4.393745
193 1.3886774778 -5.000000 5.000000 5.000000 -5.000000 -5.000000 -5.000000 5.000000 5.000000 -0.276556 -5.000000 5.000000 5.000000 -5.000000 -5.000000 5.000000
194 1.1181770563 -5.000000 5.000000 5.000000 -5.000000 -0.588797 5.000000 -5.000000 -2.409426 0.189458 4.175672 -5.000000 -5.000000 -5.000000 5.000000 -5.000000
195 1.5275189877 5.000000 -5.000000 -5.000000 5.000000 -5.000000 5.000000 5.000000 -5.000000 5.000000 5.000000 -5.000000 5.000000 -5.000000 -5.000000 -5.000000
196 1.4220472574 5.000000 5.000000 5.000000 5.000000 -5.000000 -5.000000 5.000000 5.000000 -5.000000 -5.000000 5.000000 -5.000000 -5.000000 -5.000000 -5.000000
197 1.7206194401 5.000000 -5.000000 -5.000000 5.000000 -5.000000 5.000000 -5.000000 -5.000000 -5.000000 -5.000000 -5.000000 5.000000 5.000000 -5.000000 -5.000000
198 1.2976642847 -5.000000 5.000000 5.000000 -5.000000 -5.000000 5.000000 -3.665445 -1.160666 0.767555 -5.000000 0.260728 -5.000000 -5.000000 5.000000 -5.000000
199 1.7710853815 5.000000 5.000000 -5.000000 5.000000 5.000000 5.000000 5.000000 -5.000000 5.000000 -5.000000 5.000000 5.000000 -5.000000 5.000000 5.000000
200 1.2769546509 -5.000000 5.000000 5.000000 -5.000000 -5.000000 -5.000000 5.000000 0.031125 1.736819 5.000000 5.000000 -5.000000 -5.000000 -5.000000 5.000000
201 1.0402802229 -5.000000 5.000000 5.000000 -5.000000 -0.129779 5.000000 -5.000000 -2.374946 -1.851384 -1.121690 -5.000000 -5.000000 -5.000000 5.000000 -2.062415
202 1.7657282352 5.000000 5.000000 -5.000000 -5.000000 5.000000 -5.000000 5.000000 5.000000 -5.000000 -5.000000 5.000000 -5.000000 5.000000 -5.000000 -5.000000
203 1.3683762550 5.000000 5.000000 5.000000 -0.224051 -5.000000 5.000000 5.000000 -5.000000 -5.000000 5.000000 -5.000000 5.000000 5.000000 -5.000000 -5.000000
204 1.3933391571 -5.000000 -5.000000 -5.000000 5.000000 5.000000 -5.000000 5.000000 5.000000 5.000000 5.000000 5.000000 5.000000 5.000000 5.000000 -5.000000
205 1.1275677681 -5.000000 5.000000 5.000000 -5.000000 1.415157 5.000000 -5.000000 -1.640512 -5.000000 -5.000000 -5.000000 -5.000000 -5.000000 5.000000 -5.000000
206 1.5522857904 -5.000000 -5.000000 5.000000 5.000000 5.000000 -5.000000 5.000000 -5.000000 5.000000 5.000000 5.000000 5.000000 5.000000 -5.000000 -5.000000
207 1.5652031898 -5.000000 -5.000000 -5.000000 5.000000 5.000000 -5.000000 5.000000 5.000000 5.000000 5.000000 5.000000 5.000000 -5.000000 -5.000000 5.000000
208 1.4878759384 5.000000 -5.000000 5.000000 5.000000 -5.000000 -5.000000 5.000000 -5.000000 -5.000000 5.000000 5.000000 5.000000 5.000000 -5.000000 5.000000
209 1.4333232641 -5.000000 5.000000 5.000000 -5.000000 2.719310 5.000000 -5.000000 5.000000 -5.000000 5.000000 -5.000000 5.000000 -5.000000 -5.000000 -5.000000
210 1.4744817019 -5.000000 5.000000 5.000000 -5.000000 -5.000000 -5.000000 -5.000000 5.000000 -5.000000 -5.000000 5.000000 -5.000000 -5.000000 -5.000000 5.000000
211 1.5799765587 5.000000 5.000000 5.000000 0.780001 5.000000 -5.000000 5.000000 5.000000 -5.000000 -5.000000 5.000000 5.000000 -5.000000 -5.000000 -5.000000
212 1.4181923866 -5.000000 3.149522 -1.444701 -5.000000 -0.227976 5.000000 -5.000000 -2.006731 -0.381760 -5.000000 -5.000000 0.083817 -5.000000 -0.607929 -2.959241
213 1.5771838427 -5.000000 5.000000 -5.000000 5.000000 5.000000 -5.000000 -5.000000 5.000000 5.000000 5.000000 5.000000 5.000000 -5.000000 5.000000 -5.000000
214 1.4577724934 -5.000000 5.000000 5.000000 -5.000000 -1.071547 -5.000000 5.000000 2.929367 -5.000000 5.000000 -5.000000 -5.000000 -5.000000 -5.000000 -5.000000
215 1.6211941242 -5.000000 5.000000 5.000000 5.000000 5.000000 -5.000000 -5.000000 -5.000000 -5.000000 5.000000 5.000000 -5.000000 -5.000000 5.000000 5.000000
216 1.5442265272 -5.000000 5.000000 5.000000 -5.000000 5.000000 -5.000000 5.000000 5.000000 5.000000 5.000000 5.000000 3.984293 -5.000000 -5.000000 -5.000000
217 1.1740609407 -5.000000 5.000000 0.239531 -5.000000 2.451483 5.000000 -5.000000 -2.612584 -3.920608 5.000000 -5.000000 -5.000000 -5.000000 5.000000 -5.000000
218 1.4525527954 5.000000 5.000000 5.000000 5.000000 -5.000000 5.000000 -5.000000 -5.000000 5.000000 -5.000000 -5.000000 5.000000 5.000000 -5.000000 5.000000
219 1.4165169001 5.000000 -5.000000 5.000000 5.000000 -5.000000 5.000000 5.000000 -5.000000 5.000000 5.000000 -5.000000 5.000000 5.000000 -5.000000 5.000000
220 1.4201807976 -5.000000 5.000000 -5.000000 5.000000 5.000000 5.000000 5.000000 -5.000000 5.000000 5.000000 -5.000000 5.000000 -5.000000 -5.000000 -5.000000
221 1.8143506050 -5.000000 5.000000 -5.000000 5.000000 5.000000 5.000000 -5.000000 -5.000000 -5.000000 5.000000 5.000000 5.000000 -5.000000 5.000000 -5.000000
222 1.4374901056 5.000000 5.000000 5.000000 -5.000000 -5.000000 -5.000000 5.000000 5.000000 -5.000000 -5.000000 -5.000000 -5.000000 -5.000000 -5.000000 -5.000000
223 1.5047717094 -5.000000 5.000000 5.000000 -5.000000 -5.000000 -5.000000 5.000000 -1.784100 -5.000000 5.000000 5.000000 5.000000 5.000000 -5.000000 -5.000000
224 1.6695579290 -5.000000 5.000000 -5.000000 -5.000000 1.134266 5.000000 0.490664 5.000000 5.000000 -5.000000 5.000000 -5.000000 -3.385882 -5.000000 5.000000
225 1.4871110916 -5.000000 5.000000 -5.000000 5.000000 5.000000 -5.000000 5.000000 -5.000000 5.000000 5.000000 5.000000 -5.000000 5.000000 5.000000 -5.000000
226 1.4248332977 -5.000000 -5.000000 -5.000000 5.000000 5.000000 -5.000000 5.000000 5.000000 5.000000 5.000000 5.000000 -5.000000 -5.000000 5.000000 -5.000000
227 1.3669763803 -5.000000 -5.000000 5.000000 5.000000 5.000000 -5.000000 -5.000000 5.000000 5.000000 5.000000 5.000000 5.000000 5.000000 5.000000 5.000000
228 1.3283133507 5.000000 -5.000000 -5.000000 5.000000 5.000000 -5.000000 5.000000 -5.000000 -5.000000 5.000000 5.000000 -5.000000 -5.000000 -5.000000 -5.000000
229 1.3691872358 -5.000000 5.000000 -5.000000 -5.000000 5.000000 5.000000 -5.000000 -4.161241 5.000000 5.000000 -5.000000 -5.000000 -5.000000 5.000000 -5.000000
230 1.5503973961 5.000000 -5.000000 -5.000000 5.000000 -5.000000 -5.000000 5.000000 5.000000 5.000000 5.000000 5.000000 -5.000000 -5.000000 5.000000 5.000000
231 1.6931424141 -5.000000 -5.000000 5.000000 5.000000 5.000000 -5.000000 5.000000 5.000000 -5.000000 5.000000 5.000000 5.000000 -4.999142 5.000000 5.000000
232 1.4833444357 -5.000000 5.000000 -5.000000 5.000000 5.000000 5.000000 5.000000 -5.000000 -5.000000 5.000000 -5.000000 5.000000 5.000000 -5.000000 5.000000
233 1.4472754002 5.000000 5.000000 5.000000 5.000000 -5.000000 -5.000000 5.000000 5.000000 5.000000 -5.000000 5.000000 5.000000 5.000000 -5.000000 5.000000
234 1.4554462433 5.000000 -5.000000 -5.000000 5.000000 5.000000 -5.000000 -5.000000 -5.000000 -5.000000 -5.000000 5.000000 -5.000000 -5.000000 5.000000 -5.000000
235 1.4053837061 5.000000 5.000000 5.000000 0.718642 -5.000000 -5.000000 5.000000 -5.000000 -5.000000 -5.000000 5.000000 -5.000000 -5.000000 -5.000000 -5.000000
236 1.2557275295 5.000000 5.000000 5.000000 -5.000000 5.000000 5.000000 -5.000000 5.000000 -5.000000 -5.000000 -5.000000 -5.000000 -5.000000 5.000000 -5.000000
237 1.5140821934 -5.000000 5.000000 5.000000 5.000000 5.000000 -5.000000 5.000000 -5.000000 -5.000000 -5.000000 5.000000 5.000000 5.000000 5.000000 -5.000000
238 1.1336375475 -5.000000 5.000000 5.000000 -5.000000 -1.863622 5.000000 -5.000000 -2.109480 -5.000000 1.505651 -5.000000 -5.000000 -5.000000 5.000000 0.574321
239 1.6120920181 5.000000 5.000000 5.000000 -5.000000 5.000000 -4.525653 -5.000000 5.000000 -5.000000 5.000000 -5.000000 5.000000 -5.000000 -5.000000 5.000000
240 2.1898136139 0.691630 5.000000 4.089861 -2.831756 -5.000000 4.244632 -3.902816 3.912799 4.680797 -0.755660 -0.330761 -0.106644 -4.331004 -0.776940 -3.612607
241 1.3549721241 5.000000 5.000000 5.000000 -5.000000 -5.000000 5.000000 -5.000000 -5.000000 -5.000000 5.000000 -5.000000 -5.000000 -5.000000 -5.000000 -5.000000
242 1.3913848400 -5.000000 -5.000000 5.000000 5.000000 -5.000000 -5.000000 5.000000 5.000000 5.000000 5.000000 5.000000 5.000000 5.000000 5.000000 5.000000
243 1.3313497305 5.000000 5.000000 5.000000 -5.000000 5.000000 5.000000 -5.000000 5.000000 -5.000000 -5.000000 -5.000000 5.000000 5.000000 5.000000 -5.000000
244 1.4871588945 5.000000 5.000000 5.000000 5.000000 -5.000000 5.000000 5.000000 -5.000000 -5.000000 5.000000 -5.000000 5.000000 -5.000000 -5.000000 -5.000000
245 1.5820441246 -5.000000 -5.000000 5.000000 5.000000 -5.000000 -5.000000 -5.000000 -5.000000 5.000000 5.000000 5.000000 -5.000000 5.000000 5.000000 5.000000
246 1.2905910015 5.000000 5.000000 5.000000 -5.000000 5.000000 5.000000 -5.000000 -5.000000 -5.000000 -5.000000 -5.000000 -5.000000 -5.000000 5.000000 -5.000000
247 1.4368728399 5.000000 -5.000000 -5.000000 5.000000 5.000000 5.000000 -5.000000 -5.000000 -5.000000 5.000000 -5.000000 -5.000000 -5.000000 5.000000 -5.000000
248 1.4033095837 5.000000 5.000000 5.000000 -5.000000 5.000000 5.000000 -5.000000 -5.000000 5.000000 -5.000000 -5.000000 5.000000 5.000000 -5.000000 -5.000000
249 1.3799130917 5.000000 -5.000000 -5.000000 5.000000 -5.000000 5.000000 5.000000 -5.000000 -5.000000 5.000000 -5.000000 -5.000000 -5.000000 -5.000000 -5.000000
250 1.3519715071 5.000000 5.000000 5.000000 -5.000000 5.000000 5.000000 5.000000 5.000000 -5.000000 -5.000000 -5.000000 -5.000000 -5.000000 -5.000000 -5.000000
251 1.4906187057 5.000000 5.000000 5.000000 -5.000000 -5.000000 -5.000000 5.000000 -5.000000 -5.000000 5.000000 -5.000000 -5.000000 -5.000000 -5.000000 5.000000
252 1.4999128580 -5.000000 -5.000000 5.000000 5.000000 5.000000 5.000000 -5.000000 -5.000000 -5.000000 5.000000 -5.000000 5.000000 5.000000 -5.000000 5.000000
253 1.5311745405 5.000000 5.000000 5.000000 2.565464 -5.000000 5.000000 5.000000 -5.000000 -5.000000 -5.000000 5.000000 5.000000 -5.000000 -5.000000 5.000000
254 1.4656139612 5.000000 5.000000 5.000000 -5.000000 5.000000 5.000000 -5.000000 -5.000000 -5.000000 -5.000000 -5.000000 -5.000000 5.000000 -5.000000 -5.000000
255 1.4218615294 5.000000 5.000000 5.000000 0.751481 -5.000000 5.000000 -5.000000 -5.000000 -5.000000 5.000000 -5.000000 -5.000000 -5.000000 -5.000000 5.000000
256 1.7214989662 5.000000 -5.000000 -5.000000 5.000000 5.000000 5.000000 5.000000 5.000000 -5.000000 5.000000 -5.000000 5.000000 -5.000000 -5.000000 5.000000
257 1.7333719730 5.000000 5.000000 5.000000 5.000000 -5.000000 5.000000 5.000000 5.000000 5.000000 -5.000000 -5.000000 5.000000 5.000000 -5.000000 -5.000000
258 1.4754279852 5.000000 5.000000 5.000000 -5.000000 5.000000 5.000000 -5.000000 5.000000 5.000000 5.000000 -5.000000 -5.000000 -5.000000 5.000000 -5.000000
259 1.7121359110 -5.000000 5.000000 5.000000 -5.000000 -5.000000 5.000000 5.000000 5.000000 5.000000 -5.000000 5.000000 5.000000 -5.000000 -5.000000 -5.000000
260 1.5629535913 5.000000 5.000000 5.000000 -5.000000 5.000000 -5.000000 -5.000000 -5.000000 -5.000000 -5.000000 5.000000 -5.000000 -5.000000 5.000000 -5.000000
261 1.6035536528 -5.000000 5.000000 5.000000 -5.000000 5.000000 -5.000000 5.000000 -5.000000 5.000000 5.000000 5.000000 -5.000000 -5.000000 5.000000 -5.000000
262 1.8450156450 0.770051 -5.000000 5.000000 5.000000 5.000000 5.000000 5.000000 -5.000000 -5.000000 -5.000000 5.000000 5.000000 -5.000000 -5.000000 5.000000
263 1.4484215975 -5.000000 5.000000 5.000000 -5.000000 5.000000 -5.000000 -5.000000 5.000000 -5.000000 -5.000000 5.000000 5.000000 5.000000 5.000000 -5.000000
264 1.3900184631 5.000000 5.000000 5.000000 5.000000 -5.000000 -5.000000 5.000000 -5.000000 5.000000 -5.000000 5.000000 5.000000 5.000000 -5.000000 5.000000
265 1.4600256681 -5.000000 5.000000 5.000000 -5.000000 -5.000000 5.000000 5.000000 5.000000 -5.000000 5.000000 5.000000 -5.000000 -5.000000 -5.000000 -5.000000
266 1.3126000166 5.000000 -5.000000 -5.000000 5.000000 5.000000 -5.000000 5.000000 -5.000000 -5.000000 5.000000 5.000000 5.000000 5.000000 5.000000 -5.000000
267 1.4360334873 -5.000000 5.000000 5.000000 0.773216 -5.000000 -5.000000 5.000000 -5.000000 5.000000 -5.000000 5.000000 -5.000000 -5.000000 5.000000 5.000000
268 1.6473560333 -5.000000 5.000000 -5.000000 5.000000 5.000000 5.000000 -5.000000 -5.000000 5.000000 5.000000 -5.000000 5.000000 5.000000 5.000000 -5.000000
269 1.4155260324 -5.000000 -5.000000 -5.000000 5.000000 -5.000000 -5.000000 5.000000 5.000000 5.000000 5.000000 5.000000 -5.000000 -5.000000 5.000000 5.000000
270 1.5180616379 -5.000000 -5.000000 5.000000 -5.000000 -5.000000 -5.000000 -5.000000 5.000000 5.000000 5.000000 5.000000 5.000000 5.000000 5.000000 5.000000
271 1.2256705761 5.000000 -5.000000 -5.000000 5.000000 5.000000 -5.000000 5.000000 -5.000000 -5.000000 5.000000 5.000000 5.000000 5.000000 -5.000000 5.000000
272 1.5218747854 5.000000 -5.000000 -5.000000 5.000000 -5.000000 1.198621 5.000000 -5.000000 -5.000000 5.000000 5.000000 -5.000000 -5.000000 -5.000000 -5.000000
273 1.3787611723 5.000000 -5.000000 -5.000000 5.000000 -5.000000 5.000000 5.000000 -5.000000 5.000000 5.000000 -5.000000 -5.000000 -5.000000 5.000000 -5.000000
274 1.4515492916 5.000000 5.000000 -5.000000 5.000000 -5.000000 5.000000 5.000000 -5.000000 -5.000000 -5.000000 -5.000000 -5.000000 -5.000000 5.000000 5.000000
275 1.3757137060 5.000000 -5.000000 -5.000000 5.000000 5.000000 -5.000000 5.000000 5.000000 5.000000 5.000000 5.000000 5.000000 5.000000 -5.000000 -5.000000
276 1.6746104956 5.000000 -5.000000 -5.000000 5.000000 5.000000 -5.000000 5.000000 -5.000000 -5.000000 -5.000000 5.000000 5.000000 -4.999363 -5.000000 -5.000000
277 1.5355757475 5.000000 -5.000000 -5.000000 5.000000 5.000000 -5.000000 5.000000 5.000000 -5.000000 -5.000000 5.000000 -5.000000 5.000000 5.000000 -5.000000
278 1.5386666059 5.000000 5.000000 -5.000000 -5.000000 5.000000 5.000000 -5.000000 5.000000 5.000000 -5.000000 5.000000 -5.000000 -5.000000 5.000000 -5.000000
279 1.3254628181 5.000000 -5.000000 -5.000000 5.000000 5.000000 -5.000000 5.000000 -5.000000 5.000000 5.000000 5.000000 5.000000 5.000000 5.000000 5.000000
280 1.4673911333 5.000000 5.000000 5.000000 -5.000000 5.000000 5.000000 -5.000000 5.000000 -5.000000 5.000000 -5.000000 5.000000 -5.000000 -5.000000 -5.000000
281 1.4192715883 -5.000000 -5.000000 5.000000 -5.000000 5.000000 5.000000 -5.000000 5.000000 -5.000000 -5.000000 -5.000000 -5.000000 -5.000000 5.000000 -5.000000
282 1.3258022070 -5.000000 5.000000 5.000000 -5.000000 2.255731 5.000000 -5.000000 -5.000000 -2.911867 5.000000 -5.000000 -5.000000 -5.000000 5.000000 5.000000
283 1.5304726362 5.000000 -5.000000 5.000000 5.000000 5.000000 -5.000000 5.000000 -5.000000 -5.000000 5.000000 5.000000 -5.000000 5.000000 5.000000 -5.000000
284 1.4427214861 5.000000 5.000000 5.000000 5.000000 -5.000000 5.000000 5.000000 -5.000000 5.000000 -5.000000 -5.000000 -5.000000 -5.000000 5.000000 -5.000000
285 1.3633759022 -5.000000 5.000000 -5.000000 -5.000000 5.000000 5.000000 5.000000 5.000000 -5.000000 -5.000000 -5.000000 -5.000000 -5.000000 -5.000000 -5.000000
286 1.3957772255 5.000000 5.000000 -5.000000 5.000000 -5.000000 5.000000 5.000000 -5.000000 -5.000000 5.000000 -5.000000 5.000000 5.000000 -5.000000 5.000000
287 1.4256373644 5.000000 -5.000000 -5.000000 5.000000 5.000000 -5.000000 -5.000000 5.000000 -5.000000 -5.000000 5.000000 5.000000 5.000000 5.000000 5.000000
288 1.4124218225 5.000000 5.000000 -5.000000 -5.000000 5.000000 5.000000 5.000000 -5.000000 -5.000000 -5.000000 -5.000000 -5.000000 -5.000000 -5.000000 -5.000000
289 1.5791642666 -5.000000 5.000000 5.000000 5.000000 5.000000 -5.000000 5.000000 5.000000 5.000000 5.000000 5.000000 5.000000 5.000000 -5.000000 5.000000
290 1.3531150818 -5.000000 -5.000000 -5.000000 5.000000 5.000000 5.000000 5.000000 -5.000000 -5.000000 5.000000 -5.000000 -5.000000 -5.000000 -5.000000 -5.000000
291 1.4278075695 -5.000000 -5.000000 5.000000 -5.000000 5.000000 5.000000 -5.000000 -5.000000 5.000000 5.000000 -5.000000 -5.000000 5.000000 5.000000 -5.000000
292 1.4566315413 -5.000000 5.000000 5.000000 5.000000 -5.000000 -5.000000 5.000000 5.000000 5.000000 5.000000 5.000000 -5.000000 -5.000000 5.000000 5.000000
293 1.4867525101 5.000000 5.000000 5.000000 -5.000000 -5.000000 -5.000000 5.000000 5.000000 -5.000000 5.000000 5.000000 -5.000000 -5.000000 -5.000000 -5.000000
294 1.5339460373 5.000000 5.000000 5.000000 -5.000000 5.000000 -5.000000 -5.000000 5.000000 -5.000000 -5.000000 -5.000000 -5.000000 -5.000000 -5.000000 5.000000
295 1.4591407776 -1.888913 5.000000 5.000000 -5.000000 5.000000 5.000000 -5.000000 -5.000000 -5.000000 -5.000000 -5.000000 5.000000 5.000000 5.000000 1.195807
296 1.3834954500 5.000000 5.000000 -5.000000 5.000000 -5.000000 -5.000000 5.000000 -5.000000 5.000000 5.000000 5.000000 5.000000 5.000000 -5.000000 5.000000
297 1.3594963551 5.000000 -5.000000 -5.000000 5.000000 -5.000000 5.000000 5.000000 -5.000000 5.000000 5.000000 -5.000000 -5.000000 -5.000000 -5.000000 5.000000
298 1.4974063635 5.000000 -5.000000 -5.000000 5.000000 5.000000 5.000000 5.000000 -5.000000 -5.000000 5.000000 -5.000000 5.000000 5.000000 5.000000 -5.000000
299 1.3842133284 5.000000 -5.000000 -5.000000 5.000000 5.000000 -5.000000 -5.000000 -5.000000 5.000000 5.000000 5.000000 5.000000 5.000000 -5.000000 5.000000
300 1.3365982771 -5.000000 5.000000 -5.000000 5.000000 5.000000 -5.000000 5.000000 -5.000000 5.000000 5.000000 5.000000 -5.000000 -5.000000 -5.000000 -5.000000
301 1.4625164270 5.000000 5.000000 5.000000 -5.000000 -5.000000 5.000000 5.000000 -5.000000 -5.000000 -5.000000 -5.000000 -5.000000 5.000000 -5.000000 -5.000000
302 1.5579530001 5.000000 5.000000 -5.000000 5.000000 5.000000 -5.000000 5.000000 -5.000000 5.000000 5.000000 5.000000 5.000000 -5.000000 -5.000000 5.000000
303 1.5522031784 -5.000000 -5.000000 -5.000000 5.000000 5.000000 -5.000000 5.000000 -5.000000 5.000000 -5.000000 5.000000 5.000000 5.000000 5.000000 5.000000
304 1.4263578653 5.000000 -5.000000 5.000000 5.000000 5.000000 -5.000000 -5.000000 5.000000 5.000000 -5.000000 5.000000 5.000000 5.000000 5.000000 5.000000
305 1.6582103968 -5.000000 5.000000 5.000000 -5.000000 5.000000 -5.000000 5.000000 -5.000000 -5.000000 -5.000000 5.000000 5.000000 5.000000 -5.000000 5.000000
306 1.7632234097 5.000000 5.000000 -5.000000 -5.000000 5.000000 5.000000 5.000000 5.000000 -5.000000 -5.000000 -5.000000 -5.000000 5.000000 5.000000 -5.000000
307 1.5864744186 -5.000000 5.000000 5.000000 -5.000000 -5.000000 -5.000000 5.000000 -5.000000 5.000000 5.000000 5.000000 -5.000000 5.000000 5.000000 -5.000000
308 1.5755441189 -5.000000 5.000000 5.000000 -5.000000 5.000000 5.000000 5.000000 -5.000000 5.000000 -5.000000 -5.000000 5.000000 5.000000 -5.000000 -5.000000
309 1.6246588230 5.000000 -5.000000 5.000000 5.000000 5.000000 5.000000 -5.000000 -5.000000 -5.000000 5.000000 -5.000000 5.000000 5.000000 5.000000 5.000000
310 1.6132980585 5.000000 5.000000 5.000000 5.000000 -5.000000 -5.000000 -5.000000 -5.000000 -5.000000 -5.000000 5.000000 5.000000 5.000000 -5.000000 -5.000000
311 1.7013102770 5.000000 -5.000000 -5.000000 -5.000000 5.000000 5.000000 -5.000000 -5.000000 -5.000000 5.000000 5.000000 -5.000000 5.000000 5.000000 -5.000000
312 1.5725563765 5.000000 -5.000000 5.000000 -5.000000 -5.000000 -5.000000 -5.000000 5.000000 -5.000000 -5.000000 5.000000 -5.000000 5.000000 5.000000 -5.000000
313 1.5779225826 5.000000 -5.000000 5.000000 5.000000 5.000000 -5.000000 -5.000000 5.000000 -5.000000 5.000000 5.000000 -5.000000 -5.000000 5.000000 5.000000
314 1.4788786173 -5.000000 5.000000 5.000000 -5.000000 -5.000000 -5.000000 5.000000 5.000000 5.000000 5.000000 5.000000 5.000000 5.000000 -5.000000 5.000000
315 2.0507702827 5.000000 -2.518415 5.000000 2.876953 -5.000000 -5.000000 1.431674 5.000000 -5.000000 3.659628 -3.758506 5.000000 -4.572005 -2.912946 -5.000000
316 1.4596531391 5.000000 5.000000 5.000000 5.000000 -5.000000 -5.000000 -5.000000 -5.000000 -5.000000 -5.000000 5.000000 -5.000000 -5.000000 5.000000 5.000000
317 1.5411075354 -5.000000 5.000000 5.000000 -5.000000 5.000000 -5.000000 -5.000000 -5.000000 5.000000 5.000000 5.000000 5.000000 5.000000 5.000000 -5.000000
318 1.5410834551 5.000000 5.000000 -5.000000 -5.000000 5.000000 -5.000000 -5.000000 5.000000 -5.000000 5.000000 5.000000 5.000000 5.000000 -5.000000 -5.000000
319 1.4865059853 -5.000000 5.000000 5.000000 -5.000000 5.000000 -5.000000 5.000000 5.000000 -5.000000 -5.000000 5.000000 -5.000000 -5.000000 -5.000000 5.000000
320 1.5403130054 5.000000 5.000000 5.000000 -5.000000 -5.000000 -5.000000 -5.000000 5.000000 -5.000000 -5.000000 5.000000 5.000000 5.000000 -5.000000 5.000000
321 1.3907139301 5.000000 5.000000 -5.000000 5.000000 5.000000 5.000000 5.000000 -5.000000 -5.000000 5.000000 -5.000000 -5.000000 -5.000000 -5.000000 -5.000000
322 1.4954576492 5.000000 -5.000000 -5.000000 5.000000 5.000000 5.000000 5.000000 -5.000000 -5.000000 5.000000 -5.000000 -5.000000 5.000000 -5.000000 -5.000000
323 1.4434814453 5.000000 5.000000 -5.000000 -5.000000 -5.000000 -5.000000 5.000000 5.000000 -5.000000 -5.000000 5.000000 -5.000000 -5.000000 -5.000000 5.000000
324 1.6172273159 -5.000000 5.000000 5.000000 -5.000000 5.000000 -5.000000 -5.000000 5.000000 -5.000000 5.000000 -5.000000 5.000000 -5.000000 -5.000000 5.000000
325 1.6323856115 5.000000 -5.000000 5.000000 -5.000000 5.000000 -5.000000 5.000000 5.000000 -5.000000 5.000000 -5.000000 5.000000 5.000000 -5.000000 -5.000000
326 1.4554742575 5.000000 -5.000000 5.000000 -5.000000 5.000000 -5.000000 -5.000000 5.000000 -5.000000 -5.000000 5.000000 5.000000 5.000000 5.000000 5.000000
327 1.6342841387 -5.000000 -5.000000 -5.000000 5.000000 5.000000 5.000000 5.000000 5.000000 5.000000 -5.000000 -5.000000 5.000000 -5.000000 -5.000000 -5.000000
328 1.3567869663 -5.000000 5.000000 -5.000000 -1.306121 -1.033270 5.000000 5.000000 -5.000000 -5.000000 5.000000 -5.000000 -5.000000 -5.000000 -5.000000 -5.000000
329 1.6531754732 5.000000 -5.000000 5.000000 -5.000000 5.000000 -5.000000 5.000000 5.000000 5.000000 -5.000000 5.000000 -5.000000 -5.000000 -5.000000 -5.000000
330 1.6154854298 -5.000000 5.000000 5.000000 -5.000000 -5.000000 -5.000000 5.000000 5.000000 -5.000000 5.000000 -5.000000 5.000000 5.000000 5.000000 5.000000
331 1.4746229649 5.000000 5.000000 5.000000 -5.000000 -5.000000 -5.000000 5.000000 5.000000 -5.000000 -5.000000 5.000000 -5.000000 -5.000000 5.000000 -5.000000
332 1.5022344589 5.000000 5.000000 5.000000 5.000000 -5.000000 -5.000000 5.000000 5.000000 -1.468815 -5.000000 5.000000 5.000000 -5.000000 5.000000 5.000000
333 1.4275034666 5.000000 -4.999831 5.000000 -5.000000 -5.000000 5.000000 -5.000000 5.000000 -5.000000 -5.000000 -5.000000 -5.000000 -5.000000 5.000000 5.000000
334 1.3729288578 -5.000000 5.000000 5.000000 5.000000 -5.000000 -5.000000 5.000000 -5.000000 5.000000 -5.000000 5.000000 -5.000000 -5.000000 -5.000000 -5.000000
335 1.4830467701 5.000000 -5.000000 -5.000000 5.000000 5.000000 -5.000000 5.000000 -5.000000 -5.000000 5.000000 -5.000000 5.000000 5.000000 -5.000000 -5.000000
336 1.4696607590 5.000000 5.000000 5.000000 -5.000000 -2.371664 1.865281 1.795699 -5.000000 -0.493138 5.000000 -5.000000 0.661332 4.834093 5.000000 0.640877
337 1.6056374311 -5.000000 -5.000000 -0.078406 5.000000 5.000000 5.000000 5.000000 5.000000 5.000000 -5.000000 -5.000000 5.000000 5.000000 5.000000 5.000000
338 1.5654447079 -5.000000 5.000000 -5.000000 5.000000 -5.000000 -5.000000 -5.000000 5.000000 5.000000 -5.000000 5.000000 5.000000 5.000000 5.000000 5.000000
339 1.4916114807 5.000000 5.000000 5.000000 -5.000000 5.000000 5.000000 5.000000 -5.000000 5.000000 5.000000 -5.000000 -5.000000 -5.000000 -5.000000 -5.000000
340 1.2819015980 -5.000000 5.000000 5.000000 -0.893416 5.000000 5.000000 -5.000000 -5.000000 5.000000 -5.000000 -5.000000 -5.000000 -5.000000 -5.000000 -5.000000
341 1.4960556030 5.000000 5.000000 -5.000000 5.000000 -5.000000 -5.000000 5.000000 -5.000000 -5.000000 -5.000000 5.000000 5.000000 5.000000 5.000000 5.000000
342 1.3030369282 5.000000 -5.000000 -5.000000 5.000000 5.000000 5.000000 5.000000 -5.000000 5.000000 5.000000 5.000000 5.000000 5.000000 -5.000000 5.000000
343 1.6675971746 -5.000000 5.000000 -5.000000 -5.000000 5.000000 5.000000 -5.000000 5.000000 -5.000000 -5.000000 -5.000000 5.000000 -5.000000 5.000000 5.000000
344 1.7268372774 5.000000 5.000000 5.000000 -5.000000 -5.000000 -5.000000 5.000000 -5.000000 5.000000 -5.000000 -5.000000 5.000000 5.000000 5.000000 -5.000000
345 1.4206855297 -5.000000 5.000000 5.000000 5.000000 5.000000 5.000000 5.000000 -5.000000 -5.000000 -5.000000 -5.000000 5.000000 5.000000 -5.000000 5.000000
346 1.5075244904 -5.000000 5.000000 5.000000 -5.000000 -5.000000 -5.000000 -5.000000 5.000000 5.000000 -5.000000 -5.000000 5.000000 5.000000 -5.000000 5.000000
347 1.4662784338 -5.000000 5.000000 -5.000000 -5.000000 5.000000 5.000000 -5.000000 5.000000 5.000000 5.000000 5.000000 -5.000000 -5.000000 5.000000 -5.000000
348 1.4820227623 5.000000 -5.000000 -5.000000 5.000000 -5.000000 -5.000000 5.000000 5.000000 5.000000 -5.000000 5.000000 5.000000 5.000000 5.000000 5.000000
349 1.5502094030 5.000000 -5.000000 5.000000 -5.000000 5.000000 5.000000 -5.000000 5.000000 -5.000000 5.000000 -5.000000 -5.000000 5.000000 5.000000 -5.000000
350 1.6241259575 5.000000 5.000000 -5.000000 -5.000000 -5.000000 5.000000 -5.000000 -5.000000 -5.000000 5.000000 -5.000000 5.000000 -5.000000 -5.000000 5.000000
351 1.3938496113 -5.000000 -5.000000 5.000000 -5.000000 -5.000000 -5.000000 5.000000 5.000000 5.000000 5.000000 5.000000 -5.000000 -5.000000 -5.000000 -5.000000
352 1.7357499599 -5.000000 5.000000 -5.000000 5.000000 5.000000 -5.000000 -5.000000 -5.000000 5.000000 -5.000000 5.000000 -5.000000 -5.000000 5.000000 -5.000000
353 1.7748811245 -1.733667 -1.422157 -3.636686 -4.252622 -3.357240 1.826565 5.000000 -5.000000 -3.160629 5.000000 -2.979012 -4.045378 -5.000000 -1.164483 5.000000
354 1.8054671288 -5.000000 -5.000000 -5.000000 -5.000000 -5.000000 5.000000 -5.000000 5.000000 -5.000000 5.000000 5.000000 -5.000000 -5.000000 5.000000 -5.000000
355 1.2973097563 5.000000 5.000000 5.000000 -5.000000 -5.000000 5.000000 -5.000000 5.000000 -5.000000 -5.000000 -5.000000 -5.000000 -5.000000 5.000000 5.000000
356 1.4436982870 5.000000 5.000000 5.000000 -5.000000 -5.000000 5.000000 -5.000000 -5.000000 5.000000 -5.000000 -5.000000 -5.000000 5.000000 5.000000 -5.000000
357 1.4866206646 -5.000000 -5.000000 5.000000 -5.000000 5.000000 5.000000 -5.000000 5.000000 -5.000000 5.000000 -5.000000 5.000000 5.000000 5.000000 -5.000000
358 1.5243480206 5.000000 -5.000000 5.000000 -5.000000 -5.000000 -5.000000 -5.000000 -5.000000 -5.000000 5.000000 5.000000 5.000000 5.000000 5.000000 5.000000
359 1.5128498077 5.000000 -5.000000 5.000000 5.000000 5.000000 5.000000 -5.000000 -5.000000 5.000000 5.000000 -5.000000 -5.000000 -5.000000 -5.000000 5.000000
360 1.6619520187 5.000000 -5.000000 5.000000 -5.000000 5.000000 -5.000000 -5.000000 -5.000000 5.000000 5.000000 5.000000 5.000000 5.000000 -5.000000 -5.000000
361 1.5493329763 5.000000 -5.000000 5.000000 5.000000 5.000000 -5.000000 -5.000000 5.000000 -5.000000 5.000000 5.000000 5.000000 5.000000 -5.000000 5.000000
362 1.2202477455 -5.000000 5.000000 5.000000 -5.000000 5.000000 5.000000 -5.000000 -1.655039 -5.000000 -5.000000 -5.000000 -5.000000 -5.000000 -5.000000 -5.000000
363 1.3165335655 5.000000 5.000000 5.000000 -5.000000 -5.000000 5.000000 -5.000000 -5.000000 -5.000000 5.000000 -5.000000 5.000000 5.000000 5.000000 5.000000
364 2.1286730766 0.529822 -4.999981 -1.571318 -3.733372 -2.408956 -3.452945 -0.899685 -3.485380 -4.987335 3.574229 -2.937138 -2.992275 -4.823160 1.155366 -3.448143
365 1.4679963589 -5.000000 5.000000 -5.000000 -5.000000 5.000000 -5.000000 5.000000 5.000000 -5.000000 5.000000 5.000000 -5.000000 -5.000000 -5.000000 -5.000000
366 1.5097624063 -5.000000 -5.000000 5.000000 -5.000000 -5.000000 5.000000 -5.000000 5.000000 5.000000 -5.000000 -5.000000 -5.000000 5.000000 5.000000 -5.000000
367 1.3787641525 -5.000000 5.000000 5.000000 5.000000 5.000000 5.000000 5.000000 -5.000000 -5.000000 -5.000000 -5.000000 5.000000 -5.000000 -5.000000 -5.000000
368 1.3080197573 5.000000 5.000000 5.000000 -5.000000 -5.000000 5.000000 5.000000 -5.000000 -5.000000 -5.000000 -5.000000 -5.000000 -5.000000 5.000000 5.000000
369 1.4954943657 5.000000 -5.000000 -5.000000 5.000000 5.000000 5.000000 5.000000 -5.000000 -5.000000 5.000000 5.000000 5.000000 5.000000 5.000000 5.000000
370 1.5573532581 5.000000 5.000000 -5.000000 5.000000 5.000000 -5.000000 5.000000 5.000000 -5.000000 -5.000000 5.000000 -5.000000 -5.000000 5.000000 -5.000000
371 1.5888385773 5.000000 -5.000000 -5.000000 -5.000000 -5.000000 -5.000000 5.000000 -5.000000 5.000000 5.000000 5.000000 -5.000000 -5.000000 -5.000000 5.000000
372 1.3806914091 -5.000000 -5.000000 5.000000 5.000000 -5.000000 -5.000000 5.000000 5.000000 5.000000 -5.000000 5.000000 -5.000000 -5.000000 5.000000 5.000000
373 1.3166736364 5.000000 -5.000000 -5.000000 5.000000 5.000000 -5.000000 5.000000 -5.000000 5.000000 5.000000 5.000000 5.000000 5.000000 -5.000000 -5.000000
374 1.4655629396 5.000000 -5.000000 -5.000000 -5.000000 5.000000 5.000000 -5.000000 5.000000 -5.000000 5.000000 -5.000000 5.000000 5.000000 5.000000 5.000000
375 1.5022754669 5.000000 -5.000000 -5.000000 -5.000000 -5.000000 -5.000000 5.000000 -5.000000 -5.000000 5.000000 5.000000 5.000000 5.000000 -5.000000 -5.000000
376 1.4407379627 5.000000 5.000000 5.000000 -5.000000 5.000000 -5.000000 -5.000000 5.000000 5.000000 -5.000000 5.000000 5.000000 -5.000000 -5.000000 5.000000
377 1.5574645996 -5.000000 -5.000000 5.000000 -5.000000 -5.000000 5.000000 5.000000 5.000000 5.000000 5.000000 -5.000000 -5.000000 -5.000000 -5.000000 -5.000000
378 1.6765193939 5.000000 -5.000000 -5.000000 -5.000000 5.000000 -5.000000 -5.000000 5.000000 5.000000 -5.000000 5.000000 -5.000000 -5.000000 5.000000 -5.000000
379 1.5642548800 -5.000000 -5.000000 5.000000 -5.000000 -5.000000 -5.000000 -5.000000 5.000000 -5.000000 -5.000000 5.000000 -5.000000 5.000000 5.000000 5.000000
380 1.3149111271 -5.000000 5.000000 5.000000 -5.000000 5.000000 5.000000 -5.000000 -5.000000 5.000000 -5.000000 -5.000000 5.000000 5.000000 5.000000 5.000000
381 1.7503436804 4.780308 2.743490 4.996597 3.286748 0.913542 -0.422621 -0.957441 -2.700201 0.293900 -0.114386 -4.807801 1.422352 -2.911403 -4.546834 -0.440981
382 1.4609626532 -0.785305 -5.000000 -5.000000 5.000000 5.000000 -5.000000 5.000000 -5.000000 -5.000000 5.000000 5.000000 5.000000 5.000000 5.000000 5.000000
383 1.4700783491 5.000000 -5.000000 -5.000000 -5.000000 5.000000 -5.000000 -5.000000 -5.000000 -5.000000 5.000000 5.000000 -5.000000 -5.000000 -5.000000 5.000000
384 1.6559340954 5.000000 5.000000 -5.000000 -5.000000 5.000000 -5.000000 5.000000 -5.000000 -5.000000 5.000000 5.000000 5.000000 5.000000 -5.000000 5.000000
385 1.5752125978 5.000000 5.000000 5.000000 -5.000000 -5.000000 -5.000000 -5.000000 5.000000 -5.000000 -5.000000 5.000000 5.000000 -5.000000 -5.000000 -5.000000
386 1.3132147789 -5.000000 5.000000 5.000000 5.000000 5.000000 5.000000 -5.000000 -5.000000 -5.000000 -5.000000 -5.000000 -5.000000 -5.000000 -5.000000 -5.000000
387 1.4995963573 -5.000000 -5.000000 -5.000000 5.000000 5.000000 5.000000 5.000000 5.000000 5.000000 5.000000 5.000000 5.000000 5.000000 -5.000000 5.000000
388 1.4504178762 5.000000 5.000000 -5.000000 -5.000000 -5.000000 -5.000000 5.000000 -5.000000 -5.000000 5.000000 5.000000 -5.000000 -5.000000 -5.000000 -5.000000
389 1.4312200546 5.000000 5.000000 -5.000000 5.000000 5.000000 -5.000000 5.000000 5.000000 -5.000000 -5.000000 5.000000 5.000000 5.000000 -5.000000 -5.000000
390 1.3528654575 5.000000 5.000000 5.000000 5.000000 5.000000 5.000000 -5.000000 -5.000000 -5.000000 -5.000000 -5.000000 -5.000000 -5.000000 -5.000000 -5.000000
391 1.5454881191 5.000000 5.000000 5.000000 -5.000000 -5.000000 5.000000 5.000000 -5.000000 -5.000000 5.000000 5.000000 5.000000 5.000000 5.000000 -5.000000
392 2.1143965721 2.374417 -1.592940 0.052164 1.092403 3.534149 1.155471 -4.828736 2.413858 -2.443623 -1.805685 2.930931 0.991673 0.785522 -0.178426 1.887789
393 1.3427857161 -5.000000 5.000000 5.000000 5.000000 5.000000 5.000000 -5.000000 -5.000000 5.000000 -5.000000 -5.000000 5.000000 -5.000000 -5.000000 5.000000
394 1.5323624611 5.000000 -5.000000 -5.000000 5.000000 5.000000 5.000000 5.000000 5.000000 -5.000000 -5.000000 5.000000 5.000000 5.000000 -5.000000 -5.000000
395 1.4011441469 -5.000000 5.000000 5.000000 5.000000 5.000000 5.000000 -5.000000 -5.000000 -5.000000 -5.000000 -5.000000 5.000000 -5.000000 5.000000 5.000000
396 1.5805479288 -5.000000 -5.000000 5.000000 -5.000000 5.000000 -5.000000 5.000000 5.000000 -5.000000 5.000000 5.000000 5.000000 5.000000 -5.000000 5.000000
397 1.4803093672 5.000000 -5.000000 -5.000000 5.000000 -5.000000 -5.000000 5.000000 -5.000000 -5.000000 5.000000 5.000000 -5.000000 5.000000 -5.000000 5.000000
398 1.5378370285 -5.000000 -5.000000 -5.000000 5.000000 -5.000000 5.000000 -5.000000 5.000000 5.000000 -5.000000 -5.000000 5.000000 5.000000 5.000000 5.000000
399 1.3394404650 -5.000000 5.000000 -5.000000 -5.000000 -5.000000 -5.000000 5.000000 -2.921283 -5.000000 5.000000 5.000000 -5.000000 -5.000000 -5.000000 -5.000000
400 1.4406859875 5.000000 -5.000000 -5.000000 5.000000 5.000000 5.000000 5.000000 5.000000 5.000000 5.000000 -5.000000 5.000000 5.000000 -5.000000 5.000000
401 1.2688523531 -5.000000 -0.096702 5.000000 -5.000000 -3.583526 5.000000 -5.000000 -5.000000 -5.000000 5.000000 -5.000000 -5.000000 -5.000000 5.000000 -5.000000
402 1.3892531395 -5.000000 5.000000 5.000000 5.000000 -5.000000 -5.000000 5.000000 -5.000000 -5.000000 5.000000 5.000000 -5.000000 -5.000000 -5.000000 5.000000
403 1.4150081873 5.000000 -5.000000 5.000000 5.000000 5.000000 5.000000 5.000000 -5.000000 -5.000000 5.000000 -5.000000 -5.000000 -5.000000 -5.000000 -5.000000
404 1.4248535633 -5.000000 5.000000 -5.000000 5.000000 -5.000000 -5.000000 5.000000 5.000000 5.000000 -5.000000 5.000000 -5.000000 -5.000000 -5.000000 -5.000000
405 1.4873162508 -5.000000 5.000000 5.000000 5.000000 -5.000000 5.000000 -5.000000 -5.000000 -5.000000 -5.000000 -5.000000 5.000000 5.000000 5.000000 -5.000000
406 1.4881644249 5.000000 5.000000 -5.000000 -5.000000 -5.000000 5.000000 -5.000000 5.000000 -5.000000 -5.000000 5.000000 5.000000 5.000000 5.000000 -5.000000
407 1.4963988066 -5.000000 5.000000 5.000000 5.000000 5.000000 5.000000 -5.000000 -5.000000 -5.000000 5.000000 -5.000000 5.000000 -5.000000 -5.000000 -5.000000
408 1.5250743628 5.000000 5.000000 -5.000000 5.000000 5.000000 5.000000 -5.000000 -5.000000 5.000000 5.000000 -5.000000 5.000000 5.000000 -5.000000 5.000000
409 1.4925224781 -5.000000 -5.000000 5.000000 -5.000000 5.000000 -5.000000 -5.000000 5.000000 5.000000 5.000000 5.000000 -5.000000 -5.000000 5.000000 5.000000
410 1.3659882545 -5.000000 -5.000000 -5.000000 5.000000 5.000000 5.000000 -5.000000 5.000000 5.000000 5.000000 -5.000000 -5.000000 -5.000000 5.000000 -5.000000
411 1.5976424217 -5.000000 -5.000000 5.000000 -5.000000 5.000000 -5.000000 5.000000 -5.000000 -5.000000 5.000000 5.000000 5.000000 5.000000 5.000000 5.000000
412 1.5411148071 -5.000000 5.000000 5.000000 5.000000 -5.000000 5.000000 -5.000000 5.000000 5.000000 -5.000000 -5.000000 5.000000 -5.000000 5.000000 5.000000
413 1.5688744783 5.000000 5.000000 5.000000 5.000000 -5.000000 5.000000 -5.000000 -5.000000 -5.000000 -5.000000 -5.000000 5.000000 -5.000000 5.000000 5.000000
414 1.6884078979 5.000000 5.000000 -5.000000 5.000000 -5.000000 -5.000000 -5.000000 5.000000 5.000000 -5.000000 5.000000 -5.000000 -5.000000 5.000000 5.000000
415 1.3829441071 0.186369 -5.000000 -5.000000 5.000000 5.000000 5.000000 5.000000 -5.000000 5.000000 5.000000 -5.000000 5.000000 5.000000 -5.000000 5.000000
416 1.3672603369 5.000000 5.000000 5.000000 -5.000000 5.000000 5.000000 -5.000000 5.000000 -5.000000 -5.000000 -5.000000 5.000000 -5.000000 5.000000 5.000000
417 1.5839432478 -5.000000 -5.000000 -5.000000 5.000000 5.000000 5.000000 5.000000 5.000000 -5.000000 5.000000 -5.000000 5.000000 5.000000 5.000000 5.000000
418 1.4001356363 5.000000 5.000000 5.000000 -5.000000 -5.000000 5.000000 -5.000000 -5.000000 -5.000000 -5.000000 5.000000 -5.000000 -5.000000 5.000000 5.000000
419 1.5144232512 -5.000000 -5.000000 5.000000 -5.000000 5.000000 -5.000000 -5.000000 5.000000 -5.000000 -5.000000 -5.000000 5.000000 5.000000 5.000000 5.000000
420 1.5233844519 5.000000 -5.000000 5.000000 -5.000000 -5.000000 5.000000 -5.000000 -5.000000 -5.000000 5.000000 -5.000000 5.000000 5.000000 5.000000 -5.000000
421 1.4945354462 -5.000000 -5.000000 5.000000 5.000000 5.000000 5.000000 -5.000000 5.000000 5.000000 5.000000 -5.000000 5.000000 -5.000000 5.000000 5.000000
422 1.4894481897 5.000000 -5.000000 5.000000 -5.000000 5.000000 5.000000 -5.000000 5.000000 -5.000000 5.000000 -5.000000 5.000000 -5.000000 5.000000 5.000000
423 1.4920402765 5.000000 -5.000000 5.000000 -5.000000 -5.000000 5.000000 -5.000000 -5.000000 5.000000 5.000000 -5.000000 -5.000000 -5.000000 5.000000 -5.000000
424 1.5550261736 -5.000000 -5.000000 5.000000 -5.000000 5.000000 5.000000 -5.000000 -5.000000 -5.000000 5.000000 -5.000000 5.000000 -5.000000 -5.000000 -5.000000
425 1.4405930042 5.000000 5.000000 5.000000 5.000000 5.000000 -5.000000 -5.000000 5.000000 5.000000 -5.000000 5.000000 5.000000 5.000000 5.000000 -5.000000
426 1.5166540146 -5.000000 5.000000 5.000000 5.000000 -5.000000 5.000000 5.000000 -5.000000 5.000000 5.000000 5.000000 5.000000 5.000000 -5.000000 5.000000
427 1.3616397381 -5.000000 5.000000 5.000000 5.000000 -5.000000 5.000000 -5.000000 -5.000000 -5.000000 -5.000000 -5.000000 -5.000000 -5.000000 5.000000 5.000000
428 1.6064682007 -5.000000 -5.000000 -5.000000 5.000000 5.000000 -5.000000 -5.000000 5.000000 5.000000 5.000000 -5.000000 -5.000000 -5.000000 5.000000 5.000000
429 1.3425984383 -5.000000 -5.000000 5.000000 -5.000000 5.000000 5.000000 -5.000000 -1.450482 5.000000 5.000000 -5.000000 -5.000000 -5.000000 5.000000 -5.000000
430 1.7135746479 5.000000 -5.000000 5.000000 -5.000000 0.360947 5.000000 -5.000000 5.000000 -5.000000 5.000000 5.000000 -5.000000 -5.000000 -5.000000 -5.000000
431 1.5973043442 5.000000 5.000000 5.000000 -5.000000 5.000000 5.000000 -5.000000 5.000000 -5.000000 5.000000 5.000000 5.000000 5.000000 5.000000 5.000000
432 1.5680534840 5.000000 5.000000 5.000000 5.000000 5.000000 -5.000000 -5.000000 -5.000000 5.000000 -5.000000 5.000000 -5.000000 -5.000000 -5.000000 -5.000000
433 1.6458454132 -5.000000 5.000000 5.000000 5.000000 -5.000000 -5.000000 -5.000000 5.000000 5.000000 5.000000 5.000000 -5.000000 -5.000000 5.000000 -5.000000
434 1.4421715736 -5.000000 -5.000000 5.000000 5.000000 5.000000 5.000000 -5.000000 -5.000000 5.000000 -5.000000 -5.000000 5.000000 5.000000 5.000000 5.000000
435 1.4936980009 5.000000 5.000000 5.000000 -5.000000 5.000000 5.000000 -5.000000 5.000000 5.000000 -5.000000 5.000000 5.000000 5.000000 -5.000000 -5.000000
436 1.4424816370 5.000000 -5.000000 5.000000 5.000000 5.000000 -5.000000 5.000000 5.000000 -5.000000 -5.000000 5.000000 5.000000 5.000000 -5.000000 -5.000000
437 1.5421403646 -5.000000 -5.000000 5.000000 5.000000 5.000000 -5.000000 5.000000 5.000000 5.000000 5.000000 5.000000 -5.000000 -5.000000 -5.000000 5.000000
438 1.5613903999 5.000000 5.000000 5.000000 5.000000 -5.000000 -5.000000 5.000000 -5.000000 -5.000000 5.000000 5.000000 -5.000000 -5.000000 5.000000 -5.000000
439 1.3381280899 5.000000 5.000000 5.000000 -5.000000 -5.000000 5.000000 -5.000000 -5.000000 -5.000000 5.000000 -5.000000 -5.000000 -5.000000 5.000000 5.000000
440 1.9127359390 -5.000000 -5.000000 -5.000000 5.000000 5.000000 5.000000 -5.000000 -5.000000 -5.000000 -5.000000 -5.000000 -5.000000 5.000000 5.000000 5.000000
441 1.5639157295 5.000000 -5.000000 5.000000 -5.000000 5.000000 5.000000 -5.000000 5.000000 -5.000000 -5.000000 5.000000 5.000000 5.000000 5.000000 -5.000000
442 1.5675164461 5.000000 -5.000000 -5.000000 -5.000000 5.000000 5.000000 -5.000000 -5.000000 -5.000000 5.000000 5.000000 5.000000 -5.000000 5.000000 5.000000
443 1.7273710966 -5.000000 -5.000000 -5.000000 5.000000 5.000000 5.000000 -5.000000 5.000000 5.000000 -5.000000 5.000000 5.000000 -5.000000 5.000000 5.000000
444 1.3514719009 -5.000000 5.000000 -5.000000 -5.000000 -5.000000 5.000000 5.000000 -5.000000 5.000000 5.000000 5.000000 -5.000000 -5.000000 -5.000000 -5.000000
445 1.5497618914 -5.000000 5.000000 5.000000 -5.000000 -5.000000 -5.000000 -5.000000 -5.000000 5.000000 5.000000 5.000000 -5.000000 -5.000000 -5.000000 -5.000000
446 1.3423531055 -5.000000 -5.000000 5.000000 5.000000 -5.000000 -5.000000 5.000000 5.000000 -5.000000 -5.000000 5.000000 5.000000 5.000000 5.000000 5.000000
447 1.3049607277 5.000000 5.000000 5.000000 -5.000000 -5.000000 5.000000 5.000000 -5.000000 -5.000000 5.000000 -5.000000 -5.000000 5.000000 -5.000000 -5.000000
448 1.8189733028 5.000000 -5.000000 5.000000 -5.000000 5.000000 -5.000000 5.000000 -5.000000 -5.000000 5.000000 -5.000000 -5.000000 5.000000 -5.000000 -5.000000
449 1.6487762928 -5.000000 -5.000000 5.000000 -5.000000 5.000000 -5.000000 -5.000000 5.000000 -5.000000 5.000000 -5.000000 -5.000000 5.000000 5.000000 -5.000000
450 1.3704520464 -5.000000 5.000000 5.000000 5.000000 -5.000000 -5.000000 5.000000 5.000000 5.000000 -5.000000 5.000000 5.000000 5.000000 5.000000 5.000000
