evaluations raw_y x0 x1 x2 x3 x4
1 3.4362845908 -0.714402 -2.957211 0.937101 -1.016973 -0.304890
2 3.5901910579 -1.636014 -2.251351 1.005689 -0.612884 3.000835
3 3.5423617035 -1.744959 -0.695142 1.283315 -3.333221 2.889119
4 3.5501913121 -2.617426 -2.030296 2.727268 -2.691443 3.192249
5 3.7421712320 -0.523787 -2.433780 3.516623 -0.562375 3.027654
6 3.7599997467 0.240179 -1.443211 0.728006 -1.034655 4.946712
7 3.7747791220 -0.088200 -1.882161 3.753625 -1.848630 3.844513
8 3.4877511186 -0.903759 -3.451206 2.486431 -2.178095 1.181609
9 3.4301453978 -1.258280 -2.265860 1.309098 -1.583302 -0.400142
10 3.5639120709 -0.172275 -2.041414 1.232236 -1.216762 1.096181
11 3.4759211133 -1.056620 -2.185282 0.679417 -2.483832 1.907453
12 3.5299710573 -2.524000 -3.046382 2.876206 0.191374 0.615095
13 3.4645648066 -2.016214 -2.073637 0.439926 -0.877503 1.125688
14 3.4593809798 -1.795911 -1.794868 0.892969 -1.953313 1.129385
15 3.6657093104 0.621472 -0.330547 0.970970 -0.790458 0.782947
16 3.4455666383 0.055772 -3.511482 2.902755 -1.787353 -1.501203
17 3.4636550663 -2.781983 -1.452819 2.721791 -1.544340 -0.365451
18 4.3170422217 -0.801252 -4.133915 1.351506 -2.332328 0.503027
19 4.6832104676 -2.101622 -2.225730 0.293387 -1.769086 -2.607613
20 4.5024876982 0.434270 -3.837238 0.579616 -2.621738 -1.563551
21 3.5108543121 -2.078435 -3.223983 3.275904 -1.283391 0.979679
22 4.4024342527 -1.657802 -2.341244 2.277270 -2.116614 -2.237658
23 3.5986695096 1.807082 -1.968524 2.141482 -1.800454 -0.477048
24 3.5546963925 -1.354979 -1.676030 4.018385 -2.687214 0.384476
25 3.6513911823 -0.847697 -1.575542 3.137812 -0.074278 0.282649
26 4.3616448372 -1.907408 -4.976726 4.137204 -2.047753 -0.909193
27 4.4270100410 0.033717 -3.262649 2.901149 -2.379722 -3.554609
28 3.4987537457 -1.960069 -3.577556 3.355254 -2.729530 2.301568
29 3.7183323661 -1.503183 -1.860457 3.313024 -1.039036 3.562160
30 3.5662785069 0.492929 -2.168898 1.075763 -2.271057 1.824007
31 3.5625763829 -3.991706 -1.438664 4.999799 0.187390 -0.889780
32 3.7147659535 -0.798920 -2.303717 4.597597 -1.439695 2.334688
33 3.5655451780 -1.616503 -2.947429 3.885522 -1.275994 0.890170
34 3.6362719232 -1.977528 -1.292803 4.918366 -3.201916 2.126839
35 3.5100716346 -3.111291 -2.258210 4.036858 -0.840487 -0.175216
36 4.2917189254 -3.903174 -3.046194 2.937422 -1.523235 0.486560
37 3.4807179620 -0.980788 -3.425392 1.728108 -3.664054 3.314299
38 3.5589023056 -2.002281 -2.450988 2.666363 -1.617041 2.185944
39 3.6800139335 -0.504209 -2.993397 3.940252 -2.511008 3.653869
40 3.4435164058 -3.353711 -1.220208 3.364218 -2.091195 -0.588078
41 3.4471115021 -4.069927 -1.126962 3.590114 -3.356958 1.157976
42 3.4371073338 -3.862887 -1.112577 2.722855 -2.895590 1.110867
43 3.4634529878 -2.808099 -0.718303 3.589129 -3.378929 -0.111277
44 4.4348239718 -3.015556 -2.242388 1.607875 -3.259684 0.584127
45 3.6081256493 -2.749574 -2.243892 4.404163 -2.551366 3.062091
46 3.4389505505 -1.736448 -0.861763 1.383252 -4.052314 1.272609
47 3.5407247372 -0.662017 -0.867992 0.694613 -1.436829 0.633447
48 3.4232161269 -3.257114 -0.396868 2.679552 -2.725800 -0.658657
49 3.6052309731 -3.056611 -0.422790 3.710201 -2.215147 1.838766
50 3.4464122547 -1.324809 -0.752865 2.305015 -4.568750 0.519472
51 3.4345037683 -4.124114 0.151947 1.836936 -1.726444 -0.235923
52 3.4534760192 -2.121660 -0.397534 3.029322 -2.352400 -1.816153
53 4.2937174034 -4.078310 -0.001357 2.223337 -3.960221 0.804152
54 4.2805901339 -1.101950 -4.329014 2.568936 -3.364952 1.214441
55 3.5321392636 -1.549212 0.444466 1.510707 -2.784322 0.540845
56 3.4829143195 -1.823545 -2.169512 2.322854 -1.506149 0.199367
57 3.4556339158 -4.307599 1.305756 1.610261 -4.453287 2.236395
58 3.4874320267 -1.715330 -1.016610 0.596162 -0.789551 0.052923
59 4.3154395425 -2.106826 -2.244555 2.766086 -1.963694 -1.755063
60 3.4776297757 -3.394914 -1.228440 2.639154 -2.781823 1.666709
61 3.4186545566 -3.537174 1.302880 3.442765 -2.276224 -3.396724
62 3.4185376464 -4.298982 -1.148546 3.633314 -0.351029 -2.301945
63 4.4127474204 -3.601374 -2.413058 2.745842 -1.574887 -1.267733
64 3.5077487883 -3.566037 -0.190053 2.980396 -2.266816 0.640396
65 3.4340661129 -3.654194 -1.530679 3.568009 -1.817413 -0.673455
66 4.6375886058 -2.276130 0.105892 0.988429 -4.676220 -2.117704
67 4.3737858013 -4.948045 -1.301621 3.382389 0.276247 -3.050493
68 3.4320612763 -4.837795 2.012815 3.298652 -0.437404 -4.190407
69 3.4297089814 -4.699430 1.630611 2.666014 -1.134618 -2.671166
70 3.4517624135 -4.343751 -0.051339 2.689785 -0.424330 -1.568460
71 3.5263269285 -2.462745 -0.510681 3.136352 -0.432182 -1.702806
72 3.4783352306 -2.637026 -2.854945 2.144039 -1.788315 2.053265
73 3.4302904424 -4.999451 0.853536 3.762888 -0.559455 -3.252652
74 4.3157687109 -4.407807 0.731443 1.361803 -1.527564 -1.376640
75 3.5848542825 -3.623653 1.522976 3.363335 -0.567923 -1.311998
76 3.7707035851 -2.631434 3.641264 4.359955 2.154101 -3.839087
77 4.3461577981 -4.775055 0.375632 4.286886 -1.392032 -3.802497
78 3.5955394776 -4.628440 3.462005 3.718391 0.294077 -3.215954
79 3.4205307910 -3.696384 3.446687 3.029304 -2.329836 -4.870814
80 3.4695377714 -3.701506 0.494138 3.665677 -2.874161 -0.870774
81 4.5408587747 -2.423466 -0.140192 1.843598 -2.340185 -4.074083
82 3.4385751775 -2.317412 0.871396 1.293726 -1.814990 -2.036070
83 3.4870707102 -1.803569 0.837066 3.179010 -0.571503 -4.521776
84 3.5342330999 -3.182315 3.144012 3.962987 -1.305905 -4.407827
85 3.4488476001 -2.528744 3.560010 3.122316 -4.960248 -2.958889
86 4.3254527795 -2.364331 1.007355 2.204685 -1.542627 -4.568675
87 3.6525830340 -4.760221 3.238295 4.461586 0.250808 -2.239938
88 3.4726346061 -4.456852 4.979538 3.660786 -2.594222 -4.804183
89 3.4421616268 -2.956944 2.509497 1.764310 -3.448664 -1.788527
90 4.5314352144 -0.696847 2.240239 -1.486588 -4.623406 -2.545435
91 4.5494099957 -4.948553 2.506038 1.301412 -0.949708 -4.921386
92 4.8101087063 -4.985316 2.323327 0.529250 -4.802624 -2.270901
93 4.2627676922 -3.853279 2.418668 1.217127 0.078231 -4.505161
94 4.2619005448 -4.003260 3.767246 1.550171 -1.951163 -4.017638
95 3.5023120405 -2.964811 0.767389 4.776832 -2.249132 -2.858241
96 3.4524274044 -2.816212 2.612060 1.858392 -4.931576 -0.405356
97 3.5193746964 -0.669194 -0.118176 1.171774 -1.586095 -0.931301
98 3.4482017614 -1.017210 1.435972 0.771380 -4.876745 -0.093905
99 3.4922486705 -3.279505 4.968037 2.341633 -3.135750 -3.655316
100 4.3765107755 -2.141407 3.676816 -0.459311 -3.457634 -3.380810
101 3.5048153439 1.741692 -1.746159 1.059747 -4.324296 0.799004
102 3.4809758010 -4.987222 2.775538 2.795705 -4.057493 0.451618
103 3.4413002453 -3.136375 1.207854 0.899947 -1.909509 -1.002188
104 4.2622981715 -3.359856 4.584464 1.826637 -3.911239 -3.834561
105 3.4512290969 -2.414072 4.152450 0.141933 -1.484933 -4.105809
106 3.4829311732 -2.825895 2.699918 2.821516 -1.988034 -3.684095
107 3.4234277723 -3.376925 -0.420918 0.474879 -1.229291 0.198268
108 3.4692454982 -4.190231 2.674401 1.836500 -2.938401 -0.675655
109 3.5229560657 -1.155095 4.005556 1.900722 -4.849446 -1.951817
110 3.4258942262 -1.925260 3.186887 0.083222 -4.639653 -1.002081
111 3.5107591158 -2.577640 4.045648 2.296022 -4.714775 -1.381673
112 4.3670129887 -2.165087 -0.147449 -0.746782 -4.999980 2.334536
113 3.4585518796 -2.248669 0.836090 -0.436860 0.059583 -1.751072
114 3.4319301394 -1.659018 1.532003 1.542074 -4.997207 -0.575019
115 4.3655729307 -2.775996 2.116671 -0.170435 -1.634810 -3.197468
116 3.4193628563 -2.820097 0.990618 0.943217 -2.913048 -0.648770
117 3.4310575796 -3.083941 0.968366 0.299874 -1.705174 -0.656494
118 3.4179267595 -3.793965 0.274341 -0.524996 -2.116341 1.679636
119 4.3768065291 -2.826249 1.401629 -0.128809 -4.730171 0.466237
120 3.4204935262 -0.221682 0.081509 -0.820761 -2.555573 -0.905402
121 4.4360499011 -4.996754 4.753921 0.158524 -2.766091 -3.286654
122 3.4725315100 -3.414716 4.539548 -0.525334 -3.272037 -0.544777
123 4.3191863433 -3.672317 0.278035 -1.380452 -1.073425 0.557044
124 4.3583440347 -3.995464 2.610647 -0.826245 -1.646511 -1.721272
125 4.3529139612 -1.768313 1.489955 -1.742563 -2.609753 -0.997655
126 4.4575403513 -1.723751 -1.536305 -0.403662 -1.496858 -1.415825
127 3.4348549388 -2.217637 2.149724 0.526608 -4.998023 0.449865
128 3.4121420201 -3.148302 -0.910307 -0.611535 0.441323 -0.386411
129 3.4253875128 -3.572575 -0.116786 -1.320064 -1.788692 2.489494
130 3.4440165875 -3.384700 0.872094 -0.931557 -3.327902 2.894671
131 3.4561653055 -2.294247 -2.578625 -0.457914 -2.193759 3.928368
132 3.4751765682 -4.069362 -1.305777 -1.265309 -0.531072 4.015421
133 3.4383177902 -1.621300 2.032610 -0.446295 -1.733834 -2.240488
134 4.3033363594 -3.684003 0.005154 -0.025845 -2.710157 1.252386
135 4.5196105985 -3.587012 1.755291 0.203371 -3.615076 -1.731002
136 3.4150567600 -4.602067 -0.999840 -0.541934 0.697461 0.898620
137 3.4495646572 -3.488995 -1.631470 -0.630823 1.411860 0.590461
138 3.4333428887 -2.254169 1.389890 0.136004 -2.996910 -0.399283
139 3.4779007005 -3.166946 -1.166623 -3.234516 1.195467 3.279577
140 4.2654792167 -3.239862 0.416869 -1.837858 0.454975 -0.604379
141 3.4451834298 -4.957847 -0.074684 1.847277 0.342084 -1.007215
142 4.4075775987 -4.953726 -0.406117 0.582406 -0.825236 -0.407666
143 4.3610763318 -4.678384 -0.793068 -0.916414 0.417639 0.352360
144 3.4171871101 -2.619033 1.619660 -0.540598 -3.714958 0.756486
145 4.4094645471 -4.879929 3.899834 1.197287 -3.261822 -2.893164
146 4.3615362081 -3.180221 1.965422 -2.132936 -3.568853 1.267334
147 3.4756871114 -3.859827 -0.047007 -0.407115 -1.689382 2.859050
148 3.4307001716 -3.629819 1.909706 0.280689 -2.735024 -0.011192
149 3.4047564818 -2.513295 0.022842 0.304813 -2.694075 0.093524
150 4.3088933017 -4.824218 1.139964 -0.079083 0.360216 -1.711345
151 3.4842779027 -2.078385 0.571403 -0.151644 -3.388059 2.101268
152 4.3126792732 -2.736784 -0.905478 -0.875749 -1.514127 0.734311
153 3.4256019280 -3.006616 0.574732 0.177274 -2.591046 0.541998
