evaluations raw_y x0 x1 x2 x3 x4 x5 x6 x7 x8 x9 x10 x11 x12 x13 x14
1 2.1573286057 -2.390765 -0.588553 2.400311 -3.552962 4.908674 -2.370909 4.502656 0.059096 4.909703 -4.494544 3.268237 2.139528 1.434783 3.909674 -1.122057
2 2.4773752689 0.075618 2.959615 3.988931 -1.368397 -2.578126 0.731756 0.429619 -3.504146 4.257379 -0.392809 0.940673 -1.246030 0.482906 -1.196263 -2.906672
3 2.4513330460 1.067881 4.188196 -3.380521 2.816058 -2.489284 -2.828684 3.775030 -4.214460 -2.262412 -3.994137 2.560857 -1.848096 -0.864560 -4.042715 3.728981
4 2.3984823227 -0.372153 0.244249 -0.132594 3.848278 -1.173399 3.690372 3.109567 3.796477 -0.356913 -3.697116 1.953231 1.921087 0.668631 1.833707 -2.122900
5 1.7018992901 -4.371505 -2.983418 -1.346780 -4.526702 -1.778634 -4.666134 2.715856 -4.951409 -1.811350 0.527334 -4.743283 3.166963 -2.208179 3.416536 0.228328
6 2.3573973179 2.187099 -2.511304 0.002811 -1.837702 1.744891 4.179811 4.557691 -2.806938 1.009872 -3.330806 0.741094 0.695696 1.204467 4.847780 0.716655
7 2.0307812691 3.908069 -1.896923 1.766410 -1.600468 3.428540 -4.923272 -3.866822 -1.970751 -0.327514 -2.711395 1.434564 0.843506 4.879891 4.636130 -4.336326
8 1.3900413513 -4.790521 0.745970 1.527242 -1.988956 1.655228 3.517888 -2.977519 -3.773913 -3.384396 1.761172 -2.441097 -0.616135 -3.425654 -3.108417 2.463951
9 2.2140245438 -0.700579 4.055320 -3.744460 -3.924558 1.035754 -0.086689 -1.496328 -3.963599 -4.078191 4.834669 3.660005 1.457092 2.384405 -0.771882 -1.729564
10 2.3582892418 0.380018 -1.881376 -4.963907 3.327304 2.318069 -0.698232 4.122590 4.928051 -2.622927 4.386428 -4.340607 3.966470 -1.897965 -2.297044 -1.508478
11 2.1450781822 -2.832848 -2.729476 1.249670 -1.072471 0.498182 -3.227346 -1.815904 2.360098 4.001240 -2.318418 -3.889307 -3.310660 2.586837 -0.088206 3.585996
12 2.1848487854 -0.947585 -1.068969 0.883561 -4.951473 3.976630 -4.092550 -3.555246 1.822231 1.910483 -0.994953 -1.507162 -0.123437 3.712225 -4.237428 3.334128
13 2.5952014923 1.902736 -4.943067 -4.532501 0.180992 -0.267301 4.691978 4.039344 -1.308925 3.551823 0.635335 -3.480523 -2.589440 2.796632 -0.451600 2.561731
14 2.8697986603 1.649084 4.760064 -3.928609 2.244393 2.059853 -3.772455 -2.621013 3.528037 -0.097716 1.185490 -0.981794 -1.666060 0.034138 -3.237929 1.691498
15 1.4935940504 4.694784 3.178672 -0.701012 -4.760115 2.902141 4.036918 0.228567 -2.630660 -2.037522 3.814877 -4.821641 -1.191000 -1.113812 -2.414756 4.379744
16 2.4000644684 0.984567 3.741650 0.714775 0.574804 -4.158041 -2.675592 -4.053890 -2.548136 -3.502654 2.695808 -1.338164 0.302569 -4.530806 -3.876851 -0.598911
17 2.1081414223 2.356880 -3.456982 -0.470520 -2.534772 4.140968 2.160285 -0.094645 3.943592 -1.154281 -1.525170 -0.420662 -4.502037 4.653601 -1.305089 0.946652
18 2.3052606583 2.890585 -2.181946 -4.208550 -2.928056 3.190789 -4.402490 2.210829 4.590189 3.851330 -1.709353 4.089943 0.367353 0.244778 1.587758 -4.579600
19 2.2805643082 2.666823 -3.059133 4.337960 1.661003 2.706476 -0.964850 -3.234614 4.360793 3.128473 -0.285919 -3.020252 -0.869589 -0.397236 -1.664057 -1.955704
20 2.5425431728 -1.529721 2.098513 4.693880 1.226422 4.599515 2.954933 0.710422 -1.840024 -3.709682 -1.977232 4.529727 -4.304168 -0.583328 -2.911541 -3.416222
21 2.2598955631 -1.863428 -4.448906 0.255724 3.630819 0.272058 -0.383274 3.489500 -0.993274 0.235223 0.230696 1.557229 3.357981 -3.948299 2.205485 0.028090
22 1.9556841850 -4.055094 -1.362182 -3.198511 0.437953 -2.836776 0.262252 4.832190 -4.455937 0.339549 -2.886318 -1.148599 -3.067806 3.073613 3.840800 -3.584559
23 1.8381345272 4.179088 -1.486497 -0.878288 1.790949 -3.799731 -3.553571 1.892697 2.758913 4.459992 -4.745080 2.261845 -2.996004 1.556360 -0.951411 4.636563
24 2.0978798866 -3.359056 -3.981280 4.264319 0.928443 3.811994 1.277945 -4.572347 -3.268474 3.363945 2.192530 -0.742554 1.206249 -0.222291 -4.447683 -3.001081
25 2.1354303360 -3.078881 -0.779113 -4.594355 4.728606 -4.987875 -0.197112 -4.130656 3.229805 1.354717 -4.924255 -2.171091 -3.809241 0.848783 3.186468 -1.383204
26 2.8797335625 0.258169 -0.330310 -2.425785 -0.373139 0.836635 0.866939 0.903330 0.520232 -2.553382 0.916554 1.876680 -1.929871 -3.516962 -4.961374 2.206709
27 2.3763761520 -1.159621 -0.361604 -2.290598 1.116766 3.471651 -1.417586 1.024913 0.623980 2.364151 4.620744 -2.834219 4.792080 -4.659186 0.987261 -4.965839
28 1.6988795996 4.971517 -4.183390 4.787277 0.064365 -0.466676 -1.006810 2.411008 3.163643 -4.866205 3.994917 2.980774 -3.541398 3.919015 1.970407 3.021541
29 2.6236810684 -0.189725 1.860969 -1.633681 -3.206564 -4.573726 1.114279 -0.293745 1.280645 2.755748 -0.772355 -1.733523 -0.509487 -4.982102 3.472042 1.513314
30 1.9363245964 4.431319 -4.770281 3.464659 3.141518 -4.498650 0.400000 3.434263 4.256955 -0.909420 2.431367 0.458076 4.666458 -1.717896 0.370342 -2.496599
31 2.0910029411 3.172809 2.555949 -2.690105 4.424602 1.418880 1.752381 -2.407106 2.889994 -1.370753 4.177369 -0.212309 -4.937234 -2.354852 -4.687153 4.093937
32 1.6538705826 -4.647030 2.177340 2.835999 1.951912 -1.537654 3.098186 1.554762 -1.527668 1.506385 -1.128220 3.819083 2.838154 -2.608202 2.982936 -3.729888
33 2.2349042892 -2.137867 1.440642 3.071163 4.782970 -4.038401 1.475187 -1.382466 -2.237442 -4.193843 3.407989 -2.745587 1.337590 1.971862 -2.657053 -4.046232
34 2.3421134949 1.742690 1.177105 1.156666 3.951559 -1.252683 1.997978 -0.807852 -0.639481 1.695741 -0.024483 -3.426158 -2.287440 3.337714 0.597954 -0.221895
35 1.8943966627 3.476843 4.494395 0.442513 4.318297 -3.019064 -3.186231 -2.308726 -3.188535 -4.573684 -4.158939 4.579664 4.164851 -2.808536 2.701283 4.948108
36 1.7736520767 -3.773284 -3.782384 2.189547 -2.194705 0.601539 -1.991417 -4.879943 0.778451 4.636734 2.109800 4.128442 -3.929392 -3.704999 1.227769 2.893945
37 2.4982547760 -1.302509 3.419257 3.755279 -0.996269 -3.455214 -1.582687 -0.348617 1.208663 -4.450151 3.657558 1.201258 1.751301 -4.166467 -0.199416 -0.998136
38 1.9516841173 -3.659021 1.546597 2.109607 2.564043 -2.104716 3.306765 -3.058354 -0.113169 0.874807 3.074164 2.552411 -2.510406 4.182767 2.376921 0.445713
39 2.0421047211 -2.739052 4.840649 -1.916266 -3.241673 4.364810 2.529378 -4.487504 -1.206535 -2.973416 -3.491246 4.797260 -4.701245 2.294985 4.236654 4.316161
40 2.5310201645 1.338937 2.408247 -1.022757 -2.610799 -3.400427 4.403970 -1.906496 1.516911 2.311217 2.978547 -3.849001 0.001155 3.520944 0.197511 1.303118
41 2.4299621582 0.688313 0.785321 3.359422 -3.866271 -2.282457 -1.842914 2.823082 0.212341 -1.532817 1.566502 0.140126 2.519689 1.716844 -1.878802 1.117355
42 2.4792666435 -2.034033 -0.033617 -3.648144 2.336605 -0.744192 2.598871 -1.100917 -4.681641 -3.087233 -2.535135 -4.161440 4.493881 -3.207757 -2.059022 2.044298
43 1.6750558615 -4.322878 3.639606 2.640531 -0.658501 2.528405 -2.291074 -0.609265 1.992520 0.703736 -3.051765 0.006738 3.599160 -1.361607 -3.459428 -2.763737
44 2.1425676346 3.816258 0.361172 -2.977204 -0.232901 -0.970048 4.948081 1.261231 -0.429920 -0.764918 1.343853 3.031743 2.562924 4.540711 4.530019 -4.287856
45 2.1178355217 3.323998 -3.438900 -1.756341 -4.263394 0.050942 -4.214848 1.709432 2.169680 2.823922 -1.314997 -1.900199 3.703406 -1.587130 1.218462 -0.451702
46 1.5482165813 -4.564123 2.891410 1.587355 1.181792 -2.065049 4.634732 1.921137 -2.165857 -0.429547 2.530519 -1.347556 -1.121378 -1.876448 -1.693707 2.110483
47 1.5966434479 -4.948386 -4.353060 1.030705 -1.875189 -2.869353 0.816540 1.118063 -4.137054 2.113127 0.278214 1.158004 -2.090645 -4.793913 -4.451003 2.721046
48 1.6584968567 -4.943947 4.916251 4.472338 -3.290326 2.179294 -0.817453 -0.631017 -0.047695 -0.895258 4.977686 1.120748 2.907478 -2.272134 -1.265404 3.948185
49 1.2694387436 -4.959605 0.199186 2.410719 -4.674827 3.781367 2.984519 0.104458 -2.209055 -0.846635 -2.281418 1.095057 -4.079132 -4.171652 1.503221 -0.030840
50 1.7114171982 -4.630376 -2.329383 2.087251 1.586142 -0.288966 3.849650 -3.636617 -2.355517 -1.007443 -2.896694 -4.859609 2.509302 -3.097359 1.340938 4.451297
51 1.4217309952 -4.939247 2.072253 2.590981 -2.196137 4.534150 4.376545 -0.091769 -4.370897 -3.454471 1.459260 -3.168257 -3.613726 -3.849997 1.756282 -1.124247
52 1.5875188112 -4.904729 -1.775515 3.642533 -1.720573 -1.012263 1.549093 3.330495 0.007244 -3.502252 -4.152578 0.126824 -4.600601 -3.428485 -0.299694 2.189899
53 1.4499890804 -4.986467 2.464661 3.649647 -3.487806 3.810634 -0.343664 -1.309028 -3.091819 -4.918464 -4.772957 -3.751054 -3.191771 -4.669373 0.952290 -2.557505
54 1.2760558128 -4.879474 -4.325098 -1.313347 -3.209406 2.508730 0.859668 -1.872138 -1.640696 1.702392 1.311445 -1.196576 -1.861855 -3.289321 0.498095 -2.477524
55 1.6291910410 -4.574047 2.364707 1.674066 -1.624605 4.235736 -2.302462 -2.980469 0.012541 -2.409726 -1.122818 2.961450 -4.022104 -4.692626 -2.005453 1.968323
56 1.5933803320 -4.720126 -4.300919 -2.181939 -4.379003 0.182689 2.350316 -0.456084 -3.765666 -1.406423 0.440332 4.896861 -1.855262 -3.534682 3.943061 2.562152
57 1.3638691902 -4.816510 -3.927994 -1.305861 -4.233814 4.409020 1.082389 -3.329209 -4.858555 1.423447 -0.257313 1.704737 -1.192975 -2.329336 -1.152329 1.870717
58 1.3847609758 -4.955564 2.758977 1.704237 -4.603124 3.923299 -1.439155 -2.119749 -3.623254 2.682724 -3.902502 -3.688218 -3.614644 -2.700404 0.145730 1.442400
59 1.2486599684 -4.972352 0.027471 1.006294 -4.590905 2.561609 -0.170767 -1.602614 -2.299258 0.831849 -0.761208 -3.067864 -0.995974 -3.260419 -2.361322 -3.779699
60 1.5644778013 -4.569499 3.475820 -0.094463 -3.776609 3.909670 3.366023 -3.492428 -2.143858 -2.253722 -1.968640 3.018273 0.351634 -3.535900 -0.393064 -4.450997
61 1.4336768389 -4.941089 -3.128705 2.502563 -4.794859 3.405056 2.037745 2.568498 -4.044971 -2.926789 -4.248270 1.010762 0.554590 -1.830991 2.032780 0.096539
62 1.4460316896 -4.762727 2.277764 4.828650 -4.514346 1.667432 3.060778 1.358203 0.437473 3.380284 -2.394954 -4.680221 -3.226806 -2.623285 0.798276 -1.899618
63 1.6396611929 -4.968146 4.807937 -3.219138 -3.969437 3.616792 -0.052757 2.627645 -4.324511 -3.813601 -2.720707 -0.231717 -2.107874 -2.641477 -1.168298 -1.842499
64 1.5714932680 -4.700305 -4.419167 4.377578 -4.080048 0.664612 -4.114937 -1.678699 -3.154727 1.422431 -4.162769 -2.432812 -1.366248 -3.980581 -2.895218 -3.514219
65 1.6064926386 -4.740114 -4.460596 -2.649117 -1.668985 4.274144 -3.102360 -1.559403 -0.737659 4.198320 2.063547 0.573832 -2.654849 -4.122367 0.875769 -2.037463
66 1.3764256239 -4.749223 -0.314657 1.289706 -3.568732 2.479092 2.132308 -2.187361 -4.957852 1.860380 -0.614155 -2.204364 -4.946435 -2.395217 -3.561825 0.342326
67 1.5879437923 -4.906231 -4.784604 -0.036775 -3.680836 1.303021 4.295893 2.079273 -4.833679 -1.471468 -1.291212 -0.386243 -4.426329 -4.872164 -0.671842 -1.566087
68 1.6838235855 -4.528546 -2.727716 2.818887 -1.585119 -2.194255 1.653326 -3.105674 -1.220563 -0.645731 2.089251 -3.220807 1.561141 -1.976809 -2.302257 -4.600116
69 1.2364920378 -4.920135 -2.271426 0.812800 -4.173097 -0.878105 2.574382 -2.896047 -1.097335 -3.602875 0.133249 -1.185992 -1.291956 -1.491334 -1.875787 -0.610113
70 1.5699036121 -4.878448 2.949061 -0.945743 -2.166757 3.462072 -0.020659 -3.742202 -4.084956 1.608638 -1.515700 -4.920909 1.756257 -4.729715 2.450044 -1.822924
71 1.4179155827 -4.851842 -4.014712 1.837605 -4.969623 -1.910898 -1.152155 0.687486 -2.242626 -1.393101 0.551562 -2.509177 -4.231852 -3.805156 2.199831 -2.659614
72 1.3563203812 -4.993772 2.456101 -1.167649 -4.323751 0.142459 3.059475 -0.408665 -0.542379 -2.362547 0.973891 -4.325472 -4.213598 -0.556503 -3.508461 1.599525
73 1.4584798813 -4.892610 0.684563 -0.670544 0.001570 -2.819925 1.730164 0.017844 2.309341 -1.932135 4.658290 -2.672429 -3.780510 -0.582517 3.022936 1.960681
74 1.5702369213 -4.772684 1.809615 3.929136 -4.357853 1.249557 4.063018 -0.444757 -3.751650 1.032638 2.076944 0.300004 -3.228743 -1.308529 -2.398245 3.807532
75 1.5296046734 -4.903216 -1.220733 -2.408169 -3.025208 2.820289 3.861492 -2.791796 -2.149892 -1.443934 1.206955 -3.517749 -4.345826 -1.779650 3.045399 -3.618277
76 1.1989729404 -4.898298 0.979974 0.991230 -4.236924 2.893814 -0.931773 -2.701388 3.326261 -3.028425 -1.768362 -1.037262 -2.709757 -1.239277 3.726637 0.566597
77 1.3752849102 -4.912526 0.143332 0.708578 -3.857582 -4.852519 -2.527339 -3.991650 2.705498 -2.185571 -0.139486 2.034005 1.327278 -3.081646 -2.650086 0.164506
78 1.3269209862 -4.978924 -0.088176 -0.801854 -4.045103 3.286621 4.225407 -3.861034 1.040094 -3.650475 3.479723 -4.966613 1.375963 -0.030848 -4.024190 -1.934963
79 1.2607749701 -4.958265 -2.023547 -0.160875 -4.066117 0.073199 2.208596 -3.416846 -3.490970 -0.524091 -1.632112 1.022678 -4.003527 -1.733753 0.384870 0.317797
80 1.5048379898 -4.988649 0.181647 0.934768 -4.830678 -2.864303 3.788594 -1.820392 -3.156510 -3.507519 -4.311360 -1.795837 -4.905566 -1.558168 1.840984 2.466969
81 1.3105010986 -4.836809 -1.870329 -0.260100 -3.772150 2.819139 0.821795 0.713494 4.883182 -1.076596 2.077127 -3.265456 -3.318978 -2.950174 -1.813754 -1.862011
82 1.3737595081 -4.729140 -2.668704 -0.713593 -4.989959 3.628058 4.136729 -0.785099 4.439912 -2.884411 0.971399 1.104338 -1.746502 -0.506587 -1.195264 -1.124937
83 1.4018363953 -4.745678 0.190786 0.462243 -3.125699 2.903822 2.749979 -0.739294 1.632935 -3.700691 2.845603 -4.937641 -2.007826 -3.513208 2.295726 1.518225
84 1.2624702454 -4.896706 -1.804248 1.297461 -3.405469 3.657375 -0.064153 -3.007864 1.054705 -2.218012 -4.167891 2.331625 -0.570185 -0.760088 1.098559 -1.995979
85 1.3500682116 -4.911932 -4.365672 2.900241 -4.207736 2.936903 1.331737 -2.968286 -1.295917 -3.408126 -1.742912 -1.297737 -0.374712 -2.674140 3.483788 0.754228
86 1.4858796597 -4.784316 -2.364283 0.739548 -4.502099 4.494101 2.638166 1.622192 1.410203 -3.157611 -4.699939 4.282809 -2.905220 -2.981646 0.311772 0.701921
87 1.3832869530 -4.957401 0.964093 -1.065696 -4.764862 -0.189546 -3.841294 -3.968662 3.140035 -2.921523 3.217115 -0.833694 0.877028 -1.780683 1.376987 0.750331
88 1.3924751282 -4.863102 0.457756 1.711720 -4.509455 0.729640 -2.411027 -2.044325 0.177519 -1.793787 3.596008 0.505631 0.300870 -2.198052 3.242259 -0.980240
89 1.2681194544 -4.831232 0.565497 1.302828 -3.003722 1.413834 -0.957138 -1.189218 3.201899 1.043821 1.363224 -1.786739 0.881329 -2.779882 -0.423653 -0.622564
90 1.4151120186 -4.891351 -1.242985 1.041565 -4.747774 -1.329562 -0.810463 -0.539955 0.228760 -1.503517 -2.482024 4.280288 -2.498705 -3.215931 -0.034605 -2.339916
91 1.5344339609 -4.765943 -3.425707 -0.049984 -0.421949 2.037006 -1.259692 -4.749899 -1.639636 -0.412964 -3.291827 -0.227210 -3.894238 -2.483060 -0.112138 -2.630424
92 1.4103910923 -4.830572 4.720278 0.582247 -2.481413 1.713726 -0.067317 1.667614 1.996939 -2.640143 -3.051117 -2.834897 -4.959792 0.740078 -1.177111 0.048441
93 1.2457519770 -4.902494 -2.508291 0.462935 -3.841654 -0.369488 0.024863 2.105269 -0.496233 2.125343 -0.757396 2.613217 -1.148972 0.524002 0.383527 -1.727864
94 1.4732960463 -4.662177 -0.790213 2.128245 -2.536559 1.450637 -2.664386 0.650606 0.174314 -1.724669 -1.322512 -0.146345 -4.688895 -0.759180 2.033530 -2.450156
95 1.2635579109 -4.996333 -2.472585 1.200212 -4.372522 0.193337 -2.265345 -2.218713 1.718306 0.242470 3.125910 -1.182242 -3.960044 -0.111844 2.040871 -0.130866
96 1.3191388845 -4.934082 -0.031354 -0.251367 -2.869896 4.728872 -0.365108 -1.916567 0.722435 -0.743143 -2.597062 -1.770970 -2.297325 -1.770483 1.575967 -0.961113
97 1.2461850643 -4.812470 1.434329 0.151351 -3.644487 0.771590 1.139385 -4.931539 3.856545 -0.299706 -1.718354 1.508396 -1.304124 0.699344 2.096909 0.684301
98 1.1071290970 -4.974986 -1.177447 1.799727 -4.737635 2.922711 1.081865 -4.956930 4.443997 -1.438317 -1.279678 -2.579649 -3.505825 -0.778138 1.460793 1.580134
99 1.1741391420 -4.962695 -1.328808 0.783910 -4.527865 0.478346 0.526357 -1.344541 2.516113 -1.095848 -3.682574 -1.251813 -2.255236 -2.107122 3.220052 -0.922092
100 1.2206164598 -4.992981 1.685765 1.458543 -3.838368 4.242828 0.194200 -0.606793 1.701334 -2.022014 -2.669285 -0.083524 -4.105100 0.733763 4.593564 1.648664
101 1.1169147491 -4.904827 -0.141572 1.560984 -4.435204 1.164816 1.731147 -4.519913 4.234671 0.072362 -0.860649 -0.685821 -4.545231 -0.995773 0.011298 -0.293469
102 1.1423865557 -4.927569 -1.525253 2.119708 -4.412398 3.297824 0.411566 -3.585461 2.944935 -3.097535 -0.505852 -1.620252 -3.312071 0.961112 0.369551 0.283293
103 1.1122539043 -4.926624 -2.611262 0.866941 -4.945326 2.561910 0.099336 -4.558539 1.630675 -1.716911 0.679282 -0.583164 -1.563980 1.218008 -1.016046 1.868944
104 1.1932904720 -4.785763 -3.088104 1.848349 -4.993522 4.864307 1.815421 -4.991654 3.098715 1.130640 -2.539473 -4.501261 -4.729146 -1.206529 0.025005 0.367772
105 1.1473917961 -4.967030 -0.539631 1.385660 -3.472636 4.810779 2.870051 -2.467116 4.505209 0.081810 -1.853252 -3.210833 -2.434534 -1.852041 1.261238 2.906493
106 1.0822966099 -4.988789 -1.183446 1.442837 -4.780443 0.569431 2.503042 -3.764702 3.353207 -0.826368 0.968241 -0.210209 -3.045730 -1.949911 -0.352319 0.035625
107 1.1067190170 -4.952801 -2.390607 1.000895 -4.467839 0.798384 0.581865 -2.441275 2.288760 1.180049 -2.538879 -2.480384 -3.703118 -0.689578 0.266640 0.787492
108 1.1249696016 -4.993046 -2.910399 2.289744 -4.076086 4.381451 2.555395 -2.280951 4.567668 -0.366545 -1.415924 -1.913926 -3.350336 -1.406026 -0.810941 0.822575
109 1.2020034790 -4.932316 -0.937761 1.324845 -3.453694 4.861777 1.332625 -3.188981 3.372593 0.218449 -1.340076 -3.002908 -0.927136 1.061831 2.142865 1.655420
110 1.1292525530 -4.878420 -2.407174 1.032682 -4.890352 2.326761 0.887729 -4.690324 4.586487 -0.997634 -1.709677 -0.833660 -3.659661 1.466889 0.158086 2.729572
111 1.1158839464 -4.979234 -3.455815 1.887197 -4.487870 2.018996 1.438971 -4.765537 1.478491 0.608680 0.815281 0.777198 -3.357854 -0.551924 -3.042376 1.462591
112 1.2226479053 -4.984002 -0.047617 2.229063 -4.958931 -1.383667 3.170046 -2.617745 4.986529 -1.029327 -0.483593 -0.664913 -3.232704 -2.512409 0.584078 0.729675
113 1.1449761391 -4.999074 -0.104441 0.946409 -3.680537 -0.394816 2.343276 -3.189626 2.204409 1.503294 0.102100 0.894921 -0.882282 -0.743263 1.600452 1.422610
114 1.2792673111 -4.957155 -2.449772 0.594437 -4.130848 -0.744347 3.148494 -2.558127 3.183066 1.623832 3.381852 0.851507 -0.550336 -2.066213 -2.653882 -1.749483
115 1.0774618387 -4.984140 -2.285449 0.962864 -4.334935 1.778734 1.184296 -2.996107 4.832919 0.378289 0.839701 -2.405222 -0.433209 -1.089312 -0.796583 2.231644
116 1.1076232195 -4.943676 -1.682193 0.584621 -4.848673 3.413726 0.699434 -0.418863 4.676248 0.544134 1.890488 -0.802342 -1.032741 -1.740445 0.413712 1.964433
117 1.2130945921 -4.819864 -3.577848 0.573524 -4.771053 0.229889 1.307289 -1.744130 2.150964 1.104345 -0.220004 -2.129503 1.411304 -1.425467 -3.058861 2.506779
118 1.1960433722 -4.825841 -3.800599 1.497045 -2.955384 2.391697 1.699517 -4.715989 3.628167 1.177200 0.524590 -1.316441 -2.625883 -1.013319 -2.313514 0.096661
119 1.2206678391 -4.973896 -4.870123 0.403255 -3.074558 0.984423 2.244104 -4.833225 3.088290 -0.436727 -0.587332 -0.732565 -2.132817 -2.688587 -1.069902 2.527935
120 1.1161122322 -4.972495 -2.931837 0.493017 -3.801691 2.133383 0.553155 -1.968325 2.087177 1.964758 -1.499449 -0.141954 -0.342924 1.090900 -3.212287 0.904566
121 1.1264469624 -4.996271 -3.775811 0.831834 -4.797487 2.210905 1.162013 -3.129236 2.759195 0.893674 0.038323 -3.454270 -0.450320 -1.193814 -0.431997 3.225286
122 1.0691142082 -4.975518 -1.050819 1.340649 -4.525627 1.408898 1.147344 -4.636340 4.334393 0.968890 -1.676568 -2.484012 -2.872113 0.496643 -0.240523 1.437061
123 1.1378811598 -4.969677 -2.922381 1.463825 -4.481377 3.150680 -0.017361 -1.825773 4.074220 2.324982 0.027271 -2.237123 -0.391424 -3.288887 0.839993 2.495761
124 1.0342949629 -4.986938 -2.350210 1.668258 -4.922036 3.519130 2.152587 -3.707186 4.809985 0.934936 -1.400222 -1.535339 -1.395113 -1.936874 0.096758 0.188359
125 1.1429626942 -4.910323 -0.582744 1.493887 -4.885504 2.574891 0.963378 -4.226324 4.784853 -1.659330 2.339152 -0.773339 -2.863043 -1.138048 -0.526514 1.699226
126 1.1414929628 -4.983123 -2.615709 1.179139 -4.445302 3.574213 1.711148 -1.531200 2.869108 2.485489 -1.465574 0.762657 0.856203 -1.327523 1.024960 -1.679898
127 1.1154441833 -4.998639 -3.427217 0.507491 -4.426277 3.590841 1.866516 -3.660318 3.533653 3.560015 1.022680 -2.468645 -0.760295 -0.962348 1.419216 0.285156
128 1.0642123222 -4.999333 -0.830031 0.857890 -4.875096 2.933933 0.390557 -3.987429 3.279768 3.270090 -2.293095 -0.093943 -3.348158 -1.033303 -1.129221 -0.181376
129 1.0984030962 -4.944955 -0.207568 1.005410 -4.610215 2.874024 1.239685 -3.709636 4.144759 2.516459 -0.455810 -0.620489 -0.683130 -3.532205 -0.996902 1.099727
130 1.1706749201 -4.992644 -1.010269 1.901458 -4.450988 3.844333 1.664407 -1.924009 4.970820 -0.472508 -2.650272 -2.664867 0.044315 -4.351173 -1.485043 -0.371786
131 1.0711867809 -4.973760 0.192358 1.112725 -4.569405 4.171177 1.326850 -1.278586 3.679580 1.564144 -0.401847 -0.551819 -3.340546 -0.628448 0.169492 1.710665
132 1.0425052643 -4.954659 -1.426319 0.887188 -4.852030 1.477836 1.212691 -3.180561 4.608337 3.392711 -1.411967 -1.133381 -0.091652 -0.269370 -1.830302 0.051628
133 1.0868016481 -4.994064 -2.360595 2.108081 -4.738084 2.247019 1.807742 -4.057093 4.812579 3.527541 -2.837635 -0.702311 -3.435816 -1.753103 -2.692199 -0.269912
134 1.0854985714 -4.980941 -1.040553 1.357777 -3.977785 2.085059 2.801157 -3.305461 2.478329 -0.359551 0.436696 -0.695410 -3.116530 -1.559883 -1.566294 0.365630
135 1.0815256834 -4.993865 -0.772040 1.163512 -4.922064 2.720752 1.104150 -4.659551 1.958658 1.420432 0.263471 -2.573975 -3.657437 -1.144096 1.176674 -2.093815
136 1.2352399826 -4.767192 -1.076317 1.534557 -4.880847 2.696348 1.461029 -0.967516 4.338312 3.365447 -2.792007 -4.025011 -1.235311 -1.888060 1.369623 1.225913
137 1.0949844122 -4.921367 -1.344359 1.993063 -4.842451 4.365070 2.695202 -4.337720 4.580531 3.504824 -3.615737 -1.194831 -0.465340 0.309400 -0.407144 1.817825
138 1.0507850647 -4.983658 -1.869757 1.316766 -4.355014 3.484805 0.827012 -1.977592 3.122011 2.768210 -0.020723 -0.702171 -1.444652 0.245916 0.379933 0.341239
139 1.0796039104 -4.981724 -2.602660 1.071884 -4.602115 2.953566 3.648175 -3.289915 3.943032 0.733583 0.985359 0.363363 -2.303533 -0.135401 0.539216 -0.264753
140 1.1136626005 -4.991151 -1.447798 1.548027 -4.460691 1.916684 3.208732 -2.475620 3.871153 0.506176 -1.774494 -0.883160 -0.469780 -1.533090 -1.513838 -1.592389
141 1.0341016054 -4.960893 -1.300392 1.254094 -4.911191 2.611224 2.301167 -4.329524 4.543572 1.622348 -2.232101 -0.609805 -1.623324 -0.864386 0.302472 -0.456243
142 1.0394487381 -4.981174 -2.363592 1.203330 -4.794606 3.927076 2.297416 -3.064711 3.756122 0.160097 -1.260669 -1.549857 -1.665469 -1.545509 -0.569899 0.828583
143 1.0384565592 -4.995193 -1.230215 1.460093 -4.858052 4.516779 2.928795 -3.222625 3.745377 2.269835 -0.824815 -0.393398 -2.268723 -0.961551 0.485337 1.066438
144 1.0206949711 -4.991432 -2.303602 2.168591 -4.976969 3.103453 2.121388 -3.359139 4.594109 0.921113 -0.724308 -0.912535 -1.603428 -1.276425 -1.168384 1.126488
145 1.0345286131 -4.968040 -2.050061 1.612101 -4.755283 2.755256 1.714089 -3.022519 3.552293 2.356313 -2.522360 -0.578682 -2.288480 -1.310411 -0.503129 0.541844
146 1.0157849789 -4.994384 -2.220255 1.576255 -4.943261 2.241135 1.509645 -1.995229 4.198698 1.512049 -0.943245 -1.373064 -2.663290 -0.437590 0.151799 0.183784
147 1.0222432613 -4.996000 -1.453409 2.421022 -4.698346 4.016912 1.603996 -4.446426 3.489110 2.288277 -0.665614 -0.632423 -1.016647 -0.467032 -0.822469 0.037805
148 1.0200147629 -4.978537 -1.097673 1.705218 -4.920884 3.488142 2.393440 -4.623214 3.212284 0.391731 -0.426733 -2.033482 -1.796714 -0.476377 -0.834148 0.576327
149 1.0457333326 -4.998242 -2.630811 2.218527 -4.678806 3.566762 2.403790 -2.864834 4.232219 1.443086 -0.392713 -1.047450 -0.710292 -0.023214 -1.474328 0.920607
150 1.0200842619 -4.987629 -1.954041 1.607820 -4.704705 3.156486 1.907001 -4.605612 3.884079 1.556338 -1.432555 -0.611650 -2.388104 -1.272407 -0.281945 1.394092
151 1.0135164261 -4.998981 -2.728708 1.351660 -4.917353 1.847298 1.097566 -2.751664 3.259617 2.406955 -0.557434 -0.346572 -2.554504 -0.295386 0.209396 -0.624306
152 1.0107314587 -4.998126 -1.953949 1.268379 -4.972034 1.374150 1.599781 -2.343136 3.372747 0.189124 -0.380013 -0.447135 -2.383623 -0.955692 -0.877792 0.426409
153 1.0148251057 -4.967897 -1.827648 1.256913 -4.847043 2.528224 1.198386 -1.796849 3.925889 1.295638 0.013799 -0.539404 -1.454866 -0.241140 -0.108933 0.792107
154 1.0177552700 -4.984620 -1.004646 1.692858 -4.795162 2.900161 0.687404 -3.191107 4.512525 0.491488 -1.535896 -1.825780 -1.459930 -1.307751 -0.864327 -0.188601
155 1.0141949654 -4.998914 -1.374148 1.639932 -4.757427 3.453571 1.641112 -2.913900 3.188638 1.363483 0.217959 -1.190402 -3.461882 -0.440505 -0.380596 -0.122817
156 1.0959489346 -4.988760 0.008050 0.934910 -4.747825 0.757064 2.933199 -1.680514 4.936068 2.442413 1.447817 -1.382592 -1.122174 0.679110 -0.298429 0.845048
157 1.0332129002 -4.931824 -1.177260 1.955621 -4.895354 3.764237 1.586713 -4.050029 4.716070 0.996345 -1.904226 0.362907 -0.859654 1.006726 -0.472577 0.531472
158 1.0264072418 -4.966514 -0.914134 0.739382 -4.487578 0.642747 -0.043048 -1.734829 2.991633 -0.007104 -1.054378 -0.313053 -0.851878 -0.027008 0.753070 -0.952382
159 1.0744476318 -4.946250 -0.884836 1.012648 -4.308700 2.175491 0.304844 -2.204598 4.015483 2.575913 -1.596542 -1.322872 -1.110697 0.296579 -1.639429 2.740553
160 1.1490936279 -4.773101 -3.534569 1.473377 -4.975855 -0.057692 2.312992 -4.909970 3.548790 2.059527 -0.586578 -0.855993 -2.289115 -0.175443 -0.040164 -0.264630
161 1.0800874233 -4.950358 -2.295440 0.823230 -4.463127 3.408404 1.260026 -2.938307 4.638551 0.580774 0.426130 0.472516 -2.708326 0.077077 -0.046455 -1.822418
162 1.0214463472 -4.983105 -0.589882 1.371349 -4.891877 0.487102 0.967484 -1.946247 1.239488 0.427561 -0.377210 -1.060094 -1.792873 -0.499325 0.306608 1.387927
163 1.1322872639 -4.974399 -3.566670 0.862775 -4.361059 -0.415732 1.057752 -0.240292 3.900610 -0.737601 0.295400 -0.792514 -1.407522 1.293146 0.391824 -0.659820
164 1.0804843903 -4.960673 -0.151035 1.039743 -4.374728 1.764367 0.769672 -1.455037 4.469471 0.430291 -1.391170 0.762890 -1.215187 0.867975 -2.437054 0.035084
165 1.0797679424 -4.991269 -1.067139 0.696746 -4.538266 2.781040 1.752059 -4.289666 1.116703 0.395068 0.077117 -2.426527 -1.869204 0.668300 0.060666 1.162262
166 1.0737439394 -4.992891 -3.517197 0.893941 -4.975487 1.701797 0.396955 -2.010808 3.326350 2.580270 -0.081508 -0.600269 -4.029995 -0.634642 1.018088 -1.958204
167 1.0407967567 -4.977066 -1.330633 1.059344 -4.818031 3.029403 0.095071 -3.176936 3.455862 2.770424 -1.677251 -2.174205 -0.520978 0.363281 -0.982945 -0.120456
168 1.0935462713 -4.964602 -1.527020 1.028904 -4.291344 3.436049 1.678096 -4.510477 4.117630 0.737676 -2.781024 0.004577 -1.413461 -1.813626 -3.364835 2.469229
169 1.0339677334 -4.994283 -1.731985 2.319896 -4.864863 1.077208 1.907649 -4.131428 1.772513 0.732753 -0.228134 -0.777123 -2.121104 -2.645743 0.229310 -0.524483
170 1.0602276325 -4.961682 0.445423 0.175431 -4.868476 1.941586 2.191541 -4.445859 3.590384 1.623851 -0.801654 -1.045414 -1.638088 1.121841 0.665469 -1.328358
171 1.0249468088 -4.977493 -1.225669 1.192432 -4.789675 1.922903 0.845059 -3.382451 3.980730 0.886519 -0.965898 -1.327688 -1.915002 -2.065410 -0.125934 -0.668723
172 1.0170130730 -4.981006 -1.901443 1.082465 -4.918273 2.026275 1.065393 -2.152375 3.216607 1.452869 0.610936 -1.167342 -1.604109 -0.106954 -1.741522 -0.431625
173 1.0063229799 -4.965857 -1.301740 1.219531 -4.996262 2.050112 0.801705 -1.793820 2.651554 0.999161 -1.237857 -0.801230 -1.891065 -1.059090 -0.095510 0.927496
174 1.0105724335 -4.967606 -1.382702 0.869414 -4.924698 0.816329 0.911172 -3.710842 3.377333 -0.058065 -1.297728 -1.407300 -1.451033 0.035680 -0.154153 -0.266463
175 1.0265103579 -4.998130 -1.409910 1.096566 -4.837277 0.582072 1.842709 -3.570323 3.590932 0.753542 -0.211325 -1.541696 -1.970580 -1.442716 -1.175994 -0.154002
176 1.0177779198 -4.977681 -1.370669 1.083928 -4.558923 2.745691 0.858915 -2.546846 1.913536 -0.224292 -1.766565 -1.030419 -1.726631 -0.075213 -1.139348 1.150216
177 1.0063333511 -4.988464 -1.102354 1.333220 -4.987970 2.379715 1.532312 -1.119937 1.669288 0.612363 -0.876081 -1.115920 -1.515314 -0.469359 -0.269746 -0.132831
178 1.0140681267 -4.979827 -0.717606 1.667109 -4.887439 2.084132 1.494999 -2.173834 2.722356 0.815214 -1.929966 -0.274846 -0.669352 -0.739304 -0.267424 2.135878
179 0.9868389368 -4.999682 -1.331043 0.946763 -4.995646 1.586612 1.508886 -3.112006 1.836735 0.651590 -1.542275 -0.708112 -1.846423 -1.194559 -0.147746 0.477041
180 1.0283440351 -4.973133 -0.389087 1.629286 -4.772745 2.186552 1.007403 -2.052153 1.627673 2.266733 -1.379080 -0.413070 -2.485907 -0.431507 -0.600472 0.627369
181 0.9945948124 -4.997529 -1.486690 1.431394 -4.746234 1.000466 0.810835 -3.745368 1.842830 1.163246 -1.520310 -0.299203 -0.752738 -0.873807 0.111644 -0.212120
182 1.0089262724 -4.981940 -0.572721 1.445313 -4.803401 1.812685 1.625751 -4.349272 1.218439 0.144367 -1.082125 -0.159851 -2.517257 -0.122028 -0.413390 -0.747730
183 1.0212652683 -4.961232 -1.764898 1.366041 -4.773271 1.916456 1.124973 -4.385609 2.223768 1.795353 -0.961998 -0.967938 -0.917938 -0.863432 0.507469 -0.530453
184 1.0031999350 -4.988898 -0.734251 1.513380 -4.848048 1.869315 2.246596 -4.005212 3.248147 1.873523 -0.824167 -0.324824 -1.276972 -0.224699 -0.528532 1.007381
185 1.0020118952 -4.990476 -0.527918 0.898661 -4.974891 2.785261 0.945225 -1.992057 2.693432 1.445759 -2.322190 -0.290386 -1.024996 -0.388499 -0.239071 0.489490
186 1.0108857155 -4.976671 -0.421093 1.412146 -4.962899 1.457933 1.823990 -3.483169 1.863947 1.359146 -0.670962 0.328454 -2.125879 -1.122585 -0.115858 0.095877
187 1.0305829048 -4.993870 -0.276611 1.172692 -4.853795 0.738028 2.044159 -3.332377 1.024212 0.155901 -0.368450 -1.616343 -0.598313 -1.681993 -0.232190 -0.358250
188 1.0282599926 -4.978898 -0.593667 0.851262 -4.716763 1.378886 0.691956 -3.199678 0.756278 1.282916 -0.536370 0.012399 -2.382881 -1.709501 -0.222524 -0.033151
189 1.0230925083 -4.932760 -0.926424 1.121206 -4.973543 2.571524 0.893613 -3.321873 2.351959 0.876964 -1.528451 -0.872490 -2.806105 -1.167555 -1.215559 -0.553787
190 1.0059825182 -4.963823 -0.152524 1.272447 -4.775687 2.336657 1.714366 -3.292733 2.968256 -0.486158 -2.173986 -0.591964 -2.025580 0.001888 -0.788144 1.099866
191 1.0179708004 -4.981458 -0.174771 0.711933 -4.989068 2.573245 1.576722 -2.655741 0.695329 0.088556 -1.691857 -0.271999 -1.301312 -0.745606 -1.134973 0.829532
192 1.0087888241 -4.979355 -2.265195 1.236733 -4.890182 2.701068 1.798728 -4.074421 1.720333 1.871391 -0.532354 -0.391071 -1.163087 -1.556788 0.175203 -0.790658
193 0.9994478226 -4.997462 -2.483837 1.273348 -4.998955 2.181094 1.971115 -4.159916 1.993120 0.477665 -0.591929 -0.863965 -2.458126 -0.381504 -1.219690 0.262117
194 1.0097421408 -4.980363 -0.532477 0.853449 -4.839243 1.473703 0.693960 -2.946270 1.861174 0.924871 -0.448843 -0.193427 -2.507234 -0.026953 0.708935 0.218938
195 1.0130063295 -4.982570 -1.499712 1.334135 -4.775987 2.092357 1.603401 -4.007198 0.927563 1.115607 -1.204863 -0.718720 -1.080776 -0.003432 -0.843148 1.702197
196 0.9899094105 -4.994999 -1.811678 1.118169 -4.990686 1.602814 1.834393 -3.601485 2.514393 0.710188 -1.267389 -1.041979 -1.843049 -0.626351 -0.110342 -0.113986
197 0.9969549775 -4.999123 -1.558986 1.237373 -4.836855 2.097986 1.146127 -2.586866 2.437743 0.951152 -1.522853 -0.373469 -1.988294 -1.504329 -0.533780 0.059480
198 1.0379638672 -4.957606 -1.008128 0.722423 -4.668064 1.757516 1.921967 -3.326568 1.252610 0.564328 -1.829369 -0.659427 -1.426805 -0.847879 0.520033 0.622651
199 0.9993028641 -4.991550 -1.624938 0.725108 -4.828203 1.882040 1.120218 -2.918030 1.289942 0.305160 -1.246457 -0.776145 -1.966686 -0.995924 -0.799940 0.831458
200 1.0001394749 -4.992255 -0.771463 0.972250 -4.891984 1.129486 1.706656 -2.899883 2.300349 0.935714 -1.498183 -1.157724 -2.377176 -0.798680 -0.704203 0.464193
201 0.9899577498 -4.994951 -1.741337 1.139628 -4.864271 1.904821 1.100454 -3.441812 1.517510 0.174930 -1.218460 -0.496385 -1.689594 -1.307032 -0.771387 0.328158
202 0.9904019237 -4.990055 -1.111489 0.948147 -4.872810 2.119375 1.206795 -3.009996 1.983089 0.460113 -1.381928 -0.869987 -1.711204 -1.344018 -0.182226 0.164917
203 0.9908856153 -4.992030 -0.745272 0.826666 -4.867237 2.060539 1.249627 -3.632983 2.063918 0.978930 -1.508314 -0.911684 -1.596450 -0.697991 0.119911 0.094908
204 0.9897552729 -4.984477 -0.937187 1.167087 -4.954335 0.971968 1.186109 -3.102601 2.156513 0.784365 -1.067126 -0.895803 -1.223538 -0.986152 -0.151423 0.413329
205 0.9976851940 -4.999578 -1.147113 1.121590 -4.839407 1.178295 1.730418 -3.099109 2.300317 0.033058 -1.793335 -0.692668 -1.750237 -0.654379 -0.588155 1.011776
206 0.9939522743 -4.986884 -1.441284 1.072433 -4.718034 1.662521 1.313096 -3.706558 1.767417 0.197651 -1.166621 -0.697655 -1.579251 -0.873723 -0.376336 0.000974
207 0.9903730154 -4.998708 -1.489725 0.855537 -4.873054 1.980840 1.449873 -2.765989 1.931682 1.292798 -1.272781 -0.428391 -1.909035 -0.602376 -0.198192 1.069303
208 0.9871780276 -4.998407 -1.940827 1.209394 -4.920585 1.320615 1.478022 -3.029598 2.473867 0.913798 -1.183578 -0.179889 -1.295120 -0.823587 -0.519054 -0.032823
209 1.0001037121 -4.974851 -1.117223 1.207895 -4.791078 1.747058 1.404256 -2.523287 1.707712 0.556945 -1.196697 -0.904318 -1.951985 -1.017167 -0.089693 0.297292
210 0.9866856933 -4.994631 -0.729237 1.077044 -4.813609 1.379653 1.146598 -2.598607 2.168162 0.392498 -1.561080 -1.261097 -1.336660 -0.585840 -0.629777 0.012809
211 0.9880821705 -4.986316 -0.674740 1.152437 -4.876935 1.381221 1.082065 -2.314781 1.821174 0.473729 -1.334902 -0.991157 -1.190531 -0.554916 -0.848144 -0.064169
212 0.9863004684 -4.985915 -0.512812 0.963246 -4.885174 1.076979 0.997685 -2.670732 2.335151 0.099961 -1.377109 -1.018356 -1.493055 -0.356456 -0.313961 0.118830
213 0.9791760445 -4.995169 -0.700153 0.964903 -4.942692 1.615219 0.978869 -2.778673 1.962863 0.593083 -1.479635 -1.321508 -1.077481 -0.371667 -0.353445 -0.275218
214 0.9833419323 -4.998277 -0.761774 0.998876 -4.755457 1.545943 0.966328 -2.903390 2.148441 0.620500 -1.429524 -1.120621 -1.095469 -0.673559 -0.421408 -0.199518
215 0.9782531261 -4.998352 -0.941228 1.049781 -4.892474 1.649676 1.044926 -2.396067 2.005542 0.205208 -1.483206 -1.030744 -1.370622 -0.276733 -0.539798 0.133249
216 0.9821304679 -4.997618 -0.834632 1.187494 -4.779940 1.629868 0.942408 -2.321456 2.278663 0.252098 -1.578330 -1.159872 -1.143565 0.029578 -0.853450 0.277386
217 0.9762151241 -4.994130 -0.730113 1.097932 -4.994542 1.389515 0.987767 -2.572751 1.765639 0.305359 -1.607648 -0.839913 -1.073695 -0.251347 -0.338017 -0.049399
218 0.9801342487 -4.987775 -1.203990 0.893511 -4.991394 1.922694 1.023494 -2.165579 2.121713 0.412199 -1.435346 -0.777827 -1.609971 -0.073430 -0.331518 0.275040
219 0.9788519144 -4.988057 -1.037703 1.070473 -4.983280 1.359082 0.916052 -2.657862 1.807884 0.040411 -1.467953 -0.790143 -1.183050 -0.221648 -0.802907 -0.075128
220 0.9879606366 -4.983723 -1.251041 0.915353 -4.962249 1.426904 0.901513 -2.645035 2.071318 0.531057 -1.759608 -1.176266 -1.214263 -0.360945 -0.240261 0.442235
221 0.9749888182 -4.999875 -0.436072 1.216123 -4.949278 1.602438 0.912632 -2.482983 2.007374 0.620560 -1.610675 -0.923476 -1.198797 -0.241316 -0.478434 0.076456
222 0.9820194244 -4.993703 -0.417905 1.163825 -4.939248 1.149791 1.158155 -2.416352 1.802308 0.477237 -1.420015 -0.657894 -1.231876 -0.295382 -0.509902 -0.350749
223 0.9819689393 -4.996178 -0.466145 1.061964 -4.954087 1.179286 1.038902 -2.372457 1.559782 0.361010 -1.394461 -1.007586 -1.293802 -0.280017 -0.110685 0.013749
224 0.9705070257 -4.994273 -0.624613 1.178192 -4.974178 1.657348 0.772301 -2.897781 2.016583 0.220855 -1.354587 -0.572664 -1.069940 -0.235068 -0.360282 0.209016
225 0.9799480438 -4.999285 -1.016311 1.007534 -4.953825 1.312431 1.139175 -2.427939 1.886184 0.073467 -1.746234 -0.746760 -0.803519 -0.012923 -0.538095 -0.361935
226 0.9749847054 -4.997259 -1.211782 1.258332 -4.993460 2.268746 0.605933 -3.042186 2.425190 -0.239026 -1.439114 -1.085876 -1.007704 -0.007363 -0.427474 -0.104474
227 0.9838815928 -4.999786 -0.169733 1.496958 -4.737488 2.037985 0.808891 -3.059591 1.741581 0.014456 -1.138858 -0.614884 -1.408535 -0.373267 -0.885562 0.194025
228 0.9717608690 -4.998905 -0.923592 1.210491 -4.942668 2.206478 0.494548 -3.352538 2.397119 0.341743 -0.968189 -0.740066 -0.743061 -0.643426 -0.686558 0.023647
229 0.9703903794 -4.993614 -0.434768 1.360297 -4.979035 1.509494 0.872603 -3.017110 2.682588 0.331641 -1.014089 -0.366421 -0.600908 0.083117 -0.368206 -0.218992
230 0.9872905016 -4.977734 -0.673052 1.313210 -4.951914 1.501616 0.471865 -2.303600 2.322652 -0.189936 -1.635272 -0.421485 -1.565954 0.262467 0.109092 0.722325
231 0.9914840460 -4.986720 0.062276 1.645017 -4.928451 2.089145 1.195166 -2.395863 2.075498 0.133854 -0.848723 -0.665736 -0.734628 0.340172 -0.082474 -0.814768
232 0.9866533875 -4.973388 -1.036720 1.414805 -4.954190 1.878133 1.179611 -3.099684 2.907463 -0.236308 -1.378665 -0.294564 -0.978507 -0.239220 -0.755365 -0.092142
233 0.9805268049 -4.981152 -0.569829 1.059610 -4.989269 1.175011 0.702937 -3.225272 2.411240 0.462002 -1.205905 -0.169291 -0.852707 0.072484 0.178067 -0.051912
234 0.9815696478 -4.986439 0.142268 1.206519 -4.978637 1.693799 0.469238 -2.722172 2.755685 0.531478 -1.449610 -0.187398 -0.601599 -0.184497 -0.102608 -0.018131
235 0.9832984209 -4.999117 -0.605159 1.281506 -4.958056 1.045854 1.180194 -2.449666 2.347634 -0.037560 -1.504461 -0.086743 -0.443105 -0.337353 -0.579475 -0.192180
236 0.9728264809 -4.995381 -0.698699 1.210611 -4.968335 1.696880 0.617082 -2.979036 3.177211 0.921082 -1.558368 -0.782873 -0.700002 0.005542 -0.824460 0.322456
237 0.9747654200 -4.993320 -0.259832 1.168885 -4.951774 1.442765 0.790518 -2.523132 2.286271 0.410144 -0.735680 -0.790791 -0.081184 0.515562 -0.522921 -0.079201
238 0.9770957232 -4.994980 -0.381532 1.076701 -4.989160 2.068382 1.044567 -2.422851 2.876309 0.123695 -1.581911 -0.740953 -0.609017 0.332777 0.067902 -0.545736
239 0.9861752391 -4.997833 -0.042263 1.105214 -4.871387 0.938229 1.066861 -3.279100 2.163527 0.586874 -1.013798 -0.205786 -0.698370 -0.327835 0.039210 -0.036561
240 0.9802360535 -4.992859 -0.596427 1.178293 -4.904694 1.223813 0.884927 -2.605970 2.197216 0.651934 -1.614264 -0.034894 -0.247824 -0.007803 -0.477456 0.211643
241 0.9732881784 -4.989283 -0.374817 1.227900 -4.980785 1.531662 0.930358 -3.104987 2.466930 0.313136 -0.878069 -0.343108 -0.616824 0.281310 -0.036027 -0.283967
242 0.9676907659 -4.999636 -0.742898 1.282513 -4.934207 1.681648 0.901333 -3.241331 2.640230 0.168688 -0.897090 -0.545270 -0.682815 0.199393 -0.316574 -0.134501
243 0.9870883226 -4.961238 -0.270287 1.497514 -4.933918 1.583611 0.967769 -2.831381 2.586219 0.378994 -1.244907 -0.518622 -0.856664 0.252217 -0.620712 -0.184988
244 0.9751993418 -4.980568 -0.632475 1.198415 -4.901682 1.802885 0.781768 -3.057697 2.565833 0.389749 -1.055177 -0.538163 -0.829859 0.248555 -0.653300 -0.380977
245 0.9788874388 -4.988009 -0.542994 1.273173 -4.821963 1.434752 0.951554 -3.086009 2.614982 0.413458 -0.762507 -0.563010 -0.813821 0.103818 -0.120428 -0.266375
246 0.9763233066 -4.988840 -0.588590 1.189164 -4.875201 1.645226 1.021911 -3.446968 2.518051 0.337944 -0.877497 -0.445070 -0.634639 0.149479 -0.162640 -0.409501
247 0.9701863527 -4.996856 -0.940316 1.220656 -4.902005 1.695182 0.708588 -2.960983 2.731957 0.114659 -0.613228 -0.581334 -0.679138 0.146334 -0.404651 0.104738
248 0.9728198647 -4.991753 -0.634460 1.286006 -4.910094 1.921577 1.074178 -3.016563 2.638790 0.287196 -0.606450 -0.430691 -0.485887 0.463486 -0.582886 0.073166
249 0.9771599174 -4.981593 -0.559917 1.420719 -4.947009 1.792815 1.088901 -3.288080 2.623431 0.400581 -1.051212 -0.787702 -0.996674 -0.050794 -0.294707 0.166397
250 0.9652529359 -4.999965 -0.860133 1.194753 -4.997425 1.658562 0.721585 -2.943253 2.646791 0.425063 -0.805424 -0.599834 -0.501420 0.353037 -0.419242 0.106805
251 0.9692197442 -4.995083 -0.535068 1.259505 -4.913673 1.643976 0.839578 -3.213951 2.646346 0.121911 -0.830834 -0.413825 -0.519360 0.498301 -0.733669 -0.045857
252 0.9722523093 -4.991836 -0.748379 1.313311 -4.928777 1.485900 0.644866 -2.893364 2.862172 0.398577 -0.931941 -0.453741 -0.791696 0.281828 -0.299396 -0.179610
253 0.9747542143 -4.979692 -0.724259 1.136368 -4.996653 1.348405 0.734904 -3.146059 2.579051 0.230473 -0.719245 -0.323820 -0.279265 0.649235 -0.687059 0.165206
254 0.9727894664 -4.995937 -0.880421 1.161120 -4.875920 1.746303 0.715172 -3.120103 2.936161 0.208724 -0.868531 -0.556472 -0.520162 0.278772 -0.181686 0.320796
255 0.9763013721 -4.987156 -1.072693 1.352578 -4.913031 1.634446 0.714971 -2.752332 2.444983 0.140383 -0.911699 -0.498776 -0.425803 0.050591 -0.380583 0.304152
256 0.9754424095 -4.991065 -0.986231 1.232868 -4.840465 1.745568 0.845051 -3.139532 2.392365 0.513961 -0.702665 -0.755370 -0.353623 0.496601 -0.530636 -0.015337
257 0.9685462713 -4.998212 -0.908777 1.173483 -4.961175 1.577691 0.746557 -3.197835 2.685392 0.094588 -0.718863 -0.693266 -0.438252 0.180703 -0.532964 0.261687
258 0.9706776142 -4.999743 -0.771334 1.116613 -4.983386 1.348800 0.537093 -2.874892 2.344101 0.430140 -0.871914 -0.513281 -0.286396 0.555946 -0.095442 0.343619
259 0.9724831581 -4.989307 -1.110963 1.100767 -4.990989 1.533759 0.614630 -2.747939 2.672809 0.403253 -1.110815 -0.815994 -0.747089 0.404453 -0.363504 0.142417
260 0.9750115871 -4.985919 -1.048053 1.138652 -4.989882 1.667427 0.588058 -2.637201 2.503914 0.375236 -1.019675 -0.859768 -0.499391 0.073391 -0.257205 0.002527
261 0.9726284742 -4.986002 -0.571225 1.071037 -4.957853 1.684137 0.688507 -2.687123 2.688448 0.406001 -0.828261 -0.714694 -0.417197 0.340289 -0.686020 0.069384
262 0.9794855714 -4.973209 -0.671387 1.057227 -4.984370 1.531054 0.943161 -3.115288 2.634492 0.444873 -0.808273 -0.702888 -0.342570 0.101408 -0.288573 0.029358
263 0.9751126766 -4.982829 -0.606541 1.079576 -4.969873 1.505649 0.808753 -3.063006 2.334850 0.272531 -0.917784 -0.630527 -0.209535 0.150222 -0.545306 0.289895
264 0.9685932994 -4.999987 -0.566638 1.311125 -4.947039 1.401655 0.796506 -2.933451 2.710874 0.658682 -0.913207 -0.699163 -0.517127 0.266461 -0.599704 -0.078788
265 0.9725713134 -4.987775 -1.095905 1.108977 -4.986752 1.577679 0.501114 -2.682503 2.779509 0.314852 -0.986844 -0.401320 -0.473440 0.500974 -0.343956 0.023079
266 0.9719739556 -4.985708 -0.865935 1.231132 -4.981622 1.583081 0.636927 -2.918793 2.566126 0.376977 -0.744919 -0.540720 -0.663383 0.365750 -0.476290 0.241906
267 0.9670076966 -4.998729 -0.886440 1.131541 -4.967283 1.585170 0.832155 -2.832395 2.532112 0.467512 -0.677845 -0.663700 -0.430483 0.331710 -0.482045 -0.044018
268 0.9677321911 -4.995247 -0.821564 1.174568 -4.977904 1.516901 0.824478 -2.822152 2.713645 0.431952 -0.889696 -0.536615 -0.597353 0.409899 -0.535373 0.081984
269 0.9676756263 -4.997671 -0.859734 1.125528 -4.973712 1.609789 0.802592 -2.890246 2.604340 0.594373 -0.901735 -0.642493 -0.417197 0.284006 -0.514459 0.247082
270 0.9747431278 -4.985375 -1.022725 1.210276 -4.944164 1.601598 0.721903 -2.984943 2.527879 0.578818 -0.749298 -0.620773 -0.411700 0.498945 -0.467925 0.235543
271 0.9738332033 -4.984115 -1.011938 1.147537 -4.947275 1.504833 0.752094 -3.068887 2.682762 0.338462 -0.784615 -0.522848 -0.453007 0.473391 -0.577603 0.141635
272 0.9677571058 -4.997460 -0.706699 1.268808 -4.959855 1.800919 0.808593 -2.921272 2.593553 0.560208 -0.880448 -0.715978 -0.657218 0.341183 -0.422560 0.094183
273 0.9673680663 -4.999583 -0.824549 1.147304 -4.970049 1.553767 0.707928 -2.972528 2.775632 0.529165 -0.743069 -0.708605 -0.441014 0.353958 -0.453353 0.159561
274 0.9732638597 -4.984948 -0.857618 1.264302 -4.972034 1.667559 0.779525 -2.842694 2.597657 0.426534 -0.777738 -0.648856 -0.505295 0.238109 -0.375733 -0.015542
275 0.9736495018 -4.990098 -0.697950 1.275925 -4.925610 1.571805 0.655121 -2.792549 2.769788 0.429576 -0.682858 -0.676251 -0.346081 0.222530 -0.436897 -0.038725
276 0.9684385061 -4.995704 -0.762747 1.134767 -4.984074 1.680777 0.755329 -2.978613 2.618781 0.534503 -0.843632 -0.718538 -0.541788 0.406183 -0.337704 0.214071
277 0.9713113308 -4.990439 -0.930675 1.228693 -4.976928 1.792342 0.796511 -2.894000 2.802918 0.578755 -0.675760 -0.728548 -0.417382 0.444033 -0.526225 -0.010805
278 0.9742098451 -4.988764 -0.928429 1.268931 -4.944129 1.568457 0.790042 -2.808628 2.713666 0.389320 -0.884045 -0.638460 -0.354498 0.212787 -0.294447 -0.001091
279 0.9668049812 -4.998705 -0.821648 1.272340 -4.955537 1.764326 0.737128 -3.031385 2.735906 0.389024 -0.773967 -0.598511 -0.660120 0.458202 -0.543371 0.146387
280 0.9702351093 -4.990694 -1.015373 1.267608 -4.972230 1.769757 0.773891 -3.059301 2.596639 0.416625 -0.686845 -0.472688 -0.470695 0.238820 -0.550882 0.173570
281 0.9679645300 -4.995674 -0.931564 1.189562 -4.968413 1.631262 0.765299 -2.925042 2.679574 0.478327 -0.748854 -0.584057 -0.560462 0.274462 -0.490674 0.124178
282 0.9676333666 -4.995690 -0.792731 1.221692 -4.978903 1.699678 0.689046 -2.977826 2.662779 0.467779 -0.783220 -0.581445 -0.570037 0.298650 -0.378156 0.094738
283 0.9687649012 -4.994029 -0.791356 1.194752 -4.978611 1.612493 0.749209 -2.930503 2.588740 0.421335 -0.742736 -0.531880 -0.420488 0.314824 -0.418364 0.178175
284 0.9653372765 -4.999455 -0.849508 1.187797 -4.990136 1.700887 0.762018 -3.007142 2.671705 0.363324 -0.833403 -0.613177 -0.490829 0.318662 -0.461575 0.094961
285 0.9670411944 -4.997362 -0.810458 1.228245 -4.970787 1.726038 0.742411 -2.965042 2.706878 0.413856 -0.730709 -0.624919 -0.579925 0.393732 -0.462892 0.081222
286 0.9680467844 -4.995568 -0.907679 1.177882 -4.985191 1.581098 0.677082 -3.000804 2.700592 0.423442 -0.776539 -0.601618 -0.495992 0.401496 -0.379473 0.108926
287 0.9647682905 -4.999726 -0.794062 1.161953 -4.997270 1.689939 0.764665 -2.955849 2.571357 0.346288 -0.876198 -0.546941 -0.535279 0.304696 -0.416652 0.170144
288 0.9664249420 -4.998408 -0.913346 1.231520 -4.999852 1.730161 0.714428 -2.976094 2.701090 0.445520 -0.878605 -0.618193 -0.559149 0.378817 -0.359148 0.175023
289 0.9664313793 -4.997894 -0.811636 1.183975 -4.979755 1.644734 0.766564 -2.976219 2.617712 0.471865 -0.748520 -0.566410 -0.539028 0.327726 -0.419917 0.086385
290 0.9666094780 -4.998813 -0.871189 1.203077 -4.973763 1.644858 0.682746 -3.020426 2.598596 0.436942 -0.771820 -0.639467 -0.465532 0.276453 -0.428160 0.058961
291 0.9668996334 -4.993907 -0.813471 1.183649 -4.996335 1.614804 0.710189 -2.954915 2.538521 0.344739 -0.933406 -0.499944 -0.608546 0.340719 -0.452960 0.129565
292 0.9666593671 -4.994622 -0.838667 1.133088 -4.987627 1.747886 0.793617 -2.991240 2.548951 0.345027 -0.918042 -0.543854 -0.614579 0.362863 -0.437986 0.116321
293 0.9677159786 -4.994359 -0.831577 1.186501 -4.984535 1.692138 0.749858 -2.971244 2.611162 0.336442 -0.876307 -0.618655 -0.586287 0.380341 -0.430414 0.201449
294 0.9668272734 -4.996463 -0.819865 1.162750 -4.986826 1.652376 0.817539 -2.972838 2.632486 0.422404 -0.876083 -0.538138 -0.567785 0.320509 -0.348633 0.108617
295 0.9674368501 -4.993843 -0.804985 1.130746 -4.981094 1.767373 0.741561 -3.035713 2.628252 0.352424 -0.914286 -0.557091 -0.461093 0.280953 -0.485448 0.122892
296 2.3217887878 1.699956 -1.519903 3.371590 -0.189675 -3.986359 -1.648780 0.538570 4.795718 -0.374906 4.230722 2.984026 -1.225443 4.674922 -3.898054 -1.183584
297 2.5681357384 -0.949015 0.397647 2.121078 -3.224867 -4.715625 -1.112464 3.716369 -2.297875 1.107617 -0.528462 -1.424210 -0.698257 -3.772192 -3.248860 -2.131302
298 1.7513260841 3.197859 -4.068246 2.480335 -2.424017 4.479157 0.686944 -0.014621 0.504164 4.555865 -3.951003 -4.591484 -4.602076 4.207016 -2.453965 -4.405631
299 2.5446803570 -1.026411 -3.854263 -4.441324 3.539494 -2.653469 -3.683648 -2.001122 -3.944208 3.260012 1.340755 3.224984 -1.739978 2.770400 -1.750022 0.737238
300 1.8045467138 -4.443837 -2.394448 -2.037122 2.040023 0.600120 -1.910922 1.109680 -3.349328 -4.641815 -1.454698 3.903304 -4.185639 -0.626196 3.134585 -0.467986
301 2.8455996513 0.511144 -0.134953 -3.973590 0.312834 -0.996331 -2.635551 -0.249826 2.022032 -1.638049 4.841974 2.083191 0.780005 1.887748 -0.563144 -3.419443
302 1.7076181173 4.239537 2.997521 3.727523 -4.085449 -1.858742 -3.230832 4.317588 -1.158975 -4.142053 2.037204 -3.387691 4.539645 -0.365249 -4.845882 2.109419
303 1.7282347679 -4.020685 0.868845 3.592536 3.197884 -4.151190 0.533684 -2.160140 4.361685 1.663349 3.325674 -2.794499 -2.433917 1.095523 2.960749 0.517527
304 2.2098617554 0.069501 -1.772336 -1.598743 -4.372610 3.706573 4.956910 2.545697 -1.483054 3.865888 4.037162 -1.525603 -4.361116 -2.872956 -0.141898 -3.479208
305 2.4954266548 -0.458597 -4.713243 -0.217287 2.141383 -0.421238 -3.449825 -3.192536 2.480613 -1.400436 -4.679532 -1.722007 4.038072 0.214605 -3.219767 -2.753998
306 2.4189100266 2.071034 4.145255 -4.835332 -1.050807 3.063966 -2.259275 4.729607 -1.888848 2.817648 -4.892897 -0.920821 1.634836 -3.090898 -2.029062 2.258328
307 1.8834998608 3.402755 -4.926376 3.048827 3.362864 1.723425 2.070345 2.059238 1.829286 4.167366 -0.783257 3.480400 -0.498168 0.607633 2.088747 3.737317
308 2.0586612225 -2.917254 1.318937 -1.870045 -4.829214 -2.219311 -0.392173 2.973748 -0.792753 4.875289 -2.359284 -3.775040 1.106571 -2.731421 -2.911832 3.465748
309 2.4199795723 -0.314530 1.502407 -0.345380 -3.507339 -1.902193 2.394181 3.086784 3.885921 1.724504 0.140772 -4.453314 -0.264173 -2.229541 4.046057 -3.919345
310 2.4787511826 1.061336 0.074113 1.035116 1.165908 3.261201 0.249700 -3.471292 2.835019 0.196822 -0.600352 -3.955444 2.079239 1.454889 -4.542178 -1.893929
311 2.0485701561 -2.618563 -0.841030 1.624786 4.621575 -3.539989 -4.369398 4.824851 1.148354 1.897713 -1.099800 1.001727 -0.827774 4.532769 1.237188 -2.451425
312 2.3839640617 -1.650855 -4.161418 0.822365 -0.438449 -1.376590 4.287990 -0.932480 4.208521 -3.973380 -3.424071 -3.490091 2.351568 0.418582 -0.042601 -4.841916
313 2.4950907230 0.202556 1.047846 4.068259 0.513053 4.135663 -4.693993 3.898379 -3.615447 3.468685 2.717666 0.442837 -0.012779 -0.804168 -3.755284 -4.698429
314 2.3356122971 -0.714133 4.933683 1.895695 4.978538 -3.731337 1.663200 0.836756 -3.879923 -2.294407 0.409687 4.120527 3.767517 -2.524348 0.828369 4.680629
315 2.4853990078 -3.509120 3.797035 -4.222303 2.368610 1.490260 -0.719382 -4.884264 3.402463 -1.874523 2.534526 2.425551 1.667474 -1.816972 2.683487 3.421122
316 1.8779470921 -3.842506 2.510027 1.811073 -1.266710 4.867099 -1.307252 -1.563505 -1.428427 2.142828 4.549455 -0.440995 -3.673909 3.819516 0.363344 1.177005
317 1.4452353716 -4.850167 0.297568 4.769114 -2.849547 1.964038 1.269266 1.707375 4.652335 2.513733 -1.814523 -2.665324 -2.681084 -4.705702 -0.452671 -0.112903
318 2.3720486164 2.155813 -2.690740 -2.432677 1.306706 -3.240636 0.872846 -2.834714 -2.668209 -4.495532 1.066897 3.130009 -2.833748 4.025855 1.751938 2.878107
319 1.6492726803 4.818205 -1.041336 -2.226626 -2.257759 -1.063889 4.056160 -0.777401 -1.935409 -2.733500 -1.358552 3.708692 1.365387 -1.908639 -0.961540 0.027153
320 1.6349256039 -4.614563 -3.381241 0.368071 4.475867 0.330014 4.410484 -4.120102 -4.619447 4.063479 -3.670796 -4.872965 -3.652251 0.032872 0.769579 2.728042
321 1.8896756172 -4.169549 3.415657 -0.878868 -1.638289 -1.643613 2.213556 -3.794446 -4.243951 -3.655950 -0.155059 2.190466 2.831079 3.012358 3.852627 -1.267889
322 2.5930955410 -1.903208 4.576266 -4.766658 -2.654497 -2.968171 -4.872123 1.629274 0.672881 -2.374122 4.733883 -0.054208 0.294314 -3.412248 3.480787 0.119817
323 2.2820901871 2.478992 -2.264416 -3.074402 -3.192452 3.997841 -4.001216 -4.709404 -0.724710 -0.898792 -4.408361 -0.766620 -1.893083 -4.009837 2.434337 -4.190520
324 2.1766386032 -2.342035 3.470645 0.562823 1.496264 -4.457031 -3.046176 -0.512139 -4.914933 -3.878278 -2.745159 -0.170249 -1.130720 -4.242431 0.320896 -1.478405
325 1.6094853878 4.495611 1.750731 1.292012 3.723336 -0.219346 0.056908 -4.339203 2.604985 0.619121 1.861613 4.833885 3.103162 2.522054 -4.285714 -0.771901
326 2.2104704380 -1.323138 2.257789 2.636080 -3.792784 0.387837 -0.326986 -2.570478 3.214745 -1.170275 -2.034032 1.277724 0.529427 0.999163 3.433246 4.193524
327 2.3311743736 0.873337 -4.552391 -1.011048 -4.611233 1.038967 1.727734 0.278305 3.974512 -0.010547 0.706405 -2.052242 3.320186 1.367545 -2.742660 4.904131
328 2.0542025566 -3.235294 -3.580701 2.917060 4.019863 4.677709 2.945383 3.311359 -2.512366 1.423935 -2.270910 -2.457777 2.596023 2.315245 -1.281152 1.542101
329 1.9770379066 2.803351 1.992328 -0.649674 0.842217 -2.511795 3.648532 -1.714393 -4.479956 -2.066093 3.210069 -4.179952 -4.958723 -0.305843 -4.727766 0.843887
330 1.6203637123 4.621145 -2.099891 4.238958 -4.271742 -0.619192 3.778206 1.270626 0.006138 -3.019804 2.876935 -2.248237 -3.988304 -3.543965 4.470405 -1.866771
331 1.9558243752 3.906771 0.773626 -3.718385 -1.995198 2.947590 4.640342 4.410674 1.234378 -0.667270 1.525346 -3.191004 4.597686 2.975686 -3.540455 3.167031
332 2.4559874535 0.668046 3.974237 -2.729743 2.992907 -0.009172 -1.716946 -2.435566 -2.960219 2.677801 2.182354 4.696101 -1.596317 3.568622 -1.011188 3.948370
333 2.6248164177 1.462115 -0.382080 -3.385404 -0.731171 -4.990132 -4.280579 2.712999 0.919145 -3.262722 -0.025933 4.359708 4.831516 -1.532325 4.286657 1.729334
334 2.2401998043 1.363151 2.669699 4.895939 -1.795133 2.283994 3.007670 -3.438604 -0.177211 0.852918 3.575302 1.516584 -3.226611 -1.443188 2.116504 4.350711
335 2.2482297421 3.455902 -0.596253 -3.556801 2.636220 -3.140325 -2.406133 3.623358 3.491532 0.443225 -2.861879 2.617740 2.220240 -1.094545 -1.504635 -2.994966
336 2.2484226227 -2.196040 -1.397489 0.126043 -0.070078 1.240768 3.344086 -1.376321 -0.390048 4.345124 -4.323862 0.139102 -3.119799 -4.784419 4.839382 -3.667553
337 1.9105511904 3.740509 -3.123691 0.055892 -0.908356 2.437802 2.747338 -4.015459 1.554307 3.110932 -3.058001 0.581325 -2.280082 -4.342850 4.564214 -3.062797
338 2.1598451138 2.665038 3.210821 -2.800307 4.226825 0.820005 -0.977358 -1.197049 0.274747 -0.220456 0.902670 0.847973 4.259670 4.949461 1.467394 1.338406
339 2.2475552559 -1.749515 4.398802 -1.227620 0.570940 2.659090 1.158136 0.585676 2.142522 -4.982118 -3.663142 1.793288 3.608224 2.042946 1.006980 -0.848521
340 2.0408282280 -3.034786 -2.915045 4.412123 1.719850 3.583357 -2.887154 2.178250 -3.174835 -2.985061 3.755740 -1.222096 0.579410 3.324468 -2.224194 2.537165
341 1.5205001831 -4.684758 -2.660605 4.729480 -1.863514 -0.526563 1.585065 4.453363 3.004875 -0.032256 -4.446434 -0.760309 -3.934270 -0.815178 1.350336 1.436664
342 1.6165435314 -4.956607 4.356054 3.653375 0.785217 1.497172 1.224555 -3.251097 2.610052 3.245248 -0.812970 1.953593 0.343752 -1.674674 -4.653010 -2.490326
343 1.5589758158 -4.654555 4.464206 3.587382 -1.275457 -1.883676 3.383508 -3.156021 0.705194 2.693701 -1.689415 -1.969951 -2.324174 -3.612640 -3.276215 1.089059
344 1.4629627466 -4.987397 -0.005851 2.208811 1.812824 -1.670554 0.617776 -1.149297 3.890529 1.362073 -4.358272 -3.219998 -3.071457 -4.994804 -0.878853 1.725475
345 1.3448174000 -4.952358 -1.793127 1.995841 -3.955457 1.894977 2.896955 4.868151 1.553117 0.396204 -1.976733 -4.027586 -2.841112 -2.637519 3.085492 2.566587
346 1.5142480135 -4.901752 -4.802524 4.072042 -4.821670 4.826251 -0.180914 4.057685 -0.887451 3.075361 -3.466562 -4.465840 -4.844415 -2.687352 3.287408 1.697518
347 1.3357335329 -4.889112 -3.922797 1.185531 -4.696817 2.870387 2.598016 0.906727 0.588841 -3.205300 -2.703140 -3.343127 -2.770226 1.150255 3.848458 2.931467
348 1.2686877251 -4.961557 -2.872106 1.535447 -3.457470 0.379096 0.407366 0.601236 -0.306849 -2.864281 2.477527 -3.063660 -2.728191 -1.000654 -0.303331 3.304081
349 1.4834122658 -4.885668 -4.391575 3.570650 -1.466158 3.847980 0.099186 2.076820 0.244878 1.700015 -1.002339 -4.644118 0.203945 -2.280313 3.158348 1.348141
350 1.5274273157 -4.660322 1.533118 3.688271 -3.968597 3.719856 0.014024 0.670521 -1.316254 0.330909 -4.254254 -4.508171 -1.752011 -2.775249 2.349262 2.909110
351 1.4781169891 -4.780804 -3.530557 2.348829 -2.074023 4.157349 -1.922916 -1.828559 -4.548386 -0.504775 0.237795 1.062560 -4.832823 -4.455813 -1.615082 4.080846
352 1.4432820082 -4.919154 -4.221028 2.270859 -3.614392 -2.544088 2.401499 -0.412907 -1.951326 -0.564218 -0.471925 -1.306278 -3.284880 1.355525 -4.651887 -0.412159
353 1.4602406025 -4.972679 0.087531 2.582813 -4.742730 -4.280501 -1.253581 -3.489948 0.682293 -1.281104 0.570680 -4.231794 -1.433512 3.539063 -4.733005 3.215471
354 1.4553433657 -4.994530 -2.548811 1.104347 -4.784970 -3.000940 -0.689041 -0.091649 -4.446616 -2.279579 -0.926892 -0.304704 -0.724840 -4.016691 3.659674 4.991278
355 1.5794622898 -4.782903 -3.100468 3.806913 -2.996144 -4.168514 1.563121 4.459607 -2.838313 0.179406 1.508559 -4.976126 -0.379739 0.010739 3.857769 4.189886
356 1.8135914803 -4.961221 -4.777452 2.385933 -1.442554 -2.715997 2.183517 4.747087 -1.540920 -2.488822 -1.893359 -0.952539 0.126051 -3.821031 -4.992925 4.427996
357 1.4709703922 -4.997884 -4.088898 2.270786 -1.211695 -3.496868 -1.085772 2.958186 1.382730 -4.175468 2.185870 -2.604838 -2.834169 -1.856441 -0.210342 4.573675
358 1.6264352798 -4.769426 -4.838009 1.502242 -1.357576 -1.414895 4.416405 2.665012 -1.139880 -3.271847 -2.141005 1.084698 -4.128874 1.287304 1.857338 4.849975
359 1.5406885147 -4.732393 -2.114840 2.360244 0.170293 1.574472 0.457629 1.307203 4.296708 -1.004526 1.074508 -2.303701 -3.311382 -3.352733 -4.133694 1.080361
360 1.4953829050 -4.862329 -2.480767 2.063406 -3.085221 -1.816899 -1.811986 0.381136 4.385668 -4.684596 -0.241842 -4.442074 -4.022313 -3.838362 2.632821 3.824697
361 1.3354502916 -4.894847 -3.381214 2.268635 -4.340054 1.513301 -0.974233 -1.350726 1.087342 1.073266 -1.613687 1.282676 -3.719306 2.855082 -4.351680 2.729705
362 1.5699323416 -4.864398 -2.859116 -0.778156 -2.728355 -4.367335 1.428944 -2.311347 -3.447819 1.342263 4.039940 -3.799570 -2.815322 0.279764 -4.257689 -0.587550
363 1.5303721428 -4.870235 -3.928797 1.776158 -2.610543 3.911810 3.995310 1.444252 2.169679 -2.701094 3.267494 -3.684455 -0.507919 3.931367 4.066090 1.756822
364 1.3240450621 -4.959191 -3.201623 3.931972 -4.589376 2.873735 1.870387 -3.545439 1.742684 1.330013 -0.139285 -0.440743 -2.511897 3.971058 2.312861 4.700847
365 1.4541172981 -4.984931 -3.226497 1.833727 -3.029327 -2.928009 2.974952 -1.969900 -0.040836 0.901363 3.541288 1.573035 -3.651343 -0.434168 3.701582 3.749567
366 1.4258272648 -4.998065 -3.511940 2.864670 -3.317117 1.180533 -0.406588 -1.215224 -1.363504 -4.602411 4.840259 -3.256468 -3.699915 -0.422534 -0.523745 4.109391
367 1.1604843140 -4.957725 -2.224943 1.021603 -2.883882 -0.257550 -0.148516 -1.348418 -0.631174 -0.423610 0.799892 -2.186671 -1.258383 -0.358512 -2.229837 1.476800
368 1.2500456572 -4.937015 -0.961607 1.241588 -3.485513 1.711926 0.877449 -0.441893 2.170642 -3.557276 1.516472 -1.495841 -3.741720 -0.826705 -1.781234 4.348688
369 1.2861846685 -4.972621 -1.969258 2.519142 -4.541974 -0.626736 1.216775 -1.236065 -2.033295 -1.102756 0.159721 -4.129062 -4.172314 -2.429072 -0.248174 2.801844
370 1.1614634991 -4.950387 -1.357560 1.637212 -4.976071 -1.370874 1.351200 -0.519643 0.399958 -1.767338 2.544438 -1.046692 -2.632524 -1.832875 -0.362812 1.244100
371 1.1960606575 -4.973293 -1.938451 1.782522 -4.359351 -0.395463 -1.985104 -1.231267 -0.892763 0.143838 3.080817 -0.571210 -2.291415 0.113315 -0.507466 -0.707246
372 1.1885118484 -4.866367 -1.856966 1.549307 -2.754096 1.909558 0.368592 -2.549101 1.566823 0.204006 -0.985762 -2.268275 -2.281030 -1.910858 -1.909830 0.297007
373 1.1912153959 -4.939917 -2.241748 1.058577 -1.625426 0.315918 0.756607 -2.331752 0.562212 1.383356 1.914433 -2.347806 -3.134356 0.450532 -1.377927 0.921907
374 1.2355532646 -4.737309 -3.480486 0.937619 -4.740424 0.491566 1.107450 -2.188940 0.661814 0.713684 1.069239 -0.529052 1.367603 0.051945 -1.411283 3.824428
375 1.1600817442 -4.879383 -1.893614 1.418473 -4.480297 1.427967 -0.715413 -2.844765 -0.083137 0.989083 -1.712747 -0.811901 -3.096868 0.171889 -0.795064 3.641334
376 1.1945989132 -4.940292 -1.981013 1.154485 -3.667654 -0.952889 0.341395 -1.363232 0.991208 3.241397 0.531314 -1.825611 -0.439716 -1.944087 -0.092894 3.396309
377 1.1057664156 -4.973598 -0.730634 1.385021 -3.544216 -0.662756 -0.171245 -0.833112 1.659392 0.092187 -1.181023 -1.005557 -1.589842 2.081334 0.967490 1.474209
378 1.2384634018 -4.896061 -0.592043 1.724304 -3.370661 1.254540 -1.092557 -1.014559 -2.222241 3.418392 -1.532301 -1.120285 -0.786139 2.284659 -0.120328 1.837957
379 1.1451435089 -4.950577 -1.799381 2.692624 -4.702464 2.977292 -1.288929 -4.855268 1.855691 0.108776 -1.488886 -1.884050 -1.786518 0.310163 0.590320 1.117727
380 1.0463099480 -4.990157 -2.555989 2.085448 -4.404522 1.337590 1.214223 -2.738949 2.308805 0.063718 -1.600399 -0.261525 -1.373120 -0.094241 0.151731 2.481848
381 1.1309916973 -4.959683 -1.704922 1.595675 -3.161167 -0.624462 0.071399 -1.727292 3.559531 -1.444765 -0.788060 -1.313951 -2.074058 -0.586422 -0.496562 1.093737
382 1.1856600046 -4.998849 -1.296357 2.853573 -3.343948 -0.322698 1.859483 -4.984342 0.410933 0.435873 -2.506586 0.521684 -0.494842 0.965461 1.170731 1.776899
383 1.1115262508 -4.920457 -2.285566 1.183584 -4.978009 1.237521 1.701016 -3.692750 4.259796 -0.782848 0.585959 -0.704908 1.042631 1.878750 0.041680 0.972217
384 1.1495319605 -4.917046 -1.820575 0.870265 -3.762769 -0.506668 2.401966 -2.036507 1.648069 1.618690 -0.717871 -1.551648 -1.000948 0.880713 1.380174 0.436768
385 1.1736093760 -4.842490 -3.565160 1.827274 -4.287475 2.512624 1.971276 -4.970677 0.982086 0.820292 -2.744837 -0.842205 -2.986056 1.696403 0.650264 0.626759
386 1.1430479288 -4.955203 -4.027926 2.390008 -4.480709 0.576533 2.723149 -4.105183 4.323965 1.972751 -1.771431 0.570044 -0.496141 -1.792784 0.284866 2.598902
387 1.1086388826 -4.952186 -1.047394 1.986433 -4.795589 0.148917 2.241246 -1.476112 3.553663 -0.997597 -0.758133 0.805795 0.569661 0.881459 -1.335445 1.345724
388 1.0658872128 -4.985996 -2.035064 2.136456 -4.855539 1.034309 0.017245 -3.449265 0.549527 1.400224 -2.692003 -1.038877 -3.181095 -0.808587 0.257418 1.046132
389 1.1274784803 -4.959718 -0.642911 0.842781 -3.476107 3.317904 0.807202 -1.203054 0.700596 -1.277323 -0.605759 -1.408064 -1.850546 1.007360 -0.352365 2.361370
390 1.1643172503 -4.993910 -1.067578 2.301824 -4.503377 1.305900 1.084089 -4.983642 0.407421 -1.894824 0.071856 -1.484256 -3.757376 1.261917 0.767377 0.758262
391 1.1599472761 -4.989985 -1.004188 1.402911 -3.441415 0.102383 0.289427 -1.335290 4.255170 1.688931 -2.902800 -1.254036 -1.581918 -1.021776 0.160582 4.256291
392 1.0698193312 -4.966112 -1.747731 0.858289 -4.538409 3.184888 1.251570 -1.907328 4.804656 1.447063 -1.169989 -0.842816 -1.647167 -1.590837 -0.416017 3.353684
393 1.1530193090 -4.936979 -2.497945 2.115459 -4.819428 0.840589 -0.434691 -4.609714 2.864657 1.238241 0.451401 1.000115 -1.572733 0.990405 1.303093 2.129604
394 1.1512324810 -4.911498 -2.391123 2.181833 -4.286424 -0.340605 1.331903 -1.341286 0.769515 0.694556 -0.933737 -1.687011 -3.174483 -2.109362 0.968817 1.341743
395 1.2636994123 -4.980016 -4.610795 2.773683 -2.523842 3.278777 0.548625 -0.335254 4.955055 0.451799 -4.046728 0.653977 0.969699 1.839429 1.235055 0.956002
396 1.0345659256 -4.961951 -1.795155 1.672558 -4.476884 2.451347 0.627772 -2.675350 2.973335 0.486570 -1.784035 -0.133442 -2.605628 -0.685395 -0.259936 1.662657
397 1.0340106487 -4.994475 -1.437576 1.746227 -4.459262 1.015796 0.947388 -1.743498 2.363584 1.292514 -1.976996 -0.413327 -2.283269 -0.408569 -0.037547 1.731588
398 1.0736571550 -4.966790 -3.700686 1.609142 -4.554186 1.734287 1.756240 -3.993926 2.883582 1.183888 -2.336982 -1.130821 -1.062071 -0.193098 -0.258352 1.720444
399 1.0789818764 -4.949599 -1.873578 2.024743 -4.404970 0.682351 1.704790 -2.506922 3.278733 1.270685 -1.334210 -0.570297 -2.675939 -0.071413 -0.490492 2.742249
400 1.0254695415 -4.994258 -2.105061 2.035394 -4.898246 1.585230 1.453710 -1.683125 1.740114 -0.273339 -0.400133 0.042435 -0.724881 0.058063 -0.617290 1.435609
401 1.0903735161 -4.926681 -2.333924 1.883198 -4.703437 2.799721 2.329940 -2.703618 1.589471 0.438846 -1.659873 1.059723 -1.778708 -0.905443 -1.262272 2.167789
402 1.0384763479 -4.998451 -2.660925 2.077166 -4.431809 1.933557 0.965851 -2.249392 2.348663 0.663159 -0.534267 0.647271 -2.007657 -1.127916 -0.333206 0.675288
403 1.0753191710 -4.992988 -2.147308 1.928498 -4.423738 2.315988 1.755139 -1.155181 2.058377 -1.525735 -1.482098 0.437664 -0.939514 0.679091 -0.227115 0.454941
404 1.0184073448 -4.997893 -2.359416 1.520294 -4.371502 1.554761 1.347447 -2.857612 2.203068 0.868405 -0.889398 -0.803183 0.200840 1.187817 -0.799846 0.489497
405 1.0525398254 -4.996616 -1.204799 1.468598 -4.588835 2.095685 1.320240 -1.330699 2.878648 -0.284818 0.190093 0.858035 -1.185429 0.651351 -1.037968 2.365237
406 1.0160729885 -4.996823 -1.474239 1.527264 -4.140523 0.771470 1.473603 -3.185413 2.904517 1.165618 0.257304 -0.556369 -1.002083 0.237709 -0.328940 0.391378
407 1.0370547771 -4.993939 -2.093027 1.263047 -4.261593 1.286001 0.951389 -3.348578 0.992546 1.053329 -0.287623 -1.715741 -0.572542 0.118944 -0.039791 1.228099
408 1.0179498196 -4.992872 -1.803531 1.374025 -4.913760 0.430344 0.582903 -2.012967 2.627310 -0.115258 0.252564 -0.982559 -0.385454 0.579218 -1.238815 1.424781
409 1.0341851711 -4.969118 -2.897056 1.270764 -4.936841 2.108106 0.357330 -2.795619 2.294381 1.640000 -1.864296 -0.147283 -0.277912 1.133802 -0.593982 1.181528
410 1.0060143471 -4.979186 -1.316918 0.992760 -4.979133 1.417689 1.625224 -2.715924 2.849401 -0.099292 -0.533473 -1.640037 -0.797058 1.014526 -0.531755 0.894910
411 1.0399447680 -4.982932 -2.328544 0.668201 -4.958615 1.440631 1.131284 -4.651681 3.810272 -0.484526 -1.317387 -0.763812 -0.259280 -1.464570 0.155963 1.011442
412 1.0574966669 -4.998771 -0.888940 0.498089 -4.616349 1.326550 2.206335 -0.932669 1.142231 0.137919 -0.620908 -0.053907 0.507618 -0.921611 -0.074018 0.642731
413 1.0590026379 -4.978910 -2.626908 1.128996 -4.053080 1.735021 1.780228 -3.433435 1.665524 2.082287 1.318646 -0.270081 -0.588972 -0.182185 -1.096723 1.189575
414 1.0954254866 -4.981725 0.001987 -0.032010 -4.761194 2.973341 3.682025 -2.559637 3.244569 1.265343 -1.629162 -0.515725 -0.464431 2.067985 -0.648318 0.656125
415 1.1100208759 -4.997951 -1.677995 0.241293 -3.613300 -0.687262 0.965251 -4.605979 2.216687 0.711061 -1.573076 -1.295948 -2.710665 -0.682913 -1.357142 0.536369
416 1.0795996189 -4.889400 -2.821636 0.924153 -4.985058 2.299723 1.211938 -2.343989 2.395687 1.068362 -1.654556 -1.804665 -0.129255 -0.028226 -0.135223 1.668252
417 1.0860221386 -4.989877 -1.108100 1.108390 -4.904999 3.384924 1.471236 -1.736619 0.782894 -1.581390 -2.329804 -2.009884 -2.001273 -0.442150 -1.301860 -0.010065
418 1.2064244747 -4.857525 -1.037301 1.185440 -4.717932 1.082676 2.492513 -0.968437 4.450251 2.069307 -0.521004 -1.909243 1.881391 2.513811 0.411971 -1.292416
419 1.0485565662 -4.984868 0.464758 1.971437 -4.173457 1.809390 0.649883 -1.882771 1.486853 -0.420670 -0.560729 -0.260150 -1.872460 1.016530 -0.396123 1.630420
420 1.0576560497 -4.985904 0.831806 1.859302 -4.791494 2.658742 0.481255 -3.233657 3.742127 0.725599 -3.121954 -0.514435 -2.378230 3.482238 -0.625651 1.039646
421 1.0610834360 -4.998573 0.242843 0.728348 -4.603420 0.931429 2.871202 -2.953827 2.354297 1.600519 -1.264597 -0.106740 -1.797012 -0.198232 0.511629 -1.115430
422 1.0622689724 -4.994454 0.462561 0.895498 -4.274914 1.788952 0.936589 -2.212278 1.281239 0.733463 1.128797 -0.862098 1.001834 0.426804 -0.295704 1.123902
423 1.0815585852 -4.992189 0.816539 0.501564 -4.875479 3.583126 -0.317024 -3.480195 2.840660 -0.835812 0.700857 -0.260861 0.308533 -1.502524 -0.559985 1.682385
424 1.0781053305 -4.982704 0.430673 0.269015 -4.901781 1.274050 0.325967 -1.214008 0.164268 0.398491 -2.341052 0.260186 0.168474 -1.000777 0.106723 1.959284
425 1.0749814510 -4.995473 -1.306474 1.939109 -4.882781 -0.683501 0.714167 -0.841282 1.311858 1.877624 0.346174 -0.296525 -2.679330 0.204919 0.878023 -0.477925
426 1.0232796669 -4.962457 -1.220473 0.974364 -4.646941 1.777850 1.714831 -2.628268 3.056489 0.160556 0.065575 -0.892844 -1.549227 0.409141 -1.044700 1.605619
427 0.9945257902 -4.990719 -0.793495 1.576446 -4.871485 2.355399 1.452439 -3.543098 2.552805 0.335993 -1.277173 -0.534971 -0.393978 0.345995 0.158826 1.166486
428 1.0204446316 -4.940476 -1.722360 1.122343 -4.759469 1.192451 0.724871 -2.784824 3.747165 0.841323 -1.013740 -1.132750 -1.432701 -0.157919 -0.742681 0.346325
429 1.0453982353 -4.995448 -2.110272 0.634635 -4.577716 1.071824 1.139303 -3.131808 3.253811 1.018803 -1.554425 -2.170074 0.438154 -0.004629 -1.240846 1.628412
430 1.0034278631 -4.997793 -0.218232 1.062749 -4.830525 0.567093 0.738452 -2.195479 2.908130 1.001896 -1.766897 -1.293384 -0.772214 1.052568 -0.993668 1.156989
431 0.9823428392 -4.996633 -0.870715 1.000094 -4.879403 1.797800 0.963793 -3.178906 2.044373 1.069794 -1.302612 0.194825 0.107506 0.046954 -0.318053 0.420668
432 1.0027755499 -4.998683 0.115500 1.376747 -4.699755 2.911865 0.494048 -2.757699 3.540376 0.770369 -0.206973 0.209616 -0.989263 0.457687 -0.037391 0.545723
433 0.9999641776 -4.991147 -0.425633 0.982653 -4.474951 1.920500 0.538058 -2.627154 3.757027 -0.145851 -1.116521 0.226423 -1.337795 0.148631 -0.009493 0.963248
434 0.9950742722 -4.990664 -0.588784 1.172543 -4.994305 1.168685 1.237857 -3.895302 2.145145 1.273465 -0.470563 -0.265940 -0.590956 -0.514292 0.167524 0.561102
435 0.9893207550 -4.988997 -1.198552 1.067568 -4.953965 2.273283 1.620962 -3.367660 3.824660 0.767229 -0.122082 -1.009634 -1.222014 -0.869970 -0.141827 0.443591
436 1.0463247299 -4.976872 -1.808222 0.856959 -4.412496 1.831324 1.494299 -3.674793 2.343555 0.025432 -2.493472 -0.714946 0.746619 0.713796 -0.692282 1.068189
437 0.9909904003 -4.990791 -1.068478 1.270707 -4.572601 0.863723 0.949268 -2.991689 1.563562 0.350511 -1.109870 -0.681603 -0.551692 -0.018110 -0.529708 -0.653356
438 1.0152914524 -4.967911 -0.014364 1.324601 -4.885989 0.793759 1.330767 -4.070716 3.114781 1.326889 -0.432693 -0.311288 -0.565296 0.107364 0.009099 0.116886
439 1.0377621651 -4.974669 0.128569 1.316626 -4.292960 1.854686 0.820801 -4.215216 2.495607 1.520767 -0.509224 -0.629083 -0.612632 -0.170847 0.263256 0.456418
440 1.0268377066 -4.988170 -1.311781 1.563283 -4.309479 0.885561 0.849893 -3.738923 2.280052 -0.098153 -1.820436 1.253136 -0.789881 -0.301837 -0.710876 1.019145
441 0.9846802950 -4.999813 -0.479211 0.800912 -4.952014 1.478733 1.524868 -3.389769 2.975114 1.114955 -1.021751 -0.934653 -0.581122 0.089887 -0.586152 1.004779
442 1.0071823597 -4.959314 -1.349302 1.197896 -4.929407 1.799986 0.821350 -4.307840 0.752659 0.256921 -0.831914 -0.315730 -0.065581 -1.188102 -0.937168 0.612848
443 0.9875030518 -4.993881 -0.545685 1.418821 -4.956140 1.156361 0.364803 -3.052462 3.340621 -0.005071 -0.304632 -0.283078 -0.361439 -0.702492 -0.662531 0.645010
444 1.0346605778 -4.997435 -0.698929 0.885946 -4.753079 2.736027 0.202617 -3.528861 1.804576 -0.108284 -1.850283 -0.901405 1.422260 1.147719 0.108320 -0.872144
445 1.0071806908 -4.966298 -1.446911 0.940747 -4.974127 1.282575 1.249470 -3.693668 2.775622 0.521419 -1.854418 -0.479397 -0.915032 0.216191 0.376894 0.866228
446 1.0172145367 -4.996946 0.077206 1.075427 -4.631493 1.770816 0.962418 -2.317808 2.691249 1.811400 -0.538447 -0.790537 -0.865831 -1.219641 -0.880810 -0.332256
447 1.0019299984 -4.985647 -0.491075 0.465318 -4.775074 2.328574 1.368067 -3.295294 2.636365 1.824680 -0.341009 -0.373846 -0.811003 -0.361387 -0.763135 -0.489827
448 0.9911031723 -4.987877 -1.127270 1.268899 -4.892013 2.176638 0.989655 -2.316179 3.072793 0.494493 -1.457888 -0.203621 -0.335393 0.161989 0.368191 0.669373
449 1.0310332775 -4.987819 -0.334582 0.524195 -4.640206 0.969264 0.226357 -2.527262 2.983168 1.563648 -2.399518 -0.487821 0.619445 -0.205542 -0.664398 1.173643
450 1.0146943331 -4.996384 -0.344388 0.852104 -4.978768 2.136658 0.778525 -3.087781 3.180427 1.384088 -0.759402 0.147282 0.952749 -0.965481 -0.499724 1.486687
