evaluations raw_y x0 x1 x2 x3 x4 x5 x6 x7 x8 x9 x10 x11 x12 x13 x14
1 3.6175000525 -0.248928 0.248928 -0.248928 -0.248928 -0.248928 0.248928 0.248928 0.248928 0.248928 0.248928 -0.248928 0.248928 0.248928 0.248928 -0.248928
2 3.1964960409 0.601231 -0.601231 0.601231 0.601231 0.601231 -0.601231 -0.601231 -0.601231 -0.601231 -0.601231 0.601231 -0.601231 -0.601231 -0.601231 0.601231
3 1.8760125791 4.877833 -4.877833 4.877833 4.877833 4.877833 -4.877833 -4.877833 -4.877833 -4.877833 -4.877833 4.877833 -4.877833 -4.877833 -4.877833 4.877833
4 1.8369072760 -4.605106 4.605106 -4.605106 -4.605106 -4.605106 4.605106 4.605106 4.605106 4.605106 4.605106 -4.605106 4.605106 4.605106 4.605106 -4.605106
5 1.8438744653 -2.540968 2.540968 -2.540968 -2.540968 -2.540968 2.540968 2.540968 2.540968 2.540968 2.540968 -2.540968 2.540968 2.540968 2.540968 -2.540968
6 1.8457624287 2.820915 -2.820915 2.820915 2.820915 2.820915 -2.820915 -2.820915 -2.820915 -2.820915 -2.820915 2.820915 -2.820915 -2.820915 -2.820915 2.820915
7 1.9399584491 2.326088 -2.326088 2.326088 2.326088 2.326088 -2.326088 -2.326088 -2.326088 -2.326088 -2.326088 2.326088 -2.326088 -2.326088 -2.326088 2.326088
8 1.9258031179 -1.981064 1.981064 -1.981064 -1.981064 -1.981064 1.981064 1.981064 1.981064 1.981064 1.981064 -1.981064 1.981064 1.981064 1.981064 -1.981064
9 2.0455345921 -1.701131 1.701131 -1.701131 -1.701131 -1.701131 1.701131 1.701131 1.701131 1.701131 1.701131 -1.701131 1.701131 1.701131 1.701131 -1.701131
10 2.1957652340 1.356181 -1.356181 1.356181 1.356181 1.356181 -1.356181 -1.356181 -1.356181 -1.356181 -1.356181 1.356181 -1.356181 -1.356181 -1.356181 1.356181
11 1.7749274804 3.166006 -3.166006 3.166006 3.166006 3.166006 -3.166006 -3.166006 -3.166006 -3.166006 -3.166006 3.166006 -3.166006 -3.166006 -3.166006 3.166006
12 1.7995726076 -3.446027 3.446027 -3.446027 -3.446027 -3.446027 3.446027 3.446027 3.446027 3.446027 3.446027 -3.446027 3.446027 3.446027 3.446027 -3.446027
13 1.8867071655 -4.252870 4.252870 -4.252870 -4.252870 -4.252870 4.252870 4.252870 4.252870 4.252870 4.252870 -4.252870 4.252870 4.252870 4.252870 -4.252870
14 1.7701684455 3.980218 -3.980218 3.980218 3.980218 3.980218 -3.980218 -3.980218 -3.980218 -3.980218 -3.980218 3.980218 -3.980218 -3.980218 -3.980218 3.980218
15 2.5823668413 0.873970 -0.873970 0.873970 0.873970 0.873970 -0.873970 -0.873970 -0.873970 -0.873970 -0.873970 0.873970 -0.873970 -0.873970 -0.873970 0.873970
16 2.3105408686 -1.226348 1.226348 -1.226348 -1.226348 -1.226348 1.226348 1.226348 1.226348 1.226348 1.226348 -1.226348 1.226348 1.226348 1.226348 -1.226348
17 3.0984327543 -0.714216 0.714216 -0.714216 -0.714216 -0.714216 0.714216 0.714216 0.714216 0.714216 0.714216 -0.714216 0.714216 0.714216 0.714216 -0.714216
18 2.5008043460 1.072382 -1.072382 1.072382 1.072382 1.072382 -1.072382 -1.072382 -1.072382 -1.072382 -1.072382 1.072382 -1.072382 -1.072382 -1.072382 1.072382
19 1.7887268609 4.093106 -4.093106 4.093106 4.093106 4.093106 -4.093106 -4.093106 -4.093106 -4.093106 -4.093106 4.093106 -4.093106 -4.093106 -4.093106 4.093106
20 1.9791082464 -3.826261 3.826261 -3.826261 -3.826261 -3.826261 3.826261 3.826261 3.826261 3.826261 3.826261 -3.826261 3.826261 3.826261 3.826261 -3.826261
21 1.7970579831 -3.324540 3.324540 -3.324540 -3.324540 -3.324540 3.324540 3.324540 3.324540 3.324540 3.324540 -3.324540 3.324540 3.324540 3.324540 -3.324540
22 1.8041768743 3.598772 -3.598772 3.598772 3.598772 3.598772 -3.598772 -3.598772 -3.598772 -3.598772 -3.598772 3.598772 -3.598772 -3.598772 -3.598772 3.598772
23 1.9631752545 1.859674 -1.859674 1.859674 1.859674 1.859674 -1.859674 -1.859674 -1.859674 -1.859674 -1.859674 1.859674 -1.859674 -1.859674 -1.859674 1.859674
24 2.1256237281 -1.508917 1.508917 -1.508917 -1.508917 -1.508917 1.508917 1.508917 1.508917 1.508917 1.508917 -1.508917 1.508917 1.508917 1.508917 -1.508917
25 1.8551619808 -2.484632 2.484632 -2.484632 -2.484632 -2.484632 2.484632 2.484632 2.484632 2.484632 2.484632 -2.484632 2.484632 2.484632 2.484632 -2.484632
26 1.9083583412 2.133800 -2.133800 2.133800 2.133800 2.133800 -2.133800 -2.133800 -2.133800 -2.133800 -2.133800 2.133800 -2.133800 -2.133800 -2.133800 2.133800
27 1.8453032261 2.699502 -2.699502 2.699502 2.699502 2.699502 -2.699502 -2.699502 -2.699502 -2.699502 -2.699502 2.699502 -2.699502 -2.699502 -2.699502 2.699502
28 1.8380436635 -2.973660 2.973660 -2.973660 -2.973660 -2.973660 2.973660 2.973660 2.973660 2.973660 2.973660 -2.973660 2.973660 2.973660 2.973660 -2.973660
29 1.8423183819 -4.718068 4.718068 -4.718068 -4.718068 -4.718068 4.718068 4.718068 4.718068 4.718068 4.718068 -4.718068 4.718068 4.718068 4.718068 -4.718068
30 1.7689219491 4.451150 -4.451150 4.451150 4.451150 4.451150 -4.451150 -4.451150 -4.451150 -4.451150 -4.451150 4.451150 -4.451150 -4.451150 -4.451150 4.451150
31 3.6762367782 0.089173 -0.089173 0.089173 0.089173 0.089173 -0.089173 -0.089173 -0.089173 -0.089173 -0.089173 0.089173 -0.089173 -0.089173 -0.089173 0.089173
32 3.4497745226 -0.447266 0.447266 -0.447266 -0.447266 -0.447266 0.447266 0.447266 0.447266 0.447266 0.447266 -0.447266 0.447266 0.447266 0.447266 -0.447266
33 3.3472412016 -0.551002 0.551002 -0.551002 -0.551002 -0.551002 0.551002 0.551002 0.551002 0.551002 0.551002 -0.551002 0.551002 0.551002 0.551002 -0.551002
34 3.5898036333 0.278369 -0.278369 0.278369 0.278369 0.278369 -0.278369 -0.278369 -0.278369 -0.278369 -0.278369 0.278369 -0.278369 -0.278369 -0.278369 0.278369
35 1.8308259364 4.554934 -4.554934 4.554934 4.554934 4.554934 -4.554934 -4.554934 -4.554934 -4.554934 -4.554934 4.554934 -4.554934 -4.554934 -4.554934 4.554934
36 1.8812261408 -4.907292 4.907292 -4.907292 -4.907292 -4.907292 4.907292 4.907292 4.907292 4.907292 4.907292 -4.907292 4.907292 4.907292 4.907292 -4.907292
37 1.8590366680 -2.862563 2.862563 -2.862563 -2.862563 -2.862563 2.862563 2.862563 2.862563 2.862563 2.862563 -2.862563 2.862563 2.862563 2.862563 -2.862563
38 1.9622280015 2.517594 -2.517594 2.517594 2.517594 2.517594 -2.517594 -2.517594 -2.517594 -2.517594 -2.517594 2.517594 -2.517594 -2.517594 -2.517594 2.517594
39 1.9272971450 2.022731 -2.022731 2.022731 2.022731 2.022731 -2.022731 -2.022731 -2.022731 -2.022731 -2.022731 2.022731 -2.022731 -2.022731 -2.022731 2.022731
40 1.8710965269 -2.302772 2.302772 -2.302772 -2.302772 -2.302772 2.302772 2.302772 2.302772 2.302772 2.302772 -2.302772 2.302772 2.302772 2.302772 -2.302772
41 2.2531388983 -1.397846 1.397846 -1.397846 -1.397846 -1.397846 1.397846 1.397846 1.397846 1.397846 1.397846 -1.397846 1.397846 1.397846 1.397846 -1.397846
42 2.1647929966 1.677812 -1.677812 1.677812 1.677812 1.677812 -1.677812 -1.677812 -1.677812 -1.677812 -1.677812 1.677812 -1.677812 -1.677812 -1.677812 1.677812
43 1.7763630924 3.487673 -3.487673 3.487673 3.487673 3.487673 -3.487673 -3.487673 -3.487673 -3.487673 -3.487673 3.487673 -3.487673 -3.487673 -3.487673 3.487673
44 1.8609620750 -3.142630 3.142630 -3.142630 -3.142630 -3.142630 3.142630 3.142630 3.142630 3.142630 3.142630 -3.142630 3.142630 3.142630 3.142630 -3.142630
45 1.9777330706 -3.930044 3.930044 -3.930044 -3.930044 -3.930044 3.930044 3.930044 3.930044 3.930044 3.930044 -3.930044 3.930044 3.930044 3.930044 -3.930044
46 1.8765887031 4.999289 -4.999289 4.999289 4.999289 4.999289 -4.999289 -4.999289 -4.999289 -4.999289 -4.999289 4.999289 -4.999289 -4.999289 -4.999289 4.999289
47 1.7708055799 4.387330 -4.387330 4.387330 4.387330 4.387330 -4.387330 -4.387330 -4.387330 -4.387330 -4.387330 4.387330 -4.387330 -4.387330 -4.387330 4.387330
48 1.7765301965 3.332541 -3.332541 3.332541 3.332541 3.332541 -3.332541 -3.332541 -3.332541 -3.332541 -3.332541 3.332541 -3.332541 -3.332541 -3.332541 3.332541
49 1.7981687032 4.237752 -4.237752 4.237752 4.237752 4.237752 -4.237752 -4.237752 -4.237752 -4.237752 -4.237752 4.237752 -4.237752 -4.237752 -4.237752 4.237752
50 1.7652323557 3.951317 -3.951317 3.951317 3.951317 3.951317 -3.951317 -3.951317 -3.951317 -3.951317 -3.951317 3.951317 -3.951317 -3.951317 -3.951317 3.951317
51 1.7844016867 3.792825 -3.792825 3.792825 3.792825 3.792825 -3.792825 -3.792825 -3.792825 -3.792825 -3.792825 3.792825 -3.792825 -3.792825 -3.792825 3.792825
52 1.7532950228 3.847162 -3.847162 3.847162 3.847162 3.847162 -3.847162 -3.847162 -3.847162 -3.847162 -3.847162 3.847162 -3.847162 -3.847162 -3.847162 3.847162
53 1.7602318597 3.873589 -3.873589 3.873589 3.873589 3.873589 -3.873589 -3.873589 -3.873589 -3.873589 -3.873589 3.873589 -3.873589 -3.873589 -3.873589 3.873589
54 1.7532950228 3.853691 -3.853691 3.853691 3.853691 3.853691 -3.853691 -3.853691 -3.853691 -3.853691 -3.853691 3.853691 -3.853691 -3.853691 -3.853691 3.853691
55 1.7532950228 3.847529 -3.847529 3.847529 3.847529 3.847529 -3.847529 -3.847529 -3.847529 -3.847529 -3.847529 3.847529 -3.847529 -3.847529 -3.847529 3.847529
56 1.7826504255 3.418941 -1.772384 3.593629 3.593629 3.593629 -3.418941 -3.593629 -1.772384 -3.418941 -1.772384 3.593629 -1.772384 -3.418941 -1.772384 3.418941
57 1.8439707368 4.210526 -1.420142 2.264663 2.264663 2.264663 -4.210526 -2.264663 -1.420142 -4.210526 -1.420142 2.264663 -1.420142 -4.210526 -1.420142 4.210526
58 1.8227290885 3.872870 -4.533114 4.896972 4.896972 4.896972 -3.872870 -4.896972 -4.533114 -3.872870 -4.533114 4.896972 -4.533114 -3.872870 -4.533114 3.872870
59 1.9368356615 4.547170 -4.153322 -0.411174 -0.411174 -0.411174 -4.547170 0.411174 -4.153322 -4.547170 -4.153322 -0.411174 -4.153322 -4.547170 -4.153322 4.547170
60 3.9072453412 -0.233415 -4.103855 4.029966 4.029966 4.029966 0.233415 -4.029966 -4.103855 0.233415 -4.103855 4.029966 -4.103855 0.233415 -4.103855 -0.233415
61 2.0179278618 3.763378 -4.994411 -0.999736 -0.999736 -0.999736 -3.763378 0.999736 -4.994411 -3.763378 -4.994411 -0.999736 -4.994411 -3.763378 -4.994411 3.763378
62 1.7988403426 4.801784 -3.790899 4.657079 4.657079 4.657079 -4.801784 -4.657079 -3.790899 -4.801784 -3.790899 4.657079 -3.790899 -4.801784 -3.790899 4.801784
63 1.8263754991 4.513924 1.641556 4.083235 4.083235 4.083235 -4.513924 -4.083235 1.641556 -4.513924 1.641556 4.083235 1.641556 -4.513924 1.641556 4.513924
64 1.8663408342 3.955352 -0.295515 2.018797 2.018797 2.018797 -3.955352 -2.018797 -0.295515 -3.955352 -0.295515 2.018797 -0.295515 -3.955352 -0.295515 3.955352
65 1.7765466350 3.892532 -2.937553 3.374135 3.374135 3.374135 -3.892532 -3.374135 -2.937553 -3.892532 -2.937553 3.374135 -2.937553 -3.892532 -2.937553 3.892532
66 1.8468975530 4.055247 -0.871578 3.818680 3.818680 3.818680 -4.055247 -3.818680 -0.871578 -4.055247 -0.871578 3.818680 -0.871578 -4.055247 -0.871578 4.055247
67 1.8094410779 3.445247 -4.967172 3.901681 3.901681 3.901681 -3.445247 -3.901681 -4.967172 -3.445247 -4.967172 3.901681 -4.967172 -3.445247 -4.967172 3.445247
68 1.8495546331 4.003093 -4.985136 3.789870 3.789870 3.789870 -4.003093 -3.789870 -4.985136 -4.003093 -4.985136 3.789870 -4.985136 -4.003093 -4.985136 4.003093
69 1.7660763658 3.619802 -2.957684 3.918603 3.918603 3.918603 -3.619802 -3.918603 -2.957684 -3.619802 -2.957684 3.918603 -2.957684 -3.619802 -2.957684 3.619802
70 1.7724853257 3.818451 -3.293236 3.891300 3.891300 3.891300 -3.818451 -3.891300 -3.293236 -3.818451 -3.293236 3.891300 -3.293236 -3.818451 -3.293236 3.818451
71 1.7766030149 3.712726 -3.318296 3.826532 3.826532 3.826532 -3.712726 -3.826532 -3.318296 -3.712726 -3.318296 3.826532 -3.318296 -3.712726 -3.318296 3.712726
72 1.7873080043 3.756019 -3.265200 3.870435 3.870435 3.870435 -3.756019 -3.870435 -3.265200 -3.756019 -3.265200 3.870435 -3.265200 -3.756019 -3.265200 3.756019
73 1.7701676607 3.713242 -3.505947 3.870104 3.870104 3.870104 -3.713242 -3.870104 -3.505947 -3.713242 -3.505947 3.870104 -3.505947 -3.713242 -3.505947 3.713242
74 1.7722840991 3.788954 -3.548520 3.858629 3.858629 3.858629 -3.788954 -3.858629 -3.548520 -3.788954 -3.548520 3.858629 -3.548520 -3.788954 -3.548520 3.788954
75 1.7859493784 3.780460 -3.553508 3.841422 3.841422 3.841422 -3.780460 -3.841422 -3.553508 -3.780460 -3.553508 3.841422 -3.553508 -3.780460 -3.553508 3.780460
76 1.7810732038 3.853343 -3.700122 3.668988 3.668988 3.668988 -3.853343 -3.668988 -3.700122 -3.853343 -3.700122 3.668988 -3.700122 -3.853343 -3.700122 3.853343
77 1.8657193408 4.318043 4.935944 3.796193 3.796193 3.751765 -1.664648 -3.751765 2.339705 -1.664648 4.935944 3.240425 -4.692571 -2.744493 2.339705 4.318043
78 1.8962359285 2.403057 -2.289413 1.825569 1.825569 1.138420 -0.723309 -1.138420 4.111183 -0.723309 -2.289413 3.798625 -3.362526 -4.133699 4.111183 2.403057
79 1.7891501334 4.496410 -2.791885 3.403048 3.403048 1.143940 0.149417 -1.143940 -4.213933 0.149417 -2.791885 4.879327 -0.691741 -1.726958 -4.213933 4.496410
80 1.8285976307 4.335397 4.120041 4.523069 4.523069 0.509198 -3.990042 -0.509198 -3.022867 -3.990042 4.120041 3.786240 4.096751 -4.504539 -3.022867 4.335397
81 1.8861576057 4.028547 -4.618372 1.266257 1.266257 4.168538 -1.329234 -4.168538 -1.166593 -1.329234 -4.618372 2.624111 3.887810 -3.203144 -1.166593 4.028547
82 1.8481601377 4.126017 -3.453861 0.278417 0.278417 0.862870 2.468232 -0.862870 -0.059487 2.468232 -3.453861 4.154129 2.278394 -4.322272 -0.059487 4.126017
83 1.8739860638 2.462584 0.382230 0.102722 0.102722 4.402625 4.310356 -4.402625 -4.106692 4.310356 0.382230 3.492441 -1.018658 -4.879756 -4.106692 2.462584
84 1.8578685702 3.028892 -3.234355 0.224155 0.224155 -3.549197 1.651686 3.549197 -3.685193 1.651686 -3.234355 4.130407 1.972882 -4.225129 -3.685193 3.028892
85 3.3964678148 -0.030870 -4.965890 2.816288 2.816288 -3.215730 3.063596 3.215730 -4.696884 3.063596 -4.965890 3.723687 -4.925210 -3.486928 -4.696884 -0.030870
86 1.7601225014 3.308079 0.312067 4.338815 4.338815 3.917474 -0.960021 -3.917474 -4.272472 -0.960021 0.312067 4.969686 -4.635454 -4.779027 -4.272472 3.308079
87 1.7309317641 3.607920 0.438217 4.846249 4.846249 3.756170 1.100534 -3.756170 -2.755798 1.100534 0.438217 4.042221 -1.257579 -3.182513 -2.755798 3.607920
88 1.8410532260 3.952214 4.711332 4.733938 4.733938 -0.108036 -1.185494 0.108036 -0.266572 -1.185494 4.711332 4.830677 0.502314 -2.022185 -0.266572 3.952214
89 1.8624750795 3.641642 2.775472 2.798185 2.798185 4.602623 4.391242 -4.602623 -3.190889 4.391242 2.775472 3.446675 -0.417013 -4.845732 -3.190889 3.641642
90 1.8087003567 3.398436 4.466556 2.444014 2.444014 3.887898 3.491475 -3.887898 -1.842058 3.491475 4.466556 2.899812 -4.961849 -0.405554 -1.842058 3.398436
91 1.7151550490 3.995373 -2.675462 4.941387 4.941387 4.746894 0.273947 -4.746894 -0.841722 0.273947 -2.675462 3.314875 2.432601 -2.722283 -0.841722 3.995373
92 1.7397489629 4.313775 -2.212820 4.944086 4.944086 1.530286 3.005085 -1.530286 -2.652483 3.005085 -2.212820 1.324236 -1.612700 -4.349955 -2.652483 4.313775
93 1.7217131748 3.589564 -1.099677 4.986244 4.986244 4.011727 -0.503404 -4.011727 -1.675240 -0.503404 -1.099677 2.256230 4.581309 -4.421903 -1.675240 3.589564
94 1.8658889725 3.925784 1.036175 4.988287 4.988287 4.421658 -4.955342 -4.421658 -0.027917 -4.955342 1.036175 4.208754 -2.535072 -4.099747 -0.027917 3.925784
95 1.7868056534 3.926045 -4.287652 4.954484 4.954484 4.733629 4.117245 -4.733629 0.187343 4.117245 -4.287652 4.406353 -3.126140 -4.398037 0.187343 3.926045
96 1.7110211396 4.031867 -1.762113 4.978216 4.978216 2.715814 3.520358 -2.715814 -1.755114 3.520358 -1.762113 1.687412 -2.703206 -1.275505 -1.755114 4.031867
97 1.8185090154 3.989167 -4.793972 3.510560 3.510560 2.697907 -1.734174 -2.697907 -3.501213 -1.734174 -4.793972 4.449919 3.432667 -2.607369 -3.501213 3.989167
98 1.6950089778 3.904177 0.415772 4.939985 4.939985 2.145756 4.234450 -2.145756 -4.838574 4.234450 0.415772 -0.141260 4.565664 -0.038846 -4.838574 3.904177
99 1.7545681291 4.166555 -3.971135 4.996768 4.996768 4.942486 2.013342 -4.942486 -4.481132 2.013342 -3.971135 -2.918039 -2.354550 4.788960 -4.481132 4.166555
100 1.7123866330 3.767789 -0.705719 4.019525 4.019525 2.183175 3.516684 -2.183175 0.554595 3.516684 -0.705719 -2.804516 0.091836 2.986743 0.554595 3.767789
101 1.7308312954 4.074682 -0.070445 2.986469 2.986469 2.106236 3.744217 -2.106236 -4.327291 3.744217 -0.070445 -2.684029 3.472964 3.892376 -4.327291 4.074682
102 1.6707544863 3.751395 4.615133 4.397712 4.397712 2.176824 -0.966544 -2.176824 -4.822014 -0.966544 4.615133 -4.867442 4.768099 3.020603 -4.822014 3.751395
103 1.6975777304 3.737934 4.702110 4.965462 4.965462 -0.086496 2.167573 0.086496 -4.674117 2.167573 4.702110 -3.090079 -2.671286 4.321443 -4.674117 3.737934
104 1.6993316408 3.770743 4.893550 4.822374 4.822374 4.656995 3.036229 -4.656995 -4.027755 3.036229 4.893550 -4.821974 2.725924 3.685628 -4.027755 3.770743
105 1.7292022491 3.788918 3.765299 4.618066 4.618066 3.995630 -3.203914 -3.995630 -4.584913 -3.203914 3.765299 -4.935825 -3.986504 3.680716 -4.584913 3.788918
106 1.7715955184 3.876702 0.235479 4.893250 4.893250 2.140571 -3.798847 -2.140571 -1.412089 -3.798847 0.235479 -2.334150 4.559361 4.979955 -1.412089 3.876702
107 1.7656950013 3.381608 -0.467975 3.656398 3.656398 2.242663 -1.056277 -2.242663 3.501619 -1.056277 -0.467975 -1.121562 -2.400832 0.775933 3.501619 3.381608
108 1.7091522783 3.667235 4.455854 2.629367 2.629367 2.201420 4.402310 -2.201420 -3.373446 4.402310 4.455854 0.654337 4.937997 4.651789 -3.373446 3.667235
109 1.7055009587 3.801066 4.619886 4.384255 4.384255 3.760767 0.168893 -3.760767 -4.421514 0.168893 4.619886 -4.679823 2.765347 -2.429614 -4.421514 3.801066
110 1.7623858469 3.978416 -1.922137 3.404150 3.404150 3.974102 -3.948424 -3.974102 -0.871899 -3.948424 -1.922137 -4.848892 4.427376 2.628944 -0.871899 3.978416
111 1.7467903195 3.713787 -1.165664 4.791437 4.791437 0.793066 -3.013114 -0.793066 -3.947792 -3.013114 -1.165664 -0.539103 3.374532 4.759168 -3.947792 3.713787
112 1.7335243597 3.757014 4.789837 4.031331 4.031331 -0.498232 -2.847524 0.498232 -2.603990 -2.847524 4.789837 -4.631031 4.190380 4.594164 -2.603990 3.757014
113 1.7555636783 3.756444 4.841194 4.940075 4.940075 4.175814 -3.836743 -4.175814 -4.956803 -3.836743 4.841194 -4.407068 -1.748347 2.308405 -4.956803 3.756444
114 1.6848023262 3.763800 4.871561 4.749745 4.749745 2.434031 1.395132 -2.434031 -4.805679 1.395132 4.871561 -4.407822 2.916903 4.519081 -4.805679 3.763800
115 1.7316874476 3.834660 4.539170 3.996252 3.996252 3.152777 -0.948718 -3.152777 -1.219964 -0.948718 4.539170 -2.113877 4.558297 1.085801 -1.219964 3.834660
116 1.7082247590 3.749495 4.836331 3.745977 3.745977 1.231402 1.335309 -1.231402 -3.659711 1.335309 4.836331 -4.729198 3.009404 3.973946 -3.659711 3.749495
117 1.6722088559 3.759190 4.391193 4.152732 4.152732 2.408948 1.151922 -2.408948 -4.515056 1.151922 4.391193 -4.939203 -0.486082 4.661776 -4.515056 3.759190
118 1.6632734857 3.761387 4.447122 4.937456 4.937456 -0.139898 0.650899 0.139898 -2.618609 0.650899 4.447122 -4.933592 4.529786 4.810856 -2.618609 3.761387
119 1.6541236472 3.748951 4.397980 4.979848 4.979848 -0.441312 2.731363 0.441312 -4.869154 2.731363 4.397980 -3.633540 4.599108 3.454429 -4.869154 3.748951
120 1.7100799365 3.734655 1.654301 4.893221 4.893221 -1.762821 3.181258 1.762821 -4.914615 3.181258 1.654301 -4.423081 4.981431 3.785152 -4.914615 3.734655
121 1.6777934974 3.743102 4.356674 4.937359 4.937359 0.033727 4.734787 -0.033727 -4.100189 4.734787 4.356674 -0.795275 4.545938 4.778831 -4.100189 3.743102
122 1.6905437244 3.851673 3.317701 4.973105 4.973105 -2.797606 3.336534 2.797606 -4.383255 3.336534 3.317701 -1.451422 1.679698 3.470400 -4.383255 3.851673
123 1.7114589684 3.744237 4.623787 4.946433 4.946433 -0.045619 4.805344 0.045619 -4.879838 4.805344 4.623787 -4.784116 4.927301 0.824450 -4.879838 3.744237
124 1.6869760154 3.742660 1.541634 4.162489 4.162489 -0.429777 4.838266 0.429777 -2.321109 4.838266 1.541634 -2.425922 1.900722 4.051375 -2.321109 3.742660
125 1.6961155352 3.729091 3.904138 4.867517 4.867517 -0.451965 4.213980 0.451965 -4.658595 4.213980 3.904138 -3.856070 4.549603 4.920614 -4.658595 3.729091
126 1.7139231953 3.806564 4.537322 4.897854 4.897854 -0.434381 4.871086 0.434381 -2.831121 4.871086 4.537322 -0.888490 2.063696 1.275832 -2.831121 3.806564
127 1.6724916303 3.727855 4.558439 4.815357 4.815357 -0.431761 -0.277885 0.431761 -2.766768 -0.277885 4.558439 -4.085383 2.841164 4.756479 -2.766768 3.727855
128 1.6996199266 3.708813 1.605550 4.962489 4.962489 -0.426068 1.077535 0.426068 -4.837610 1.077535 1.605550 -0.695386 3.794466 4.693734 -4.837610 3.708813
129 1.7751053774 3.781317 4.971151 4.660243 4.660243 -0.436220 1.158070 0.436220 -3.620969 1.158070 4.971151 -4.835438 4.845747 4.196289 -3.620969 3.781317
130 1.7150777717 3.719304 4.649890 4.754430 4.754430 -0.432924 1.065806 0.432924 -3.832407 1.065806 4.649890 -4.570208 4.814121 2.391322 -3.832407 3.719304
131 1.6742061532 3.714579 3.172770 4.924085 4.924085 -0.436699 4.807211 0.436699 -4.154494 4.807211 3.172770 -3.345639 3.757760 2.850659 -4.154494 3.714579
132 1.6729540355 3.735392 3.801881 4.665606 4.665606 -0.437170 3.988302 0.437170 -4.936284 3.988302 3.801881 -4.932380 3.652309 4.707640 -4.936284 3.735392
133 1.6681583641 3.720309 3.975408 4.910008 4.910008 -0.436328 4.628388 0.436328 -4.633846 4.628388 3.975408 -3.635037 3.950989 4.687222 -4.633846 3.720309
134 1.6336297465 3.755748 4.351289 4.962881 4.962881 -0.126519 2.908338 0.126519 -4.242244 2.908338 4.351289 -0.962099 4.857104 4.648593 -4.242244 3.755748
135 1.7225405836 3.783353 2.285023 4.914211 4.914211 -0.125740 3.689221 0.125740 -4.959819 3.689221 2.285023 0.656676 4.792254 4.885871 -4.959819 3.783353
136 1.7076106122 3.718832 4.758961 4.625940 4.625940 -0.134421 4.860100 0.134421 -3.146328 4.860100 4.758961 0.009312 3.954724 4.794143 -3.146328 3.718832
137 1.6939995549 3.741224 4.827207 4.486669 4.486669 -0.120907 4.209101 0.120907 -4.787732 4.209101 4.827207 -2.899501 4.334029 4.900502 -4.787732 3.741224
138 1.6964984596 3.747817 4.747748 4.969920 4.969920 1.836385 2.878318 -1.836385 -3.088669 2.878318 4.747748 -2.879337 4.684203 4.257871 -3.088669 3.747817
139 1.6807872121 3.718715 2.863581 4.996473 4.996473 -0.118281 1.602948 0.118281 -4.744851 1.602948 2.863581 -0.855278 4.713077 4.452010 -4.744851 3.718715
140 1.6463789894 3.758832 4.193588 4.678907 4.678907 -0.118677 1.206605 0.118677 -4.944357 1.206605 4.193588 -2.808597 4.994070 4.832734 -4.944357 3.758832
141 1.6398643677 3.720054 3.583034 4.515062 4.515062 -0.120564 1.453879 0.120564 -3.535452 1.453879 3.583034 -2.333227 4.893251 4.588802 -3.535452 3.720054
142 1.6722912907 3.720161 4.599944 4.469155 4.469155 -0.118801 1.864629 0.118801 -4.826374 1.864629 4.599944 -2.783536 4.424896 4.528774 -4.826374 3.720161
143 1.7121714340 3.794217 4.634432 4.911813 4.911813 -0.123368 0.990190 0.123368 -3.382028 0.990190 4.634432 -1.344396 4.004367 4.752729 -3.382028 3.794217
144 1.6796340176 3.739061 4.603409 4.965713 4.965713 -0.122700 2.182181 0.122700 -3.868298 2.182181 4.603409 -1.510424 4.921450 4.824355 -3.868298 3.739061
145 1.6650784949 3.740440 3.283313 4.956707 4.956707 -0.125931 2.167595 0.125931 -4.501514 2.167595 3.283313 -1.690222 4.724133 4.585322 -4.501514 3.740440
146 1.6798504109 3.741678 3.410890 4.955818 4.955818 -0.123841 2.226114 0.123841 -4.827697 2.226114 3.410890 -1.806489 4.558589 4.837187 -4.827697 3.741678
147 1.6861183360 3.737999 3.931346 4.784168 4.784168 -0.123138 2.188797 0.123138 -3.919828 2.188797 3.931346 -1.777010 4.437638 4.950434 -3.919828 3.737999
148 1.7700939389 3.741008 4.921292 4.838346 4.838346 -0.128578 2.183613 0.128578 -4.084481 2.183613 4.921292 -1.578795 4.824492 4.985662 -4.084481 3.741008
149 1.6876641656 3.731429 4.322584 4.533731 4.533731 -0.121652 3.660088 0.121652 -3.367082 3.660088 4.322584 -1.469440 4.719960 4.929302 -3.367082 3.731429
150 1.6454276765 3.731632 4.305452 4.528110 4.528110 -0.131150 2.766780 0.131150 -4.864601 2.766780 4.305452 -2.027812 4.252710 4.187915 -4.864601 3.731632
151 1.6838000312 3.744501 3.799277 4.746226 4.746226 -0.122211 2.209593 0.122211 -3.982149 2.209593 3.799277 -1.720093 4.810822 4.998717 -3.982149 3.744501
152 1.6581239066 3.737846 3.551203 4.713770 4.713770 -0.124883 2.075746 0.124883 -4.794987 2.075746 3.551203 -1.369899 4.830814 4.815737 -4.794987 3.737846
153 1.6379650886 3.742395 4.343003 4.927721 4.927721 -0.128732 2.514943 0.128732 -4.590384 2.514943 4.343003 -1.100721 4.781488 4.434721 -4.590384 3.742395
154 1.6622720198 3.755075 4.340927 4.937850 4.937850 -0.094900 2.714878 0.094900 -4.444692 2.714878 4.340927 -0.336285 4.802337 4.942877 -4.444692 3.755075
155 1.6355431746 3.755515 4.338644 4.861542 4.861542 -0.052756 2.710981 0.052756 -4.400311 2.710981 4.338644 -0.687421 4.922908 4.220616 -4.400311 3.755515
156 1.6762326072 3.755114 4.335650 4.890689 4.890689 -0.046247 2.746222 0.046247 -4.466530 2.746222 4.335650 -0.189245 4.145531 4.962018 -4.466530 3.755114
157 1.6808450565 3.754838 4.344585 4.993233 4.993233 -0.126801 2.715169 0.126801 -4.467520 2.715169 4.344585 -0.434835 4.601672 4.976316 -4.467520 3.754838
158 1.6479287567 3.754832 4.344674 4.976607 4.976607 -0.046560 2.764496 0.046560 -4.485559 2.764496 4.344674 -0.716767 4.661864 4.129830 -4.485559 3.754832
159 1.6483793466 3.755411 4.341671 4.971712 4.971712 -0.175744 2.767265 0.175744 -4.501894 2.767265 4.341671 -1.229666 4.879065 4.892965 -4.501894 3.755411
160 1.6556524140 3.756793 4.338195 4.997024 4.997024 -0.093732 2.712586 0.093732 -4.482496 2.712586 4.338195 -1.672484 4.854524 4.997577 -4.482496 3.756793
161 1.6559694208 3.755677 4.335145 4.970754 4.970754 -0.056629 2.794823 0.056629 -4.420936 2.794823 4.335145 -1.584162 4.385026 4.232588 -4.420936 3.755677
162 1.6595110643 3.756365 4.343974 4.997831 4.997831 -0.167804 2.821962 0.167804 -4.309771 2.821962 4.343974 -1.148074 4.979400 4.974037 -4.309771 3.756365
163 1.6760681345 3.755695 4.344823 4.980072 4.980072 -0.089017 2.812492 0.089017 -4.347351 2.812492 4.344823 -0.665773 4.547750 4.898526 -4.347351 3.755695
164 1.6321859702 3.755444 4.343479 4.992793 4.992793 -0.084758 2.872878 0.084758 -4.333620 2.872878 4.343479 -1.059211 4.990849 4.645838 -4.333620 3.755444
165 1.6658779112 3.755743 4.337377 4.983624 4.983624 -0.044358 2.917487 0.044358 -4.458267 2.917487 4.337377 -0.819588 4.797556 4.905148 -4.458267 3.755743
166 1.6500517794 3.756036 4.336861 4.961276 4.961276 -0.046644 2.787831 0.046644 -4.290615 2.787831 4.336861 -0.701310 4.958890 4.859895 -4.290615 3.756036
167 1.6320147557 3.755171 4.337120 4.993218 4.993218 -0.041033 2.798305 0.041033 -4.429611 2.798305 4.337120 -1.002845 4.898953 4.375926 -4.429611 3.755171
168 1.6406099284 3.754737 4.331143 4.997816 4.997816 -0.027572 2.728124 0.027572 -4.551990 2.728124 4.331143 -0.644475 4.839641 4.683391 -4.551990 3.754737
169 1.6430790797 3.755202 4.330397 4.934513 4.934513 -0.037440 2.694682 0.037440 -4.499498 2.694682 4.330397 -1.233821 4.916513 4.730830 -4.499498 3.755202
170 1.6479633886 3.754431 4.330812 4.992387 4.992387 0.003032 2.761368 -0.003032 -4.563017 2.761368 4.330812 -1.341512 4.799362 4.593786 -4.563017 3.754431
171 1.6807087913 3.794128 4.283024 3.193253 4.661249 -3.419617 2.514238 -3.515965 -0.169596 2.318278 3.623096 -0.549459 4.763050 2.637331 4.649967 3.179163
172 1.7947644139 3.432971 3.591752 4.977617 3.775799 -3.072418 1.903640 1.302841 -4.343625 -0.193678 3.540204 4.941105 0.774855 -4.798791 3.322127 3.091932
173 2.0128778523 4.373524 3.500771 -0.710009 3.082951 -0.976122 4.974310 -2.808991 3.725840 -2.325273 4.820934 4.635049 0.639514 -1.851018 -3.063446 3.705825
174 1.6850741991 4.007966 4.897642 4.402902 4.621857 1.341632 -2.379634 -1.293001 0.117404 2.469599 3.780434 4.443994 4.595107 3.021091 0.649250 3.712603
175 1.7934537526 3.460434 4.687202 4.897091 4.783352 -3.608834 -3.435814 -3.757866 -3.490131 -0.878597 4.281012 4.335154 3.176051 -1.964419 -1.676722 3.728983
176 1.7254216189 3.780425 3.253173 -0.243726 3.168241 -2.159328 -1.464472 -4.146086 -1.799095 4.483652 4.390644 -2.488295 1.711180 4.316011 -4.258364 2.737159
177 1.7750995914 3.711840 4.811323 4.888523 3.382369 -0.239706 -3.978301 -4.991665 1.796333 2.989118 3.926943 3.605163 4.605874 1.936325 0.481461 4.728219
178 1.9125905067 3.734167 3.396668 3.911645 0.104671 -3.300942 -3.897650 1.159421 0.811393 -3.024288 3.913149 2.099674 -4.316128 -4.582560 1.551797 3.555690
179 1.6935305138 3.707514 4.824746 3.904820 4.975742 0.625337 -4.159777 1.379456 -3.158172 0.142832 3.990257 -0.936142 0.496369 3.572069 4.953728 3.602418
180 1.6703938122 3.799586 4.423400 3.277187 4.863883 0.903894 4.682600 2.314551 -2.869606 2.276603 4.054880 0.792151 4.254201 2.607594 -4.121165 2.145385
181 1.6930804525 3.799938 2.750400 0.277563 4.393873 4.483271 -2.209674 1.236401 -3.482292 0.617250 4.088349 2.024280 0.726430 4.776891 -4.476513 0.552964
182 1.8093850846 4.234370 1.831747 1.093555 2.096092 3.702660 -3.485770 3.204494 -1.334733 4.389604 4.000209 -2.849917 0.739555 3.402003 4.528861 3.813234
183 1.6585761569 3.748346 1.227572 4.659987 4.933575 -3.108645 -0.098503 -1.970797 -3.821224 4.095734 3.939246 -2.131549 1.872085 3.786826 -0.192103 -0.063072
184 1.7346958945 3.791018 -0.329930 4.180397 4.751923 2.679545 3.781229 0.001298 -0.584431 0.068435 4.026452 0.399712 3.312339 1.982395 -3.157568 0.510402
185 1.7178875462 3.705865 2.925233 -2.501835 4.632920 -1.588376 4.479845 -2.629508 -4.168279 -3.402404 4.237052 -3.929948 1.333028 4.148369 -3.944668 -0.415306
186 1.6796802604 3.583938 4.261846 2.663793 4.569560 1.072374 -2.204557 3.803617 -4.705396 -0.148462 4.146467 2.244798 3.540826 2.521474 -4.566701 3.729409
187 1.6854731617 3.765457 2.877194 4.724397 4.963636 2.647776 4.995091 2.058210 -3.723521 -0.798205 4.099864 -2.281528 4.885936 3.578016 -2.606461 3.725866
188 1.7888481376 3.771905 4.600037 3.646283 2.860608 4.653112 0.934674 -0.979063 -4.666178 -1.230439 4.077285 3.061309 0.218994 2.666375 -1.041104 3.725556
189 1.7199113960 3.720813 1.811214 3.636439 4.661942 0.589306 -1.734876 -4.897719 -4.208269 3.584419 4.125143 4.334412 4.890898 3.412252 -4.779974 3.730611
190 1.7857439500 3.876663 4.532915 4.149451 4.980768 -2.418414 -1.250524 -2.533239 -3.682873 3.734318 4.947242 0.602242 -1.882530 3.203336 -4.864773 3.721988
191 1.6631901852 3.773405 4.136508 3.923558 4.899386 2.661571 -0.238936 0.213259 -4.854861 3.794569 2.936959 -3.123036 4.714325 3.502409 1.163192 1.521687
192 1.6918622143 3.768865 4.259567 4.321474 4.550003 0.936934 -1.069673 -4.293511 -4.606966 4.413763 4.098776 -2.331847 4.628964 4.756124 -4.418981 0.190443
193 1.7201984055 3.765749 4.207243 3.717754 4.613969 0.903807 -3.675971 4.609694 -0.207518 3.889522 4.676058 3.115791 2.818802 4.341613 -4.771533 4.665586
194 1.7368278317 3.750505 4.150254 0.289484 4.850906 -0.631224 -4.035163 -0.802268 -2.991751 4.896179 4.127956 0.544059 4.821654 3.954860 -4.932669 2.325703
195 1.7222726421 3.729297 4.487204 2.197737 4.670792 2.811682 4.998110 -0.399874 -0.283324 1.667444 1.085537 1.216126 4.335024 2.340670 -4.064707 2.621887
196 1.6590841608 3.736259 4.136578 4.208029 4.796592 1.546021 -0.216334 -3.652952 -4.681018 1.497808 1.508511 -0.623395 3.522550 4.490123 1.391262 4.892199
197 1.6891963437 3.747018 4.244307 4.786171 4.075526 2.071764 3.792128 0.225505 -4.903511 1.381117 4.317352 0.740793 4.026405 0.498272 3.394305 2.575699
198 1.7064077038 3.747466 4.345457 3.184913 4.962390 2.035033 4.730507 3.700003 -3.442965 0.889058 0.137968 -2.759529 4.138130 3.033208 -3.352027 4.824425
199 1.6859597727 3.771522 3.168638 4.795197 4.975631 2.024841 4.611612 3.856920 -1.310585 4.196835 4.211858 -0.520579 3.498503 2.878265 -3.175124 4.507679
200 1.6963219572 3.736689 3.226703 4.125495 4.713517 2.026695 2.215627 2.540268 -4.337073 3.672734 4.253117 -1.639395 4.744482 2.284173 -3.302262 0.963183
201 1.6695802654 3.744155 4.348289 2.989231 4.773037 1.371555 3.555203 -1.021728 -4.926239 2.296923 4.266314 -1.761173 4.377151 4.519551 -3.893814 4.544260
202 1.6755555855 3.751057 4.852643 4.971693 4.685589 -1.314240 4.364895 -0.588035 -4.772518 2.868932 4.241653 -1.455822 1.662706 4.857729 -4.618200 3.413704
203 1.6844954965 3.748945 4.844329 4.769046 4.934174 -1.189653 4.570224 -0.524051 -4.860289 1.882809 4.275597 -1.023032 3.759934 4.757782 -4.430518 2.500049
204 1.6796491079 3.749422 3.116821 4.644268 4.957409 1.492467 1.589250 -0.168409 -4.965363 2.329201 4.300944 -1.307630 4.352739 3.568537 -3.781916 3.236533
205 1.6628353009 3.759315 4.424030 4.832671 4.995521 0.704158 4.353688 -1.985891 -4.594208 1.907685 4.320988 -1.159298 4.091335 4.485094 -3.289458 4.084070
206 1.7212564793 3.747707 4.255347 3.690199 4.950103 -0.440133 3.119165 3.507123 -4.931670 2.595109 4.257646 0.331811 4.959155 1.266623 -3.657575 4.241065
207 1.6922065678 3.760342 4.250141 4.904747 3.698014 -1.464221 4.386131 -1.651821 -1.658505 1.720579 2.399277 -0.118478 4.446976 3.488310 -4.849485 -0.320669
208 1.6967810930 3.768176 4.316612 3.742842 4.683944 3.116049 4.606994 -2.967938 -3.949740 2.472374 2.601090 -0.172580 3.958059 4.125192 -4.816501 3.705079
209 1.6795525479 3.751149 4.212471 4.949733 4.587823 0.303789 4.483488 -1.216620 -3.437341 2.899846 4.206002 -2.224460 4.712078 4.192450 -4.355359 3.735138
210 1.6663862391 3.762250 4.217057 4.977403 4.899695 0.537994 2.793074 2.855639 -4.931777 2.000484 4.283782 -0.119166 2.481006 4.656536 -4.976794 3.594936
211 1.6606349137 3.742739 4.688269 4.752814 4.951540 0.981927 3.571590 -3.735868 -4.322071 2.472012 4.218884 -1.699607 1.629315 4.052264 -3.088449 3.356250
212 1.6590214860 3.765361 4.029130 4.947286 4.756568 0.496930 -0.409186 -1.814618 -3.953319 3.703677 4.255452 -1.119174 4.147397 4.670206 -4.807907 3.638403
213 1.6554461142 3.763873 4.483943 4.853245 4.997548 0.714488 0.059293 -0.634905 -4.289024 4.055143 4.165358 -2.079323 3.542892 4.183343 -3.892019 4.636363
214 1.6565595164 3.743545 4.311829 4.779884 4.971636 -0.279787 3.573147 -3.676808 -4.517159 1.740318 4.210477 -0.765181 4.539882 2.833706 -3.729538 3.426020
215 1.6628930896 3.753530 4.684150 4.785203 4.638783 1.090230 -2.791400 3.862674 -4.794995 1.625263 4.317719 -1.218884 3.709488 4.058510 -4.747233 3.858100
216 1.6553783405 3.756935 4.340518 4.912563 4.927027 0.012423 2.851464 -1.829581 -4.053788 2.215519 4.353102 -0.696289 4.204486 4.445615 -4.921403 3.949480
217 1.6578241198 3.750383 4.220026 4.897059 4.988749 0.526167 2.255183 0.319853 -4.795705 2.487720 4.269638 -0.869227 4.393894 4.426592 -4.328976 3.710535
218 1.6864615703 3.749647 4.546787 4.872540 4.714114 0.397834 2.966224 -1.290049 -4.842074 2.896071 4.305923 -0.423205 4.398874 4.928971 -4.956420 3.717742
219 1.6732293195 3.761329 4.426802 4.856516 4.989803 0.269822 0.415132 -1.597092 -3.151362 3.047100 4.346878 -1.527433 4.894989 4.782422 -4.065382 3.974976
220 1.6584115021 3.760898 4.370161 4.921948 4.936444 0.402643 4.437783 -1.503706 -4.646389 3.048256 4.363574 -1.499651 4.921574 4.586632 -3.820324 3.657032
221 1.6588824653 3.759072 4.192485 4.778614 4.826318 0.245859 1.388114 -1.762971 -4.598198 2.654382 4.299771 -1.318251 4.900544 4.749004 -3.955222 3.597531
222 1.6720387915 3.749294 4.334528 4.894036 4.807574 0.220333 3.470935 0.875632 -4.871326 3.244578 4.283065 -1.597955 4.369785 4.672133 -3.404812 3.893455
223 1.6604097318 3.752083 4.445518 4.908901 4.839139 0.578225 1.515863 -0.863260 -4.664360 2.426432 4.285960 -1.007529 4.914536 4.843900 -4.152158 3.994658
224 1.6559122875 3.750518 4.355029 4.925326 4.952242 0.503996 0.829495 -0.365642 -3.079749 2.633114 4.272870 -0.425378 4.699024 4.616517 -4.673444 3.693360
225 1.6798093558 3.750129 4.164898 4.860868 4.734418 0.546437 4.580702 -0.837582 -4.858256 2.252329 4.296055 -1.345073 3.825250 4.878394 -4.796253 3.688511
226 1.6756225766 3.755342 4.217252 4.985222 4.929473 0.214880 3.336972 -1.648614 -3.040717 2.348476 4.298393 -0.733867 4.030655 4.548360 -4.432315 3.899415
227 1.6829586013 3.754394 4.153281 4.999075 4.782700 0.521009 4.889161 -1.382552 -4.452989 3.120316 4.289355 -1.534339 3.609719 4.964963 -4.810084 3.917056
228 1.6953786211 3.753871 4.539930 4.700239 4.857126 0.417394 3.157392 -0.467761 -4.613376 2.460468 4.270625 -1.626362 4.732424 4.895046 -4.140207 4.000992
229 1.6544525962 3.761797 4.411295 4.900085 4.921536 0.710997 1.692645 -0.122101 -4.779756 2.227078 4.348732 -0.939344 4.729287 4.704979 -4.663703 3.802336
230 1.6747544921 3.760986 4.293327 4.836875 4.926769 0.456545 1.300581 -1.535325 -4.976060 2.862567 4.169460 -1.205759 4.336867 3.940988 -3.237000 3.775817
231 1.6589664552 3.752793 4.270558 4.994026 4.936964 0.123135 1.993632 -1.056643 -4.919722 2.600694 4.343553 -1.310179 4.690761 4.639417 -4.597540 3.756569
232 1.6872162318 3.754443 4.236400 4.959378 4.995529 0.004851 2.452151 0.842775 -4.936880 2.884555 4.321180 -1.308424 4.757877 4.945210 -4.798087 3.846260
233 1.6745965452 3.753265 4.424853 4.987041 4.888945 0.311088 3.447111 -1.050008 -4.948762 2.851402 4.313397 -0.829485 4.814746 4.413996 -4.216578 3.841764
234 1.6725172277 3.756051 4.052114 4.906261 4.921804 0.393851 2.487734 0.041337 -4.040960 2.730572 4.308029 -1.216311 4.907210 4.983198 -4.212538 3.758227
235 1.6701088496 3.753137 4.273127 4.995724 4.968814 -0.140646 2.095012 -0.710503 -4.318972 2.854048 4.304463 -1.221900 4.698828 4.818121 -4.887595 3.831311
236 1.7002497724 3.756256 4.282301 4.953474 4.947061 0.127237 2.796332 -0.665039 -4.860651 2.946464 4.302057 -0.829007 4.766571 4.975375 -4.381359 3.658769
237 1.6504203282 3.757270 4.504874 4.873728 4.987152 0.235380 2.243163 -0.404259 -4.673427 3.051830 4.295122 -0.971788 4.902013 4.644310 -4.490677 3.814749
238 1.6750610096 3.754267 4.234249 4.998304 4.975721 0.188543 2.281394 -0.940705 -4.994518 2.614893 4.347081 -0.926781 4.755978 4.847761 -4.952938 3.754896
239 1.6632577380 3.753231 4.231851 4.989546 4.962980 0.263710 2.260787 -0.773447 -4.576367 2.964425 4.317439 -1.264284 4.865971 4.739735 -4.583775 3.844970
240 1.6718367520 3.753907 4.337544 4.700560 4.981662 0.063005 2.686959 -0.556675 -4.873232 2.571189 4.307920 -1.168437 4.826253 4.938286 -4.902953 3.849114
241 1.6629703030 3.752457 4.328187 4.931339 4.929298 -0.080715 2.768969 -0.136844 -4.923476 2.692559 4.300896 -0.808234 3.972881 4.188037 -4.599716 3.555987
242 1.6568306046 3.756466 4.337253 4.993973 4.856038 -0.337757 2.670109 -0.217754 -4.816805 2.764214 4.304403 -1.394348 4.657576 4.357307 -4.762904 4.503472
243 1.6547868765 3.753557 4.262994 4.831975 4.991947 0.235955 2.586410 0.042659 -4.941100 2.435129 4.294850 -0.690767 4.764221 4.491257 -4.761343 3.717183
244 1.6440174933 3.753324 4.359366 4.977352 4.867498 0.190230 2.518975 -0.302384 -4.349270 2.752696 4.279427 -0.871023 4.841168 4.212847 -4.698392 3.630573
245 1.6613771096 3.756226 4.225701 4.718207 4.993021 0.364219 2.488094 -0.626832 -4.097834 2.768640 4.314299 -1.250636 4.683084 4.155870 -4.903021 3.731395
246 1.6498214587 3.756306 4.362272 4.999920 4.966157 -0.018585 2.738739 -0.094081 -4.721898 2.583966 4.319450 -0.983775 4.737986 4.281610 -4.605171 4.287290
247 1.6471151656 3.753440 4.325289 4.995789 4.833283 -0.114497 2.595822 -0.300605 -4.821487 2.357814 4.310538 -0.904735 4.667434 4.347105 -4.488589 3.623391
248 1.6455446004 3.756672 4.066888 4.948745 4.992542 -0.297067 2.747286 -0.178888 -4.732135 2.726134 4.330034 -1.123840 4.836965 4.360749 -4.599185 3.719474
249 1.6280244873 3.755077 4.313050 4.932436 4.993651 0.084901 2.560847 0.376850 -4.873503 2.640875 4.311801 -1.029965 4.872685 4.346286 -4.715976 3.780629
250 1.6347233959 3.753651 4.336214 4.975861 4.941390 0.076888 2.647838 0.809527 -4.884462 2.005204 4.286121 -1.090246 4.902543 4.317600 -4.971076 3.741844
251 1.6284983298 3.755366 3.990765 4.962019 4.854092 0.218531 2.698550 0.365720 -4.523667 2.569860 4.308990 -0.850178 4.979588 4.329183 -4.749247 4.229120
252 1.6273198308 3.753968 4.493291 4.974415 4.998234 0.487578 2.645035 0.384190 -4.776020 2.619133 4.295232 -1.031254 4.970871 4.366161 -4.880621 3.663127
253 1.6304481925 3.754481 4.566880 4.994840 4.792383 0.392291 2.670426 0.628138 -4.642390 2.670967 4.279881 -1.171875 4.988584 4.344491 -4.927645 3.788726
254 1.6319167873 3.753108 4.630586 4.974761 4.961714 0.882482 2.684740 0.454530 -4.736504 2.573995 4.299844 -1.172556 4.897724 4.357065 -4.983769 3.313160
255 1.6278497522 3.754997 4.679300 4.791681 4.992665 0.578015 2.534977 0.615767 -4.547001 2.667705 4.292301 -0.897405 4.967260 4.347136 -4.927737 3.235775
256 1.6530785378 3.754846 4.457958 4.970119 4.977573 0.831869 2.793074 0.475086 -4.861375 2.716937 4.281192 -1.102792 4.823478 4.362983 -4.961633 3.504896
257 1.6284676805 3.754431 4.765644 4.984213 4.905748 0.897287 2.794462 0.613267 -4.298658 2.619057 4.282427 -0.857991 4.993578 4.344066 -4.933075 3.812749
258 1.6354726628 3.755464 4.198247 4.942657 4.892165 0.828576 2.554343 0.548754 -4.949015 2.663607 4.280486 -0.852572 4.890184 4.362854 -4.795599 3.313851
259 1.6424442030 3.754116 4.773460 4.964925 4.991953 0.732118 2.715127 0.577304 -4.576789 2.544926 4.292467 -1.004831 4.822155 4.346080 -4.943438 3.947763
260 1.6369712054 3.753950 4.815368 4.878194 4.965752 0.577928 2.542377 0.583708 -4.735531 2.711469 4.286677 -1.209199 4.983906 4.345851 -4.994915 3.775846
261 1.6273821198 3.752504 4.767308 4.976834 4.907293 0.738566 2.520362 0.271399 -4.469974 2.579140 4.281863 -0.973457 4.970216 4.378909 -4.980702 3.433368
262 1.6470638818 3.753340 4.491875 4.936340 4.947100 0.618785 2.850899 0.544196 -4.616089 3.037651 4.274246 -1.159247 4.944882 4.331540 -4.999242 3.909332
263 1.6338436761 3.754690 4.635468 4.939818 4.989926 0.520934 2.660173 0.572199 -4.831933 2.671607 4.284940 -1.195785 4.903127 4.380149 -4.914378 3.242432
264 1.6300049422 3.755496 4.807706 4.970300 4.963859 0.649937 2.506203 0.595992 -4.963998 2.674373 4.289404 -0.883489 4.922011 4.357110 -4.808277 3.439597
265 1.6308962471 3.754651 4.510981 4.996773 4.987083 0.606459 2.586857 0.475701 -4.969233 2.622264 4.287246 -1.013683 4.986956 4.362785 -4.829627 3.559796
266 1.6318573992 3.753610 4.450302 4.971227 4.955997 0.691785 2.571603 0.427869 -4.908703 2.640999 4.287952 -0.960814 4.924479 4.355283 -4.935213 3.564001
267 1.6308962471 3.754498 4.580654 4.997256 4.988638 0.633052 2.686862 0.487222 -4.853377 2.613818 4.287063 -1.046463 4.962574 4.367638 -4.920345 3.645504
268 1.6325797911 3.753165 4.435821 4.999339 4.998512 0.621167 2.602981 0.456945 -4.573138 2.581692 4.292521 -1.123395 4.984830 4.370040 -4.923307 3.723998
269 1.6309660943 3.754150 4.616909 4.997505 4.947197 0.696488 2.580451 0.414331 -4.718322 2.561261 4.287512 -0.977307 4.953624 4.364872 -4.934504 3.461853
270 1.6264285259 3.754557 4.638214 4.977370 4.964410 0.496385 2.702629 0.361040 -4.904662 2.652808 4.289045 -0.934630 4.980116 4.365973 -4.933034 3.510147
271 1.6280102593 3.755433 4.784386 4.956272 4.966438 0.667267 2.691851 0.251729 -4.718382 2.656866 4.290588 -0.879390 4.983317 4.355932 -4.975961 3.327325
272 1.6264285259 3.755444 4.511451 4.999204 4.926142 0.606662 2.718636 0.378808 -4.770524 2.608220 4.283275 -0.884318 4.974730 4.359647 -4.999653 3.373309
273 1.6337331469 3.753768 4.769675 4.930314 4.972454 0.648532 2.770059 0.446677 -4.704412 2.701771 4.281456 -0.884071 4.948697 4.366685 -4.969945 3.354966
274 1.6278497522 3.752787 4.631325 4.994438 4.983183 0.519284 2.561090 0.422084 -4.679879 2.476686 4.289142 -0.879867 4.993031 4.357740 -4.963698 3.368313
275 1.6351719878 3.755306 4.529305 4.942064 4.898008 0.670441 2.759234 0.456901 -4.899525 2.702649 4.288456 -0.939842 4.997794 4.355223 -4.964171 3.357211
276 1.6300049422 3.753864 4.672369 4.989645 4.933305 0.585768 2.735284 0.455231 -4.925742 2.673028 4.281715 -0.947192 4.971246 4.356001 -4.988473 3.472004
277 1.6318573992 3.755225 4.723906 4.992989 4.952723 0.689786 2.642894 0.466122 -4.962218 2.657028 4.287709 -1.035625 4.995979 4.375185 -4.940346 3.728291
278 1.6289234797 3.755060 4.700738 4.962427 4.980819 0.642749 2.761722 0.434769 -4.690452 2.700448 4.281020 -0.961722 4.988863 4.353924 -4.996634 3.406232
279 1.6273198308 3.754020 4.735199 4.943147 4.998126 0.624819 2.645049 0.371348 -4.704369 2.608577 4.280359 -0.912983 4.900726 4.354662 -4.999861 3.609209
280 1.6613772013 3.722531 4.217709 2.605304 2.922488 4.402253 1.222461 3.970268 1.705820 2.175013 3.772512 3.561731 4.987878 4.031245 -2.435235 -2.396976
281 1.7303747150 3.798079 2.017608 3.626584 4.076631 0.770965 3.182316 -0.617856 -3.568172 4.338248 3.940659 4.251809 4.996421 3.622221 -3.072715 1.036007
282 1.8531499422 3.749935 4.261196 4.038980 4.936317 -4.429205 2.034128 2.669926 4.158133 -4.511876 3.714524 3.848314 4.170027 3.950564 -0.188651 4.573315
283 1.6684071090 3.727789 4.456998 3.875042 3.434442 2.940733 2.154081 0.670998 -2.913041 1.892799 3.771508 -4.993954 4.992175 3.757652 -3.441479 0.460388
284 1.6874343155 3.699117 -3.572395 2.687926 4.452060 2.484431 2.050575 3.656121 4.739722 4.624621 4.442056 -3.665198 0.199136 4.782433 -4.883140 -3.194184
285 1.6646952395 3.803271 4.554572 4.543419 4.915088 -1.752122 0.643367 3.600045 0.088810 -3.535351 3.695682 -4.385358 0.727427 3.528557 -4.572282 -4.176191
286 1.7662606839 3.684793 4.687647 1.817217 -1.001054 -0.416160 2.757965 4.755086 1.720074 2.162060 3.752744 -2.522369 0.996764 4.184534 -2.366366 3.950461
287 1.7615477861 3.704386 0.947694 3.811764 2.001026 -3.766745 2.931450 -4.981078 3.935338 -2.150175 4.306671 -4.447061 2.255414 2.867921 -4.772877 -1.657794
288 1.6614099882 3.793421 4.112234 4.076582 4.705017 2.116974 -3.293001 3.602767 0.667803 -2.859504 4.334118 0.951935 1.925687 4.277049 -4.373218 -3.651670
289 1.8000270330 3.773091 2.391854 4.959532 4.054242 4.911665 1.280833 -4.617410 4.227958 -2.920060 4.930446 -4.646279 1.263904 4.564457 -1.389095 -4.520744
290 1.7527748204 3.711371 4.920384 -0.642810 3.742879 1.853073 -1.990010 1.921690 4.673362 3.266376 4.220307 -2.846944 -0.692169 4.940656 -1.079120 -1.459557
291 1.7574802596 3.765515 3.653497 3.832604 4.887654 3.534670 -1.280159 2.133440 -4.093322 -4.297742 3.835409 -3.789615 1.112158 4.460288 -3.909416 -4.944887
292 1.7567405384 3.701620 2.123676 4.835465 -0.162169 2.298431 2.070107 3.237995 -0.364955 4.027010 3.665089 0.604393 2.716185 3.121351 -4.785294 1.291940
293 1.7476507509 3.768154 3.494509 3.912508 2.436257 0.550973 -0.620365 -4.289906 0.086225 -1.617839 3.374852 -4.168912 3.814304 3.062226 1.227663 4.345820
294 1.6959035129 3.698469 1.370432 -2.029524 4.683641 2.594616 -0.732330 4.750052 -0.030935 -0.034663 4.279016 2.945664 4.925485 3.840068 -4.409029 -1.434656
295 1.6536233012 3.764400 4.255789 2.622732 4.929714 4.495624 -0.885985 4.211216 -3.890885 2.272801 4.240496 -3.967880 2.901865 4.016988 -4.858277 4.763494
296 1.6541333536 3.786423 4.676222 3.088350 4.693159 4.040989 1.576532 1.636904 -3.043253 1.637897 4.021311 -0.252773 4.821772 4.237953 -4.632243 2.482783
297 1.6663316289 3.755598 4.729641 3.466079 4.904234 -1.965387 2.692277 -1.400096 -2.880737 3.625077 3.930352 -0.777395 2.696620 4.195311 -4.541215 0.997398
298 1.6903930808 3.719311 3.518335 4.684749 3.997713 -2.240682 0.849947 4.049426 -4.810779 1.018891 3.916886 -4.586162 4.094887 4.255156 -2.861711 4.705786
299 1.6499854816 3.785752 3.943611 4.339931 4.992841 3.921739 2.069280 4.584489 -3.060365 3.442439 3.909843 2.901521 3.874101 4.596807 -4.058680 1.286026
300 1.6656292562 3.732729 4.925908 3.709259 4.872701 2.324563 3.108286 3.144815 -3.061752 3.569109 4.193972 1.716943 3.938533 4.006463 -4.833873 2.876914
301 1.6628391123 3.793613 4.667447 4.780017 4.905166 0.474487 -0.896409 3.391497 -2.918319 1.070676 4.267982 0.085432 4.152847 4.330849 -4.250308 2.339372
302 1.6634376358 3.761148 4.468736 4.224762 4.883211 4.548635 3.418313 2.369259 -4.349473 4.928134 4.033741 0.422660 4.249645 3.893210 -4.653471 2.730214
303 1.6726357509 3.717590 3.639461 4.026438 4.956954 0.565110 -1.954958 2.689434 -2.496575 -0.298668 3.969880 -4.458061 4.257617 4.348532 -4.978421 3.091959
304 1.6782451928 3.737233 4.900819 4.749111 4.939329 2.687806 -1.183165 0.311849 -2.481103 1.545003 4.508248 -0.097053 3.451534 4.219450 -4.765795 2.887496
305 1.6286808293 3.788505 4.854448 4.978167 4.810331 -2.047932 4.936393 -4.183963 -3.802119 -0.060336 4.161568 -4.093505 3.903786 3.768627 -4.835944 2.420818
306 1.6596286316 3.715806 4.506171 4.699031 4.805376 -1.208684 0.885023 2.720955 -2.776064 -0.672005 4.033593 -1.157904 4.777084 3.821985 -2.748883 1.505671
307 1.6979974560 3.719599 4.677080 4.940357 4.247999 1.488053 0.531925 4.792447 -3.069135 0.357105 3.959671 -1.673902 4.770170 4.562776 -2.708891 4.098327
308 1.6547536418 3.790902 4.424446 4.574420 4.955964 4.399789 3.602659 -2.658929 -4.371276 0.458771 4.450282 -3.789610 3.718070 4.414939 -4.365334 4.414460
309 1.7104746112 3.731746 1.897779 4.318694 4.153873 -4.991562 1.424199 4.107864 -4.508114 0.865175 3.968947 2.730687 4.983523 4.468923 -4.321811 4.593127
310 1.6460337574 3.771892 4.785146 4.983484 4.057914 2.388885 -2.069780 0.604787 -4.375301 3.048473 4.106288 1.395067 4.840282 4.339048 -4.760515 4.511436
311 1.6312172334 3.769335 4.966853 4.662200 4.823947 2.159215 1.815179 0.569157 -4.182478 0.999412 4.180876 -2.476229 4.881816 4.626759 -4.760258 3.496894
312 1.6425974471 3.752026 4.929970 4.861316 4.966744 3.258195 1.432781 -1.318281 -4.383764 2.322926 4.149685 -0.800063 4.811286 3.973020 -4.933079 3.476010
313 1.6619185577 3.749244 4.384155 4.837550 4.736717 1.490099 -2.056606 -1.636011 -3.765385 1.053209 4.113727 -1.549903 4.599821 4.077923 -4.995215 3.337106
314 1.6557978846 3.767702 4.018010 4.545430 4.657981 1.350698 1.759660 0.778983 -4.770048 4.563262 4.109875 -0.283078 4.803613 4.206121 -4.989339 4.800565
315 1.6795282068 3.773059 4.791551 4.775918 4.925346 0.106042 3.759193 1.022306 -4.753190 3.233027 4.100268 -1.386590 4.816987 4.174123 -4.237029 3.025786
316 1.6653292686 3.768303 4.064700 4.132035 4.828056 4.515923 4.277574 0.658811 -4.698733 1.035048 4.162707 -4.940484 4.262263 4.157576 -4.852177 4.902222
317 1.6241930411 3.764882 4.977020 4.982097 4.862721 1.249551 0.845867 2.558378 -4.826905 2.584307 4.319635 -0.496234 4.937515 4.119973 -4.871769 1.456123
318 1.6507950466 3.772479 4.996862 4.792710 4.107180 0.739760 3.795563 4.629602 -4.757467 4.368925 4.276179 0.035656 4.866167 3.711112 -4.796626 0.233085
319 1.6424442159 3.752885 4.877753 4.520915 4.792292 3.891070 3.242691 4.579916 -4.571745 1.412129 4.187297 -0.452495 4.918985 4.266944 -4.756588 3.226147
320 1.6383630244 3.763639 4.811784 4.517493 4.444001 3.692087 3.798156 3.296782 -4.504966 4.106192 4.116832 -1.307785 4.926218 4.058002 -4.941638 2.321525
321 1.6352137704 3.747880 4.480947 4.991339 4.528738 2.163797 3.689093 3.851450 -4.203283 0.729701 4.446203 1.330461 4.769309 3.777008 -4.883678 0.295224
322 1.6268792378 3.749753 4.943478 4.937439 4.321860 3.741321 -2.981743 3.170580 -3.861841 4.053465 4.320818 0.784931 4.979750 3.695180 -4.761758 1.589333
323 1.6107521892 3.763753 4.814048 4.401370 4.920539 2.847136 4.985677 1.277877 -4.197838 0.338977 4.339348 1.115560 4.866650 3.903331 -4.937631 0.485564
324 1.6232112118 3.758268 4.622673 4.729974 4.797332 4.969482 2.169304 0.847560 -3.584641 -0.610709 4.185196 0.692899 4.919791 3.460009 -4.970476 0.939289
325 1.6365492559 3.763989 4.756720 4.796794 4.200266 2.810482 4.683494 2.583368 -4.820540 1.139133 4.340817 0.854984 4.895879 3.831102 -4.956142 1.747360
326 1.6143845602 3.775557 4.649421 4.703645 4.929274 3.396605 3.518178 2.293497 -3.188860 -0.169303 4.407171 2.759507 4.928898 3.598233 -4.821753 -0.596919
327 1.6030858408 3.773339 4.535005 4.450823 4.761889 3.900423 4.817061 2.601416 -4.111279 0.516463 4.253936 2.118046 4.977108 3.816291 -4.956588 -0.370016
328 1.6066044340 3.754486 4.699607 4.582932 4.877546 2.745437 -2.369492 2.140503 -3.431934 0.703110 4.099201 2.167951 4.986110 3.568769 -4.968146 -1.969040
329 1.6282659533 3.754436 4.538903 4.827287 4.908412 4.938074 2.881215 2.707367 -4.053334 -0.909933 4.220010 3.455876 4.986591 4.251162 -4.959143 -0.068025
330 1.5973225742 3.776907 3.597609 4.851904 4.922068 2.870221 2.394196 3.039887 -3.329441 0.403459 4.087572 3.106959 4.942068 3.701700 -4.960858 -1.828156
331 1.6220266755 3.792700 4.690627 4.354705 4.892394 2.161424 -2.697633 2.839077 -2.535467 1.124198 3.952181 2.576504 4.949779 3.500310 -4.970423 -2.293871
332 1.6054464085 3.786650 4.488269 4.322229 4.770381 4.319550 -0.601052 4.919584 -2.952207 2.558356 3.966423 2.176293 4.832158 3.641455 -4.961529 -3.233292
333 1.6221279413 3.792233 4.269454 4.719906 4.942151 2.692480 4.148162 3.491594 -2.343433 0.349561 4.213215 1.879839 4.980765 3.942360 -4.978151 -1.175752
334 1.6200691012 3.758644 4.847159 3.991170 4.964828 4.536343 4.543016 2.711403 -2.844016 0.970324 3.958220 2.262604 4.957790 3.868222 -4.723093 -2.957042
335 1.6605190068 3.787193 4.540767 3.943643 4.872780 3.100551 2.456496 4.936830 -3.035082 1.881945 4.034175 4.521204 4.949670 4.145435 -4.875069 -2.441287
336 1.5961447465 3.792479 4.180159 4.858247 4.997540 3.971946 -3.275381 2.443248 -3.418451 -0.031809 4.078277 2.228250 4.956335 3.367986 -4.928250 -3.280725
337 1.5904012945 3.802969 4.876440 4.993785 4.747612 3.727843 4.412746 2.328292 -3.518178 -1.064211 4.096994 1.022533 4.998411 3.066972 -4.843604 -2.864971
338 1.6200965468 3.819339 4.881873 4.886031 4.898143 3.642117 2.625821 4.232376 -3.955654 -0.142410 3.965904 -0.143729 4.987711 2.717705 -4.932942 -0.789363
339 1.6384438346 3.821987 4.822452 4.893040 4.930298 4.260786 1.823890 3.866454 -4.327930 0.750920 4.115651 1.952451 4.987722 2.914888 -4.940672 -4.614897
340 1.6131267674 3.787575 4.710817 4.485492 4.985211 4.641493 0.236233 3.110661 -2.647698 0.977590 3.946983 2.372656 4.814354 2.701101 -4.964407 -3.194851
341 1.6357223420 3.811091 4.775252 4.948907 4.584214 2.965977 -3.477399 2.555297 -3.687788 -3.511287 3.995960 1.666642 4.932475 2.763961 -4.994236 -1.090308
342 1.5979003900 3.786865 3.696275 4.955038 4.729893 4.732487 -3.138998 2.917027 -3.081143 -1.273819 4.058161 -0.019611 4.866872 2.893767 -4.995264 -2.492102
343 1.6193798749 3.786040 4.924240 4.970481 4.863609 3.358671 -0.596213 1.550216 -2.851310 -1.069276 4.051802 1.372361 4.726751 3.514678 -4.990870 -2.509091
344 1.6985667983 3.785403 4.616891 4.807328 4.732090 0.503886 -4.725616 4.182436 -3.301860 0.477055 4.034535 -0.802265 4.918808 2.591587 -4.998394 -4.117622
345 1.6235395615 3.809711 4.914037 4.938628 4.913616 3.774659 4.980401 4.862151 1.785159 -2.102316 4.112379 0.869285 4.637657 2.831884 -3.737371 -3.069594
346 1.6585992833 3.710995 4.460752 4.291183 4.633888 1.540998 3.846443 1.734063 -4.017616 -2.246196 4.099808 1.924323 4.840330 3.201172 -4.500183 -3.942099
347 1.5833965793 3.884101 4.738200 4.865761 4.919521 4.775269 -0.320529 3.269598 -4.045207 -1.293343 4.097156 -0.281063 4.989637 3.056891 -4.454719 -3.132936
348 1.6469610585 3.903361 4.209494 4.477316 4.995182 4.712824 -4.604355 2.210856 -4.538139 -3.568388 4.228859 -0.121601 4.782138 3.512692 -4.990155 -2.573559
349 1.6284257883 3.885646 4.922254 4.770334 4.190908 4.921345 3.251902 4.766656 -3.098297 -4.416430 3.974106 2.420749 4.990588 2.795206 -3.734488 -2.442889
350 1.6489304036 3.894258 4.741462 4.956989 4.341357 4.799575 2.567404 1.057544 -3.125500 -2.556204 3.950817 -1.246538 4.992275 3.338518 -4.572295 -4.101118
351 1.6544419114 3.896173 4.202144 4.995218 4.054675 4.962117 3.209582 3.875819 -3.032984 1.847516 3.933018 -2.590668 4.748693 3.177410 -4.470818 -3.552119
352 1.5983365208 3.888657 4.942944 4.365805 4.988457 4.716586 -0.210786 3.213032 -2.939139 0.854728 4.201670 0.890103 4.545788 3.270943 -4.667959 -3.058986
353 1.5997065809 3.863178 4.614744 4.828083 4.988735 4.748713 0.217015 3.759489 -3.145816 -4.450751 4.030539 -3.729897 4.843432 2.864080 -4.920459 -2.630414
354 1.6134483829 3.866054 4.993494 3.633533 4.940689 4.634019 -3.319516 4.148046 -3.059072 2.584666 4.172125 -1.714410 4.880717 3.187147 -3.175489 -1.928127
355 1.6231168531 3.906123 4.892442 4.704283 4.993615 4.903426 2.233084 1.670517 -3.164746 -1.047500 4.135083 -0.205234 4.985931 2.712740 -4.642862 -4.171680
356 1.6310882090 3.878880 4.925454 4.958066 4.767111 4.941363 4.192358 3.187213 -3.217389 0.933709 4.181135 -2.630201 4.810268 2.941819 -3.186244 -2.190714
357 1.6379972684 3.902179 4.547190 4.752698 4.879271 4.923432 1.942790 4.350455 -3.172187 0.341347 4.010830 3.257210 4.704912 2.948114 -3.674889 -1.730363
358 1.6019448872 3.884703 4.912510 4.667775 4.963695 4.888328 -0.430003 3.605745 -4.059593 2.446228 4.136149 1.966674 4.791605 2.978221 -4.534851 -1.641466
359 1.6239501860 3.863475 4.987072 3.945739 4.673297 4.919531 -2.097497 2.572288 -2.949299 1.879522 3.877532 0.283817 4.846735 3.357584 -3.511866 -1.836222
360 1.6319603483 3.864601 4.620572 4.454094 4.654386 4.932842 -2.895526 3.361808 -3.100598 1.217783 4.055730 -0.146494 4.530479 3.461750 -4.540734 -1.840122
361 1.6040184503 3.892136 4.899525 4.979061 4.911149 3.825008 1.954601 4.207273 -3.168273 -4.093551 4.243914 0.019643 4.486903 3.225764 -4.892246 -2.827968
362 1.6093843103 3.874459 4.891438 4.971895 4.890647 4.660490 2.302984 3.821541 -3.555675 -1.517275 3.921335 -1.795000 4.971312 2.960064 -4.681948 -1.680091
363 1.5914702582 3.879653 4.924286 4.890829 4.925590 4.967771 1.051493 3.273488 -3.695317 0.246949 4.166359 -1.856503 4.872572 3.048521 -4.597583 -2.592414
364 1.5674041718 3.877978 4.879699 4.974082 4.722622 4.857223 -0.259948 2.440322 -3.730723 -0.509487 4.124714 1.652510 4.991952 3.021487 -4.815756 -2.494317
365 1.5808907999 3.885931 4.766173 4.771069 4.816567 4.663447 0.897767 3.182486 -3.633794 -4.087316 4.204016 0.989910 4.916528 2.828280 -4.995117 -2.096421
366 1.6183719212 3.880980 4.964728 4.983401 4.994264 4.946876 0.880173 3.054388 -3.566327 -3.725233 4.138927 3.195385 4.863525 3.216637 -4.724447 -1.876126
367 1.5720032004 3.868580 4.289051 4.810943 4.589712 4.946327 -0.639522 1.780163 -3.521590 0.368272 4.229621 1.433198 4.918045 2.914759 -4.945981 -2.222999
368 1.5727088196 3.870388 4.440237 4.746640 4.545499 4.970694 -0.540902 3.561435 -4.283573 0.323774 4.175655 1.182111 4.848005 2.974582 -4.860752 -2.553697
369 1.5791282574 3.872042 3.695780 4.331766 4.742337 4.839719 -1.172571 2.519116 -2.404073 0.149946 4.189020 2.165108 4.817667 2.966378 -4.975138 -2.726556
370 1.6238864005 3.870575 4.039266 4.384193 4.940236 4.887548 0.330996 3.305048 -3.476269 -1.252345 4.201221 1.939253 3.912763 2.895860 -4.363078 -2.540900
371 1.5890815744 3.881541 4.123664 4.264910 4.700194 4.987665 1.003691 1.021830 -2.776016 -1.293544 4.225831 1.654233 4.934229 2.842040 -4.965009 -2.565632
372 1.5776875622 3.873522 4.242772 4.946135 4.080487 4.885569 0.195624 3.456623 -2.973330 0.127034 4.216629 2.061868 4.998379 2.957097 -4.968514 -2.443134
373 1.5783219275 3.881678 4.938158 4.867251 4.892337 4.365249 -1.456756 2.848331 -3.713131 0.433220 4.224183 2.281599 4.924374 2.876267 -4.207846 -2.409741
374 1.5994837274 3.879808 4.943406 4.956104 3.992991 4.943497 -0.928858 3.459322 -2.658287 -0.101384 4.191568 1.968673 4.793349 2.863709 -4.520537 -2.413494
375 1.5749407472 3.877800 4.421200 4.578641 4.394428 4.995082 -0.050057 3.726559 -2.389388 -1.119217 4.214899 2.090904 4.912795 2.860234 -4.935951 -2.736460
376 1.5740998147 3.884156 4.426031 4.941357 4.431007 4.975098 -1.361824 3.598165 -4.813984 0.241442 4.225414 1.606995 4.999825 3.046749 -4.540152 -2.369074
377 1.5761786130 3.867382 4.895092 4.709058 4.851995 4.530487 -1.078149 3.317053 -3.788666 -0.315930 4.226234 1.468122 4.888415 2.940859 -4.780045 -2.598153
378 1.5829013476 3.879796 4.733350 4.714796 4.357700 4.947516 0.394253 1.835064 -3.644698 -1.327093 4.226378 1.095332 4.987780 2.848145 -4.644133 -2.518283
379 1.5767941501 3.868215 4.543318 4.288211 4.923158 4.979686 -0.678919 3.063406 -2.433553 -0.214835 4.228187 1.781697 4.880384 2.858710 -4.800166 -2.346272
380 1.5761439776 3.876289 4.340316 4.891008 4.891381 4.896556 -0.485506 2.669743 -2.532570 -0.347088 4.124367 1.390506 4.980312 2.950172 -4.851076 -2.390930
381 1.5787441401 3.876642 4.882411 4.808786 4.980822 4.942629 -0.734858 2.701359 -4.567375 -0.389586 4.174394 1.653053 4.975248 2.961899 -4.696680 -2.521097
382 1.5762950690 3.874274 4.934697 4.929196 4.961498 4.895391 0.123015 2.745337 -2.712816 -0.498595 4.144731 1.396516 4.953795 3.080039 -4.930645 -2.562196
383 1.5719666120 3.875167 4.395262 4.986356 4.902098 4.853143 -0.705072 1.957923 -3.477966 -0.378698 4.175243 1.795304 4.936012 2.973323 -4.891396 -2.365248
384 1.5679484334 3.873505 4.362367 4.816185 4.851870 4.817670 -0.708206 2.532385 -4.408855 -0.246326 4.127937 1.759909 4.990463 2.962855 -4.985786 -2.626249
385 1.5729141612 3.878615 4.738965 4.872241 4.724140 4.938019 -0.575408 2.746733 -2.064183 -0.131162 4.153954 1.769648 4.996402 3.094857 -4.994563 -2.390946
386 1.5822120034 3.874470 4.743301 4.447353 4.989827 4.997873 -0.142208 2.827663 -2.849156 -0.726436 4.142386 1.121126 4.995135 3.030933 -4.854012 -2.641466
387 1.5872055447 3.880808 4.873678 4.714811 4.695976 4.975878 -0.714342 2.550908 -3.755232 -0.750256 4.175801 1.642541 4.971747 2.937799 -4.808784 -2.619122
388 1.5750975615 3.877017 4.591683 4.993222 4.919923 4.933863 -0.613066 3.005817 -2.498403 -0.497942 4.166004 1.959836 4.989941 3.021695 -4.759109 -2.383370
389 1.5894154257 3.876977 4.289074 4.582902 4.996146 4.970891 0.238894 2.553953 -4.798731 -0.732854 4.172294 1.373523 4.972542 2.947529 -4.955951 -2.371825
390 1.5852447704 3.874161 4.954829 4.979340 4.853805 4.979276 0.174572 2.741519 -3.046787 -0.342037 4.169485 1.907331 4.992527 2.960450 -4.896562 -2.581338
391 1.5817573723 3.876453 4.852461 4.966297 4.736637 4.970830 -0.797631 2.945034 -3.261659 -0.134980 4.178133 1.652402 4.941949 3.058678 -4.472944 -2.636006
392 1.5576552559 3.880848 4.586831 4.937918 4.960320 4.768602 -0.556642 2.949644 -2.984055 -0.579333 4.174123 1.538558 4.963860 2.977407 -4.826981 -2.470799
393 1.5765076400 3.877947 4.525535 4.989470 4.944864 4.999682 -0.714438 3.230293 -2.294107 -0.221194 4.176307 1.797006 4.977143 2.923896 -4.929336 -2.338897
394 1.5654194588 3.883209 4.158485 4.963281 4.560782 4.613631 -0.894336 3.030990 -2.272753 -0.670070 4.220199 1.558876 4.974346 2.951486 -4.709502 -2.413145
395 1.5664124943 3.882800 4.386050 4.793428 4.623026 4.426886 -0.687163 2.866141 -4.609738 -0.801641 4.184245 1.491102 4.992468 2.964696 -4.986298 -2.197985
396 1.5747706361 3.877985 4.458508 4.891387 4.896151 4.824258 -0.651802 3.041286 -2.517277 -0.754146 4.186512 0.909286 4.994708 2.892983 -4.788703 -2.218727
397 1.5715007590 3.882504 4.311855 4.909492 4.870273 4.260149 -0.684067 2.522792 -1.672603 -0.913833 4.152951 1.961706 4.983039 2.954428 -4.869884 -2.425568
398 1.5701803507 3.883313 4.537076 4.826067 4.955341 3.900284 -0.453206 3.042209 -3.630167 -0.619341 4.172884 0.905954 4.987408 2.881810 -4.987718 -2.489229
399 1.5664193032 3.876798 4.283082 4.921430 4.992758 4.408411 -0.718623 3.056411 -4.160235 -0.588509 4.160996 1.631581 4.970869 2.930399 -4.913290 -2.608597
400 1.5607195145 3.877487 4.379455 4.956160 4.789467 3.835199 -0.609616 3.634781 -2.707096 -0.571923 4.177200 1.453624 4.991071 2.954711 -4.905226 -2.710656
401 1.5765869431 3.880661 4.517554 4.868395 4.968915 4.904504 -0.703233 3.017784 -2.874000 -0.343977 4.172726 1.664787 4.991009 2.890413 -4.530631 -2.613938
402 1.5763823162 3.879712 4.454861 4.960054 4.927429 4.953653 -0.455529 3.337532 -3.680765 -0.336821 4.182764 0.848626 4.973050 2.914788 -4.992967 -2.475648
403 1.5748323407 3.875761 4.320038 4.929176 4.969990 4.024115 -0.433286 3.377618 -3.542856 -0.935646 4.186263 0.828825 4.973709 2.934919 -4.821972 -2.284617
404 1.5607472915 3.879484 4.463441 4.993301 4.862124 3.776486 -0.653418 3.325618 -1.900408 -0.279811 4.189002 0.832839 4.992231 3.004114 -4.812341 -2.660829
405 1.5725600107 3.876743 4.421117 4.985235 4.928462 4.504982 -0.697303 2.681905 -3.155104 -0.759759 4.188402 1.432951 4.966841 2.987070 -4.997616 -2.707463
406 1.5643397939 3.881917 4.309231 4.827665 4.705765 4.589419 -0.683046 3.297873 -4.055377 -0.500999 4.177148 0.801008 4.946149 2.954555 -4.820461 -2.419603
407 1.5769335612 3.885941 4.345626 4.867827 4.892693 4.858559 -0.685812 3.156916 -4.580890 -0.841278 4.193599 1.438020 4.938706 3.059260 -4.901042 -2.333420
408 1.5613875555 3.881133 4.464732 4.982197 4.770428 4.441264 -0.533765 3.199746 -3.032982 -0.423043 4.185944 1.248748 4.997822 3.005497 -4.911783 -2.595996
409 1.5649655772 3.878362 4.505036 4.905122 4.960062 4.427215 -0.575611 3.197246 -2.883541 -0.446544 4.178549 1.662702 4.981878 2.941578 -4.996510 -2.470343
410 1.5696804917 3.879620 4.464169 4.960545 4.854115 4.878236 -0.620080 2.945976 -2.255292 -0.442896 4.185132 1.528844 4.999587 3.014239 -4.861762 -2.589404
411 1.5704113425 3.881983 4.655042 4.985786 4.998562 4.748094 -0.854840 2.773229 -2.681111 -0.767853 4.188563 1.428655 4.934538 2.963267 -4.820764 -2.533800
412 1.5733090995 3.883060 4.590971 4.988933 4.880407 4.396106 -0.609894 3.231217 -3.152418 -0.690390 4.181159 1.454118 4.997496 2.935231 -4.979781 -2.338757
413 1.5691728826 3.880552 4.458019 4.934219 4.899160 4.994270 -0.551761 2.936955 -2.312914 -0.490588 4.173753 1.347730 4.993115 2.978197 -4.999022 -2.338980
414 1.5804356671 3.878442 4.448791 4.944723 4.960910 4.972156 -0.558425 3.215445 -2.715215 -0.669649 4.179002 1.276046 4.991783 2.981662 -4.918244 -2.460447
415 1.5677252248 3.879157 4.478313 4.988077 4.947416 4.384074 -0.583208 2.777778 -3.209124 -0.621788 4.181761 1.577860 4.991141 2.956478 -4.899265 -2.502000
416 1.5694664950 3.880402 4.468081 4.924910 4.848599 4.861791 -0.590744 3.173120 -2.454823 -0.748085 4.177184 1.483668 4.976598 2.989805 -4.926793 -2.372981
417 1.5742401069 3.878657 4.478162 4.941851 4.980970 4.967796 -0.630956 3.039729 -2.351628 -0.627324 4.163824 1.457785 4.991779 3.016720 -4.947365 -2.467357
418 1.5486599084 3.879448 4.477953 4.962306 4.927455 4.405530 -0.502507 2.951991 -2.014742 -0.513850 4.168805 1.144410 4.999881 2.986956 -4.783424 -2.511885
419 1.5602930091 3.881732 4.510978 4.974275 4.997898 4.193451 -0.759865 3.112373 -1.848546 -0.668432 4.185941 1.197921 4.992385 2.973423 -4.995528 -2.511639
420 1.5612963833 3.881146 4.418559 4.991666 4.789510 4.996944 -0.549278 3.154425 -1.757061 -0.428365 4.166315 1.118828 4.998854 3.003618 -4.903027 -2.409314
421 1.5501084712 3.880493 4.400877 4.998272 4.942383 4.787319 -0.553889 2.934097 -1.778558 -0.415423 4.165447 0.746297 4.995663 3.021424 -4.849951 -2.512843
422 1.5623405853 3.882010 4.469596 4.932758 4.992458 4.104241 -0.581290 3.209210 -1.970204 -0.696116 4.166752 0.742969 4.975848 3.019686 -4.972441 -2.362223
423 1.5650212790 3.880356 4.484872 4.998335 4.887526 4.173762 -0.535218 2.988128 -1.751965 -0.679651 4.177667 0.774257 4.991305 3.014761 -4.806986 -2.524786
424 1.5513254267 3.880206 4.407183 4.991154 4.980429 4.094200 -0.580852 3.208543 -1.552606 -0.549083 4.170788 1.147996 4.998356 2.958059 -4.869049 -2.544579
425 1.5590824986 3.877572 4.358497 4.957556 4.992841 4.370702 -0.725864 3.557371 -1.211668 -0.378525 4.169823 0.367317 4.987215 2.947772 -4.900009 -2.515058
426 1.5665245937 3.881763 4.440020 4.845838 4.985976 4.872580 -0.585931 3.166899 -1.648007 -0.363758 4.175256 1.342218 4.999200 3.032779 -4.893835 -2.376063
427 1.5590484196 3.876204 4.477228 4.911218 4.954066 4.270943 -0.682043 3.960311 -1.625990 -0.546395 4.168637 0.797416 4.993980 3.025018 -4.972291 -2.527449
428 1.5718065943 3.880032 4.384094 4.945293 4.814956 4.954506 -0.589242 2.972163 -1.886954 -0.696162 4.173976 0.994909 4.997152 2.997624 -4.858937 -2.433507
429 1.5500268160 3.878651 4.363376 4.938377 4.989729 4.178509 -0.570873 2.880782 -1.957870 -0.455876 4.166972 0.956170 4.990485 2.945327 -4.906486 -2.386303
430 1.5500331841 3.878067 4.336306 4.988139 4.972504 4.059651 -0.545379 2.951232 -1.804101 -0.568789 4.175643 1.316857 4.994337 2.952764 -4.901181 -2.450887
431 1.5504195567 3.877903 4.364041 4.898786 4.983049 4.641179 -0.502690 2.902627 -1.659678 -0.485929 4.178340 0.916152 4.950591 2.937931 -4.985932 -2.390500
432 1.5708623136 3.878467 4.457567 4.996690 4.926953 4.010994 -0.506295 3.089210 -1.639683 -0.670752 4.177802 0.747304 4.981367 2.948209 -4.766044 -2.527486
433 1.5596393874 3.882064 4.427407 4.967400 4.876835 4.176480 -0.521175 3.052103 -1.990153 -0.377388 4.161111 0.860927 4.984627 2.947654 -4.996927 -2.633671
434 1.5537089848 3.878181 4.417633 4.995499 4.972807 4.258326 -0.475567 3.050972 -2.133101 -0.545705 4.172028 1.038008 4.988726 2.968675 -4.891666 -2.468784
435 1.5512995778 3.878150 4.425342 4.977951 4.925544 4.226995 -0.528025 3.035393 -2.013640 -0.454931 4.173659 1.093903 4.997346 3.000425 -4.977177 -2.522558
436 1.5486599084 3.878348 4.424000 4.958926 4.974182 4.247842 -0.517670 2.952107 -1.993835 -0.489314 4.162914 0.959766 4.997289 2.981794 -4.988529 -2.434611
437 1.5493520884 3.880731 4.416497 4.984133 4.990934 4.306180 -0.479253 2.879195 -1.949887 -0.534972 4.167033 0.934425 4.996157 2.994530 -4.949024 -2.577780
438 1.5523207846 3.878736 4.414959 4.950319 4.995967 4.484249 -0.480285 3.028356 -1.853184 -0.548919 4.168850 1.131093 4.983994 2.967714 -4.991050 -2.559976
439 1.5497319732 3.880442 4.441855 4.948391 4.998823 4.308660 -0.523498 2.970288 -2.056931 -0.525611 4.172809 0.947429 4.991602 2.989045 -4.578888 -2.487866
440 1.5531409380 3.879468 4.415217 4.999231 4.946516 4.585092 -0.501355 3.054216 -2.015836 -0.404546 4.170329 0.991042 4.973350 2.965437 -4.993088 -2.458002
441 1.5523207846 3.878916 4.477100 4.965418 4.988675 4.474206 -0.541160 3.058038 -1.912379 -0.417943 4.164382 0.999012 4.993512 3.011515 -4.982067 -2.589645
442 1.5550001908 3.879981 4.432904 4.986973 4.916755 4.592562 -0.488030 2.812190 -1.960159 -0.585643 4.174510 0.962987 4.993851 3.012463 -4.884052 -2.506329
443 1.5537075662 3.878600 4.460550 4.963914 4.970367 4.434043 -0.534307 3.065961 -2.169766 -0.447592 4.174784 0.956314 4.998693 2.966316 -4.956591 -2.561323
444 1.5513512980 3.880126 4.419347 4.981167 4.991702 4.271226 -0.469844 3.097813 -2.045338 -0.552457 4.165018 1.024461 4.988988 2.977983 -4.794711 -2.558049
445 1.5523258651 3.878511 4.482431 4.979688 4.991715 4.567038 -0.491321 2.813373 -1.983054 -0.439218 4.174424 0.966529 4.989061 3.004035 -4.995688 -2.461928
446 1.5497319732 3.880554 4.493014 4.989632 4.986648 4.261773 -0.504903 3.026973 -1.939799 -0.414752 4.165825 1.015362 4.997211 2.986826 -4.571982 -2.542553
447 1.5573112494 3.879832 4.515242 4.990209 4.993603 4.337860 -0.479402 2.812707 -1.946727 -0.619015 4.173809 0.956689 4.995217 2.978403 -4.903283 -2.484991
448 1.5539739035 3.880783 4.437613 4.955300 4.827081 4.215495 -0.544210 3.008962 -1.933203 -0.476786 4.173580 0.956000 4.990782 2.984808 -4.872340 -2.528884
449 1.7468569929 3.939103 1.238928 2.835922 3.570267 2.773874 -3.229479 -2.261304 0.609300 -4.694185 4.560067 -4.223107 3.415591 3.218630 4.798631 -4.108259
450 1.8377208875 3.946973 3.575642 1.374930 4.550070 0.997304 -3.305427 -1.568375 4.150032 2.137607 4.201311 0.401893 4.929816 1.396653 -3.144161 -4.398385
