evaluations raw_y x0 x1 x2 x3 x4 x5 x6 x7 x8 x9 x10 x11 x12 x13 x14
1 2.1244281767 2.938534 1.156640 -3.564720 2.762718 4.807908 -1.565943 -4.780866 3.997374 -3.303131 0.016951 -2.415942 1.087478 -4.860213 -3.711749 3.908786
2 2.0625466019 13.235007 17.228584 -1.901534 20.319739 -20.349853 2.725203 -17.048924 0.331051 3.352723 -2.585720 -4.781711 10.684113 5.315797 -14.116997 4.982750
3 2.1392769374 12.038375 11.930655 -26.045011 27.552008 -11.602531 -3.888843 -22.894475 -16.132734 -7.154159 19.819584 -22.064786 14.375590 -3.248013 -26.114650 8.741517
4 1.9208257114 16.891066 10.543823 -29.103515 8.568319 -21.389610 -9.948634 -3.839030 -23.995634 15.247335 -15.954372 -10.910189 -1.938056 24.100720 -4.901779 4.561414
5 1.9184617063 23.038756 25.743476 -37.080216 11.272256 -16.788596 -2.585452 6.337292 -33.842926 5.709232 -12.778654 -4.929626 4.214285 32.581558 -12.444143 3.683413
6 2.2808617569 23.014025 23.170661 -25.700949 11.135947 0.157271 3.797477 -6.354816 -45.163290 4.771879 -10.379599 -4.515788 -7.798685 43.592481 0.647746 -6.029288
7 1.8587072350 12.076464 29.963239 -46.606225 9.909588 -10.809002 -1.549997 4.239063 -30.336009 12.889203 -6.917862 -7.339229 4.320131 40.151919 -20.264303 10.456032
8 1.8547087204 29.901048 25.381736 -61.802715 4.292759 -2.013928 -8.856100 -2.936972 -33.219714 19.214420 -18.320933 -13.794216 3.122685 37.505856 -31.967854 0.263954
9 2.1048160248 28.140135 18.893280 -58.673965 9.081094 -22.991401 -18.915280 -11.376068 -29.386179 -0.035708 -2.562212 -26.773949 -0.478368 33.211349 -36.284413 -6.562880
10 2.0804963937 18.687418 15.316915 -66.815411 -0.596613 -0.225731 -11.639658 -16.702243 -25.770380 20.481969 -6.632159 -10.475222 13.839327 27.431429 -37.417028 -17.397758
11 1.9081271326 39.946104 21.074451 -55.462358 -14.423962 -8.830853 -37.851011 1.048973 -40.918304 30.313282 -27.917131 -4.089703 20.019011 39.698913 -23.603584 7.027159
12 2.1288902955 19.566642 17.856861 -76.496477 2.048954 -11.135604 -18.287921 10.209359 -41.844081 27.235314 -20.965875 -6.224807 -10.381185 45.610608 -8.442197 -0.005620
13 2.0981598650 34.198442 31.479913 -57.140388 5.897345 -5.579906 -35.078850 5.473759 -34.009128 20.326065 -24.874332 -10.882961 -9.947947 26.580192 -27.728810 -13.588284
14 1.9231296509 49.474748 27.177527 -61.332115 23.482041 -8.862708 -13.930262 -0.061288 -44.130887 37.290797 -20.948966 -12.697041 2.492664 48.574179 -23.149275 5.707538
15 2.2331982974 28.457693 12.501032 -61.788830 -7.402697 -4.820330 1.767756 -6.265542 -34.424339 6.797364 -33.148989 -15.105075 -2.369355 17.396393 -35.126232 6.196880
16 2.1217460159 41.014853 22.050725 -67.248643 -0.233711 -16.179858 -15.622350 -4.203124 -35.807577 29.016259 -8.918306 -6.492805 -16.865629 47.284216 -21.934187 10.919362
17 2.0712305026 10.600992 8.065850 -62.814316 9.812408 -0.118992 -16.802471 -7.349708 -13.413127 9.664557 0.853183 -26.759827 2.624078 36.165548 -41.895886 -5.928119
18 2.1858374556 28.718520 18.749232 -83.405384 16.077452 -11.115966 -0.870134 -24.211817 -39.368949 9.980524 -18.398615 2.696159 -4.015423 44.958425 -10.500880 1.888188
19 1.8897765070 30.204953 52.972258 -63.499876 15.585723 -20.678405 -2.701694 5.254851 -30.937749 31.788469 -17.464058 -43.187702 6.616156 39.111273 -43.556771 3.744951
20 1.8689251156 25.274552 3.018618 -60.374308 8.196711 32.666888 -7.079124 -3.781480 -34.389051 16.848455 -2.920393 -16.875948 0.944896 25.562313 -10.853350 7.864196
21 2.0377497739 38.478706 28.480393 -55.669300 7.427087 -0.295790 5.340347 -6.493680 -44.733363 -1.340498 -13.571275 -23.455042 0.396963 54.457961 -41.412349 -13.092026
22 2.0999680994 66.225967 31.630475 -77.185469 -2.450195 -23.692654 4.147590 6.427702 -30.015113 7.611555 -27.681743 -21.970444 -11.948745 46.047030 -12.835916 7.045265
23 1.8598214796 44.453969 -8.882624 -53.655617 -39.643926 5.346950 8.877324 4.467766 -24.962286 -7.103367 -16.972183 -24.796547 9.293698 44.821826 0.926145 -7.662954
24 2.1452104864 43.132583 14.965148 -72.776214 -13.144383 12.162278 -20.114608 -19.858854 -34.079836 19.534531 -13.145319 -18.540468 27.658895 37.985459 -34.767565 9.565359
25 2.1075221332 26.827458 22.181976 -86.132058 -6.835607 11.003076 2.647689 -20.841207 -56.578741 -0.217624 -12.076184 -15.279769 14.112039 36.123342 -28.603756 23.079372
26 2.3120508435 39.190890 26.757413 -46.710157 14.364782 -7.086889 -25.228182 -11.275286 -37.169108 14.933640 -36.648983 -18.160764 -32.127730 31.377835 -19.497677 -6.390172
27 2.0146654652 46.021925 25.931575 -66.893591 -27.760571 -2.961170 6.045204 5.583529 -26.096651 16.375287 -27.071804 -28.499684 -26.141486 31.100189 -26.682164 4.260622
28 2.3245341141 48.352887 34.884385 -59.264611 -13.924528 10.264348 -2.156609 -18.315411 -32.836830 29.584659 -20.541944 -23.114755 -26.063765 25.039764 -30.227342 -2.873893
29 2.2253059888 -10.206390 15.996465 -61.046790 -1.529848 17.502718 1.860573 15.490207 -24.977684 35.079752 -40.092283 -19.719725 -16.360693 60.456743 -19.236311 11.642688
30 2.1401092194 42.488631 1.790122 -54.060490 20.700168 -5.749432 -9.496306 -5.619851 -46.645661 15.577503 -19.163242 -16.551941 12.228734 41.287613 -44.940931 7.970543
31 1.9443849958 3.821920 30.094317 -63.982000 3.026896 -10.717485 0.671918 0.121370 -30.574636 26.152490 -18.072949 -50.949564 3.683085 49.701097 -29.617464 14.226009
32 2.0866842876 28.425288 16.885011 -61.933319 5.426060 -6.677079 5.763366 16.599876 -32.846032 14.122885 -29.707178 -21.226324 -7.116526 43.480893 -40.605522 12.109700
33 2.2823319877 25.122123 42.631891 -78.139853 -6.671922 -0.824585 7.925178 -7.004995 -31.589650 13.651536 -10.463093 -1.685932 -8.695091 41.493333 -26.520752 -0.515103
34 2.0981598650 31.687769 32.407272 -59.037736 6.942799 -8.604866 -20.781544 5.859782 -38.455210 33.770205 -27.354142 -11.774783 -10.182275 40.630475 -31.467056 -19.079107
35 2.1401701920 32.439671 28.996463 -45.043524 -2.955864 -14.614184 -7.903512 -11.129975 -27.392344 12.877768 -19.234566 -21.536968 3.140828 38.147909 -18.632700 -16.382097
36 1.8809096970 43.191071 42.546534 -61.039827 12.975665 -11.673719 -3.329503 8.863233 -34.231648 29.390215 4.869534 -36.000156 10.715986 32.680162 -27.041030 4.271011
37 1.8872095865 21.164867 18.776482 -59.278075 18.652082 -19.488975 -4.948246 3.060792 -46.427562 35.495825 -15.832004 -11.768764 4.000016 24.462930 -18.700126 3.107170
38 1.9422713770 44.999240 17.475041 -62.557873 0.969533 1.933894 -13.203011 6.749475 -36.702128 17.750388 -44.226155 -18.408658 1.348183 34.252201 -27.817119 5.595432
39 2.2391704711 39.267508 31.206186 -61.471361 -3.700264 4.371648 -24.129804 -14.821985 -32.121374 16.501493 -23.240692 -8.637967 -3.608807 48.460636 -36.866856 16.362159
40 1.8594867768 33.252868 22.600940 -72.207578 15.042166 0.591192 -6.813358 4.746918 -40.386648 26.264186 -37.659307 -14.159494 15.958987 34.969836 -18.904049 4.400767
41 2.1556550357 25.281990 25.175141 -45.573033 -8.720243 3.795573 0.612563 -10.877038 -16.454328 6.959572 -22.492072 3.022318 1.144781 48.823752 -31.585264 5.731316
42 2.1231836319 26.026265 19.453382 -74.902186 4.770888 -6.804295 0.379412 -16.442675 -41.409593 16.826321 -15.046355 1.512175 7.368174 43.924444 -37.661486 18.522809
43 1.9075241276 27.409406 27.805223 -55.197281 -4.993265 11.989652 -1.893297 7.210449 -46.358517 20.676184 -9.421517 -12.601790 1.150040 41.919692 -32.650714 -21.671807
44 2.2794440758 35.415667 18.852920 -49.595697 3.917430 -1.541885 -5.274490 -5.128260 -17.524466 14.862183 -20.795261 -20.147867 -13.151829 34.171295 -29.356830 2.836862
45 1.8153917536 37.082121 5.445830 -63.977803 7.011105 8.326695 -15.718397 1.295181 -43.543691 33.869920 -13.681320 -8.787905 8.249437 29.044223 -34.857323 -21.199674
46 1.8505763411 51.002341 7.557427 -70.046061 14.633989 15.533974 -5.092853 -1.995647 -49.301484 41.620476 -23.317661 -8.993667 1.284833 23.367090 -35.146526 -14.503169
47 2.0291654450 24.315048 4.511446 -56.878497 16.111221 5.350689 -26.266435 13.320540 -40.722312 33.559450 -16.727629 -9.884213 -6.868207 44.969812 -36.668379 -16.049864
48 2.0734392536 46.625177 2.005091 -70.556237 -0.550985 10.345924 -20.260233 4.850843 -36.330988 27.846313 -23.638353 -5.709310 -9.040917 17.317104 -44.831024 -15.042684
49 1.8864225534 48.750296 14.224804 -71.097750 -5.739604 7.280712 -12.617217 12.617332 -52.904332 23.760867 -2.865071 -9.003188 8.087429 40.715514 -48.279126 -18.246880
50 2.1091593352 33.163509 2.633123 -65.875310 0.167441 22.680805 -21.603616 -8.599532 -31.147293 21.547578 -16.814912 -15.253249 0.046408 31.080983 -25.916605 -20.387688
51 1.9662884181 30.646003 -2.546259 -50.689829 9.314269 -6.402762 -19.217595 16.694871 -52.673466 24.723437 -9.805114 -19.224007 -0.139269 31.698924 -31.990876 -29.071190
52 1.9175513909 38.928232 -3.445512 -61.561897 15.599286 1.811797 -21.277738 15.347151 -34.486792 38.843871 -13.766498 -11.609190 5.618338 36.606481 -28.337097 -35.574995
53 1.9055805533 23.855853 -0.268827 -71.710290 -1.760562 19.448580 -30.794001 2.743062 -41.879815 32.022349 -16.852332 -14.602481 3.564584 25.112920 -26.010809 -22.959141
54 1.8934734709 42.945171 -7.019270 -67.999263 10.216541 14.620999 -18.920205 -0.680496 -28.361401 20.973852 -8.646091 -3.996646 15.856295 22.810198 -31.813387 -29.395733
55 1.7875949416 42.002532 8.416301 -65.425153 6.465469 6.522995 -12.768376 -1.823532 -49.080528 34.996138 1.909538 -23.672372 18.791060 40.529932 -29.452602 -20.427297
56 1.7894234405 35.662276 26.538977 -67.437716 13.783011 6.939609 -23.439556 4.591119 -56.645841 46.806687 9.773446 -31.176429 27.304796 27.961109 -42.084780 -19.235555
57 2.0698360225 38.356926 -2.222442 -52.712973 10.355916 8.939515 -17.747334 -8.026440 -46.677738 42.633819 -9.618254 -9.364069 11.051655 25.861100 -15.339722 -27.715465
58 1.8161998579 38.725019 17.754515 -50.995730 9.146538 3.633868 -16.848670 6.866263 -44.749038 37.504934 3.372517 -22.957770 30.873223 38.918973 -29.403423 -22.587449
59 1.8748056980 29.411369 11.370489 -70.617593 -1.534995 18.817576 -6.493925 6.560503 -41.045118 20.750152 5.308986 -27.994395 22.046271 47.669804 -35.480170 -22.146266
60 1.7894234405 47.912772 13.156177 -64.999565 16.215425 11.925165 -11.647381 4.449498 -49.890927 32.706871 22.784406 -32.335820 19.121421 52.049453 -34.378151 -25.008378
61 2.0364694529 39.093131 8.093507 -77.621130 3.622328 9.249745 -3.712978 -7.610314 -45.226928 34.753259 2.511611 -28.915846 22.754330 31.697316 -37.802484 -20.784377
62 2.0865803852 42.999775 14.888638 -54.256191 19.325137 0.772110 -21.904417 -14.406777 -42.234485 41.075777 5.689263 -19.567512 21.391742 44.547671 -35.937127 -28.175947
63 1.8058847470 41.491332 15.732171 -67.220786 7.212704 8.351899 -18.464309 0.449028 -47.515346 44.942230 7.849100 -29.282001 20.043261 40.741978 -23.799336 -22.805889
64 1.9064262953 36.439151 3.644007 -64.683087 0.425963 4.870889 -13.647873 8.966866 -45.630056 40.623222 -5.980409 -34.199393 21.131075 33.842084 -35.098066 -26.083553
65 1.8180067042 38.897245 8.388462 -63.953386 9.353711 6.269132 -10.998549 -2.963464 -48.287518 31.646994 -0.153316 -23.231046 26.392431 52.329806 -32.894790 -16.021577
66 2.0575381076 42.076017 8.164488 -71.759243 8.317857 6.124774 -14.750156 -9.889608 -46.570513 29.150398 -1.912349 -15.063222 23.959697 29.420675 -27.940174 -18.493137
67 1.8345969182 45.735318 3.835826 -73.788909 14.890085 4.765396 -18.643062 -0.271631 -47.923754 40.714259 -2.356876 -23.774846 11.662673 47.011768 -23.906528 -12.600958
68 1.8177775641 41.670261 14.968972 -62.756534 6.569712 10.669641 -3.777248 -1.267438 -51.756850 10.572870 -4.878770 -25.652130 16.760849 37.382344 -45.359595 -25.353108
69 1.8371144825 43.875441 12.802478 -66.312232 1.128870 0.542759 -10.491851 -0.461708 -58.380881 44.750811 7.994836 -31.367245 22.061255 51.701493 -23.288479 -33.348292
70 2.0583703969 56.366508 11.352313 -59.899931 9.131583 8.059982 -1.403779 -6.731404 -50.041613 39.516619 7.671213 -26.186888 25.187299 27.213163 -22.011767 -24.493175
71 2.0664708634 31.909357 9.407907 -65.245152 5.659002 -0.720789 -4.628109 -5.852413 -37.050366 35.779317 -1.593765 -12.356537 27.993802 43.274464 -31.163274 -31.036362
72 1.8980415288 38.097647 13.913352 -73.119100 12.116946 -5.981554 -12.929993 -3.192053 -44.698392 38.677115 -6.818709 -18.336289 18.491280 42.872615 -35.720646 -17.317219
73 1.8096715107 48.171221 1.113014 -73.538011 5.323556 6.964585 -3.005105 -0.496432 -48.149508 40.999057 5.276503 -31.365205 17.362527 44.890990 -29.430698 -22.234480
74 1.8260304006 34.835678 10.700261 -70.273957 9.562901 2.709178 -18.735347 1.732569 -54.131826 28.658168 12.489040 -30.088368 11.001141 37.636548 -27.665611 -20.759831
75 1.8627858696 49.931553 1.799233 -82.498977 11.301823 1.079339 -14.867514 9.673232 -65.734022 49.236109 10.103968 -22.888671 30.495271 35.655288 -15.197357 -29.167098
76 1.8769623745 52.495990 9.269638 -63.787168 4.662783 -1.796463 -19.931191 11.250991 -56.844317 23.868632 -1.942119 -18.601259 17.777066 47.827009 -26.116483 -10.499475
77 1.8185397123 48.633227 0.644296 -59.973182 -0.504508 0.716548 -13.502923 3.859250 -46.795315 36.305682 2.281955 -24.237776 25.907414 37.505993 -28.984218 -22.430344
78 1.8477551959 46.773172 3.905594 -70.542129 7.225018 4.604961 -2.350414 -4.360545 -56.714445 32.968262 3.049700 -27.742536 29.921201 42.626689 -34.538908 -25.216540
79 1.8638190149 37.018114 1.161251 -70.326856 2.933685 7.427236 -20.308679 6.347440 -45.737690 28.861926 1.253911 -19.950300 10.592370 42.435781 -16.305069 -25.019467
80 1.8360365191 51.330191 1.867652 -65.170510 6.009084 7.735939 -16.220331 -3.189355 -49.113390 46.435283 8.959936 -23.954496 15.067313 43.443652 -27.636224 -24.352670
81 2.0559126060 35.893516 9.172795 -65.950487 8.208353 10.034884 -13.727913 -4.904276 -46.990511 30.263978 2.590618 -18.531657 17.360887 27.702755 -28.560766 -24.346755
82 2.0575381076 46.380288 12.641995 -66.958214 9.913287 15.425317 -18.542197 -8.817528 -48.305247 28.419965 -1.415029 -22.250782 18.435754 48.947718 -34.429592 -17.772433
83 1.8266796933 47.327847 -1.776399 -66.949256 13.656231 2.751894 -13.522938 3.000442 -51.924366 31.903496 2.680600 -25.326063 23.431365 49.207487 -39.174957 -24.927334
84 1.8434613574 38.438081 15.561056 -77.646643 -2.148527 0.203093 -18.459188 -3.462764 -56.141605 42.530770 -0.226777 -33.949240 30.847158 38.657043 -25.507604 -17.228199
85 2.1035243565 54.648845 12.867373 -62.372500 -4.022739 4.028698 -14.294657 -5.674721 -49.045036 28.221939 -10.583549 -27.396077 14.448363 27.541738 -16.111222 -21.455483
86 2.0488729411 50.911227 17.578130 -70.642114 15.092661 9.313908 -20.509886 -5.386065 -49.407819 30.707091 2.583082 -24.648711 16.025282 35.979394 -27.770442 -22.520148
87 1.9439676142 37.757379 -3.831995 -66.082843 -2.518192 -8.230344 -17.574267 0.124420 -41.303052 47.967900 6.173847 -27.645319 13.032116 46.066172 -32.535528 -25.331195
88 1.8280030362 54.169662 12.647750 -73.003466 10.740194 13.948899 -8.538422 0.551896 -57.968773 36.528884 -7.852843 -36.498850 20.980474 37.660710 -34.513186 -19.404045
89 1.8182902217 47.292140 0.326104 -74.945580 15.587182 7.657190 -14.364534 3.251938 -44.611396 40.975913 -3.478278 -29.612983 19.345455 39.432893 -27.650568 -9.931112
90 1.8442316749 42.741594 3.207306 -59.109946 0.288526 4.280667 -1.623454 2.245252 -43.405270 33.862929 6.412677 -15.894301 22.528960 39.467072 -32.799836 -18.283839
91 1.8357711082 35.925038 19.556297 -58.818083 0.190238 14.855919 -9.594316 -2.039260 -53.305457 24.455363 -0.084865 -24.685763 9.676568 38.562051 -31.687020 -15.173257
92 1.8865822466 40.549390 -0.112503 -62.870744 2.755604 1.631833 -7.576576 -2.279999 -56.310668 38.206083 -4.768067 -14.299102 20.006944 39.616430 -28.096537 -17.736784
93 1.7961203583 42.361198 10.911083 -64.279450 12.508123 3.804497 -16.416416 -2.040808 -50.553757 38.607631 1.022841 -27.543295 22.542954 42.427964 -28.177408 -22.017480
94 2.0396456328 42.769092 1.118256 -65.005259 7.787080 11.676699 -10.621760 -10.128853 -55.294037 37.221041 1.163194 -24.872918 15.611967 37.590143 -37.079371 -20.542341
95 1.8528799583 48.270672 6.395116 -63.012230 4.631901 5.463940 -13.879796 -4.340931 -52.812244 38.326008 -0.266956 -28.566395 21.617372 40.625189 -25.892140 -17.469121
96 1.8336630842 42.446274 2.000275 -55.441204 9.965722 12.684163 -13.040546 0.826013 -44.971835 33.528394 -0.879722 -20.687761 25.853605 33.754424 -31.577092 -18.216086
97 1.8196536955 47.236630 7.250898 -66.692329 9.598112 9.290344 -10.632512 -2.585139 -56.115637 31.993324 4.821887 -26.701227 20.206005 37.843713 -27.946638 -22.850616
98 1.8553936079 48.377365 6.031257 -60.874920 8.556323 7.266336 -16.059897 6.346891 -52.817603 36.189025 -1.189017 -26.042915 15.789397 42.213353 -27.876369 -18.683269
99 2.0873557202 32.878272 9.458301 -67.321567 5.620166 -0.784901 -6.951307 -9.217825 -51.041284 39.252541 6.801806 -16.488762 20.970580 38.797178 -31.142226 -21.521000
100 1.7854063619 39.800914 9.856771 -69.810532 5.859235 7.084189 -12.019662 -3.715358 -44.932630 39.810978 2.988309 -19.753507 27.062289 42.869682 -31.551614 -17.250131
101 1.8521753444 35.585708 13.709018 -68.422610 3.582761 -3.928167 -11.229577 2.184744 -50.080022 27.702629 -6.051362 -19.719441 30.610142 44.592809 -30.516609 -15.670069
102 2.1039460909 42.101854 8.484165 -70.381573 1.285926 8.783306 -23.471090 -8.452090 -46.104037 41.455218 10.147317 -23.541951 32.156871 46.026581 -27.818418 -14.960979
103 1.8040526996 38.748047 13.563193 -76.450219 10.210648 11.558792 -2.861837 -3.276576 -50.495617 46.489102 4.661530 -25.059180 23.098553 41.024892 -36.447159 -16.642615
104 1.7879654548 37.865672 16.760259 -72.781261 6.209505 10.206905 -13.377927 -1.821942 -44.272530 41.285528 1.093874 -24.638065 18.299827 42.586305 -36.152687 -14.809040
105 1.7778746611 46.170994 10.548953 -70.551129 4.382053 14.593385 -15.834995 1.695782 -46.035481 38.062262 0.474418 -26.191139 29.424328 48.645821 -26.839929 -18.475189
106 2.1275192689 43.591362 9.116234 -67.470292 -5.711194 12.502900 -12.065811 -7.016931 -50.457059 36.406083 4.362460 -29.252392 27.625971 47.723251 -23.553543 -19.440428
107 1.8083833461 49.573916 13.887388 -65.993153 3.300283 8.719575 -19.952150 4.208531 -47.736588 36.927701 -5.843858 -29.174240 31.404959 56.924343 -24.164765 -21.138242
108 1.8180161845 51.351788 12.696726 -70.944272 12.760819 14.609734 -12.180135 9.581098 -42.162175 35.883733 1.933356 -23.475649 26.756731 47.102530 -24.328834 -22.770616
109 1.8110248839 45.596638 16.206764 -70.310280 8.332412 15.836946 -19.163694 -1.037707 -47.925303 35.183186 8.290597 -33.976040 31.205631 43.523279 -26.595230 -22.351183
110 1.7936084441 48.198743 13.123429 -65.466477 2.674915 14.191305 -8.477217 3.068020 -41.769239 38.271417 2.246083 -27.107828 32.439961 44.959477 -31.578436 -21.318079
111 1.8089697890 47.852838 16.015672 -71.794300 5.128477 16.043700 -11.842890 0.071407 -47.357799 30.875659 0.227975 -25.450212 30.603726 46.999683 -27.892081 -15.438233
112 1.8110248839 40.506715 11.448432 -72.166289 7.547319 15.483359 -13.611789 -2.010682 -45.584976 37.689733 6.527619 -26.950096 29.696886 42.711240 -28.189269 -16.517828
113 1.7976602501 49.301920 10.531381 -72.176944 4.983291 12.491374 -17.132362 1.730290 -43.830237 41.581483 -0.286351 -22.300450 34.505003 47.234318 -21.792764 -17.165411
114 1.8264168077 46.112363 18.637030 -66.572406 -3.509338 14.361722 -15.214766 4.042298 -42.702001 36.365979 -4.547415 -28.883331 27.185012 49.234054 -22.867461 -18.952834
115 1.7984164417 52.511588 7.653499 -67.171902 13.714287 9.788805 -16.931042 1.478476 -46.511608 41.055505 7.796385 -26.555843 26.381259 50.670187 -27.207644 -11.060597
116 1.8674699181 44.221132 9.720984 -71.987163 0.702777 8.476044 -13.780309 5.958929 -45.622065 36.274616 4.538944 -30.979076 27.463935 45.866833 -22.964230 -17.383518
117 1.7566007567 46.080817 6.616828 -71.630842 4.335218 14.936144 -19.883135 2.426042 -42.510121 43.591804 1.677924 -31.039810 32.776010 39.524549 -24.777252 -25.155402
118 1.7915360839 44.482206 4.491812 -75.540186 2.456519 13.635445 -24.525236 0.932875 -47.295285 42.723061 2.412472 -28.084593 32.084379 42.778030 -24.496307 -26.081078
119 1.7989616174 46.553951 6.256446 -74.195656 5.989109 14.754208 -16.732610 0.637040 -39.620139 50.395841 4.167854 -30.116611 33.214822 43.934025 -18.266909 -26.363498
120 1.8269107347 45.288305 6.967607 -73.996177 0.891222 16.571199 -17.385764 3.625744 -40.524540 47.471966 -2.260813 -35.635783 33.116079 41.164622 -26.359975 -20.865948
121 1.8080523010 40.771631 11.486940 -74.256357 4.520824 12.941307 -20.667805 5.561699 -40.543753 41.491831 1.388336 -30.439793 34.088248 37.441500 -26.634722 -26.455449
122 1.8465019852 44.365664 7.257342 -74.110633 5.175082 7.763960 -20.004332 5.327715 -44.014638 47.202848 -0.487372 -33.020011 33.070779 36.877248 -29.041781 -25.820582
123 1.8363652714 44.655573 7.808293 -78.487425 1.928517 17.106372 -22.146422 -1.906190 -44.490122 45.957420 -0.451950 -31.713793 35.375519 37.739994 -24.469475 -28.161081
124 1.7932956267 44.542833 8.734007 -65.613091 5.689387 15.511181 -17.029726 1.085609 -45.016972 45.452434 4.050125 -25.964609 37.978031 38.925154 -21.320790 -25.163047
125 1.8292774537 46.639901 7.536865 -67.989538 0.310082 13.230140 -18.423685 -1.717818 -43.525726 42.367395 6.058385 -30.120082 34.168620 36.127232 -25.537888 -23.933064
126 1.7835697618 48.016858 3.417079 -71.335276 4.905897 18.583771 -22.353226 0.673031 -43.294825 49.313685 1.307916 -31.307747 31.282114 41.214808 -24.169696 -26.757800
127 1.7531947284 44.836332 6.380736 -71.654155 5.785804 10.966072 -15.998155 3.544919 -43.036057 42.165849 2.248840 -34.992839 36.653403 41.255188 -28.289619 -20.546210
128 1.7979242328 43.962583 1.732415 -69.911702 9.258957 10.889890 -12.962071 4.239315 -41.535930 45.014266 6.290008 -37.121463 37.130414 40.388168 -32.345348 -21.555790
129 1.8353566297 45.359556 7.848846 -74.659199 6.521586 6.612380 -16.316672 4.834172 -44.688524 41.121631 0.515323 -36.406395 30.756246 40.155402 -23.474912 -19.977028
130 1.8409938812 43.052767 10.701860 -71.171583 8.985985 14.731702 -12.351784 5.935693 -44.434731 47.780406 -0.297474 -37.927791 39.305288 42.488617 -29.299364 -20.353806
131 1.8608969517 47.090697 4.618501 -69.796166 6.361400 12.720803 -14.147495 6.049779 -41.454748 46.712823 -3.905456 -38.658301 37.232602 41.887479 -28.275966 -23.665124
132 1.8381307990 45.468055 7.037902 -73.774106 5.197074 6.089010 -17.950352 5.020466 -43.661626 41.009158 0.208733 -35.108030 37.161990 44.029919 -35.282729 -25.614236
133 1.8156981081 45.309699 6.585866 -68.421289 0.740275 11.637548 -13.582956 4.490664 -45.548233 39.778117 0.249219 -35.247161 38.895333 38.816983 -26.112702 -17.104192
134 1.7885671125 45.139971 7.350228 -76.014061 3.062812 5.370917 -11.920888 2.793708 -45.459219 42.175949 1.631477 -35.589282 40.664523 42.565043 -26.432483 -19.778958
135 1.8550136872 42.105256 4.654001 -75.381000 7.558118 10.676307 -14.791111 4.727333 -43.960057 42.638165 -1.417116 -37.271849 33.858189 43.157893 -26.056798 -17.354281
136 1.7965183371 44.775371 9.382671 -63.372193 10.353015 13.558566 -15.920183 2.915717 -39.630487 42.481554 5.461600 -32.049844 35.619697 42.228163 -30.191358 -22.148056
137 1.7857155739 49.562116 3.994168 -71.555327 5.201953 13.645312 -17.074942 4.012911 -40.699794 43.465712 6.044350 -36.135237 40.407851 41.464760 -25.750347 -21.072887
138 1.8681449435 45.277232 3.223105 -69.304482 7.888063 10.138610 -15.140868 7.181919 -42.700997 40.620123 -2.482092 -33.080526 34.557726 40.424212 -29.966743 -18.177656
139 1.8642308076 45.063613 9.421248 -73.918196 1.501825 11.498622 -11.587229 6.054445 -40.377943 43.161818 2.058438 -31.628506 34.351871 44.571636 -27.703628 -22.180285
140 1.7744073130 45.204880 4.050860 -74.791163 5.655575 8.860837 -20.875852 0.711606 -49.213204 43.503322 2.725214 -34.733443 36.244160 47.201560 -27.809340 -23.971258
141 1.7675206526 42.349969 9.174570 -72.013154 5.879694 11.142609 -16.555881 2.342866 -45.124763 41.615036 1.574209 -33.781605 38.801987 37.972042 -26.670255 -18.547718
142 1.8111588595 41.183296 7.920497 -75.081109 1.523174 10.511260 -15.849849 2.365300 -42.360424 40.870111 1.256452 -31.052643 37.110029 43.004162 -31.239134 -20.877305
143 1.8201040300 41.735647 6.876817 -73.472241 8.613099 9.834239 -17.295887 6.920663 -44.980977 44.529174 1.117602 -37.678684 34.404270 44.952041 -25.875062 -19.562966
144 1.7777028059 46.781331 5.839814 -72.493651 4.152418 6.384547 -11.657774 2.764381 -45.150853 38.860708 -0.750420 -33.353805 35.817460 42.505212 -24.625083 -22.514319
145 1.8806536723 41.586825 4.204598 -73.388032 0.711478 12.417633 -15.592291 6.335615 -42.524830 40.634057 0.445187 -32.546036 33.765757 40.572550 -31.089378 -22.100587
146 1.7829113021 48.098320 3.272977 -69.131303 4.873647 10.403380 -12.614772 1.678463 -46.579255 44.359750 2.419728 -29.538423 36.483953 43.454745 -30.946818 -24.791301
147 1.7677396563 46.686484 5.196050 -69.152605 6.908293 7.069613 -20.105212 2.733068 -41.872646 41.633207 2.757747 -31.699837 38.935688 41.582363 -27.947556 -21.664867
148 1.7669101959 44.138682 5.457726 -71.515185 5.054320 9.161668 -13.490347 3.529211 -41.061436 40.931761 0.351970 -36.385040 37.038194 42.196944 -26.767027 -22.630812
149 1.7490120332 47.914255 4.268245 -74.386111 3.998605 7.658220 -20.241307 4.513312 -45.318640 40.184718 3.164364 -33.851637 33.458292 43.608305 -31.522852 -16.330300
150 1.8741935170 49.196122 2.150316 -71.574233 2.010379 10.644518 -19.372392 6.540873 -45.447051 39.224499 2.428894 -40.621206 33.379983 43.592260 -32.556000 -21.520462
151 1.7634424952 51.595502 4.593892 -74.392648 4.029951 5.806164 -17.403015 3.739831 -46.031258 38.641811 4.548720 -39.463147 37.066756 46.951379 -36.939998 -18.153696
152 1.8250317700 48.218809 5.970948 -76.531158 4.859928 7.658980 -21.359624 5.476483 -45.459114 41.884927 3.813587 -32.762641 33.747639 44.420150 -31.836181 -12.374384
153 1.7833743527 50.677748 6.490580 -74.654913 5.640218 5.577345 -17.956066 4.090294 -46.246795 39.665726 6.125324 -36.751036 31.205264 45.479879 -29.200195 -13.100334
154 1.8488469313 47.775935 5.431926 -68.371029 3.022691 8.868689 -18.389415 5.409240 -43.390041 37.943719 1.801580 -33.338377 33.333535 43.482007 -32.029148 -19.991794
155 1.8154906088 48.262810 5.566836 -75.704321 1.466617 9.837070 -19.451203 2.674314 -47.928318 38.544752 1.722861 -35.483119 33.021227 41.655069 -33.608256 -18.134839
156 1.8462460631 48.836767 -0.313934 -75.590699 4.998092 9.259164 -16.618781 6.411415 -47.315799 37.929036 3.703652 -36.131166 34.814279 45.810821 -29.441326 -15.528721
157 1.8494518873 44.327636 3.015086 -73.014545 1.995718 7.986676 -18.580092 2.884609 -43.963932 37.290085 4.132397 -34.592958 35.684442 43.515778 -35.990978 -16.092572
158 1.8704692637 45.249169 6.112071 -71.044325 1.029467 9.431997 -18.191022 4.705012 -44.663568 41.609365 6.501032 -28.177159 31.863484 41.654419 -32.130836 -17.263399
159 1.8141683701 49.453883 3.303758 -72.021394 5.068566 8.048535 -23.608462 -0.464727 -46.503795 40.479479 4.639850 -36.909697 33.021673 45.062078 -32.862623 -19.026707
160 1.8288811106 47.451051 2.253330 -76.604542 6.496607 9.446681 -21.987736 4.926433 -46.689271 42.028970 3.827097 -30.779496 32.073106 41.949187 -30.654446 -16.268650
161 1.8309023893 49.572521 2.177160 -69.595821 7.001638 4.880026 -19.824775 5.495978 -45.845583 36.601079 1.284879 -32.223508 32.409280 41.621520 -34.521166 -15.183787
162 1.7536320694 49.370663 5.567005 -78.121015 6.657471 4.852765 -16.932195 3.652740 -45.479325 39.507698 2.109001 -32.905717 32.677141 40.753034 -29.848233 -18.284730
163 1.8564293161 48.882176 5.657361 -72.418223 1.283412 9.210152 -19.540393 7.428088 -46.521618 44.202202 2.760453 -27.706502 36.530272 42.241665 -31.520167 -17.684313
164 1.8280377892 51.198645 2.766715 -75.904677 3.630872 9.706066 -18.568723 6.084432 -43.266983 41.592512 5.152127 -34.308097 29.894834 43.186597 -30.141013 -12.697478
165 1.8337069496 46.717083 2.062185 -73.478956 4.896201 7.700170 -22.422172 5.476160 -46.283058 39.840110 3.144745 -32.993291 31.249689 43.182368 -31.672895 -18.885127
166 1.8250317700 44.654292 4.994190 -73.891720 8.949088 8.670587 -21.250802 5.066649 -44.679838 41.269199 4.061323 -35.865991 33.821460 41.553042 -31.020960 -18.624392
167 1.8106962620 45.895059 3.291063 -76.367335 2.716552 6.895827 -20.663751 4.046365 -45.689329 37.495974 7.483631 -33.250559 33.264069 43.977895 -32.293405 -19.709833
168 1.7898830407 48.240986 4.272278 -73.630772 2.830240 7.964753 -21.063683 4.160732 -44.705884 39.027710 0.970305 -34.100209 35.743082 42.003812 -30.753363 -16.193386
169 1.8371199212 44.956676 3.497024 -75.869639 1.931422 7.373134 -19.977364 1.615178 -44.176504 39.207650 4.483545 -33.438960 32.190326 43.863208 -31.817315 -17.264454
170 1.7904336466 48.880882 5.320860 -70.964248 3.140096 7.573250 -20.995389 2.425652 -46.649347 41.109646 1.705628 -33.687031 35.383858 42.526717 -36.028733 -15.459843
171 1.8113961537 45.341052 5.513576 -74.340224 3.487794 5.104016 -19.536372 1.756718 -46.334632 39.083878 4.644838 -34.497585 33.340013 43.602185 -32.455502 -17.598976
172 1.8368088539 46.245341 4.132793 -77.512450 0.831008 6.108129 -22.902687 2.509358 -44.802569 40.897992 5.525675 -35.654917 29.624100 42.829415 -30.521466 -18.619310
173 1.8241168189 46.731738 3.777327 -74.909240 5.700917 4.565707 -20.552491 4.905336 -44.916588 39.784718 2.578020 -34.811716 31.301021 41.759956 -32.881777 -16.589991
174 1.7642773560 46.280055 6.544097 -75.530932 5.173648 7.341448 -20.346220 4.545877 -45.469297 39.677449 3.418321 -33.846568 32.476418 42.192706 -31.836299 -17.715399
175 1.8394395523 47.303657 3.791805 -75.377364 1.814521 4.836644 -21.697945 2.399184 -44.080986 41.945961 3.850418 -34.738818 31.631236 42.573631 -33.795766 -14.188613
176 1.8191941694 47.747972 4.765434 -73.607821 3.612196 7.555661 -20.439138 5.361189 -48.106691 39.739796 6.722352 -33.438185 34.365102 44.126375 -29.050997 -15.925311
177 1.8494125080 48.869763 6.227650 -73.873360 2.964796 4.620299 -19.434366 5.103606 -45.370139 38.824333 3.037240 -34.776588 34.522231 47.380761 -29.562475 -15.742559
178 1.7708895793 50.193789 6.875976 -74.401396 4.380777 9.043344 -18.143892 3.604369 -42.814813 42.178112 5.347454 -34.269588 32.919402 43.230334 -31.746414 -18.086747
179 1.7965698442 49.591492 5.333437 -76.769610 3.238798 8.922702 -18.552795 0.565146 -49.142452 37.646861 1.346586 -34.102985 31.580128 42.143535 -30.551445 -14.659525
180 1.8103445605 52.888201 4.561455 -70.770644 2.001394 9.089754 -19.379490 3.099432 -47.566840 40.099881 2.459015 -32.883081 32.621034 42.533961 -33.863609 -16.811292
181 1.7914878848 48.231180 3.873165 -75.653407 2.474041 8.742321 -22.981440 1.313043 -43.627151 40.220608 2.567029 -32.752672 31.679702 41.205687 -30.542555 -15.916083
182 1.8222691642 47.829452 5.458870 -74.811204 5.906354 7.360505 -18.892130 6.655774 -46.260429 40.875167 2.976719 -33.525332 31.386287 45.813159 -30.927097 -18.511898
183 1.7865608593 47.748230 2.587323 -74.729517 4.827572 10.354561 -19.045376 2.800552 -47.236943 37.738218 2.990648 -33.664731 33.515910 43.526531 -32.673895 -18.120767
184 1.8250317700 46.629072 5.817602 -75.647152 4.935638 9.030302 -18.254515 4.776501 -42.745048 39.172916 4.159623 -33.260111 35.042593 41.772143 -30.934693 -16.259923
185 1.7787588961 47.742274 3.833230 -76.999731 3.011777 7.155140 -17.655711 3.900790 -45.779367 43.640700 1.242520 -34.666563 32.287054 42.999591 -32.178473 -14.751813
186 1.7352496805 49.806423 5.740040 -74.904678 4.189713 6.839424 -21.131451 3.585761 -46.170453 41.727884 2.225170 -34.099701 31.533748 44.177162 -32.712180 -16.633927
187 1.8164883016 50.561178 4.110936 -74.947415 4.070639 9.632192 -19.161577 5.724147 -43.728028 41.508893 0.845076 -36.352857 30.394087 43.051302 -32.989119 -16.452570
188 1.7887407171 50.195253 6.851781 -73.512542 2.845949 8.772818 -23.918951 2.912192 -45.613702 43.778696 3.321637 -34.324308 30.228133 43.583052 -32.826001 -16.849379
189 1.7777104916 48.485520 3.878432 -76.884515 4.187138 8.059944 -20.964480 2.889438 -44.464232 41.104849 4.191287 -34.280048 32.817745 43.322395 -32.997413 -15.465010
190 1.7788732392 48.559984 5.722027 -75.215779 3.553523 8.307056 -21.870248 3.481673 -45.281965 44.035949 0.358718 -33.990131 34.208580 44.845142 -32.841622 -16.171462
191 1.8039043314 48.684808 9.032590 -75.772320 4.155772 6.463845 -21.224889 5.423178 -44.565999 43.131703 1.914446 -34.311870 32.353406 42.820331 -33.240330 -16.271294
192 1.7683390940 50.281110 5.215123 -75.045814 5.106801 7.973821 -19.576208 4.480095 -46.417529 42.736901 0.952514 -34.087529 29.929232 43.884256 -32.060646 -16.183388
193 1.7462235524 49.408393 6.092893 -71.204480 4.372531 6.226945 -21.126889 4.101644 -46.196413 40.083593 2.409786 -34.412370 27.991761 43.608245 -29.573203 -16.232799
194 1.7712886818 48.957373 7.002431 -75.755638 4.633955 8.047612 -19.079588 2.981075 -44.842304 42.264722 3.270200 -36.318035 29.365201 44.931382 -34.468915 -17.672681
195 1.7737463640 49.756056 5.122801 -75.428880 7.031722 5.701652 -19.716638 1.569250 -45.422807 42.331735 3.363663 -34.203987 30.662917 44.379891 -31.510553 -17.505447
196 1.7708695551 50.137637 4.022155 -70.871748 4.431791 5.164892 -23.341324 1.095062 -47.529497 42.709905 2.129293 -35.637714 30.716725 44.432501 -33.355039 -16.615693
197 1.7986447826 48.676433 7.706593 -72.659851 2.448791 6.626749 -22.129974 2.578205 -47.320684 42.702245 1.440771 -34.828661 32.858102 45.072622 -34.147014 -15.170909
198 1.7741029313 51.128130 5.244983 -74.673119 6.226733 6.927702 -21.023076 1.348914 -47.541736 42.187620 2.067395 -34.638496 32.768938 42.871267 -33.351388 -16.892779
199 1.7454007812 51.234215 6.628140 -73.645490 4.362558 7.904850 -22.486600 3.702286 -45.451153 42.097700 2.943088 -33.857889 32.012342 44.194307 -33.395546 -15.917725
200 1.7713722527 49.214019 5.671490 -74.068587 5.230095 7.066938 -19.298271 2.775256 -46.573600 41.223128 3.497838 -33.436617 32.884223 44.147873 -32.739709 -16.934240
201 1.7789146265 48.975025 6.736321 -74.805517 3.122794 7.902361 -21.073312 4.282392 -46.341946 41.143505 3.330898 -34.156576 31.625342 45.215950 -34.613023 -17.875845
202 1.7868813934 48.537316 3.665543 -74.157973 2.634544 7.074794 -20.749726 3.481219 -46.608443 41.796397 1.648910 -34.503020 29.922884 43.520891 -32.040856 -16.286244
203 1.8605280777 49.315671 5.574187 -74.933277 2.344399 7.273302 -23.210887 4.735104 -45.430412 40.955038 1.668126 -37.361823 32.623212 43.418076 -32.324597 -16.052266
204 1.7526623634 50.432973 6.657134 -73.837373 4.216948 6.690186 -22.226927 4.351631 -46.925047 42.875078 0.874567 -32.857850 29.857527 44.079536 -32.743876 -18.001179
205 1.7581323129 48.361123 5.600320 -74.153560 3.597153 7.231940 -21.406980 1.882688 -46.978440 41.541095 3.559501 -34.500221 31.168869 45.156607 -32.056662 -18.071428
206 1.7997330382 49.510413 7.437940 -73.520414 1.827417 8.260909 -20.960947 4.322883 -45.564912 43.586999 3.292510 -33.321884 30.661919 46.157129 -31.872717 -17.290141
207 1.7579860625 48.077777 5.222214 -74.540162 4.096086 7.899382 -21.775134 1.748898 -45.396092 40.183843 3.186462 -32.651544 31.457587 44.962391 -33.072876 -17.874928
208 1.7528277983 49.710571 5.316761 -74.990030 3.645863 8.843405 -19.132309 2.968245 -45.707378 40.273067 2.445483 -36.143166 31.465144 43.368311 -33.400108 -14.761157
209 1.7845453746 48.461331 7.161714 -74.325409 6.466877 8.000271 -20.814202 3.176933 -47.449731 42.496489 0.113543 -34.639510 29.921926 44.528963 -31.767082 -16.150282
210 1.7864240949 48.457867 6.267781 -73.979188 5.787986 5.295036 -22.394668 4.280087 -46.071241 41.536927 4.464275 -35.180750 33.617077 46.588406 -30.349306 -16.387793
211 1.8152451297 48.877357 6.156987 -74.822916 3.735254 7.714594 -21.346089 5.322013 -43.731889 42.488444 0.701509 -32.586909 30.576737 44.345690 -30.962104 -18.034034
212 1.8134941997 49.543577 6.403839 -74.568077 5.199021 6.618557 -21.177809 5.512886 -46.205291 40.098563 3.477416 -33.460680 30.640051 43.471663 -33.049628 -16.223739
213 1.7872268294 49.620654 6.827685 -75.264551 3.238856 7.136559 -20.786492 3.100368 -46.422762 41.615762 1.017261 -32.430550 31.023600 44.297455 -32.601531 -17.274292
214 1.7530878363 48.517593 5.587315 -74.666904 4.646510 6.619990 -22.174400 3.506548 -46.249864 41.999715 2.780290 -33.556585 32.244977 42.922338 -31.504301 -16.990297
215 1.7407334634 49.045613 4.279795 -73.731318 3.888137 6.956863 -21.869751 3.650525 -47.660371 41.528769 3.683541 -33.352480 32.022381 46.276795 -31.491892 -15.690114
216 1.7521861756 49.582113 6.187917 -75.802309 3.717278 7.340113 -21.317109 2.514217 -47.317856 42.002891 2.079747 -35.302207 31.866407 44.952926 -32.881152 -16.936218
217 1.7521108569 50.017160 4.193247 -74.769633 3.655024 6.474883 -19.696622 3.272409 -47.612928 41.884740 3.080241 -33.562802 31.672777 43.155959 -34.585652 -15.492347
218 1.7497789401 48.357184 5.556547 -73.981001 4.569459 6.423241 -21.094062 3.478149 -45.760237 41.919045 1.606743 -34.796430 31.817340 44.572934 -32.054879 -16.090847
219 1.7713722527 48.965809 6.861440 -73.904107 5.612330 8.914657 -20.694182 3.175036 -45.355358 40.560558 3.302017 -34.001268 31.738886 43.846891 -33.233406 -16.102619
220 1.7715407360 51.925248 4.592237 -74.285086 4.559993 7.479510 -20.309095 3.074892 -46.544350 40.869435 3.216591 -34.474336 31.815629 44.354961 -32.802545 -17.326298
221 1.7643866799 48.683740 6.771543 -74.724639 3.734472 6.232258 -21.910198 4.668455 -46.821640 41.652396 1.937578 -34.091346 33.247127 43.211269 -33.326447 -16.084549
222 1.7541255519 48.821461 4.453064 -75.702017 4.215315 7.908620 -20.631692 1.775498 -46.514199 39.414820 2.763068 -35.208982 31.469503 44.016104 -32.272326 -15.456552
223 1.7593044116 48.717131 4.689815 -74.987203 5.973714 8.267444 -22.745352 4.409656 -47.516063 41.056597 1.296572 -34.671601 31.477605 43.022357 -32.046398 -16.068730
224 1.7644307601 49.908273 7.705513 -73.453110 5.528561 6.120322 -21.956300 3.107087 -44.578150 42.218482 1.826263 -33.142441 29.643062 43.853033 -33.377793 -16.546185
225 1.7555945081 48.580492 4.419383 -75.956489 4.996601 6.277611 -20.006398 3.647981 -45.990661 43.319898 0.915129 -33.953983 32.832547 43.828263 -32.561179 -17.097962
226 1.7546579264 49.319554 6.926471 -75.384254 5.379764 7.454313 -21.444938 3.663650 -48.204099 43.978289 2.470747 -33.804577 32.303370 44.332178 -34.229633 -15.571159
227 1.7556356127 49.947759 5.890249 -75.624481 4.642457 6.472997 -21.232171 3.919699 -46.230446 41.942828 2.415087 -33.451815 31.579622 44.659596 -33.182559 -16.529728
228 1.7336060883 50.414351 4.700255 -74.181121 3.790984 7.114087 -20.711623 3.550126 -46.418218 42.199329 1.534137 -33.485816 29.971171 43.786614 -33.093133 -16.116208
229 1.7518439220 48.497795 5.245464 -74.681043 4.116955 7.067421 -20.703564 2.405776 -46.353878 42.365363 1.772782 -33.107078 30.218389 43.255546 -32.588134 -15.673211
230 1.7444930031 51.634259 3.399152 -74.498658 3.954922 6.891708 -19.552119 3.990202 -47.079135 42.009348 2.900714 -32.676155 28.306863 44.279358 -32.728571 -16.389615
231 1.7926714619 50.068910 4.726878 -74.383189 2.729675 7.322449 -21.142788 2.950496 -47.850936 41.656514 1.325269 -33.588257 29.622097 43.855109 -33.678619 -15.836818
232 1.7717399206 50.010820 4.832639 -74.230453 3.186271 6.339368 -21.514452 3.509328 -46.086615 42.313226 1.668498 -32.895160 30.192210 43.767607 -33.317953 -15.173859
233 1.7568197604 49.634190 5.161019 -73.631688 4.327719 8.323100 -21.126693 2.738713 -45.867425 41.728356 2.651489 -33.486348 30.739931 44.763978 -33.096171 -16.382926
234 1.7876150990 50.059204 4.806093 -74.173260 2.898203 7.018603 -20.822057 2.990656 -46.327540 41.396858 1.444012 -33.307484 29.463212 44.967305 -32.423578 -16.039396
235 1.7940275583 49.367866 5.241541 -74.209875 2.719654 7.342334 -20.377874 3.430336 -47.603568 42.433430 0.291601 -34.552993 29.879757 44.356974 -31.834788 -16.310282
236 1.7733708493 50.628698 4.046745 -74.049423 3.318129 7.057773 -20.505455 3.795516 -46.400474 42.416564 1.273331 -33.681574 30.125878 45.155528 -35.379854 -14.651986
237 1.7677183252 50.117949 3.406104 -74.879269 5.555865 6.276819 -19.906806 4.126084 -46.552520 42.506520 0.606918 -34.630433 29.812042 43.818686 -33.958366 -16.179647
238 1.8234029708 50.514335 4.507724 -74.037613 3.578106 7.825951 -21.256254 5.062570 -45.870204 41.498572 3.178039 -32.075269 30.150489 42.489279 -31.653157 -15.626264
239 1.7541823285 50.065714 4.749631 -73.833153 4.286662 6.889351 -20.730840 3.109471 -45.904351 42.302659 2.009319 -34.174592 31.149687 44.222625 -31.853803 -15.889278
240 1.7659864130 51.026949 4.240416 -74.485161 3.430547 6.108883 -21.262821 3.518688 -45.742105 41.610366 2.677569 -33.960238 28.053727 44.791757 -33.776364 -16.887534
241 1.7499015005 50.668097 5.118318 -75.226227 4.113829 7.180819 -19.632295 3.014298 -47.141061 41.379660 2.022411 -33.844004 30.444650 43.132475 -34.801135 -16.538228
242 1.7768446507 50.020053 5.241211 -74.543715 3.266996 6.251654 -20.725696 4.270027 -45.099879 41.783129 1.482896 -34.254006 30.060188 43.547914 -33.047474 -14.651303
243 1.7479488120 50.612784 4.947500 -74.741954 3.877752 7.713351 -20.577275 3.001128 -44.775413 43.021272 1.504329 -33.626882 29.965826 43.964850 -33.839858 -16.919435
244 1.7310067840 49.210584 4.568038 -73.259746 3.688393 7.712279 -21.203780 3.287122 -47.146639 41.578248 1.086816 -34.294069 29.504659 42.790194 -33.895155 -16.337153
245 1.7515907253 50.097705 4.286885 -73.185785 3.834213 7.460656 -20.178860 2.525543 -46.925789 42.837492 1.431518 -33.999251 29.786503 43.350702 -33.544865 -16.868345
246 1.7668497272 47.504701 4.396212 -74.405832 3.543917 7.576131 -21.172516 3.646452 -47.440414 41.372107 1.020528 -34.816280 30.753435 43.751914 -33.791363 -16.520649
247 1.7734055995 48.757397 4.581776 -73.991694 3.557248 6.223509 -20.070400 2.390973 -47.990921 40.928926 2.274065 -34.544350 29.036462 43.942532 -34.117903 -16.870926
248 1.7739152926 49.019096 5.222284 -72.914790 2.888680 7.772153 -21.453057 3.948659 -46.658158 41.802305 1.927384 -33.993299 29.652842 43.362453 -33.320533 -15.604496
249 1.7839961647 49.840753 4.671759 -73.152912 3.324954 8.558599 -20.990511 3.173177 -46.722454 42.267689 1.885759 -34.912708 29.834411 43.887696 -33.834263 -16.319257
250 1.7818264380 48.469485 4.622060 -73.125217 3.126780 8.317804 -22.320584 4.329489 -47.307111 40.416780 1.437984 -34.702456 29.930624 43.043701 -34.531471 -15.175550
251 1.7332969920 49.026818 5.172359 -73.276006 3.885071 8.141987 -21.983681 3.311487 -47.028706 41.830508 1.483059 -34.405547 29.922671 43.687316 -34.725485 -16.146007
252 1.7332969920 48.397569 5.497930 -73.240240 3.888190 8.585393 -21.043733 3.306785 -47.903085 40.831775 1.863034 -34.733043 30.293888 43.604759 -32.594063 -17.275455
253 1.7447179609 48.768368 3.169564 -73.214520 3.797642 7.790561 -21.086562 4.132654 -46.359629 41.421693 1.703547 -33.941805 30.643090 43.548294 -33.460229 -16.482986
254 1.7519965757 49.301773 5.020614 -73.678390 3.855198 8.747295 -20.816333 3.099631 -47.282281 41.624106 0.873984 -34.361578 29.912916 43.537262 -34.400320 -16.616873
255 1.7373424010 49.503707 4.157127 -73.679758 4.190571 8.479317 -20.389117 3.866334 -47.647091 41.980472 1.329042 -34.339367 28.911849 42.958603 -32.856435 -16.429673
256 1.7310268984 48.193402 4.835990 -74.416150 4.133658 7.240366 -21.592168 3.810773 -47.182748 41.222045 1.135193 -34.119902 29.421356 41.892072 -33.661014 -16.205717
257 1.7902928760 49.460038 4.287197 -73.338276 3.529044 7.699228 -21.011323 2.749815 -47.540277 40.504268 0.598528 -34.835834 29.583835 43.330608 -34.002845 -16.223730
258 1.7800132339 49.223337 4.509743 -72.950233 4.285058 8.245018 -21.267788 2.460324 -47.468062 41.551095 0.215589 -34.268355 29.129831 42.363089 -34.242491 -16.244128
259 1.7496038724 49.268692 5.000586 -73.250494 4.128787 7.734940 -21.123630 2.726743 -46.741449 41.597440 1.364278 -34.398433 29.809371 43.286109 -34.320129 -16.615620
260 1.7825702006 49.402621 4.977307 -73.740215 3.335577 7.679035 -20.990620 2.840361 -46.812431 42.158944 1.336890 -35.069588 29.632117 42.250528 -32.770394 -16.509384
261 1.7794284712 49.139679 5.021496 -73.218167 2.858865 8.105697 -19.837110 3.315030 -48.064349 40.843550 0.722310 -33.364676 29.058641 42.553851 -33.467820 -16.860663
262 1.8428500193 49.755555 4.917684 -73.102906 3.272622 7.701614 -20.627085 4.968578 -47.462343 41.970696 1.321179 -34.725422 29.360740 41.990349 -32.632987 -16.741770
263 1.7695441010 48.649096 4.637354 -73.235843 3.590861 7.589618 -20.600376 2.826386 -46.807274 41.536857 1.260231 -34.680139 29.735858 42.962253 -34.769831 -16.617741
264 1.7627375345 49.538658 4.515975 -73.428076 4.288416 8.425950 -21.283826 2.916687 -46.947716 40.258877 0.622112 -34.200978 30.286159 42.761639 -34.455177 -15.874593
265 1.7995717907 48.500863 4.845290 -73.336525 3.365956 7.781033 -21.782923 3.119135 -47.658195 41.895694 0.255954 -33.923595 29.550238 43.347102 -32.784133 -16.352264
266 1.7724796998 47.968867 4.953739 -73.482237 3.552072 8.158610 -21.381781 2.983862 -46.593803 41.907522 1.183234 -33.925792 29.241221 43.168766 -33.751614 -16.960414
267 1.7824996959 49.334876 4.616848 -73.509533 2.634685 8.013851 -21.607785 3.337360 -47.165364 41.458602 0.930440 -34.894780 29.400189 42.534654 -34.204326 -15.988334
268 1.7962646794 49.484166 4.099307 -73.540120 2.574602 8.363713 -20.031757 3.914870 -47.704242 41.544905 0.329439 -34.593042 29.686612 42.656110 -32.622913 -16.593501
269 1.7577729609 49.857772 3.788161 -72.873010 4.106345 7.970191 -21.599104 3.364741 -47.417444 42.199830 0.284596 -33.897105 28.829434 42.580184 -33.345540 -16.846454
270 1.7936051505 49.129938 4.534908 -72.554889 3.418840 7.824038 -21.398685 2.949531 -47.008417 41.276431 0.542242 -34.429246 29.156585 42.855151 -32.813182 -15.809609
271 1.7936577619 49.117487 4.590198 -73.509790 2.997491 7.743207 -21.590911 2.637395 -46.797139 41.495006 0.772397 -34.711038 29.462476 43.224939 -34.506481 -15.768663
272 1.7888024622 49.087937 5.045353 -73.088802 3.181502 7.964588 -21.092208 2.702711 -46.870958 41.369471 1.879163 -34.286737 28.976978 42.950437 -34.257768 -16.896382
273 1.7336262027 48.657305 4.715236 -72.752902 4.019020 7.547559 -20.260157 3.396862 -46.673572 42.655006 1.417284 -34.481994 29.702657 42.705263 -34.224949 -16.276250
274 1.7882868529 49.119652 4.401634 -72.697279 3.384966 7.640266 -21.604907 2.799350 -46.459198 41.331661 0.933975 -34.197214 29.160495 42.791737 -33.662104 -16.816480
275 1.7326585717 48.838866 4.440119 -73.512047 3.912409 7.801007 -20.847492 3.375515 -47.138389 41.368590 1.329099 -33.771837 29.808532 42.018567 -34.053527 -15.613919
276 1.7667890585 49.348705 4.242514 -72.880801 3.442375 7.941311 -20.917623 3.339559 -47.012263 42.224756 1.155986 -34.391227 29.749783 42.386752 -33.579729 -16.189734
277 1.7766911743 49.429453 5.109543 -73.258911 3.316720 7.443830 -21.526391 3.265892 -47.618816 41.452711 1.462960 -34.296390 29.639615 42.501517 -33.071811 -16.768624
278 1.7407558580 49.660037 4.945611 -73.570163 3.888657 7.893521 -22.212097 3.341899 -46.867968 42.039393 0.712860 -35.239079 29.173393 42.270367 -33.241259 -15.896363
279 1.7449896182 49.920058 3.953425 -72.813963 3.682987 7.294509 -20.969994 3.552166 -46.778628 40.660145 0.624861 -34.499538 29.352668 43.551740 -34.086958 -16.663789
280 1.7411938124 48.946982 3.980987 -73.342937 3.855740 8.441284 -21.040481 3.552363 -46.855466 41.548739 0.942691 -34.878796 29.410293 42.720477 -33.349186 -16.631928
281 1.7559179859 48.914863 4.549396 -73.575502 3.609490 7.895926 -21.765039 3.215072 -47.621299 42.126351 0.626341 -34.687536 29.668266 42.740009 -33.498710 -16.014990
282 1.7479488120 49.436289 4.941148 -72.978636 3.891226 7.892104 -21.105340 3.187034 -47.549259 42.090862 1.736718 -34.302250 29.448995 42.818996 -33.879936 -16.561895
283 1.7802476786 49.132301 5.650525 -73.565835 3.508421 7.845110 -21.599500 2.972406 -46.869792 41.851353 1.466041 -34.095154 29.635069 43.376802 -33.680600 -16.676080
284 1.7403455946 49.210118 3.970898 -73.625509 3.737800 7.251626 -20.658677 3.374727 -47.135398 41.043707 0.735759 -34.601348 29.118312 43.018968 -34.168848 -16.506795
285 1.7733921084 49.863689 4.701224 -72.736735 3.302333 7.944133 -20.684548 3.288646 -47.389528 41.294606 0.977574 -34.819746 28.988017 43.074810 -34.152514 -16.307970
286 1.7941107868 49.684827 4.364196 -72.952289 2.546759 7.766693 -21.429390 3.138333 -47.450669 41.519099 1.531517 -34.270070 30.489808 42.519285 -34.181299 -16.233359
287 1.7336262027 49.229208 4.743992 -73.408329 4.233422 7.611177 -21.188841 3.527903 -47.173459 41.055945 1.784766 -34.195174 29.744347 43.530018 -34.002183 -16.475468
288 1.7831790657 49.302932 5.076678 -73.803497 3.398553 7.514568 -21.328350 2.948062 -46.863858 41.533839 1.522021 -34.328828 28.856430 42.704972 -33.646488 -16.304266
289 1.7356358276 49.118293 4.776609 -73.006126 3.646995 7.582064 -21.146214 3.651700 -47.310626 41.524654 0.738041 -34.878060 29.655661 42.395225 -34.036393 -16.403549
290 1.7372261481 48.846284 4.473982 -73.176952 4.007848 7.671351 -20.963672 3.659569 -46.961425 41.425951 0.770642 -34.368907 29.589733 42.738799 -33.823710 -16.664726
291 1.7742007299 49.372123 4.563239 -73.185435 3.585835 7.273567 -21.023717 3.070592 -46.953997 41.088532 0.998378 -34.502629 29.374118 42.580339 -34.189950 -16.440911
292 1.7411938124 49.629353 3.977610 -73.121342 3.697779 7.480772 -20.790439 3.923794 -46.914451 41.652775 0.975619 -34.226747 29.395738 42.570896 -33.693743 -15.958207
293 1.7310067840 49.436823 4.449353 -73.069258 3.669499 7.795863 -20.867745 3.603422 -46.989062 41.339698 1.097512 -33.966570 29.093340 42.982742 -33.705355 -15.767974
294 1.7304972455 49.214826 4.450749 -73.823708 4.049377 7.371266 -21.232276 3.516342 -47.021241 41.590729 1.224013 -34.062119 29.572910 42.674700 -34.869147 -16.542667
295 1.7353519619 48.749870 4.120216 -74.640133 4.220455 7.888281 -21.227749 3.750665 -47.003460 41.806639 1.165648 -33.523427 29.221800 42.469939 -35.013105 -16.007444
296 1.7449175368 48.604898 4.314190 -73.851469 4.270886 7.533309 -21.046190 3.422747 -47.022913 41.571062 0.909838 -33.902987 29.707085 43.212795 -35.355272 -15.778370
297 1.7519965757 48.733599 4.923682 -73.698832 3.719247 6.945659 -21.851210 3.066469 -46.878898 41.554282 1.003539 -34.723072 29.951325 42.801399 -35.043224 -15.993081
298 1.7306976877 48.790132 5.082954 -73.543427 3.840611 7.237840 -21.668812 3.722583 -47.146746 41.923451 1.114036 -34.274560 29.697284 43.392021 -34.975534 -15.931754
299 1.7307401701 49.460973 4.321056 -73.776605 4.205088 7.237707 -21.729124 3.377340 -47.529760 41.361824 1.215621 -34.275321 29.813355 42.430344 -35.131454 -16.774487
300 1.7693443447 49.048523 4.484361 -73.400727 3.461307 7.454654 -20.659771 3.759132 -47.036294 41.914614 1.651968 -34.183285 29.407488 42.859961 -34.963333 -17.141550
301 1.7693883628 48.818632 4.256238 -73.425204 3.350268 7.460364 -20.637862 3.762462 -46.757625 42.121336 1.571233 -34.302534 29.357636 42.561154 -34.186616 -16.566646
302 1.7486890259 49.183868 4.072952 -74.165449 4.126880 7.186261 -20.979632 3.109252 -46.854824 41.103559 1.180275 -34.248210 29.170002 42.509575 -35.045159 -16.294583
303 1.7545013238 48.930601 3.824169 -73.532250 3.778112 7.413157 -21.407334 3.243259 -47.487849 41.261079 0.987795 -34.280695 29.728640 42.464238 -35.701055 -16.248881
304 1.7529714596 49.199035 4.594752 -74.048158 4.059281 7.366310 -21.340405 4.426540 -47.006023 41.994296 1.009313 -33.892797 29.506413 42.213642 -34.912277 -16.463703
305 1.7531108893 49.157436 4.667000 -74.007609 4.119061 7.402122 -21.429252 2.826819 -47.238587 41.728980 0.921558 -33.959913 29.306211 42.980675 -35.082519 -16.138544
306 1.7418701717 49.322294 4.557433 -73.333724 4.236426 7.547644 -21.453406 3.323619 -47.258310 41.989606 0.664221 -33.893750 29.832704 43.112575 -35.076724 -16.568960
307 1.7555945081 49.473806 4.651232 -74.000869 4.556190 7.769796 -20.877226 3.689158 -47.009402 41.582628 1.029211 -34.283794 29.241479 42.542784 -34.932033 -16.423537
308 1.7296920281 49.481483 4.505977 -73.720671 3.783605 7.732459 -21.253474 3.312214 -46.754763 41.726595 1.211215 -34.560628 29.407475 42.793109 -34.639266 -16.481296
309 1.7908930418 49.318480 4.134940 -73.801473 3.227327 7.315527 -21.551684 3.143671 -46.772611 42.086863 1.345903 -34.876287 29.383522 42.768910 -34.825059 -16.550902
310 1.7366638552 49.422207 4.231310 -73.901815 3.744938 7.731457 -21.139443 3.389271 -46.609336 41.664519 0.823261 -34.496892 29.533098 42.591533 -34.882721 -16.722878
311 1.7366989538 49.708823 4.332163 -73.768627 3.775201 7.658684 -21.276548 3.423734 -47.008969 41.739666 1.067056 -34.572450 29.112202 42.579584 -34.067810 -16.057806
312 1.7336060883 49.223774 4.566324 -73.939239 3.857367 7.716477 -21.074830 3.339601 -46.753088 41.452791 1.516232 -34.730598 29.474902 42.741315 -34.466454 -16.447533
313 1.7329972231 49.311045 4.592497 -73.871076 3.750305 7.976018 -20.779029 3.780432 -46.891230 42.206593 1.277230 -34.352091 29.719011 42.921960 -34.811993 -16.705557
314 1.7322121201 49.860957 4.834469 -73.807020 3.840079 7.667036 -21.536034 3.553221 -46.605584 41.881146 1.247981 -34.702511 29.680889 42.946347 -34.865551 -15.967956
315 1.7490631257 49.195221 4.457998 -73.529500 4.090217 7.502130 -21.175759 3.194609 -47.102486 42.110555 1.603134 -34.374095 29.683452 42.384170 -34.477305 -16.401960
316 1.7416925823 49.587945 4.239449 -74.096903 3.886486 7.461666 -21.499431 3.870364 -46.218094 41.932775 0.630611 -35.020518 29.085438 42.687351 -34.891087 -16.575190
317 1.7528017931 49.204631 4.875791 -73.992683 4.041727 7.536860 -21.105789 3.088226 -46.611046 42.163875 0.911785 -34.484480 29.109001 42.891214 -34.995659 -16.130678
318 1.7533538139 49.611772 4.255362 -74.002858 4.066603 7.810108 -21.173016 3.175631 -46.798940 41.288479 1.058540 -34.524978 29.292932 42.877382 -34.765196 -16.330493
319 1.7312497085 49.614833 4.237240 -74.016450 3.847272 7.366814 -21.571730 3.533140 -46.544893 41.845957 1.174358 -34.507796 29.215752 43.086359 -34.692130 -16.292787
320 1.7378967765 49.639825 4.256201 -73.870246 3.826759 7.865899 -21.494693 3.786779 -46.867578 41.654732 0.892412 -34.520487 29.346269 42.704406 -34.678519 -16.580270
321 1.7526793642 49.331423 4.575843 -73.408722 4.301355 7.443303 -21.173969 2.902252 -46.732255 41.707442 1.083233 -34.539409 29.180444 42.564210 -34.030305 -16.370300
322 1.7411611516 49.736796 4.636092 -74.037223 3.881599 7.952743 -20.935167 3.248133 -46.781885 42.158873 1.304249 -34.616627 29.375284 42.786390 -34.803748 -16.410187
323 1.7438047569 49.302060 4.641121 -73.442120 3.975607 7.957738 -21.283388 3.226275 -47.019053 41.373447 1.198378 -34.644919 28.783873 42.355728 -34.471989 -16.471167
324 1.7386611740 49.669298 4.479280 -73.728158 3.968815 7.695308 -21.392160 3.265454 -46.669540 41.847456 1.233244 -34.629662 29.451020 42.495300 -34.341676 -16.417816
325 1.7527185765 49.422728 4.397148 -74.054898 4.270001 7.986720 -21.710296 3.234431 -46.606138 41.812944 1.673108 -34.851629 29.478916 42.701325 -34.613578 -15.987456
326 1.7429995395 49.759889 4.478492 -73.691501 3.656721 7.664590 -21.320670 3.213384 -46.512851 42.266011 1.205851 -34.235370 29.521717 42.975966 -34.222041 -16.649900
327 1.7302216810 49.351369 4.727743 -73.640550 3.760574 8.304764 -21.531778 3.677287 -46.545615 42.069209 1.146162 -34.824045 29.444746 42.671983 -34.029153 -16.434260
328 1.7482579082 49.127387 4.464981 -73.576769 3.769455 7.521428 -21.221466 2.940534 -46.570674 41.546055 1.432351 -34.700884 29.155388 43.197148 -34.485282 -16.880919
329 1.7335103614 49.365575 4.352855 -73.599987 3.912286 7.933204 -21.352115 3.289485 -46.793471 42.061434 1.455931 -34.532614 29.255431 42.504759 -34.375836 -16.317236
330 1.7463047345 49.455835 4.694127 -73.809539 3.758360 7.782222 -21.132318 3.218500 -46.640942 42.004590 1.251936 -34.532882 29.487806 42.571532 -34.591598 -16.572546
331 1.7378967765 49.251438 4.228741 -73.673644 3.901776 7.917625 -21.478726 3.439641 -46.558159 41.572817 0.941115 -34.934920 29.586288 43.122463 -34.641074 -16.535473
332 1.7458177805 49.583898 4.424921 -73.596507 3.894610 8.027822 -21.489459 3.275463 -46.810582 41.795253 1.031356 -34.249343 29.141334 42.928172 -34.751750 -16.405696
333 1.7473528765 49.622887 4.332327 -73.743412 4.114699 7.869725 -21.696757 3.227465 -46.712964 41.517718 1.239508 -34.560613 29.759176 42.732500 -34.459769 -16.576334
334 1.7460607050 49.454455 4.342093 -73.728805 3.805302 7.757881 -21.534767 3.255155 -46.588575 42.146806 1.059083 -34.360264 29.297811 42.732552 -34.518689 -16.288990
335 1.7473103916 49.448274 4.603026 -73.793220 3.921624 7.916329 -21.250804 2.970832 -46.833656 41.515558 1.319395 -34.464747 29.359978 42.994762 -34.381832 -16.087309
336 1.7310067840 49.386008 4.577247 -73.538333 3.864350 7.772691 -21.311027 3.321772 -46.629019 41.929610 1.087966 -34.679742 29.254587 42.652131 -34.725165 -16.267040
337 1.7302216810 49.505193 4.797793 -73.714319 3.729075 7.368413 -21.135250 3.282904 -46.564341 41.660135 1.140025 -34.375848 29.333854 42.739922 -34.626983 -16.388313
338 1.7365371835 49.487534 4.188872 -73.558109 3.658120 7.727466 -21.110005 3.572182 -46.707253 41.854979 1.356649 -34.949772 29.470948 42.823485 -34.800506 -16.575342
339 1.7443142954 49.464942 4.519298 -73.767340 3.781445 7.694189 -21.324785 3.231721 -46.840279 41.672824 1.142304 -34.724981 29.578438 42.773730 -34.762238 -16.526640
340 1.7675536619 49.812620 4.629112 -73.740480 3.586150 7.608072 -21.336659 3.084080 -46.416548 41.691435 1.161568 -34.415210 29.517175 42.883961 -34.623822 -16.214876
341 1.7384590694 49.430848 4.589720 -73.654006 4.015840 7.747093 -21.505957 3.568044 -46.808816 41.509033 1.049166 -34.336522 29.273022 42.777586 -34.451762 -16.439592
342 1.7376538519 49.520733 4.621574 -73.933145 3.753038 7.766208 -20.853950 3.359749 -47.072853 41.685969 1.056309 -34.232671 29.263018 42.864498 -34.639308 -16.742423
343 1.7468178729 49.447820 4.369895 -73.905338 3.941398 7.602826 -21.251205 3.213266 -46.780709 41.743279 1.451578 -34.728761 29.477692 42.831078 -34.537527 -16.303507
344 1.7591426357 49.301509 4.849130 -73.909793 3.547792 7.798580 -21.146469 3.324752 -46.783986 41.800149 1.161897 -34.460718 29.380894 42.365806 -34.529361 -16.696560
345 1.7318734687 49.581623 4.713109 -73.707348 3.912009 7.567043 -21.361778 3.418316 -46.536680 41.797114 1.357606 -34.613216 29.439142 42.667741 -34.552101 -16.073920
346 1.7304972455 49.448563 4.589845 -73.834439 4.058847 7.678277 -21.333762 3.613703 -46.673848 41.741132 1.221689 -34.609321 29.258871 42.852303 -34.598476 -16.437081
347 1.7299349526 49.569086 4.407005 -73.674553 3.881144 7.871974 -21.257923 3.474178 -46.713893 41.739299 1.201544 -34.828412 29.309099 42.732245 -34.805561 -16.518895
348 1.7332401476 49.661838 4.375114 -73.842399 3.818097 7.810738 -21.120643 3.552631 -46.944835 41.799158 1.361467 -34.402912 29.385061 42.721143 -34.537576 -16.553024
349 1.7456586039 49.427119 4.702823 -73.497180 3.674077 7.502924 -21.336792 3.153132 -46.715951 41.928952 1.127879 -34.603414 29.741917 42.928888 -34.413590 -16.265839
350 1.7329972231 49.518387 4.648984 -73.943663 3.653930 7.507218 -21.065180 3.293421 -46.635928 41.757042 1.355547 -34.463363 29.608241 42.486972 -34.753929 -16.558038
351 1.7336060883 49.452364 4.507120 -73.539158 3.682664 7.653382 -21.530671 3.395202 -46.613185 41.516414 1.408896 -34.652645 29.369612 42.824785 -34.557520 -16.232446
352 1.7332401476 49.442250 4.363524 -73.626519 3.805157 7.401917 -21.144830 3.430955 -46.882274 41.663495 1.313713 -34.493962 29.408794 42.490615 -34.671490 -16.390525
353 1.7644709514 49.540393 4.397749 -73.847955 3.593086 7.619018 -21.402914 3.168733 -46.724393 41.630384 1.165273 -34.559154 29.460921 42.616237 -34.241215 -16.379570
354 1.7443438480 49.732670 4.576753 -73.775584 3.762616 7.793844 -21.097597 3.144632 -46.821675 41.765399 1.180719 -34.585557 29.552500 42.667091 -34.680136 -16.440854
355 1.7476691575 49.370142 4.708451 -73.744786 3.969974 7.729270 -21.068202 3.111214 -46.959274 41.721133 1.338209 -34.216375 29.230468 42.921328 -34.484253 -16.834180
356 1.7329972231 49.542866 4.443516 -73.832636 3.809021 7.857293 -21.163488 3.313788 -46.729090 41.663161 1.352380 -34.645982 29.525886 42.869537 -34.531721 -16.342980
357 1.7476691575 49.516943 4.815906 -73.797906 4.075663 7.658212 -21.376298 3.123566 -46.606305 41.801492 1.262193 -34.489291 29.243290 42.645073 -34.689350 -16.554295
358 1.7310067840 49.242159 4.514542 -73.768332 3.863469 7.631946 -21.440837 3.547073 -46.845061 41.550940 1.148213 -34.715939 29.263090 42.684166 -34.584647 -16.543740
359 1.7338024405 49.524599 4.487825 -73.733954 3.969762 7.789180 -21.160104 3.569348 -46.664494 41.855064 1.267193 -34.579248 29.300411 43.002829 -34.838510 -16.537626
360 1.7338490128 49.422237 4.260553 -73.846943 3.897218 7.636024 -21.301534 3.322227 -46.659737 41.820129 1.410999 -34.389042 29.393546 42.650094 -34.716560 -16.457711
361 1.7332401476 49.563228 4.404070 -73.877790 3.765068 7.766773 -21.169205 3.308570 -46.727754 41.561880 1.250660 -34.544024 29.504545 42.529481 -34.416668 -16.393687
362 1.7310067840 49.424349 4.519921 -73.641210 3.808738 7.706996 -21.151348 3.293878 -46.632048 41.808050 1.112158 -34.452080 29.583762 42.721648 -34.482280 -16.373127
363 1.7833872995 49.441517 4.498448 -73.829532 3.488319 7.599074 -21.407186 3.136288 -46.977195 41.790941 1.291826 -34.463015 29.244915 42.796259 -34.695593 -16.451246
364 1.7329972231 49.450023 4.513449 -73.545020 3.681490 7.665151 -21.297715 3.367450 -46.736990 41.872328 1.247509 -34.654586 29.170849 42.781464 -34.840945 -16.699759
365 1.7332401476 49.607733 4.389308 -73.570211 3.756312 7.704117 -21.476631 3.401883 -46.842419 41.801701 1.331935 -34.747414 29.550950 42.603111 -34.722213 -16.506944
366 1.7391707125 49.533759 4.539467 -73.752554 3.647419 7.773167 -21.290389 3.276866 -46.785731 41.806885 1.151053 -34.575106 29.347785 42.953683 -34.722714 -16.363213
367 1.7310067840 49.611770 4.571165 -73.678000 3.797941 7.763746 -21.402227 3.294638 -46.523318 41.749100 1.114826 -34.659822 29.378090 42.889131 -34.732638 -16.530952
368 1.7299349526 49.329112 4.273604 -73.815945 3.848654 7.967825 -21.124686 3.551013 -46.823484 41.836911 1.188545 -34.634432 29.508449 42.857625 -34.711486 -16.558310
369 1.7310067840 49.421755 4.424260 -73.613518 3.728994 7.766862 -21.139264 3.334413 -46.931711 41.734041 1.155851 -34.716000 29.244522 42.692803 -34.561255 -16.448062
370 1.7296920281 49.485432 4.551000 -73.665096 3.892597 7.793152 -21.140474 3.544708 -46.652018 41.816003 1.201600 -34.686869 29.498637 42.788771 -34.911917 -16.417764
371 1.7456586039 49.419906 4.526067 -73.735916 3.750762 7.838219 -21.253195 3.071779 -46.575910 41.814234 1.082551 -34.470026 29.408591 42.690043 -34.537910 -16.489300
372 1.7318120014 49.598844 4.556378 -73.627836 4.065089 7.664010 -21.042089 3.314814 -46.682505 41.556359 1.126886 -34.613757 29.446562 42.686626 -34.836512 -16.699846
373 1.7329972231 49.328189 4.428863 -73.448603 3.655944 7.368042 -21.273076 3.337404 -46.907758 41.684085 1.261019 -34.409773 29.212768 42.653371 -34.672015 -16.439667
374 1.7429995395 49.722173 4.584906 -73.588071 3.842988 7.740720 -21.506260 3.219220 -46.658614 41.788196 1.191647 -34.385484 29.273850 42.598015 -34.764680 -16.471075
375 1.7310067840 49.594230 4.550100 -73.588818 3.756240 7.848254 -21.008952 3.369188 -46.675260 41.738930 1.087603 -34.729606 29.414506 42.912037 -34.832527 -16.496193
376 1.7338024405 49.530541 4.565173 -73.691027 3.979644 7.551361 -21.241726 3.280834 -46.812749 41.666624 1.248147 -34.464534 29.363942 42.923714 -34.495215 -16.531563
377 1.7310067840 49.488744 4.650950 -73.743573 3.710274 7.571700 -21.280392 3.346181 -46.745777 41.751196 1.123839 -34.662695 29.502706 42.767562 -34.583388 -16.536914
378 1.7380988812 49.356955 4.337206 -73.618581 3.800189 7.824874 -21.347546 3.278714 -46.568236 41.643176 1.196776 -34.683336 29.477309 42.882965 -34.565817 -16.559292
379 1.7332401476 49.457246 4.389661 -73.712198 3.668425 7.768672 -21.204831 3.484705 -46.764076 41.675261 1.289310 -34.433247 29.438767 42.656540 -34.535040 -16.625409
380 1.7296920281 49.391819 4.500477 -73.699715 3.766120 7.688048 -21.116005 3.305397 -46.635463 41.771392 1.222253 -34.560055 29.329659 42.762184 -34.762241 -16.496477
381 1.7422092936 49.456858 4.373231 -73.472364 3.950000 7.721611 -21.108260 3.256607 -46.690509 41.743896 1.291463 -34.642958 29.512657 42.723744 -34.644781 -16.445228
382 1.7332401476 49.383241 4.378878 -73.846720 3.789116 7.735186 -21.359018 3.559326 -46.748384 41.679173 1.257035 -34.404311 29.475940 42.819648 -34.648226 -16.421198
383 1.7329972231 49.411248 4.631361 -73.802508 3.883423 7.658191 -21.350477 3.445605 -46.952016 41.508754 1.279480 -34.571125 29.636591 42.825169 -34.654651 -16.542140
384 1.7476490430 49.535969 4.488161 -73.721796 3.731820 7.651537 -21.256126 3.032640 -46.782484 41.697536 1.255316 -34.437680 29.547027 42.663062 -34.710644 -16.570388
385 1.7310067840 49.395464 4.528750 -73.826248 3.768553 7.928828 -21.241750 3.352263 -46.730328 41.591601 1.176547 -34.440195 29.535365 42.695017 -34.591814 -16.597778
386 1.7310067840 49.426367 4.608511 -73.749460 3.797953 7.843640 -21.086273 3.425730 -46.671043 41.759599 1.174806 -34.411079 29.446418 42.707420 -34.430696 -16.587542
387 1.7476490430 49.337247 4.650294 -73.898281 3.661276 7.636054 -21.383054 3.159544 -46.855255 41.762611 1.256238 -34.713831 29.434396 42.703099 -34.735364 -16.373894
388 1.7559567964 49.440649 4.477086 -73.529695 3.574047 7.830160 -21.087950 3.357662 -46.679212 41.698390 1.110282 -34.725898 29.359835 42.753128 -34.512402 -16.279479
389 1.7325523042 49.628274 4.487607 -73.680244 3.595621 7.652205 -21.269649 3.314087 -46.808466 41.754253 1.127351 -34.581341 29.291399 42.757336 -34.722134 -16.491909
390 1.7310067840 49.322862 4.548146 -73.740654 3.809057 7.772655 -21.314955 3.325266 -46.723501 41.716962 1.162929 -34.603112 29.261136 42.763169 -34.743536 -16.537141
391 1.7329972231 49.397706 4.460489 -73.772586 3.846686 7.844670 -21.418182 3.433529 -46.942491 41.406326 1.305793 -34.749271 29.335452 42.744765 -34.709229 -16.514138
392 1.7463047345 49.554034 4.474670 -73.781704 3.677768 7.659472 -21.256376 3.243808 -46.886752 41.711388 1.326514 -34.552750 29.410922 42.842906 -34.682348 -16.509067
393 1.7296920281 49.520965 4.511943 -73.693505 3.822857 7.765035 -21.354486 3.390364 -46.747579 41.658487 1.221800 -34.601702 29.384560 42.842675 -34.654089 -16.554665
394 1.7312497085 49.388070 4.374635 -73.596460 3.665218 7.754999 -21.342983 3.317750 -46.847093 41.681815 1.147976 -34.467779 29.439504 42.666400 -34.531585 -16.546262
395 1.7329972231 49.579183 4.493286 -73.609096 3.833680 7.625161 -21.310554 3.391969 -46.703545 41.648959 1.292622 -34.599659 29.479449 42.872852 -34.554792 -16.347657
396 1.7329972231 49.636689 4.525709 -73.687166 3.811783 7.774223 -21.182406 3.287827 -46.777902 41.675761 1.260081 -34.529773 29.388294 42.719547 -34.665911 -16.520844
397 1.7296920281 49.446420 4.614901 -73.743832 3.753685 7.912591 -21.195450 3.396395 -46.751801 41.682717 1.197082 -34.447592 29.409536 42.970267 -34.762155 -16.493663
398 1.7329972231 49.454891 4.507951 -73.816417 3.905290 7.878349 -21.169168 3.302516 -46.641352 41.716863 1.334875 -34.573846 29.434889 42.802097 -34.685435 -16.628430
399 1.7329972231 49.511220 4.452379 -73.688922 3.848793 7.615325 -21.336788 3.383359 -46.688263 41.617261 1.253619 -34.524460 29.326242 42.778671 -34.570031 -16.439571
400 1.7299349526 49.559826 4.311365 -73.675305 3.699539 7.793143 -21.354697 3.390893 -46.619272 41.660695 1.211811 -34.564165 29.351814 42.795915 -34.634518 -16.400920
401 1.7336060883 49.545257 4.477126 -73.784806 3.895795 7.736882 -21.228245 3.405025 -46.635980 41.722647 1.416026 -34.602665 29.435070 42.697359 -34.742634 -16.437542
402 1.7376538519 49.525615 4.596304 -73.769185 3.703506 7.672243 -21.203126 3.302808 -46.670576 41.639711 1.062553 -34.651937 29.446172 42.792420 -34.678988 -16.467485
403 1.7296920281 49.475868 4.526218 -73.751848 3.873592 7.728792 -21.280002 3.384624 -46.731097 41.739464 1.202775 -34.677115 29.389887 42.836857 -34.736584 -16.542941
404 1.7329972231 49.532916 4.572286 -73.710559 3.810469 7.557160 -21.274066 3.354134 -46.778279 41.891058 1.259615 -34.578768 29.538016 42.724213 -34.555060 -16.438861
405 1.7329972231 49.453566 4.569313 -73.557334 3.738499 7.620434 -21.378730 3.404799 -46.793878 41.797316 1.328865 -34.510424 29.226040 42.747038 -34.626944 -16.534800
406 1.7310067840 49.483516 4.476545 -73.699002 3.811232 7.624967 -21.269169 3.345019 -46.708489 41.685289 1.155786 -34.529655 29.328231 42.886775 -34.640375 -16.500157
407 1.7296920281 49.638163 4.474024 -73.682226 3.709575 7.779676 -21.197215 3.347778 -46.732706 41.695855 1.181933 -34.483384 29.564464 42.867442 -34.662768 -16.542716
408 1.7296920281 49.442882 4.417793 -73.792323 3.727027 7.721386 -21.248331 3.383295 -46.839357 41.730621 1.212964 -34.584056 29.468072 42.815954 -34.557540 -16.523038
409 1.7411611516 49.425791 4.496602 -73.817640 3.821667 7.731466 -21.175835 3.248716 -46.737147 41.724020 1.269055 -34.532414 29.481684 42.773139 -34.610538 -16.539936
410 1.7296920281 49.386552 4.444894 -73.879228 3.851011 7.743884 -21.219886 3.379214 -46.826422 41.571808 1.212438 -34.480471 29.411583 42.805673 -34.692705 -16.484065
411 1.7332401476 49.447055 4.412627 -73.748672 3.846650 7.800065 -21.351263 3.414370 -46.830232 41.712420 1.315416 -34.544726 29.401802 42.825616 -34.568140 -16.526676
412 1.7296920281 49.393126 4.538741 -73.676493 3.710728 7.595111 -21.336685 3.379019 -46.807332 41.863595 1.177178 -34.572369 29.403171 42.699954 -34.688664 -16.493161
413 1.7296920281 49.533819 4.453109 -73.728439 3.786554 7.679422 -21.208012 3.364677 -46.817971 41.750976 1.190903 -34.523072 29.451090 42.959769 -34.627898 -16.545136
414 1.7443142954 49.415004 4.499793 -73.618604 3.733583 7.630414 -21.187899 3.223034 -46.723464 41.851549 1.168270 -34.549846 29.362829 42.732626 -34.604058 -16.504819
415 1.7312497085 49.543670 4.399081 -73.749516 3.806243 7.682687 -21.304328 3.342834 -46.761722 41.764054 1.140583 -34.629863 29.346706 42.744685 -34.696642 -16.282938
416 1.7310067840 49.481369 4.557195 -73.729026 3.871167 7.684380 -21.224126 3.315124 -46.618433 41.755764 1.140987 -34.609421 29.429668 42.796477 -34.636297 -16.442416
417 1.7296920281 49.523954 4.541104 -73.688368 3.847944 7.760875 -21.239661 3.354401 -46.783191 41.797630 1.212971 -34.693797 29.385321 42.750293 -34.672854 -16.410209
418 1.7310067840 49.529758 4.536136 -73.748105 3.845424 7.694777 -21.260552 3.353999 -46.651197 41.733401 1.157064 -34.511098 29.298879 42.851996 -34.599877 -16.487373
419 1.7296920281 49.432385 4.528540 -73.770769 3.841797 7.708099 -21.311984 3.317252 -46.772951 41.803449 1.183437 -34.496447 29.478567 42.817320 -34.586385 -16.526468
420 1.7411611516 49.556826 4.448566 -73.829294 3.727002 7.797572 -21.167622 3.270269 -46.873845 41.668913 1.250367 -34.505336 29.409725 42.812616 -34.598250 -16.478266
421 1.7429995395 49.527824 4.519069 -73.765741 3.773095 7.719603 -21.209572 3.224004 -46.853693 41.740461 1.229984 -34.515147 29.328709 42.810247 -34.723470 -16.516766
422 1.7296920281 49.473395 4.518563 -73.735863 3.771735 7.633906 -21.208287 3.351938 -46.721307 41.692039 1.222688 -34.593153 29.424251 42.815283 -34.687789 -16.495984
423 1.7329972231 49.520740 4.501801 -73.714389 3.723846 7.656635 -21.300581 3.295152 -46.756233 41.703870 1.256850 -34.554792 29.448086 42.926617 -34.639126 -16.471043
424 1.7429995395 49.420765 4.560778 -73.784178 3.763755 7.775466 -21.235866 3.236062 -46.778745 41.756574 1.213347 -34.431975 29.416878 42.840936 -34.613706 -16.468399
425 1.7310067840 49.457593 4.580041 -73.766130 3.883870 7.781961 -21.206425 3.321747 -46.678233 41.736973 1.166226 -34.547338 29.412338 42.750787 -34.678928 -16.489263
426 1.7310067840 49.534857 4.426291 -73.627788 3.749136 7.741195 -21.168897 3.358153 -46.741966 41.676459 1.161601 -34.548963 29.420934 42.917426 -34.573490 -16.573753
427 1.7329972231 49.491158 4.520683 -73.794312 3.828876 7.798058 -21.260433 3.360951 -46.785472 41.772911 1.248673 -34.533007 29.419704 42.861382 -34.678344 -16.481909
428 1.7380988812 49.407728 4.360103 -73.735321 3.765078 7.698820 -21.310079 3.253266 -46.742141 41.647613 1.194118 -34.574503 29.394495 42.729027 -34.695859 -16.443899
429 1.7310067840 49.444102 4.499551 -73.794789 3.747138 7.795999 -21.262022 3.350289 -46.819280 41.769343 1.164883 -34.638096 29.412527 42.780249 -34.664541 -16.370236
430 1.7310067840 49.464809 4.438344 -73.807299 3.883036 7.882275 -21.192494 3.385882 -46.728867 41.587665 1.084915 -34.644140 29.351584 42.660830 -34.654804 -16.399863
431 1.7296920281 49.501377 4.497679 -73.731686 3.708915 7.739450 -21.143563 3.350098 -46.681792 41.713572 1.195906 -34.586248 29.474384 42.770966 -34.714189 -16.586986
432 1.7378559566 49.522525 4.496432 -73.781989 3.749470 7.717861 -21.324935 3.249332 -46.691626 41.717196 1.213331 -34.541690 29.405712 42.724512 -34.628353 -16.477268
433 1.7445572199 49.490739 4.368808 -73.770397 3.828188 7.878887 -21.204295 3.238825 -46.663517 41.756425 1.123551 -34.548308 29.390057 42.749080 -34.706006 -16.526079
434 1.7329972231 49.432218 4.503089 -73.666797 3.746100 7.755490 -21.208412 3.340100 -46.742909 41.783437 1.249685 -34.606570 29.334644 42.821209 -34.651159 -16.446985
435 1.7310067840 49.434251 4.575711 -73.642664 3.843507 7.717766 -21.285027 3.326262 -46.741585 41.736243 1.176469 -34.528819 29.384835 42.835051 -34.539552 -16.459291
436 1.7296920281 49.522981 4.540644 -73.686045 3.767715 7.724600 -21.238781 3.331720 -46.729425 41.818278 1.214378 -34.568031 29.411992 42.844510 -34.640877 -16.488922
437 1.7391707125 49.464117 4.540652 -73.750710 3.717983 7.712572 -21.170927 3.255121 -46.744356 41.715789 1.142692 -34.524234 29.424237 42.721898 -34.676215 -16.439051
438 1.7296920281 49.462033 4.518685 -73.732640 3.779810 7.680905 -21.267360 3.326635 -46.750099 41.743226 1.179370 -34.568748 29.466583 42.697191 -34.650964 -16.552781
439 1.7296920281 49.438720 4.512775 -73.768782 3.755756 7.712085 -21.200019 3.311134 -46.756598 41.747161 1.215752 -34.545625 29.381089 42.793433 -34.635420 -16.565366
440 1.7329972231 49.575748 4.516489 -73.696910 3.762507 7.745004 -21.238342 3.313615 -46.741064 41.785575 1.249169 -34.503699 29.473063 42.785526 -34.600053 -16.448440
441 1.7296920281 49.474372 4.503837 -73.726465 3.781843 7.726606 -21.256131 3.332136 -46.720897 41.744676 1.188229 -34.477071 29.447107 42.795818 -34.594023 -16.483649
442 1.7329972231 49.475605 4.488503 -73.677026 3.729143 7.691053 -21.261310 3.325236 -46.722811 41.736746 1.268129 -34.532088 29.373558 42.795803 -34.621552 -16.457962
443 1.7329972231 49.491718 4.443054 -73.632404 3.719861 7.712622 -21.311582 3.291950 -46.782815 41.639195 1.248146 -34.605421 29.419480 42.811075 -34.654383 -16.482802
444 1.7378559566 49.432023 4.464277 -73.740709 3.787967 7.805794 -21.256632 3.262871 -46.703495 41.700358 1.220816 -34.581091 29.460835 42.824126 -34.646566 -16.494212
445 1.7296920281 49.490014 4.428522 -73.720114 3.704900 7.753175 -21.257408 3.328668 -46.735020 41.708941 1.189687 -34.589646 29.415652 42.754846 -34.699596 -16.468658
446 1.7296920281 49.424056 4.483200 -73.778524 3.767749 7.702397 -21.277882 3.298339 -46.774450 41.732675 1.212519 -34.629462 29.371522 42.753322 -34.659213 -16.443180
447 1.7310067840 49.459837 4.519129 -73.765192 3.788643 7.760861 -21.241224 3.281636 -46.760639 41.689563 1.153164 -34.539240 29.420465 42.812900 -34.620263 -16.521194
448 1.7296920281 49.489996 4.529550 -73.739717 3.856624 7.720039 -21.288419 3.300339 -46.768271 41.734532 1.218626 -34.499102 29.475120 42.796054 -34.621269 -16.505408
449 1.7310067840 49.418190 4.548776 -73.842340 3.745910 7.816945 -21.318438 3.340829 -46.753981 41.735941 1.169058 -34.546381 29.485202 42.778460 -34.646780 -16.489927
450 1.7296920281 49.545253 4.474968 -73.735056 3.815539 7.648831 -21.298992 3.350268 -46.754485 41.703730 1.179258 -34.627028 29.420665 42.735742 -34.672073 -16.464516
451 1.7310067840 49.439823 4.523769 -73.728457 3.686620 7.740827 -21.315589 3.333068 -46.748266 41.605309 1.135384 -34.519984 29.411352 42.807716 -34.680635 -16.535130
