evaluations raw_y x0 x1 x2 x3 x4
1 2958.6518554688 -1.126460 -2.009805 -3.128800 3.758536 -2.132702
2 4820.0805664062 0.556852 2.634945 -2.590177 -1.334758 -3.793671
3 -3522.1596679688 4.879476 4.106017 -1.910053 -3.710368 4.216222
4 763.3674316406 -4.203770 -3.620389 0.393039 2.644598 -0.248028
5 -6551.9833984375 3.522838 -4.145115 -4.403393 0.418423 2.089383
6 957.8834228516 2.555712 -1.124995 4.893471 -4.925328 -1.238736
7 -4693.1987304688 1.694486 1.007066 3.075691 -2.161168 4.402910
8 3824.6237792969 -3.223200 -4.679086 1.687010 -2.939426 -4.807325
9 -8113.1943359375 -1.989823 -0.256435 2.395478 4.934578 1.441400
10 3292.5949707031 -4.704826 0.466730 -1.662762 1.902382 -2.683245
11 -5167.3232421875 3.943689 2.325534 -3.770833 3.645106 2.522823
12 1275.2784423828 -2.450987 -2.961905 -0.447983 -0.206971 0.351225
13 -4624.0039062500 1.550109 4.622827 0.332754 -3.457368 3.541976
14 562.3222656250 -0.204792 3.046554 4.228772 1.503095 -0.362014
15 5221.5708007812 -0.390071 -0.990562 1.156928 -0.377283 -3.016732
16 -8549.0927734375 -3.110926 -0.269881 -4.594241 2.492505 1.579014
17 -6852.1171875000 3.970399 -0.839745 -1.210975 4.762117 1.624599
18 -5965.6958007812 4.947740 -2.737033 4.253966 3.460251 2.069642
19 -5756.8066406250 -0.952971 4.999346 4.236553 4.005308 1.839168
20 -6746.1591796875 3.852834 -2.259666 4.097771 2.963641 1.877360
21 -8012.2280273438 -4.557988 -4.972029 1.167103 3.410609 1.727339
22 -9461.7968750000 -3.281344 -4.464626 -3.647631 -0.449340 1.922929
23 -8411.0810546875 -1.007072 -4.909267 -4.930067 1.899066 1.421593
24 -7741.6718750000 -4.750675 -4.422593 -2.845762 4.664637 1.344297
25 -9275.2978515625 -4.433898 -3.466212 -3.919165 1.618141 1.608657
26 -9458.8271484375 -3.691614 -4.946878 -0.209572 -2.192695 2.101890
27 -9656.6884765625 -3.889975 -4.673863 -3.955711 -0.526898 1.711629
28 -7915.2441406250 -2.881211 -4.234839 -4.250046 2.604560 2.118357
29 -9512.6367187500 -4.859532 -4.647096 1.376401 -4.291903 1.509627
30 -9378.7548828125 -4.181219 -4.180583 -4.674905 -1.327190 1.927911
31 -9777.9287109375 -3.928986 -4.822629 0.581567 -2.615021 1.797731
32 -8821.0117187500 -3.985550 -2.247304 4.283834 -4.759273 1.304690
33 -10337.9541015625 -3.945400 -0.817094 -1.148838 -0.690447 1.708426
34 -8018.6860351562 -1.835427 -4.954041 3.436143 -4.966326 1.703985
35 -9707.1982421875 -2.612672 -4.557689 2.163764 -2.455989 1.574679
36 -10271.2998046875 -2.196893 -3.211311 0.952184 -1.061354 1.636734
37 -10353.0292968750 -3.835443 -0.261439 -1.033891 -2.770684 1.630376
38 -8600.8046875000 -4.386257 -0.796764 4.111494 -0.942591 2.012817
39 -10930.6337890625 -4.449851 -2.702073 -1.199757 -4.164748 1.324413
40 -9677.7500000000 -2.128801 -1.058836 2.571273 0.258259 1.621389
41 -10254.8535156250 -4.392699 1.113810 -1.424700 -1.072221 1.369882
42 101.7837524414 -0.445279 -0.749643 0.659114 -3.665009 1.384582
43 -10624.0273437500 -4.284188 -4.329643 -2.415847 -3.058163 1.489315
44 334.9536743164 -0.299277 -1.081672 -0.823343 -3.983549 1.211246
45 -10242.9042968750 -4.668983 -1.649655 -2.257311 -4.190984 1.687324
46 -8480.4619140625 -3.067040 0.674617 3.871880 1.778139 1.716100
47 -10551.7304687500 -4.673325 -2.478102 -4.796281 -4.021608 1.186646
48 -8666.3339843750 -4.571074 1.865102 -1.502183 -2.238910 2.141789
49 -8047.0439453125 -4.951160 4.331077 -0.341958 -4.382193 1.134475
50 -9090.7841796875 -4.726353 2.106035 -0.915379 -4.861582 1.327461
51 -10680.0878906250 -4.480880 -4.423577 -2.917927 -2.419548 1.410467
52 -11310.3291015625 -4.689197 -3.908925 -1.363055 -2.822613 1.152700
53 20.9423065186 -4.582537 -1.269199 -2.451488 -1.880610 1.398184
54 -11037.7138671875 -4.435789 -4.078130 -0.803565 -2.339439 1.307304
55 -9941.1005859375 -4.289003 -0.740014 -4.931494 -1.379466 1.474188
56 -9846.3310546875 -2.444643 -3.795727 -0.888424 0.834795 1.752793
57 -9673.7500000000 -1.989845 -2.250894 -1.910639 -4.460557 1.827001
58 -10485.2001953125 -4.970261 -3.087157 -0.124281 -2.307472 1.656563
59 -10495.9628906250 -4.023453 -2.676443 -1.266962 -4.348884 1.563679
60 -9307.5996093750 -1.078873 -4.760004 -0.260905 -3.441105 1.828438
61 -10985.8583984375 -4.922522 -3.542260 -1.653657 -4.089887 1.216979
62 72.8076934814 -4.629960 -4.241406 -0.860263 -3.004670 0.977050
63 -10777.8388671875 -3.505285 -4.835114 -0.872537 -1.065728 1.303133
64 -10713.9609375000 -4.864838 -4.221257 -0.771507 -4.376203 1.166953
65 -10517.9853515625 -4.306331 -4.859997 -1.921663 -4.477482 1.219562
66 -11139.8750000000 -4.968406 -3.476242 -1.457934 -2.511287 1.302584
67 -10864.0595703125 -4.713786 -3.648251 -1.614150 -2.576865 1.474668
68 -10936.1835937500 -3.755524 -4.024258 -1.679417 -2.531471 1.419434
69 252.1511077881 -4.803499 -3.479497 -1.739111 -3.094148 0.885768
70 -10955.6210937500 -4.575475 -4.371292 -1.631988 -2.609489 1.305767
71 1.7150878906 -4.043003 -3.859093 -1.340174 -2.747783 1.283558
72 -11095.3398437500 -4.744359 -4.070145 -1.210033 -2.668127 1.252081
73 200.6153106689 -4.086175 -3.888301 -1.461779 -2.637024 1.067955
74 -11010.5664062500 -4.922810 -4.038127 -1.492115 -2.794539 1.289604
75 81.3602447510 -4.151321 -3.715734 -1.491257 -2.628964 1.211452
76 34.6797943115 -4.747472 -3.783281 -1.229357 -2.845131 1.105372
77 -11079.3076171875 -4.775867 -3.932382 -1.360591 -2.697758 1.286400
78 -11195.3193359375 -4.682422 -3.782414 -1.344233 -2.696785 1.250092
79 -11086.1640625000 -4.741955 -3.881988 -1.316932 -2.941314 1.276960
80 -11167.8505859375 -4.761933 -3.818795 -1.491085 -2.704839 1.255364
81 -11210.9042968750 -4.690042 -3.954121 -1.419981 -2.772459 1.209432
82 -11213.8613281250 -4.658495 -3.939222 -1.428742 -2.793121 1.212322
83 -11214.1992187500 -4.682410 -3.972262 -1.433970 -2.871317 1.198781
84 -11211.9785156250 -4.655294 -3.948795 -1.410205 -2.893855 1.204744
85 -11208.5117187500 -4.675604 -3.943468 -1.384125 -2.848632 1.208323
86 3609.6762695312 -3.654031 -2.443410 2.758278 -4.250882 -3.909607
87 -5106.8588867188 2.482928 1.805412 -4.533565 4.213102 2.834550
88 -6447.7797851562 0.198168 4.427350 3.849386 -2.964189 1.737782
89 -4996.0458984375 -0.598325 -3.464300 -1.262637 3.435282 4.825645
90 3818.7377929688 3.624877 2.821026 3.393723 0.183045 -4.880462
91 -5227.5659179688 1.477713 -0.545178 -2.530395 1.198784 4.173703
92 3102.8496093750 -2.095424 -4.503110 0.577741 -1.582843 -1.786148
93 -9390.6474609375 -3.904275 -3.919653 1.352046 2.861525 1.279330
94 -7296.4409179688 3.739030 3.368052 4.627420 -0.537727 0.305200
95 2201.8112792969 4.829123 -1.952054 2.269663 4.946644 -3.269839
96 2460.3706054688 -1.469025 4.057806 -0.577099 -1.977099 -1.406123
97 1735.6018066406 1.707436 0.124286 -3.413994 -4.450309 -0.857830
98 219.5453643799 -4.694982 1.133083 0.323564 1.741211 0.557587
99 -6458.7192382812 0.560952 0.401425 -2.176491 -3.095740 3.181565
100 3726.8095703125 -2.475643 -1.254367 -4.322239 0.514058 -2.504835
101 -6831.4458007812 -1.171549 -3.294618 4.064225 4.881467 2.144508
102 -7689.6347656250 -0.156564 -4.752900 4.802454 -0.110833 1.948761
103 -7222.2363281250 -3.969994 -4.814421 2.907481 4.247031 1.846401
104 -8548.8369140625 0.519104 -4.399289 4.452530 0.261490 1.355110
105 -8310.4873046875 -0.127348 -0.479674 0.264850 4.946645 1.347732
106 -9569.0195312500 -1.649794 -4.342924 -1.410593 3.773460 0.893764
107 -9883.2802734375 -3.788066 -4.503266 0.678320 1.661570 1.313175
108 -9846.6669921875 -1.704017 -3.707489 -0.532727 1.273335 1.612832
109 1.7795562744 -2.826920 -3.055718 1.584826 -1.746201 1.360462
110 -9432.4326171875 -3.195001 -3.252444 1.185730 3.028669 1.387299
111 173.8216400146 -1.346765 -4.927430 -2.659652 2.025030 0.647687
112 -8993.9794921875 -1.696932 -4.826734 0.843851 2.796708 1.532616
113 57.1624755859 -2.145537 -4.716001 1.765932 2.160049 0.595649
114 -9877.0097656250 -1.383093 -4.503383 3.774172 2.812177 0.445772
115 -9574.4238281250 -3.505080 -4.867401 -1.307643 2.845253 1.108035
116 -8627.1875000000 -4.398483 -4.739150 0.934036 2.841070 1.615857
117 -8630.0556640625 -4.162735 -4.471142 0.638919 3.337145 1.557591
118 -8728.4843750000 -4.696990 -4.899159 0.556505 2.699187 1.533863
119 -9212.9160156250 -3.778030 -3.918215 0.361400 3.217728 1.385319
120 -8554.1044921875 -4.857604 -4.155985 0.547612 3.300831 1.576333
121 -9977.2617187500 -3.183266 -4.796199 0.508126 1.102482 1.382278
122 -10087.6503906250 -4.760325 -3.773178 0.468054 1.379318 1.301679
123 -9865.3632812500 -2.949112 -3.525452 0.466573 2.289775 1.389254
124 -9371.6220703125 -3.213231 -4.934567 0.612613 2.184363 1.441986
125 -9930.1826171875 -3.305289 -4.053580 0.816088 2.156804 1.259102
126 -9523.2109375000 -4.385632 -4.581732 0.279558 1.934989 1.413851
127 -10009.9267578125 -4.020071 -4.334362 0.348121 1.853203 1.220011
128 -9727.1132812500 -4.319361 -4.724289 0.446777 1.753664 1.288808
129 -9886.3046875000 -4.641010 -4.596809 0.547517 1.432987 1.247107
130 -9970.5830078125 -3.566764 -4.413387 0.304656 1.368781 1.412290
131 -10029.9287109375 -4.344765 -3.721208 0.483422 1.703280 1.318633
132 -10265.2998046875 -4.118150 -3.841328 0.451815 1.319104 1.288067
133 -10143.4521484375 -4.349902 -3.856054 0.418583 1.237402 1.358941
134 -10194.2158203125 -4.194337 -4.164318 0.453769 1.247878 1.280576
135 -10350.0605468750 -4.373509 -3.477385 0.548559 1.044763 1.320667
136 -10474.1884765625 -4.487543 -3.272428 0.562664 1.014906 1.261219
137 -10544.8691406250 -3.926263 -3.277641 0.572370 0.853188 1.313556
138 -10337.4521484375 -4.428757 -3.374452 0.608707 0.986335 1.342481
139 -10465.5537109375 -4.799829 -3.151900 0.607620 0.788311 1.281753
140 -10563.1318359375 -4.095211 -3.043702 0.464659 0.667090 1.361982
141 -10812.1054687500 -4.029221 -2.468524 0.437792 0.244814 1.334236
142 -10788.7451171875 -3.975966 -3.111876 0.445019 0.211557 1.317282
143 -10578.1621093750 -3.471808 -2.787108 0.489367 1.138266 1.306329
144 -10670.0244140625 -3.772393 -2.751543 0.394066 0.647247 1.351528
145 -10559.4755859375 -4.656418 -2.404239 0.440015 0.591155 1.361421
146 2.4669647217 -3.431112 -1.023470 0.323494 -0.089316 1.367919
147 23.4928131104 -3.731841 -1.272430 0.338338 0.014461 1.307135
148 -10876.1103515625 -3.074166 -3.050283 0.281656 -0.299143 1.374684
149 -10751.1289062500 -4.973851 -1.778477 0.275191 0.316381 1.275706
150 204.4399261475 -3.283397 -1.455473 0.319704 -0.446773 1.247074
