evaluations raw_y x0 x1 x2 x3 x4
1 -6417.8627777955 4.272806 2.472832 1.549926 2.932714 4.789004
2 -6628.6564812342 1.304327 2.153647 -3.784173 4.910177 0.704985
3 -7572.8011832474 -1.225698 -3.643660 -2.140565 1.641309 2.789586
4 -7890.4303146113 -0.272117 -0.783307 3.147184 -1.567352 0.877795
5 4751.6728223731 4.366626 3.695956 1.616431 -3.371184 -4.178474
6 3724.0417611813 -3.616343 4.625628 -3.123938 2.699627 -3.009518
7 6212.1528320775 4.253709 1.159539 -3.190597 -3.826760 -4.774817
8 -6895.4624059960 2.143603 0.603308 -1.763979 -2.540780 1.305815
9 1230.5758250436 -1.280677 3.780898 -1.144498 1.275183 -0.994252
10 4266.3171808851 3.577462 -1.077681 2.634720 3.097622 -3.964160
11 1486.0239463988 -3.878288 0.270706 0.918653 4.111955 -1.234298
12 -8596.7578826078 -4.365449 -3.426320 -3.335536 -4.514127 4.481038
13 5532.3493118247 -4.832701 4.043064 3.857059 3.459690 -4.785214
14 -7941.0767721305 -2.896109 0.252497 -1.184288 0.632400 1.553988
15 -6111.1638511922 -1.556125 2.665625 0.298925 -0.184437 3.346117
16 -8453.8822822798 -5.000000 -5.000000 5.000000 5.000000 1.415527
17 -8098.7005235767 -5.000000 -5.000000 -5.000000 5.000000 5.000000
18 -8119.8073273615 -5.000000 -5.000000 5.000000 -5.000000 4.472014
19 896.4177780544 -5.000000 -5.000000 -5.000000 -5.000000 1.464979
20 -5354.2948236471 5.000000 -0.426266 5.000000 5.000000 1.713704
21 -6422.4830458664 -1.541833 -0.630819 -3.661827 5.000000 4.824216
22 -8777.0387781398 -4.155168 -5.000000 -3.506798 -0.724756 5.000000
23 -6145.0293417799 -1.595936 0.013082 5.000000 5.000000 1.522512
24 -8076.3409955349 -5.000000 -5.000000 0.069628 3.102213 4.185105
25 -6127.8054102805 5.000000 -5.000000 0.029687 -5.000000 4.696455
26 -7522.8049620327 0.320375 -5.000000 1.045007 5.000000 1.456269
27 -9145.9331743726 -5.000000 -4.112216 5.000000 -4.599537 2.087172
28 -7489.5909794285 -5.000000 -0.840254 2.829120 -5.000000 5.000000
29 -9006.1710106535 -5.000000 -3.699429 3.348047 -0.815873 2.050763
30 -10582.0406415383 -5.000000 -5.000000 5.000000 -4.847394 1.231869
31 -4883.1837615220 5.000000 5.000000 -5.000000 5.000000 2.009206
32 -6366.2103992964 -5.000000 -1.685503 5.000000 5.000000 5.000000
33 556.7986670394 1.033592 -5.000000 5.000000 -5.000000 0.586384
34 -9706.3168271166 -3.159233 -3.519648 2.459713 -5.000000 1.263918
35 -5568.5608655879 0.684853 5.000000 0.520590 5.000000 1.404069
36 -7242.7335968101 -0.625947 -4.894350 3.134720 -5.000000 5.000000
37 83.2954719825 -5.000000 -2.003274 4.405466 -5.000000 0.955945
38 -9320.9653541698 -3.780317 -5.000000 2.900516 -5.000000 2.239052
39 -6102.2095923114 -0.842655 -1.792383 1.611506 5.000000 2.906953
40 1065.6226030059 -4.628097 -4.910310 3.346658 -5.000000 0.090607
41 -8855.1818581075 -5.000000 -5.000000 5.000000 -5.000000 2.788044
42 -5880.9961272109 5.000000 -5.000000 4.258209 -5.000000 2.497226
43 -6505.7094063413 -5.000000 5.000000 -5.000000 -5.000000 5.000000
44 -6010.6985464696 -5.000000 5.000000 5.000000 -5.000000 2.447945
45 -6176.5475235727 5.000000 -5.000000 -5.000000 -5.000000 5.000000
46 -9648.1354825000 -5.000000 -5.000000 -5.000000 -5.000000 4.096798
47 -9928.6961166661 -5.000000 -5.000000 2.604474 -5.000000 2.231286
48 -8154.4671508307 -5.000000 -5.000000 -5.000000 5.000000 4.010442
49 -8169.4331582228 -5.000000 -5.000000 3.137726 5.000000 2.102344
50 -9227.9961851009 -5.000000 -5.000000 -0.911164 -5.000000 4.120642
51 -6301.2850417903 -5.000000 5.000000 -5.000000 -5.000000 3.860214
52 -5961.9652245862 5.000000 -5.000000 -5.000000 -5.000000 3.776953
53 -6138.8983614106 -5.000000 5.000000 5.000000 -5.000000 5.000000
54 -9968.3578083180 -5.000000 -5.000000 2.551084 -5.000000 2.205133
55 -7606.1250415376 -5.000000 -5.000000 5.000000 5.000000 2.253914
56 -10038.5983340248 -5.000000 -5.000000 2.352406 -5.000000 2.180069
57 -9129.8842898358 -5.000000 -5.000000 -1.164029 -5.000000 5.000000
58 -9210.7872666681 -5.000000 -5.000000 -0.531157 -5.000000 4.021393
59 -10042.1668846566 -5.000000 -5.000000 2.515182 -5.000000 2.144597
60 -9509.7270859847 -5.000000 -5.000000 -5.000000 -5.000000 4.534541
61 -6411.3051077701 5.000000 -5.000000 -0.164951 5.000000 1.474906
62 -10019.9263978069 -5.000000 -5.000000 2.835766 -5.000000 2.100637
63 -7732.5376462489 -5.000000 -5.000000 -0.338303 5.000000 5.000000
64 -9516.1185233099 -5.000000 -5.000000 -5.000000 -5.000000 4.506755
65 -9537.4675076868 -5.000000 -5.000000 5.000000 -5.000000 2.064303
66 1301.3500444741 -3.972316 -1.882158 1.135586 -4.714845 -0.267604
67 -10082.9636727349 -5.000000 -5.000000 2.759040 -5.000000 2.059890
68 -8773.8587057900 -5.000000 -5.000000 1.876399 5.000000 1.767045
69 -10087.1241023209 -5.000000 -5.000000 2.957386 -5.000000 2.017025
70 -9289.7303312153 -5.000000 -5.000000 -1.544248 -5.000000 4.178060
71 -10094.0320791116 -5.000000 -5.000000 3.090786 -5.000000 1.984591
72 -10093.7835887243 -5.000000 -5.000000 3.179188 -5.000000 1.967243
73 -10092.8542054774 -5.000000 -5.000000 3.250608 -5.000000 1.953821
74 -10077.4083591596 -5.000000 -5.000000 3.374005 -5.000000 1.942329
75 -8897.7112178678 -1.892188 -5.000000 2.799090 -5.000000 1.897189
76 -6435.5285028756 0.371842 1.489993 2.455898 5.000000 0.876645
77 1935.0209683202 -1.088710 -2.992856 -4.304348 4.814988 -1.076475
78 -8508.4132826317 -0.731081 -5.000000 5.000000 -2.522857 1.308092
79 -9592.0318005299 -5.000000 -5.000000 5.000000 -5.000000 2.014932
80 67.9297300136 -5.000000 -5.000000 -5.000000 -5.000000 2.508661
81 -9087.6911889496 -5.000000 -5.000000 -3.345798 -0.784242 4.367046
82 -9060.6073278329 -5.000000 -5.000000 -2.862255 -0.929140 4.378631
83 -9882.5065283307 -5.000000 -5.000000 3.127286 -1.192460 1.790831
84 -9888.8807747995 -5.000000 -5.000000 3.166813 -1.356260 1.799307
85 -9904.8086215966 -5.000000 -5.000000 3.175450 -1.478150 1.799800
86 -7401.1519004726 1.442304 -2.507118 0.326148 0.723680 1.448114
87 -7481.1618702584 -1.561219 -0.081332 0.377444 5.000000 0.818163
88 -5684.5094298903 5.000000 -5.000000 -5.000000 5.000000 3.947054
89 -5757.7379251646 -5.000000 5.000000 5.000000 -5.000000 3.970441
90 -9947.2719366836 -5.000000 -5.000000 3.292162 -1.950563 1.798954
91 -6002.2142986876 5.000000 -5.000000 5.000000 5.000000 5.000000
92 -9937.5243262007 -5.000000 -5.000000 4.018922 -5.000000 1.929331
93 -9646.5486506267 -5.000000 -5.000000 5.000000 -5.000000 1.966506
94 -9119.1668989009 -5.000000 -3.776036 0.608991 -5.000000 3.034735
95 -6153.0149591577 -0.485837 1.477606 4.211914 -5.000000 4.836559
96 -8719.0920318668 -3.605497 -5.000000 -2.274089 -0.263840 3.449415
97 -9837.5246673131 -3.808676 -5.000000 5.000000 -5.000000 1.384567
98 -6320.5178236524 5.000000 -3.929755 3.878688 0.666296 1.572920
99 -6454.5713502517 -3.366777 3.588985 -0.477867 -3.264344 4.553791
100 -8732.3049632131 -1.481351 -2.621450 0.800497 -5.000000 1.443824
101 -7530.2434884851 -1.825447 -3.563728 -1.855115 0.250741 3.722928
102 -7883.8062304029 2.263765 -2.965130 0.977904 -1.439854 0.962935
103 -5941.4766299668 4.246874 3.867022 2.050856 -5.000000 0.801487
104 -8319.7014552144 -5.000000 -3.261473 1.212842 -5.000000 5.000000
105 -5821.9249706477 1.976912 -5.000000 5.000000 5.000000 4.467940
106 -10630.0826199734 -5.000000 -5.000000 2.999869 -2.087411 1.334807
107 -8031.6556788118 -0.740910 -5.000000 -1.048698 2.994628 2.005747
108 -7745.9664515848 -0.266637 -5.000000 -0.032408 -5.000000 3.091137
109 -8797.3343619692 -5.000000 -5.000000 -0.967982 2.367459 3.095438
110 -8212.1195785408 -5.000000 -5.000000 3.135525 1.187296 3.311352
111 -6635.1498785417 -4.225569 0.331156 -0.419910 5.000000 2.532335
112 257.6523688452 4.346881 -0.647184 2.102873 -5.000000 0.525009
113 553.6564611088 -5.000000 -5.000000 -5.000000 4.539358 0.638253
114 3305.5187063984 -5.000000 -5.000000 5.000000 -5.000000 -2.124520
115 -6944.6436268338 -1.024637 2.434714 -1.984960 -5.000000 1.689193
116 -9749.8756562210 -1.780330 -5.000000 1.391652 -1.039148 1.094776
117 -9205.2793069998 -2.200501 -4.033188 1.783872 -0.689241 1.289598
118 -6434.7782960151 2.728360 -1.571833 0.711028 3.096892 4.930796
119 -6741.6878112263 -3.058608 3.187421 -3.839749 4.876703 1.286314
120 -7087.5487738985 -5.000000 0.677692 3.630148 -2.735777 2.992873
121 322.0385943203 -0.665924 0.099353 -1.318285 -5.000000 0.989007
122 -9318.1805746810 -5.000000 -5.000000 0.775938 -5.000000 3.385066
123 -5782.3056109625 4.568128 -5.000000 -5.000000 5.000000 3.100125
124 -5900.8020425193 5.000000 5.000000 3.540920 -0.654284 0.793196
125 -5606.9195498970 5.000000 1.975188 5.000000 -5.000000 1.144114
126 -6413.1856633466 5.000000 -2.327864 -1.443450 -5.000000 1.595525
127 -9806.2259652741 -5.000000 -4.532661 -4.688715 -3.169859 3.223516
128 -8185.1012678547 -5.000000 1.489808 2.812190 -5.000000 1.501973
129 -7788.2318554280 -5.000000 0.680154 -5.000000 -1.172068 3.022505
130 -8689.6369262103 -5.000000 -5.000000 4.333096 -0.394063 2.587583
131 -5571.4949644081 -2.049274 4.414674 -3.415735 4.671342 4.118055
132 -6203.3833494802 -5.000000 5.000000 -4.928934 5.000000 1.774560
133 -5724.8064481346 -5.000000 3.729467 5.000000 3.462692 4.502690
134 -7925.6201295102 -1.122260 -5.000000 -4.357547 -1.790216 4.087693
135 -8158.2221829378 -0.065823 -5.000000 5.000000 2.011958 0.920167
136 -9261.9587166156 -5.000000 -3.782922 -5.000000 -2.470082 3.545554
137 -8757.4166499913 -5.000000 -2.857571 -1.458582 -2.316924 3.241092
138 -8081.9563008395 -5.000000 -5.000000 -5.000000 5.000000 4.414700
139 -6361.0913756461 5.000000 0.020859 2.875304 0.992652 0.915137
140 -6174.3661272070 3.039582 -5.000000 0.829459 5.000000 2.409110
141 -8380.1413026375 -5.000000 -5.000000 5.000000 -5.000000 3.538682
142 -6208.3091181156 5.000000 5.000000 0.581490 5.000000 0.130643
143 -5121.5840765668 5.000000 5.000000 1.687887 -5.000000 1.746728
144 -10176.7741975951 -5.000000 -5.000000 3.323012 -2.204208 1.633246
145 -10181.8659135967 -5.000000 -5.000000 3.324800 -2.266590 1.635627
146 -9450.9116084837 -5.000000 -5.000000 -5.000000 -5.000000 5.000000
147 -6679.8182389477 -2.181606 5.000000 0.636751 5.000000 0.449448
148 -6629.0344875584 1.190051 -5.000000 3.669334 -5.000000 3.581554
149 2412.5757036301 5.000000 5.000000 -5.000000 5.000000 -2.032037
150 -10181.0095164293 -5.000000 -5.000000 3.296971 -2.219984 1.636498
