evaluations raw_y x0 x1 x2 x3 x4
1 -9242.9663966495 -4.905497 1.107101 4.722359 1.295696 0.183227
2 -7816.7044976703 -3.047243 -0.975293 4.747334 0.762538 1.802908
3 -7527.1369040147 -3.707495 1.994439 2.656706 1.590042 1.733811
4 -6641.6492939184 -2.602668 2.239424 3.989658 0.793395 2.556485
5 -7521.6738844322 -4.830479 0.861649 3.486307 -0.068618 2.563779
6 -8209.7171789599 -4.769674 -1.191635 1.551376 -0.316534 2.699623
7 -7974.8245665443 -4.999601 0.559181 2.892832 -1.361510 2.395815
8 -6651.4652693002 -4.467788 0.386548 4.758910 -2.193599 4.022852
9 -8143.2747256545 -4.193414 0.165815 2.572865 -1.006258 2.040395
10 -8420.3359828793 -4.238816 -1.509299 3.523013 0.491110 1.861956
11 -8545.8338852477 -3.582785 1.588762 4.893208 -0.027513 0.553338
12 -8356.7601665569 -3.949783 1.368068 4.339162 1.399552 0.791357
13 -9600.9802481390 -4.398440 0.720859 3.550343 0.527682 0.108289
14 -7150.9749604879 -3.344383 2.002550 2.095926 -1.540564 2.635575
15 -8392.3035544136 -4.234945 0.154576 2.447489 -1.409995 1.825106
16 -8775.8571768098 -3.430355 0.575386 3.250931 -2.059067 0.963108
17 -593.8590000000 -1.690492 -0.242006 4.155583 -0.609602 -0.336898
18 -9680.3732464910 -4.826889 0.625725 2.439717 -0.962570 0.506323
19 -7753.3109070847 -4.979803 0.736155 4.358632 0.074355 2.158608
20 -8533.6905619891 -4.903351 0.462030 3.692878 0.830160 1.271818
21 -559.9480000000 -2.459018 1.776045 3.179089 -1.664826 -0.328141
22 -8311.8225852720 -3.927782 -0.012197 4.460136 0.690598 1.271015
23 -7577.6292586196 -3.317606 1.460205 2.453319 0.127479 1.953085
24 -53.1910000000 -2.782020 1.720673 2.858030 0.962836 -0.285218
25 -9764.8759365535 -4.700241 1.451848 3.589581 0.096076 -0.082692
26 -9751.2959323838 -4.891311 0.345113 3.438633 -1.534004 0.460091
27 -9666.7340273102 -4.910220 0.391276 3.028890 0.949074 0.273243
28 -8151.8943851636 -4.814874 0.335105 3.840269 0.316511 1.778316
29 -8479.0391951363 -4.750600 0.301893 2.905936 0.963899 1.435208
30 -8727.4362993902 -4.875026 0.491613 2.232116 -0.682489 1.490519
31 -9077.7513649088 -4.045154 0.181033 3.109959 -1.405921 0.916573
32 -365.7910000000 -4.785131 0.034857 3.835298 -0.908723 -0.308494
33 -8405.9396519445 -3.752527 1.868332 2.997121 -0.429085 0.973238
34 -8997.2049183315 -4.823146 1.572803 4.954566 -0.973379 0.530567
35 -179.1520000000 -4.899631 0.693590 4.337306 -0.450258 -0.347427
36 -501.0770000000 -3.050234 0.431726 3.597563 -0.625495 -0.412078
37 -10209.0390910117 -4.251066 0.395011 3.881036 -0.218452 -0.294408
38 -86.5020000000 -4.664782 0.332849 2.791722 -0.802790 -0.243269
39 -9501.2866103274 -4.783312 1.067175 2.653823 0.009644 0.387496
40 -9846.6575581444 -4.261246 0.551909 3.219003 -0.193501 0.041366
41 -1701.4810000000 -4.374180 0.697241 3.607971 -0.563991 -1.230595
42 -1922.5800000000 -4.922926 1.426864 3.501498 -0.535904 -1.358100
43 -857.6920000000 -4.995130 1.324794 3.159459 -0.408779 -0.830627
44 -181.0160000000 -4.020009 -0.384825 3.691966 -1.333954 0.297461
45 -10067.0648035365 -4.124497 0.201439 4.086051 -0.124834 -0.209498
46 -1606.8900000000 -4.992001 0.556020 2.778881 -0.598106 -1.017014
47 -204.2660000000 -4.799820 1.221874 3.967634 0.025363 -0.389762
48 -9416.6632424350 -4.786097 0.025934 4.119912 -0.428839 0.585935
49 -989.3210000000 -4.918210 0.352437 3.943212 -0.602456 -0.608963
50 -704.8460000000 -3.812868 -0.537633 3.732988 -1.032405 -0.499736
51 -88.2330000000 -4.200315 -0.569994 4.712338 -0.481792 -0.225013
52 -114.4820000000 -4.784830 -0.057407 2.959524 -0.129593 -0.241773
53 -143.5970000000 -3.332709 0.715033 4.521933 0.567606 -0.211938
54 -1289.4750000000 -4.937656 0.448609 4.205084 -1.086765 -0.703583
55 -9275.7339541367 -4.993198 0.067673 4.240505 0.047422 0.681309
56 -7.4620000000 -3.879546 -0.105019 4.732163 -0.535654 0.095019
57 -8762.2601744640 -4.804500 -0.029433 4.639195 -0.756925 1.203745
58 -135.1570000000 -3.759794 -0.095459 3.233313 -1.021974 0.188231
59 -378.6730000000 -3.515636 0.091133 3.933801 -0.427011 -0.390287
60 -8882.9646873788 -4.944045 0.680909 4.401219 -0.835717 0.976804
61 -9237.6093653525 -4.592902 0.566537 3.927824 -0.041844 0.539440
62 -1158.9240000000 -4.639453 0.000632 4.568118 0.318881 -0.735478
63 -8601.7169129477 -4.842214 0.463079 4.049078 0.728790 1.140684
64 -9975.7796393009 -4.906189 -0.826958 4.929112 -0.999308 0.279615
65 -9605.9863520785 -4.855465 0.692198 4.518164 -1.774628 0.347144
66 -9176.2813816587 -4.313019 0.488599 3.509646 0.495058 0.533028
67 -9879.6552946235 -4.994421 0.408870 3.997843 -0.129440 0.122564
68 -442.2830000000 -4.375184 -0.185956 4.788387 -1.333373 -0.266629
69 -10043.8759299832 -4.730471 0.220639 3.329851 -1.137188 0.175794
70 -8760.2907373071 -4.826766 0.333681 3.405949 -0.449120 1.277134
71 -9528.4057585817 -4.730231 -1.809049 4.408906 -0.366695 0.893824
72 -288.8600000000 -4.998225 0.120319 4.439369 -0.329203 -0.304293
73 -9926.3024036049 -4.375678 -0.378840 4.119717 -0.996258 0.195692
74 -9749.7417488805 -4.992569 -0.674094 3.954980 -1.105434 0.638198
75 -10320.7708556623 -4.629354 0.541902 2.432579 -1.564320 0.004362
76 -9039.2870234364 -4.976956 -0.546964 3.516562 -0.184843 1.231423
77 -9788.5807466346 -4.860116 -0.543068 3.711710 -0.757444 0.529115
78 -8999.9564169947 -4.979978 -0.136257 3.388405 -1.559789 1.351536
79 -10297.3081996441 -4.841256 0.031791 3.566698 -0.601507 -0.040425
80 -8721.5391185122 -4.739491 -0.045646 2.900727 -0.393933 1.477667
81 -10400.4032271481 -4.405137 1.436861 1.713529 -1.917847 -0.236398
82 -1835.7010000000 -4.539948 -0.599973 3.246693 -1.687679 -0.821627
83 -966.8770000000 -4.451739 1.942715 3.701613 -2.021637 -0.770270
84 -229.3290000000 -4.307230 0.876214 4.401912 -0.965797 -0.353411
85 -9356.5407166430 -4.999728 -0.229122 4.001130 -0.870202 0.845173
86 -1131.6520000000 -4.869871 0.713146 2.755966 -1.049975 -0.748499
87 -180.2430000000 -3.978329 -1.562314 1.967864 -0.798071 0.097156
88 -9133.6017511148 -4.968371 0.707710 2.995488 -1.340865 1.001039
89 -9909.7880059985 -3.852231 0.619291 2.705058 -0.079844 -0.077831
90 -9011.5780420703 -4.999493 0.232707 3.377316 -2.007480 1.284090
91 -703.3030000000 -4.833733 1.282593 1.454758 -2.707573 -0.499423
92 -9755.9253936098 -4.700664 0.470719 2.299893 -0.353092 0.393527
93 -9024.2656944102 -4.169712 1.675615 2.706328 -0.930182 0.603105
94 -8630.7786673662 -4.837067 2.200879 2.225458 -2.234468 1.233025
95 -8885.0571590307 -4.999370 -0.380135 4.668928 0.325863 1.072996
96 -557.8360000000 -4.970205 1.147138 3.116962 -1.931064 -0.523225
97 -10109.2071671672 -4.626022 -0.556594 3.066874 -0.739019 0.291316
98 -8956.1731478715 -3.935412 1.181875 2.916477 -0.420497 0.654427
99 -9861.9591786623 -4.469990 1.073404 1.308201 0.357783 0.106048
100 -8274.1103606361 -3.876765 1.281540 4.033552 0.322116 1.074284
101 -9959.0030736274 -4.417924 1.254709 3.643496 -1.129029 -0.138256
102 -1019.5900000000 -4.633174 -0.354671 2.705689 -0.358055 -0.797402
103 -8017.9664949045 -4.629016 1.098359 2.105313 -1.592271 2.182822
104 -564.7640000000 -4.440830 1.120686 3.362230 -0.262618 -0.719845
105 -8778.0790144267 -4.248314 -0.316740 3.165899 -0.315703 1.292407
106 -9549.4527440624 -4.596051 1.318265 3.501309 -1.102535 0.248353
107 -10328.0608520294 -4.932941 0.070968 2.409634 -1.904140 0.245276
108 -10455.4605470238 -4.632896 0.602208 2.394486 -0.281749 -0.240751
109 -10259.7484845724 -4.824378 0.315697 2.602976 -1.644011 0.152254
110 -9868.4187164346 -4.978973 0.015715 1.908258 -0.733774 0.601462
111 -10042.0569262951 -4.935420 0.370436 3.735190 -0.338131 0.047379
112 -9388.5946155468 -3.353892 0.186103 2.920445 -0.569488 0.368433
113 -10181.3989159362 -4.725269 0.012027 3.445543 -0.193874 -0.005641
114 -10014.5409303079 -4.863521 0.101445 3.217375 -0.640882 0.228492
115 -10524.3915789003 -4.780017 0.184048 2.441088 -1.333588 -0.040171
116 -9581.1303461837 -4.998673 0.479529 2.714410 0.232845 0.493384
117 -719.4060000000 -4.777593 0.767832 2.526195 -1.648197 -0.554227
118 -10399.0551981780 -4.605369 0.790964 2.379061 -1.077882 -0.166149
119 -9840.2956801764 -4.991607 0.305621 2.747753 -0.967251 0.460855
120 -9900.2757908106 -4.802322 0.340113 2.659944 -0.788756 0.338212
121 -161.6890000000 -4.981356 0.124609 1.898820 -0.977215 -0.287968
122 -10150.9216811247 -4.530299 0.188185 3.542262 -0.543038 -0.048717
123 -1013.6580000000 -4.364249 0.533851 2.807004 -1.149170 -0.668901
124 -9779.4667765075 -4.921070 -0.195091 3.177789 -1.200993 0.595496
125 -10611.6541274712 -4.906460 -0.136842 2.238621 -1.486650 0.055911
126 -635.7820000000 -4.943125 -0.031316 2.629885 -0.460766 -0.449785
127 -9979.3979979955 -4.184362 0.251909 2.521488 -0.347305 0.095975
128 -9902.3885203593 -4.999194 -0.076526 2.852739 -1.142272 0.520229
129 -180.0420000000 -4.909795 0.693246 2.296269 -1.085944 -0.304731
130 -145.8940000000 -4.225958 0.393929 1.985125 -1.201323 -0.296483
131 -10390.4378758209 -4.785148 -0.356801 3.208018 -0.782901 0.042214
132 -9759.9489299048 -4.943458 -0.157785 3.156233 -1.891761 0.683918
133 -469.4600000000 -4.497025 0.243628 2.222593 -0.559657 -0.469404
134 -95.2110000000 -4.999166 -0.085506 2.883007 -1.527798 -0.029816
135 -313.4090000000 -4.356777 -0.100623 2.475985 -1.481790 -0.216174
136 -10144.0770484111 -4.068297 0.498084 2.233364 -0.744349 -0.051450
137 -9870.0000204619 -4.523769 -0.237839 3.572498 -0.407509 0.265280
138 -286.6660000000 -4.855803 -0.105257 2.065487 -1.941143 -0.142931
139 -9685.2577763988 -4.387447 0.198447 2.786297 -0.614492 0.408573
140 -146.5870000000 -4.683522 -0.234989 2.937520 -1.562767 0.027599
141 -9834.0007097236 -4.389149 0.421107 3.044250 -0.908428 0.220282
142 -10532.3960161195 -4.518289 -0.290987 2.892177 -0.790740 -0.110060
143 -9869.7884020916 -4.546042 0.191555 3.506780 -0.945152 0.231584
144 -10411.7549956173 -4.790630 -0.246883 2.889976 -1.000431 0.067753
145 -10446.1018487922 -4.820135 -0.415270 3.134335 -0.619134 0.015470
146 -10083.0298841510 -4.856051 0.141573 3.011165 -1.216089 0.252571
147 -10176.6145676231 -4.659653 0.353546 2.504331 -0.927795 0.103774
148 -10346.3624633262 -4.602057 -0.153576 3.123487 -0.879882 -0.002492
149 -10443.9028306348 -4.586137 0.109033 2.378919 -0.578325 -0.083389
150 -10420.3082188177 -4.285561 -0.231411 2.590144 -0.673077 -0.074363
151 -10482.4177030176 -4.566406 -0.327040 2.703200 -0.582324 -0.047465
152 -147.5160000000 -4.626169 -0.505581 2.780151 -0.437847 -0.210413
153 -10465.3130690752 -4.631710 -0.285984 2.775364 -0.596036 -0.035732
