evaluations raw_y x0 x1 x2 x3 x4 x5 x6 x7 x8 x9 x10 x11 x12 x13 x14
1 3.6541685873 -0.248928 -0.248928 0.248928 0.248928 0.248928 0.248928 0.248928 -0.248928 -0.248928 0.248928 0.248928 -0.248928 -0.248928 0.248928 -0.248928
2 3.1612888511 0.601231 0.601231 -0.601231 -0.601231 -0.601231 -0.601231 -0.601231 0.601231 0.601231 -0.601231 -0.601231 0.601231 0.601231 -0.601231 0.601231
3 2.2098921438 4.877833 4.877833 -4.877833 -4.877833 -4.877833 -4.877833 -4.877833 4.877833 4.877833 -4.877833 -4.877833 4.877833 4.877833 -4.877833 4.877833
4 1.7271205696 -4.605106 -4.605106 4.605106 4.605106 4.605106 4.605106 4.605106 -4.605106 -4.605106 4.605106 4.605106 -4.605106 -4.605106 4.605106 -4.605106
5 1.8656299758 -2.540968 -2.540968 2.540968 2.540968 2.540968 2.540968 2.540968 -2.540968 -2.540968 2.540968 2.540968 -2.540968 -2.540968 2.540968 -2.540968
6 1.8143314265 2.820915 2.820915 -2.820915 -2.820915 -2.820915 -2.820915 -2.820915 2.820915 2.820915 -2.820915 -2.820915 2.820915 2.820915 -2.820915 2.820915
7 1.9663831208 2.326088 2.326088 -2.326088 -2.326088 -2.326088 -2.326088 -2.326088 2.326088 2.326088 -2.326088 -2.326088 2.326088 2.326088 -2.326088 2.326088
8 2.0001746849 -1.981064 -1.981064 1.981064 1.981064 1.981064 1.981064 1.981064 -1.981064 -1.981064 1.981064 1.981064 -1.981064 -1.981064 1.981064 -1.981064
9 2.0986261404 -1.701131 -1.701131 1.701131 1.701131 1.701131 1.701131 1.701131 -1.701131 -1.701131 1.701131 1.701131 -1.701131 -1.701131 1.701131 -1.701131
10 2.1462688785 1.356181 1.356181 -1.356181 -1.356181 -1.356181 -1.356181 -1.356181 1.356181 1.356181 -1.356181 -1.356181 1.356181 1.356181 -1.356181 1.356181
11 1.8119312469 3.166006 3.166006 -3.166006 -3.166006 -3.166006 -3.166006 -3.166006 3.166006 3.166006 -3.166006 -3.166006 3.166006 3.166006 -3.166006 3.166006
12 1.6877366459 -3.446027 -3.446027 3.446027 3.446027 3.446027 3.446027 3.446027 -3.446027 -3.446027 3.446027 3.446027 -3.446027 -3.446027 3.446027 -3.446027
13 1.6972101249 -4.252870 -4.252870 4.252870 4.252870 4.252870 4.252870 4.252870 -4.252870 -4.252870 4.252870 4.252870 -4.252870 -4.252870 4.252870 -4.252870
14 1.9301051735 3.980218 3.980218 -3.980218 -3.980218 -3.980218 -3.980218 -3.980218 3.980218 3.980218 -3.980218 -3.980218 3.980218 3.980218 -3.980218 3.980218
15 2.6681915833 0.873970 0.873970 -0.873970 -0.873970 -0.873970 -0.873970 -0.873970 0.873970 0.873970 -0.873970 -0.873970 0.873970 0.873970 -0.873970 0.873970
16 2.3872560479 -1.226348 -1.226348 1.226348 1.226348 1.226348 1.226348 1.226348 -1.226348 -1.226348 1.226348 1.226348 -1.226348 -1.226348 1.226348 -1.226348
17 3.1091284001 -0.714216 -0.714216 0.714216 0.714216 0.714216 0.714216 0.714216 -0.714216 -0.714216 0.714216 0.714216 -0.714216 -0.714216 0.714216 -0.714216
18 2.4497572059 1.072382 1.072382 -1.072382 -1.072382 -1.072382 -1.072382 -1.072382 1.072382 1.072382 -1.072382 -1.072382 1.072382 1.072382 -1.072382 1.072382
19 1.9444768444 4.093106 4.093106 -4.093106 -4.093106 -4.093106 -4.093106 -4.093106 4.093106 4.093106 -4.093106 -4.093106 4.093106 4.093106 -4.093106 4.093106
20 1.6786103883 -3.826261 -3.826261 3.826261 3.826261 3.826261 3.826261 3.826261 -3.826261 -3.826261 3.826261 3.826261 -3.826261 -3.826261 3.826261 -3.826261
21 1.6837404979 -3.324540 -3.324540 3.324540 3.324540 3.324540 3.324540 3.324540 -3.324540 -3.324540 3.324540 3.324540 -3.324540 -3.324540 3.324540 -3.324540
22 1.8283026166 3.598772 3.598772 -3.598772 -3.598772 -3.598772 -3.598772 -3.598772 3.598772 3.598772 -3.598772 -3.598772 3.598772 3.598772 -3.598772 3.598772
23 1.9801811991 1.859674 1.859674 -1.859674 -1.859674 -1.859674 -1.859674 -1.859674 1.859674 1.859674 -1.859674 -1.859674 1.859674 1.859674 -1.859674 1.859674
24 2.1710017664 -1.508917 -1.508917 1.508917 1.508917 1.508917 1.508917 1.508917 -1.508917 -1.508917 1.508917 1.508917 -1.508917 -1.508917 1.508917 -1.508917
25 1.8682002338 -2.484632 -2.484632 2.484632 2.484632 2.484632 2.484632 2.484632 -2.484632 -2.484632 2.484632 2.484632 -2.484632 -2.484632 2.484632 -2.484632
26 1.9815731922 2.133800 2.133800 -2.133800 -2.133800 -2.133800 -2.133800 -2.133800 2.133800 2.133800 -2.133800 -2.133800 2.133800 2.133800 -2.133800 2.133800
27 1.8642170530 2.699502 2.699502 -2.699502 -2.699502 -2.699502 -2.699502 -2.699502 2.699502 2.699502 -2.699502 -2.699502 2.699502 2.699502 -2.699502 2.699502
28 1.7488195468 -2.973660 -2.973660 2.973660 2.973660 2.973660 2.973660 2.973660 -2.973660 -2.973660 2.973660 2.973660 -2.973660 -2.973660 2.973660 -2.973660
29 1.7160061708 -4.718068 -4.718068 4.718068 4.718068 4.718068 4.718068 4.718068 -4.718068 -4.718068 4.718068 4.718068 -4.718068 -4.718068 4.718068 -4.718068
30 1.9580165763 4.451150 4.451150 -4.451150 -4.451150 -4.451150 -4.451150 -4.451150 4.451150 4.451150 -4.451150 -4.451150 4.451150 4.451150 -4.451150 4.451150
31 3.6483372196 0.089173 0.089173 -0.089173 -0.089173 -0.089173 -0.089173 -0.089173 0.089173 0.089173 -0.089173 -0.089173 0.089173 0.089173 -0.089173 0.089173
32 3.4804055317 -0.447266 -0.447266 0.447266 0.447266 0.447266 0.447266 0.447266 -0.447266 -0.447266 0.447266 0.447266 -0.447266 -0.447266 0.447266 -0.447266
33 3.3413718492 -0.551002 -0.551002 0.551002 0.551002 0.551002 0.551002 0.551002 -0.551002 -0.551002 0.551002 0.551002 -0.551002 -0.551002 0.551002 -0.551002
34 3.5677629548 0.278369 0.278369 -0.278369 -0.278369 -0.278369 -0.278369 -0.278369 0.278369 0.278369 -0.278369 -0.278369 0.278369 0.278369 -0.278369 0.278369
35 1.9783258685 4.554934 4.554934 -4.554934 -4.554934 -4.554934 -4.554934 -4.554934 4.554934 4.554934 -4.554934 -4.554934 4.554934 4.554934 -4.554934 4.554934
36 1.7623799611 -4.907292 -4.907292 4.907292 4.907292 4.907292 4.907292 4.907292 -4.907292 -4.907292 4.907292 4.907292 -4.907292 -4.907292 4.907292 -4.907292
37 1.7589069732 -2.862563 -2.862563 2.862563 2.862563 2.862563 2.862563 2.862563 -2.862563 -2.862563 2.862563 2.862563 -2.862563 -2.862563 2.862563 -2.862563
38 2.0383071754 2.517594 2.517594 -2.517594 -2.517594 -2.517594 -2.517594 -2.517594 2.517594 2.517594 -2.517594 -2.517594 2.517594 2.517594 -2.517594 2.517594
39 1.9636732411 2.022731 2.022731 -2.022731 -2.022731 -2.022731 -2.022731 -2.022731 2.022731 2.022731 -2.022731 -2.022731 2.022731 2.022731 -2.022731 2.022731
40 1.9054587201 -2.302772 -2.302772 2.302772 2.302772 2.302772 2.302772 2.302772 -2.302772 -2.302772 2.302772 2.302772 -2.302772 -2.302772 2.302772 -2.302772
41 2.3320775918 -1.397846 -1.397846 1.397846 1.397846 1.397846 1.397846 1.397846 -1.397846 -1.397846 1.397846 1.397846 -1.397846 -1.397846 1.397846 -1.397846
42 2.1020834576 1.677812 1.677812 -1.677812 -1.677812 -1.677812 -1.677812 -1.677812 1.677812 1.677812 -1.677812 -1.677812 1.677812 1.677812 -1.677812 1.677812
43 1.8237006410 3.487673 3.487673 -3.487673 -3.487673 -3.487673 -3.487673 -3.487673 3.487673 3.487673 -3.487673 -3.487673 3.487673 3.487673 -3.487673 3.487673
44 1.7287475441 -3.142630 -3.142630 3.142630 3.142630 3.142630 3.142630 3.142630 -3.142630 -3.142630 3.142630 3.142630 -3.142630 -3.142630 3.142630 -3.142630
45 1.6733415337 -3.930044 -3.930044 3.930044 3.930044 3.930044 3.930044 3.930044 -3.930044 -3.930044 3.930044 3.930044 -3.930044 -3.930044 3.930044 -3.930044
46 1.7053988546 -3.714654 -3.714654 3.714654 3.714654 3.714654 3.714654 3.714654 -3.714654 -3.714654 3.714654 3.714654 -3.714654 -3.714654 3.714654 -3.714654
47 1.6742917731 -3.910830 -3.910830 3.910830 3.910830 3.910830 3.910830 3.910830 -3.910830 -3.910830 3.910830 3.910830 -3.910830 -3.910830 3.910830 -3.910830
48 1.6764516191 -3.951749 -3.951749 3.951749 3.951749 3.951749 3.951749 3.951749 -3.951749 -3.951749 3.951749 3.951749 -3.951749 -3.951749 3.951749 -3.951749
49 1.6729439245 -3.897150 -3.897150 3.897150 3.897150 3.897150 3.897150 3.897150 -3.897150 -3.897150 3.897150 3.897150 -3.897150 -3.897150 3.897150 -3.897150
50 1.6848079824 -3.641863 -3.641863 3.641863 3.641863 3.641863 3.641863 3.641863 -3.641863 -3.641863 3.641863 3.641863 -3.641863 -3.641863 3.641863 -3.641863
51 1.6899984920 -3.751057 -3.751057 3.751057 3.751057 3.751057 3.751057 3.751057 -3.751057 -3.751057 3.751057 3.751057 -3.751057 -3.751057 3.751057 -3.751057
52 1.6753270450 -3.855312 -3.855312 3.855312 3.855312 3.855312 3.855312 3.855312 -3.855312 -3.855312 3.855312 3.855312 -3.855312 -3.855312 3.855312 -3.855312
53 1.6733415337 -3.931740 -3.931740 3.931740 3.931740 3.931740 3.931740 3.931740 -3.931740 -3.931740 3.931740 3.931740 -3.931740 -3.931740 3.931740 -3.931740
54 2.3179594429 -1.482219 -2.230929 1.482219 1.482219 2.230929 1.482219 4.726033 -4.726033 -4.726033 4.726033 4.726033 -2.230929 -1.482219 2.230929 -2.230929
55 1.7621662665 -3.996838 1.049806 3.996838 3.996838 -1.049806 3.996838 0.077394 -0.077394 -0.077394 0.077394 0.077394 1.049806 -3.996838 -1.049806 1.049806
56 1.7173135889 -3.550153 -2.165403 3.550153 3.550153 2.165403 3.550153 1.311207 -1.311207 -1.311207 1.311207 1.311207 -2.165403 -3.550153 2.165403 -2.165403
57 1.7024602296 -3.679344 -4.445444 3.679344 3.679344 4.445444 3.679344 0.149396 -0.149396 -0.149396 0.149396 0.149396 -4.445444 -3.679344 4.445444 -4.445444
58 1.7912460164 -3.944270 -4.979133 3.944270 3.944270 4.979133 3.944270 4.963025 -4.963025 -4.963025 4.963025 4.963025 -4.979133 -3.944270 4.979133 -4.979133
59 1.7250453182 -3.541204 -4.331757 3.541204 3.541204 4.331757 3.541204 2.324683 -2.324683 -2.324683 2.324683 2.324683 -4.331757 -3.541204 4.331757 -4.331757
60 1.6897708751 -4.875917 -3.713483 4.875917 4.875917 3.713483 4.875917 4.972976 -4.972976 -4.972976 4.972976 4.972976 -3.713483 -4.875917 3.713483 -3.713483
61 1.6936599816 -3.493059 -1.652164 3.493059 3.493059 1.652164 3.493059 3.931473 -3.931473 -3.931473 3.931473 3.931473 -1.652164 -3.493059 1.652164 -1.652164
62 1.6374686824 -4.027191 -2.177099 4.027191 4.027191 2.177099 4.027191 4.750984 -4.750984 -4.750984 4.750984 4.750984 -2.177099 -4.027191 2.177099 -2.177099
63 1.6630710816 -4.223537 -2.429756 4.223537 4.223537 2.429756 4.223537 2.065719 -2.065719 -2.065719 2.065719 2.065719 -2.429756 -4.223537 2.429756 -2.429756
64 1.6954162594 -3.978857 -2.172263 3.978857 3.978857 2.172263 3.978857 2.858234 -2.858234 -2.858234 2.858234 2.858234 -2.172263 -3.978857 2.172263 -2.172263
65 1.6771801381 -4.210962 -3.073390 4.210962 4.210962 3.073390 4.210962 0.049990 -0.049990 -0.049990 0.049990 0.049990 -3.073390 -4.210962 3.073390 -3.073390
66 1.6401254008 -4.072741 -2.536850 4.072741 4.072741 2.536850 4.072741 4.999824 -4.999824 -4.999824 4.999824 4.999824 -2.536850 -4.072741 2.536850 -2.536850
67 1.6284189662 -4.097249 -2.688308 4.097249 4.097249 2.688308 4.097249 4.847046 -4.847046 -4.847046 4.847046 4.847046 -2.688308 -4.097249 2.688308 -2.688308
68 1.6459848173 -4.188538 -2.343805 4.188538 4.188538 2.343805 4.188538 4.999121 -4.999121 -4.999121 4.999121 4.999121 -2.343805 -4.188538 2.343805 -2.343805
69 1.6347417147 -4.198575 -2.616740 4.198575 4.198575 2.616740 4.198575 4.996894 -4.996894 -4.996894 4.996894 4.996894 -2.616740 -4.198575 2.616740 -2.616740
70 1.6483261034 -4.087142 -3.027213 4.087142 4.087142 3.027213 4.087142 4.973300 -4.973300 -4.973300 4.973300 4.973300 -3.027213 -4.087142 3.027213 -3.027213
71 1.6419253566 -4.131285 -2.736418 4.131285 4.131285 2.736418 4.131285 4.996487 -4.996487 -4.996487 4.996487 4.996487 -2.736418 -4.131285 2.736418 -2.736418
72 1.6477109849 -4.131398 -2.932162 4.131398 4.131398 2.932162 4.131398 4.988540 -4.988540 -4.988540 4.988540 4.988540 -2.932162 -4.131398 2.932162 -2.932162
73 1.6438450168 -4.297993 -1.404030 4.297993 4.297993 1.404030 4.297993 4.902411 -4.902411 -4.902411 4.902411 4.902411 -1.404030 -4.297993 1.404030 -1.404030
74 1.6401254008 -4.106440 -2.554114 4.106440 4.106440 2.554114 4.106440 4.977510 -4.977510 -4.977510 4.977510 4.977510 -2.554114 -4.106440 2.554114 -2.554114
75 1.6392128836 -4.111425 -2.814149 4.111425 4.111425 2.814149 4.111425 4.993212 -4.993212 -4.993212 4.993212 4.993212 -2.814149 -4.111425 2.814149 -2.814149
76 1.6387751922 -4.112312 -2.589952 4.112312 4.112312 2.589952 4.112312 4.998838 -4.998838 -4.998838 4.998838 4.998838 -2.589952 -4.112312 2.589952 -2.589952
77 1.6242306922 -4.044007 -2.486279 4.044007 4.044007 2.486279 4.044007 4.864324 -4.864324 -4.864324 4.864324 4.864324 -2.486279 -4.044007 2.486279 -2.486279
78 1.6441193753 -4.051533 -2.545099 4.051533 4.051533 2.545099 4.051533 4.993267 -4.993267 -4.993267 4.993267 4.993267 -2.545099 -4.051533 2.545099 -2.545099
79 1.6441193753 -4.051886 -2.534472 4.051886 4.051886 2.534472 4.051886 4.999636 -4.999636 -4.999636 4.999636 4.999636 -2.534472 -4.051886 2.534472 -2.534472
80 1.6396188182 -4.040722 -2.547127 4.040722 4.040722 2.547127 4.040722 4.996494 -4.996494 -4.996494 4.996494 4.996494 -2.547127 -4.040722 2.547127 -2.547127
81 1.7936592975 -3.472132 2.548954 4.565549 3.472132 -2.548954 3.500111 -4.772931 -3.800777 -3.800777 4.484386 -4.772931 -2.030723 -4.565549 2.030723 -2.365475
82 2.1159445137 -4.304786 0.515883 1.860508 4.304786 -0.515883 4.976026 1.153885 2.086602 2.086602 4.151184 1.153885 -4.883792 -1.860508 4.883792 -2.807219
83 1.7466812626 -4.330127 2.005696 2.529170 4.330127 -2.005696 3.702759 4.776184 -0.974330 -0.974330 -3.583816 4.776184 -2.270329 -2.529170 2.270329 0.397744
84 2.0402261226 -2.279546 -4.714320 1.835952 2.279546 4.714320 4.112997 2.481832 -4.425470 -4.425470 -3.775054 2.481832 -4.458090 -1.835952 4.458090 -4.909550
85 1.7234839011 -4.867573 -1.992389 3.398124 4.867573 1.992389 2.462029 -4.456268 -4.848002 -4.848002 -0.415793 -4.456268 3.930035 -3.398124 -3.930035 -4.925997
86 2.5028983865 -1.287285 -4.838032 2.641570 1.287285 4.838032 2.702433 4.960350 -0.615745 -0.615745 -0.818552 4.960350 4.117080 -2.641570 -4.117080 -3.359977
87 1.6458079796 -4.254700 -4.406106 1.979144 4.254700 4.406106 1.843777 4.411371 -3.223929 -3.223929 -0.850221 4.411371 3.953778 -1.979144 -3.953778 -1.505974
88 1.7559075820 -4.175570 -4.481245 4.976895 4.175570 4.481245 1.104438 3.644044 1.535862 1.535862 4.893030 3.644044 0.490020 -4.976895 -0.490020 -1.473571
89 1.7348719226 -3.377072 -3.020360 1.760311 3.377072 3.020360 4.021368 3.423726 -0.959169 -0.959169 2.803312 3.423726 -4.971041 -1.760311 4.971041 1.241840
90 1.7895231205 -4.360356 -1.466573 3.949199 4.360356 1.466573 3.439720 -0.129935 -4.999218 -4.999218 3.707491 -0.129935 -4.991201 -3.949199 4.991201 -3.443185
91 1.6620516287 -3.989240 -2.347414 4.698567 3.989240 2.347414 3.129035 4.993440 -3.685388 -3.685388 -0.089330 4.993440 0.629890 -4.698567 -0.629890 -0.278141
92 1.6901297235 -3.848822 -4.639151 3.943953 3.848822 4.639151 4.610773 3.649457 0.136093 0.136093 4.010081 3.649457 -0.365030 -3.943953 0.365030 -3.408440
93 1.6882424571 -3.912611 -2.382219 4.045057 3.912611 2.382219 1.424089 4.621097 -4.681676 -4.681676 -1.478403 4.621097 -4.950155 -4.045057 4.950155 -0.935248
94 2.0733827614 -3.601171 -2.975654 4.102639 3.601171 2.975654 4.993314 1.591868 -4.162775 -4.162775 3.627123 1.591868 -3.679227 -4.102639 3.679227 -0.132645
95 1.6541682741 -4.058136 -4.812616 3.163145 4.058136 4.812616 3.220063 4.818084 1.229246 1.229246 4.608393 4.818084 -0.410211 -3.163145 0.410211 -1.618775
96 1.6606939924 -4.104725 -1.693127 4.710267 4.104725 1.693127 3.092909 4.870020 2.791559 2.791559 -1.029053 4.870020 1.232147 -4.710267 -1.232147 -2.894940
97 1.6418218381 -4.372996 -2.643104 2.976657 4.372996 2.643104 4.127581 -0.831065 1.280054 1.280054 4.395946 -0.831065 0.874917 -2.976657 -0.874917 -1.178507
98 1.6823539594 -4.374553 -4.928961 3.364332 4.374553 4.928961 4.142327 4.123028 1.616078 1.616078 2.971833 4.123028 0.723236 -3.364332 -0.723236 -2.683701
99 1.7348727418 -3.968129 -0.291550 4.041219 3.968129 0.291550 3.369707 4.949691 -1.922163 -1.922163 4.236477 4.949691 -1.842450 -4.041219 1.842450 -2.362167
100 1.7530220945 -4.233984 -4.896803 3.144620 4.233984 4.896803 4.447773 1.401047 -4.909816 -4.909816 3.090989 1.401047 -0.245598 -3.144620 0.245598 -2.549686
101 1.6280769790 -3.996928 -2.911847 3.568833 3.996928 2.911847 3.616921 4.863499 -2.624263 -2.624263 2.798724 4.863499 -0.702178 -3.568833 0.702178 -3.064396
102 1.7134539086 -4.075454 -3.501764 4.609557 4.075454 3.501764 3.783362 0.392698 -3.011125 -3.011125 4.063105 0.392698 -2.164232 -4.609557 2.164232 -0.243029
103 1.6597778486 -3.844380 -1.277194 3.324966 3.844380 1.277194 4.057526 1.008769 -0.798272 -0.798272 4.795948 1.008769 -2.871641 -3.324966 2.871641 -0.418971
104 1.6714404380 -4.014575 -2.994100 3.773466 4.014575 2.994100 3.552071 1.527980 -0.564570 -0.564570 4.966637 1.527980 1.579935 -3.773466 -1.579935 -2.423469
105 1.6348773774 -4.088481 -2.828390 4.440566 4.088481 2.828390 4.519928 4.130468 -0.581782 -0.581782 4.160616 4.130468 1.573664 -4.440566 -1.573664 -2.739651
106 1.6448361533 -4.123835 -2.661066 3.618692 4.123835 2.661066 4.010595 4.977023 -4.866745 -4.866745 4.227380 4.977023 -4.351600 -3.618692 4.351600 -2.180932
107 1.7755498799 -4.172460 -2.570550 4.949656 4.172460 2.570550 4.008577 2.770815 -4.613661 -4.613661 2.748487 2.770815 1.415468 -4.949656 -1.415468 -4.749420
108 1.6417048674 -3.952189 -2.300453 3.876816 3.952189 2.300453 4.065772 4.777797 -4.215792 -4.215792 3.368995 4.777797 -4.695009 -3.876816 4.695009 -3.317167
109 1.6739592953 -4.041048 -2.713928 4.110311 4.041048 2.713928 4.877519 4.655846 -4.074009 -4.074009 4.933724 4.655846 0.042037 -4.110311 -0.042037 -2.612279
110 1.6099059722 -4.049900 -2.744624 3.941036 4.049900 2.744624 3.919102 4.947370 -2.725121 -2.725121 4.076919 4.947370 -1.097971 -3.941036 1.097971 -2.400618
111 1.6055287894 -4.061375 -2.954939 4.119354 4.061375 2.954939 3.749452 4.892864 -0.954262 -0.954262 2.194301 4.892864 -3.206734 -4.119354 3.206734 -2.377411
112 1.6280225030 -4.046976 -3.198895 4.044417 4.046976 3.198895 3.824591 4.784398 1.415832 1.415832 -0.026154 4.784398 -0.708537 -4.044417 0.708537 -2.203139
113 1.6003103172 -4.081895 -3.072173 4.068933 4.081895 3.072173 3.888917 4.935596 0.946070 0.946070 4.031401 4.935596 -2.954575 -4.068933 2.954575 -2.195835
114 1.6301368675 -4.101725 -3.312325 4.272316 4.101725 3.312325 3.759367 4.963321 1.484862 1.484862 4.482117 4.963321 -0.413399 -4.272316 0.413399 -2.367719
115 1.6129617618 -4.094064 -3.022565 3.915598 4.094064 3.022565 4.192565 4.779565 2.201825 2.201825 3.301799 4.779565 -4.670945 -3.915598 4.670945 -2.337840
116 1.6252130433 -4.099039 -3.164548 3.872122 4.099039 3.164548 3.868900 4.976185 1.923376 1.923376 2.881570 4.976185 -4.414752 -3.872122 4.414752 -2.075785
117 1.6184974892 -4.064854 -2.865688 3.947446 4.064854 2.865688 3.648460 4.936643 0.986790 0.986790 4.946037 4.936643 -0.952843 -3.947446 0.952843 -2.364992
118 1.5919229393 -4.098906 -3.314189 4.001018 4.098906 3.314189 3.617482 4.936766 -0.531407 -0.531407 1.492417 4.936766 -3.366037 -4.001018 3.366037 -2.256550
119 1.6275242453 -4.099810 -3.282374 3.840424 4.099810 3.282374 3.328694 4.869833 0.449161 0.449161 2.658231 4.869833 -4.785433 -3.840424 4.785433 -2.236096
120 1.6035288924 -4.113249 -3.192816 3.895762 4.113249 3.192816 3.552741 4.788339 1.118524 1.118524 -0.542588 4.788339 -3.143990 -3.895762 3.143990 -2.168128
121 1.6723942108 -4.082957 -3.313502 4.161189 4.082957 3.313502 3.889582 4.994658 -0.215295 -0.215295 3.862868 4.994658 -4.959422 -4.161189 4.959422 -2.267260
122 1.6120248388 -4.092608 -3.108255 3.897770 4.092608 3.108255 3.504311 4.944342 1.649076 1.649076 -0.651647 4.944342 -1.825333 -3.897770 1.825333 -2.319855
123 1.6132127237 -4.111024 -3.304739 3.807739 4.111024 3.304739 3.454020 4.687943 1.360523 1.360523 -0.778372 4.687943 -1.113016 -3.807739 1.113016 -2.093076
124 1.6216623246 -4.119247 -3.324356 3.796579 4.119247 3.324356 3.565544 4.710605 -0.030684 -0.030684 -0.247342 4.710605 -1.337749 -3.796579 1.337749 -2.401019
125 1.6119249732 -4.087988 -3.108795 3.849367 4.087988 3.108795 3.627303 4.994824 1.072116 1.072116 0.159746 4.994824 -0.927105 -3.849367 0.927105 -2.298601
126 1.6182902595 -4.117733 -3.199518 3.811047 4.117733 3.199518 3.356956 4.945187 1.287880 1.287880 1.541415 4.945187 -1.083731 -3.811047 1.083731 -2.125101
127 1.6138491881 -4.082332 -3.266210 3.932155 4.082332 3.266210 2.485952 4.868887 0.659099 0.659099 -1.135226 4.868887 -2.060470 -3.932155 2.060470 -2.299598
128 1.6128709989 -4.100759 -3.215448 3.947585 4.100759 3.215448 4.178711 4.901585 -0.313602 -0.313602 -0.261883 4.901585 -2.727866 -3.947585 2.727866 -2.254938
129 1.6118062785 -4.092415 -3.296923 4.031830 4.092415 3.296923 3.940496 4.994347 -0.004462 -0.004462 2.834010 4.994347 -2.644005 -4.031830 2.644005 -2.284558
130 1.6155619119 -4.108551 -3.264885 3.931005 4.108551 3.264885 3.527882 4.892717 0.173183 0.173183 -0.040000 4.892717 -3.040949 -3.931005 3.040949 -2.201381
131 1.6065099011 -4.092004 -3.287722 3.937367 4.092004 3.287722 3.377353 4.966299 0.413517 0.413517 0.113877 4.966299 -2.787841 -3.937367 2.787841 -2.309931
132 1.6006222193 -4.107757 -3.244270 3.929029 4.107757 3.244270 4.206733 4.967705 0.028976 0.028976 0.417315 4.967705 -3.221616 -3.929029 3.221616 -2.279160
133 1.6117327171 -4.089189 -3.193317 4.030907 4.089189 3.193317 3.905579 4.962040 0.112009 0.112009 3.189367 4.962040 -2.642725 -4.030907 2.642725 -2.289245
134 1.6128550701 -4.095235 -3.190397 3.931347 4.095235 3.190397 3.028297 4.956186 -0.234503 -0.234503 0.162231 4.956186 -2.688977 -3.931347 2.688977 -2.305043
135 1.5984311598 -4.108270 -3.270830 3.923972 4.108270 3.270830 3.317080 4.984762 0.240745 0.240745 1.665206 4.984762 -2.951414 -3.923972 2.951414 -2.312640
136 1.6026867004 -4.100089 -3.211407 3.924056 4.100089 3.211407 3.338858 4.975711 -1.267456 -1.267456 2.352319 4.975711 -2.665606 -3.924056 2.665606 -2.203925
137 1.5918005004 -4.104077 -3.355129 3.955232 4.104077 3.355129 3.580054 4.943402 -0.289763 -0.289763 0.983307 4.943402 -3.123461 -3.955232 3.123461 -2.286090
138 1.5990513359 -4.105694 -3.310648 3.981720 4.105694 3.310648 3.543321 4.978314 -0.158780 -0.158780 0.485267 4.978314 -3.496966 -3.981720 3.496966 -2.261241
139 1.5998768810 -4.109699 -3.287981 3.908807 4.109699 3.287981 3.533007 4.955716 -0.697782 -0.697782 0.416062 4.955716 -3.475811 -3.908807 3.475811 -2.333555
140 1.5981982903 -4.102198 -3.286867 3.922905 4.102198 3.286867 3.630055 4.998338 -0.436499 -0.436499 0.530481 4.998338 -2.869335 -3.922905 2.869335 -2.245345
141 1.6039406724 -4.108787 -3.279485 3.940364 4.108787 3.279485 3.483388 4.972255 -0.022670 -0.022670 0.585953 4.972255 -3.097935 -3.940364 3.097935 -2.319770
142 1.6102400306 -4.106388 -3.279927 3.911608 4.106388 3.279927 3.544412 4.988808 -0.254500 -0.254500 0.475747 4.988808 -2.700082 -3.911608 2.700082 -2.272147
143 1.6112238005 -4.107878 -3.398033 3.928355 4.107878 3.398033 3.626560 4.996279 -0.045628 -0.045628 1.124776 4.996279 -2.700775 -3.928355 2.700775 -2.317233
144 1.6015139661 -4.107940 -3.302685 4.003377 4.107940 3.302685 3.626802 4.992957 -0.319766 -0.319766 0.494760 4.992957 -2.823552 -4.003377 2.823552 -2.302116
145 1.6099415182 -4.104811 -3.308640 3.947419 4.104811 3.308640 3.531504 4.997435 -0.693048 -0.693048 0.502982 4.997435 -2.675860 -3.947419 2.675860 -2.317038
146 1.5945802242 -4.103750 -3.340766 3.946985 4.103750 3.340766 3.575548 4.986530 -0.298158 -0.298158 0.741793 4.986530 -3.301963 -3.946985 3.301963 -2.310172
147 1.5933873756 -4.103960 -3.379838 3.980234 4.103960 3.379838 3.568638 4.991152 -0.400342 -0.400342 0.896785 4.991152 -2.931847 -3.980234 2.931847 -2.265397
148 1.5911109924 -4.107235 -3.335665 3.949607 4.107235 3.335665 3.587332 4.996692 -0.452233 -0.452233 0.862484 4.996692 -3.167899 -3.949607 3.167899 -2.264255
149 1.5983081561 -4.109856 -3.332645 3.967919 4.109856 3.332645 3.608736 4.986468 -0.647713 -0.647713 0.677649 4.986468 -3.174698 -3.967919 3.174698 -2.238504
150 1.6025317154 -4.106237 -3.329465 3.973116 4.106237 3.329465 3.639912 4.964998 -0.598697 -0.598697 0.674456 4.964998 -3.008438 -3.973116 3.008438 -2.283553
151 1.6007171825 -4.108865 -3.334019 3.950421 4.108865 3.334019 3.616084 4.985771 -0.631928 -0.631928 0.671046 4.985771 -2.993536 -3.950421 2.993536 -2.240353
152 1.5990364561 -4.110430 -3.292966 3.973108 4.110430 3.292966 3.614558 4.998135 -0.393789 -0.393789 0.649243 4.998135 -3.009906 -3.973108 3.009906 -2.278107
153 1.5935200188 -4.109729 -3.316143 3.931663 4.109729 3.316143 3.596117 4.994231 -0.376584 -0.376584 0.835524 4.994231 -2.978787 -3.931663 2.978787 -2.284275
154 1.5930892391 -4.105858 -3.317911 3.957659 4.105858 3.317911 3.641050 4.994893 -0.669006 -0.669006 0.742229 4.994893 -3.268609 -3.957659 3.268609 -2.240492
155 1.7242771262 -4.608341 -1.469622 2.599385 4.023843 4.199632 2.700753 2.847653 2.016181 -4.299233 -0.260499 -2.809420 -3.668188 -4.880244 -4.640855 -2.052229
156 1.8398886217 -2.516996 -2.944380 2.538270 3.983242 1.832450 2.230830 2.157264 1.678928 3.027537 3.536571 2.061343 3.080199 -4.897497 3.465407 -2.784110
157 1.6586519120 -4.109648 -3.375242 3.202567 4.729463 3.434393 4.199226 4.758226 0.370077 -2.694909 -1.990707 1.883616 -4.670728 -4.836171 -4.711043 -1.801013
158 1.7417911067 -3.637962 -0.565007 0.204478 4.031320 4.860735 3.475205 -3.801404 4.882359 1.486223 4.358328 4.613564 4.818724 -3.747439 -2.601837 -3.314060
159 1.7480855402 -3.957471 0.213635 -1.169497 4.166800 4.514392 3.241070 -0.161290 -4.768377 2.188805 -2.497283 1.874464 0.824214 -4.541732 -1.911216 -1.214667
160 1.7512529298 -4.215712 1.767024 -0.136292 2.679071 3.328187 4.519923 3.434298 -2.921662 2.818349 -3.401465 3.987365 0.839215 -2.909219 -1.171974 -1.415473
161 1.6922484915 -4.198317 -4.443228 2.685194 4.847668 2.487954 3.584799 1.559382 -4.471321 1.574376 -4.632312 4.108425 2.166627 -2.915107 -2.868242 -1.314454
162 1.6516929031 -4.120535 -2.423839 3.510116 4.126944 4.708331 2.096079 4.933458 -0.270842 -4.756501 -0.274366 -4.682544 -3.498243 -3.018787 -1.980988 -1.324520
163 1.8074653488 -3.366671 -0.324630 4.807059 4.173979 3.981521 2.439270 -4.745998 -2.811990 -0.990237 -3.670267 2.715304 -2.257786 -4.155103 -4.816007 -1.411761
164 2.0057157702 -4.853772 -2.747592 -3.815149 4.182741 4.445884 4.828557 4.705043 1.263110 3.161063 -3.145958 1.535531 1.590660 -4.099982 -0.806213 -2.998281
165 1.7670047481 -4.033137 1.393159 4.509958 4.199429 4.316036 2.880591 4.848546 1.130945 2.585806 2.107372 0.804515 -2.788113 -4.486900 -1.010718 -3.042640
166 1.6827407943 -4.912657 -3.497576 1.692123 3.965095 1.182853 2.845965 3.087778 -4.189372 3.155540 1.627612 1.066818 1.666664 -4.481252 3.591252 -2.733330
167 1.7462855530 -4.116752 -1.911851 4.290822 1.235330 0.793956 1.696732 4.894430 -3.871942 3.378347 -2.587750 4.950371 1.176310 -3.204069 -4.530733 -1.123305
168 1.7101502132 -3.419431 -4.796540 1.408870 4.178073 2.680168 3.634280 3.572670 -2.952716 -3.075647 -0.541273 -1.700939 1.167969 -4.225825 -1.147661 -1.437970
169 1.7951559040 -4.738873 -0.464969 1.394296 3.980685 4.019158 4.168375 1.738012 0.559366 -4.530412 -0.949440 -0.724780 1.396154 -2.768537 4.877471 -1.149537
170 1.6447678292 -3.752785 -3.644425 3.616714 4.127255 3.670867 4.297318 4.035115 -4.776938 -2.488641 -0.612023 3.835402 2.733949 -3.229830 1.324574 -1.771005
171 1.6093032163 -4.555403 -1.967974 3.652400 4.144138 4.284609 4.386143 4.844270 1.656556 4.287547 -2.382216 4.890326 3.962589 -3.938708 1.911604 -2.719452
172 1.6747296063 -4.497586 -3.004305 4.968593 4.127313 4.189260 4.180172 4.601110 3.927204 -4.177625 0.851571 -0.820260 4.017369 -3.894785 3.114630 -2.403457
173 1.6286739293 -4.033417 -2.531414 2.805923 4.137183 3.727254 3.516782 4.614576 -2.910774 1.205287 1.162097 3.733858 1.714535 -4.059435 4.219274 -2.638053
174 1.6424091034 -4.594555 -2.804355 3.026469 4.081471 2.021011 2.543989 1.837264 -2.148568 -0.933282 1.969145 3.350607 -2.553949 -3.443358 -1.750772 -1.765351
175 1.6860726798 -4.259987 -3.440876 2.707734 4.129644 2.468135 4.585358 2.920945 -2.789951 -1.373779 -2.390498 4.275107 -0.680383 -4.515589 -1.970841 -1.728613
176 1.6238497014 -3.920480 -2.217513 3.332543 4.154781 4.631168 3.263003 3.309931 0.721597 1.196000 2.904634 3.537134 -3.248991 -4.086712 -0.498761 -1.783650
177 1.6404065041 -4.003603 -2.613700 3.466890 4.131089 4.857521 3.541058 4.867829 2.275578 3.828410 -1.834105 2.847737 2.033339 -4.323383 -0.349074 -2.471392
178 1.6053248509 -4.514630 -2.013098 4.114786 4.129662 3.643106 3.963844 4.787907 -1.526598 2.935907 0.407324 3.635559 -3.342499 -3.301591 -0.586432 -1.920213
179 1.6231184097 -4.186931 -2.484409 3.486949 4.081086 3.667693 2.943544 4.895546 -4.850638 4.672875 -1.239189 1.967791 0.005862 -3.474523 0.072503 -2.160843
180 1.6860110683 -4.560614 -2.618196 4.681921 4.062255 3.066782 3.864163 2.791030 -4.838826 2.450343 -2.574022 -0.446211 -0.145760 -4.676708 1.974907 -2.475627
181 1.7162160199 -4.238483 -4.656578 3.975023 4.145505 2.355772 3.834777 2.150361 -4.756666 -3.485740 -2.519203 4.556247 -4.431637 -3.588886 4.290864 -1.920226
182 1.6229900471 -4.585276 -4.612069 4.490181 4.112881 2.201104 2.938404 3.877098 3.000566 2.740186 -0.451852 4.900763 -3.465979 -4.358258 3.342023 -2.858220
183 1.5818445724 -3.960641 -2.584199 4.018903 4.069423 4.396717 2.419517 4.333860 -4.235057 4.210169 1.213570 4.214076 -0.615497 -3.534185 4.205612 -1.757763
184 1.6521162295 -4.107663 -1.401378 4.525909 4.120292 4.375200 1.691407 4.204022 -3.941857 4.045147 2.064996 3.093886 -4.378171 -3.456990 1.561885 -1.356137
185 1.6430808907 -3.691966 -1.705635 3.046566 4.020610 4.562543 1.286414 4.086754 -0.588221 0.532943 3.960338 3.104367 3.150125 -3.108841 3.764380 -1.226764
186 1.6988690488 -4.115938 -3.718598 2.971616 4.115441 4.864128 1.371033 4.538188 -1.097625 -3.826688 0.660189 2.293304 0.576025 -3.049006 1.917260 -1.436801
187 1.6172049214 -3.980215 -1.964160 3.834716 4.049864 4.467477 3.176335 4.996233 -0.817172 3.751689 -0.360593 4.482901 3.677285 -3.819347 2.917902 -2.290054
188 1.6997255289 -4.232287 -3.512869 4.765145 4.053028 -2.408417 2.745536 -0.281798 1.664691 4.231144 1.355518 4.037355 4.576926 -3.582453 4.228656 -0.139337
189 1.7438166471 -4.071326 -2.232285 4.947890 4.038164 4.335719 2.362688 3.742194 -2.703477 1.810706 1.601277 3.314023 -4.288530 -3.785776 4.068045 -2.732715
190 1.6413278482 -3.527834 -2.784998 4.036691 4.078609 4.592818 3.652319 4.094152 -0.456176 3.007876 3.494703 4.541133 0.503486 -3.425973 1.008327 -1.394643
191 1.6896249978 -4.066586 -2.546360 3.757293 4.058295 -0.851939 4.127674 3.632026 -2.221424 1.861337 3.375460 4.570663 2.123163 -4.905846 4.873267 -1.497209
192 1.6306997644 -4.496811 -2.050176 3.641134 4.052717 4.738614 -0.413151 4.674682 -2.978940 -4.346671 3.831293 4.833057 -2.751581 -4.354748 3.150994 -1.320502
193 1.6405161201 -4.545619 -2.729865 3.671649 4.062188 2.715022 3.490450 4.447409 4.650278 2.752799 0.984317 0.461803 4.143707 -3.203793 4.370216 -2.936634
194 1.5933643583 -4.434681 -2.568181 3.698406 4.076381 3.195118 1.911283 4.460406 -2.792048 0.372732 2.077096 1.967554 -3.828891 -4.591779 1.263125 -1.357887
195 1.6665564345 -4.259691 -3.421318 3.776918 4.030727 3.041218 1.333499 1.670569 -4.452317 1.039472 3.549516 4.842417 0.762810 -2.528859 1.161984 -1.198786
196 1.6126260159 -3.670067 -2.715609 3.968255 4.095394 4.084442 2.382030 4.936517 -2.268682 3.752106 0.926358 3.355108 -3.027650 -4.324436 1.906928 -1.063839
197 1.6120253078 -4.410404 -2.312458 4.217257 4.090300 3.666123 3.566754 4.713743 -3.379526 4.520290 1.807827 4.773123 0.837073 -2.184426 3.371292 -0.789117
198 1.6186397219 -4.298774 -2.264512 3.983781 4.063284 4.297924 3.937789 4.581571 -3.347015 4.947224 2.217259 1.107514 -1.776045 -4.509806 3.750533 -1.261216
199 1.6777873152 -3.902897 -2.705887 3.907116 4.074278 4.508871 2.776728 4.068184 -2.541708 4.568381 0.473283 4.855867 1.484110 -4.811282 4.605766 -1.946836
200 1.6068418739 -4.157748 -2.415183 3.794634 4.063875 0.845698 -0.054027 4.868354 -4.804788 2.725685 2.630809 4.506375 -0.091895 -3.404399 4.188579 -1.186126
201 1.6475950786 -4.116381 -2.966546 3.877503 4.054992 2.432354 4.810848 3.964531 -3.213246 4.672343 1.151655 4.045689 1.800294 -3.296782 3.993649 -1.812585
202 1.6183397630 -4.157196 -2.132377 3.924670 4.066949 4.274020 2.692333 4.256654 -4.221764 -2.427739 0.499555 4.690333 -4.453321 -3.393247 4.071489 -2.027280
203 1.6141164740 -4.379001 -2.329965 4.018527 4.050404 1.093180 2.801922 4.947282 -2.709585 3.472329 2.182271 4.323073 -1.353962 -3.610839 2.934760 -1.718186
204 1.6257433362 -4.015931 -2.691230 4.033945 4.088540 3.370898 2.504777 4.975552 -0.990801 1.297361 2.535116 2.591987 1.267870 -3.444715 2.864867 -2.031760
205 1.6567065245 -3.912809 -3.128353 3.908788 4.051126 4.859643 1.234127 4.942197 -3.212556 1.974421 2.517019 -2.993345 -3.118036 -3.339117 3.895846 -1.710478
206 1.6750126672 -3.821411 -2.778770 3.811612 4.056986 3.548006 2.776912 4.883595 -4.081879 4.038799 1.695943 4.551546 -2.173994 -3.398573 4.460899 -1.529144
207 1.6143823818 -4.352776 -2.173450 3.918808 4.088905 3.353429 2.229694 4.778889 -1.756920 3.926447 1.298634 4.157185 -0.697656 -3.795945 0.494531 -1.044737
208 1.6686094827 -4.198401 -2.402827 4.203939 4.071146 4.257414 1.033799 4.811066 -1.992575 3.650107 3.455120 2.521242 -0.536756 -3.751382 4.689852 -1.624478
209 1.6370367666 -4.125121 -3.130689 4.161901 4.090767 4.174280 3.228189 4.727794 -2.322960 2.449976 -0.532591 -0.416233 -4.725067 -3.409966 3.802549 -2.367425
210 1.6106104415 -4.316189 -2.498830 3.786666 4.058471 3.608427 1.492705 4.539322 -4.922609 -1.763447 2.451197 1.690752 -0.111452 -3.487866 3.436091 -2.112798
211 1.6291118677 -4.303812 -2.602980 3.828912 4.064315 0.871612 1.776589 3.701227 -4.566006 4.761103 -0.642616 2.565331 0.216598 -3.528133 3.796288 -1.208492
212 1.6698824743 -4.348989 -2.232191 3.786599 4.050676 4.991707 1.667566 3.823717 -4.105819 3.817608 3.021880 0.426666 -0.883627 -3.496768 4.181204 -1.782046
213 1.6037745635 -4.236695 -2.372113 4.140643 4.074352 3.700245 2.025039 4.747468 -4.067539 0.433178 -0.394996 4.888998 -0.073225 -3.423075 3.247665 -1.610234
214 1.6062113701 -4.064007 -2.388294 4.004232 4.071113 2.437877 1.802208 4.775206 -4.636386 3.475270 1.586082 4.252215 -0.736184 -3.330785 3.692310 -1.480868
215 1.6639461688 -4.054198 -2.351532 3.994839 4.069546 1.799288 1.595916 4.897375 -3.738770 2.424489 0.876193 4.321337 -0.634597 -3.586237 4.468628 -1.657535
216 1.6075021655 -4.012432 -2.771716 3.987713 4.079130 4.271024 2.648817 4.929274 -3.449129 4.817346 2.196505 4.441246 -3.242433 -3.507776 4.031340 -1.806690
217 1.6186611430 -4.008814 -2.711059 3.920593 4.075087 4.309020 2.759800 4.891534 -2.599642 4.125268 1.478331 4.867513 -3.049754 -3.680540 4.107524 -1.817287
218 1.5909643444 -4.037809 -2.270348 3.894838 4.070520 4.539871 2.276701 4.801384 -4.383661 3.807272 1.812373 4.398213 -3.760119 -3.506664 4.147794 -2.102784
219 1.5990435274 -4.035606 -2.439677 3.917373 4.075215 4.392790 2.757397 4.719198 -4.499691 3.720631 -0.389906 4.947980 -3.274126 -3.689778 4.010157 -1.971934
220 1.7008248525 -3.924360 -2.290365 3.906354 4.074477 4.310827 3.128774 4.916171 -2.204891 4.563017 -0.258786 3.818931 -2.339810 -3.324510 4.396674 -2.079992
221 1.6508749591 -4.114344 -2.679978 4.070379 4.063495 4.987004 2.054452 4.754815 -4.896398 4.746696 2.676611 2.452083 -0.409255 -3.516585 3.978763 -1.635396
222 1.6031034731 -3.960280 -2.787549 3.985492 4.075825 4.216335 2.259301 4.301945 -4.603521 3.393683 0.396280 4.808185 -1.115599 -4.007007 4.094429 -1.928798
223 1.5888329218 -3.986442 -2.399375 3.910890 4.076799 4.234530 2.046726 4.104289 -4.811092 3.680614 4.013276 4.904639 -3.427190 -3.708204 4.164797 -1.621860
224 1.5984357930 -4.037214 -2.581382 3.894271 4.077276 4.657647 1.939247 4.942809 -4.442442 3.600392 4.544458 4.378029 -3.897054 -3.462387 4.178176 -1.535337
225 1.6054891073 -4.044052 -2.692906 3.982277 4.077621 4.374276 1.933077 4.943205 -4.005237 3.887024 4.539793 4.564205 -2.930137 -3.772199 4.201867 -1.597200
226 1.5963690136 -3.906160 -2.671588 3.932580 4.071333 4.655968 2.639849 4.239038 -4.680250 3.912133 4.597509 4.600557 -3.783789 -3.709424 4.050754 -1.761336
227 1.6126127314 -4.044519 -2.724385 3.908840 4.077961 4.194441 2.226922 4.711063 -4.841857 3.862181 4.874352 4.354698 -2.995619 -3.891895 4.269575 -2.168543
228 1.6269353107 -4.053682 -2.814683 4.038675 4.079024 4.710453 1.422392 4.955699 -4.539762 3.495950 0.731638 3.864444 -4.302812 -3.472267 4.136051 -1.626920
229 1.6252766956 -3.939574 -2.540926 3.991569 4.071245 4.880546 2.672857 4.007477 -4.522775 4.003882 1.970032 4.924104 -2.066754 -3.686823 4.134597 -1.714867
230 1.6119088974 -3.996237 -2.668748 3.996127 4.073988 4.697087 1.724241 4.809028 -4.919127 3.962557 2.665976 4.618314 -0.579779 -3.514016 4.121828 -1.608590
231 1.6283188006 -3.961382 -2.609511 3.962153 4.070581 4.980646 2.713364 3.879310 -4.084142 4.195193 2.746452 4.978305 -1.873806 -3.708188 4.126395 -1.860596
232 1.6445918644 -4.014810 -2.674786 3.960344 4.064831 4.888736 2.895621 4.523603 -4.881220 3.858974 0.568543 4.895156 -0.734312 -3.587781 4.180437 -1.813854
233 1.6013946821 -3.962944 -2.587020 3.979032 4.074071 3.873192 2.289458 3.889879 -4.239621 4.634421 1.742379 4.850881 -2.245508 -3.793012 4.141011 -1.804828
234 1.6371718970 -4.006647 -2.709148 4.060503 4.065831 4.926242 1.787501 4.738072 -4.839127 4.294068 1.593562 4.952242 -0.755035 -3.617239 4.141261 -1.620015
235 1.5989275701 -4.018472 -2.477948 3.968904 4.074153 4.280835 1.936435 4.163865 -4.790148 4.038942 2.091725 4.802137 -0.696476 -3.529350 4.108130 -1.892391
236 1.5937562002 -3.968444 -2.781601 3.967901 4.073999 4.277202 1.871138 4.272939 -4.587538 4.251191 1.384462 4.662484 -2.126677 -3.647068 4.149278 -1.571581
237 1.5948216300 -3.980321 -2.753998 3.966325 4.065311 4.402835 2.094406 3.979571 -4.647109 4.762836 1.973397 4.230483 -2.376411 -3.784284 4.151172 -1.738339
238 1.5870601388 -3.987636 -2.443957 3.957414 4.068645 4.362852 2.060388 3.940140 -4.417712 4.644912 2.593006 4.608652 -1.419187 -3.656373 4.146627 -1.578425
239 1.6010156986 -3.975792 -2.601762 3.948043 4.072811 4.350868 2.471909 4.012574 -4.554226 3.918195 2.919821 4.435213 -1.692561 -3.791925 4.128941 -1.704951
240 1.6028660309 -3.969596 -2.658546 3.954228 4.063984 4.290995 2.068730 4.390355 -4.236732 3.994346 2.719335 4.192304 -2.015439 -3.821908 4.114261 -1.685897
241 1.6047527551 -3.984710 -2.669509 3.972293 4.072323 4.447599 2.201202 3.925895 -4.544916 4.091329 1.281425 4.564813 -2.197907 -3.630274 4.112903 -1.562771
242 1.5941677278 -3.983595 -2.778051 3.948762 4.072778 4.458249 2.044239 4.140373 -4.595871 4.600207 2.823092 4.907482 -0.945895 -3.650216 4.131992 -1.700097
243 1.6056835860 -3.989941 -2.719165 3.974312 4.067464 4.455960 2.073314 3.910476 -4.449288 4.869875 1.929296 4.289004 -1.048729 -3.836990 4.135990 -1.840455
244 1.5877092837 -3.962071 -2.677879 3.987755 4.072377 4.345024 2.255772 4.354114 -4.449440 4.186478 0.914800 4.945994 -1.097180 -3.397469 4.163421 -1.717012
245 1.5863335675 -3.952583 -2.528982 3.979890 4.070669 4.339478 2.431892 4.225081 -4.456073 4.290556 2.291589 4.819902 -1.403937 -3.419684 4.207586 -1.693612
246 1.5871449583 -3.967239 -2.614321 3.996141 4.069908 4.392868 2.487980 4.482741 -4.407580 4.425706 1.985722 4.858834 -1.585365 -3.570659 4.158341 -1.775213
247 1.5812724722 -3.965883 -2.531862 3.985795 4.070835 4.396065 2.470187 4.125692 -4.442187 4.852301 1.640836 4.946648 -0.728485 -3.662745 4.151896 -1.752718
248 1.5911250943 -3.970757 -2.505059 3.962176 4.072844 4.394491 2.423967 3.940822 -4.568362 4.899579 2.651291 4.897701 -1.839797 -3.573376 4.140800 -1.689233
249 1.5813415687 -3.964498 -2.400777 3.954184 4.067922 4.358624 2.446776 4.249855 -4.448373 4.692165 2.682954 4.943649 -1.369005 -3.844741 4.110997 -1.671357
250 1.5804361948 -3.964772 -2.456255 3.950024 4.070145 4.422638 2.469093 4.070573 -4.593850 4.855364 2.591351 4.935227 -1.585765 -3.912206 4.101139 -1.705497
251 1.5892465700 -3.962640 -2.383275 3.916477 4.067082 4.406571 2.380815 3.948398 -4.755571 4.677881 2.103859 4.791067 -1.080161 -4.316443 4.050560 -1.645294
252 1.5857024278 -3.965755 -2.432012 3.925000 4.068817 4.382816 2.410344 4.062654 -4.806363 4.543178 2.951485 4.785333 -2.675947 -4.012776 4.048522 -1.649830
253 1.5923393191 -3.962442 -2.562495 3.928009 4.067070 4.403706 2.407648 3.893670 -4.797826 4.971394 2.969277 4.528587 -2.623749 -3.880296 4.051229 -1.687416
254 1.5878749984 -3.964655 -2.449279 3.930991 4.068163 4.382200 2.432340 3.877626 -4.717904 4.841729 3.022495 4.909306 -1.786406 -4.072254 4.059755 -1.610255
255 1.5897767841 -3.968021 -2.330377 3.919760 4.068967 4.421014 2.501980 4.072633 -4.686245 4.935504 2.304025 4.896810 -2.021161 -3.645984 4.049151 -1.615913
256 1.5936920048 -3.961143 -2.464292 3.925045 4.070910 4.392636 2.411937 3.910450 -4.742232 4.728613 2.266639 4.785894 -2.028618 -4.125020 4.053543 -1.670903
257 1.5921405620 -3.962939 -2.401213 3.918147 4.070324 4.409159 2.449392 3.856868 -4.796595 4.652243 2.174267 4.687234 -1.953699 -4.269131 4.051973 -1.629565
258 1.5893492633 -3.968057 -2.366746 3.919277 4.068297 4.392692 2.476582 4.127499 -4.499283 4.973430 2.277026 4.958416 -1.487609 -4.101935 4.059319 -1.610119
259 1.5918866159 -3.965458 -2.504177 3.942434 4.069481 4.419870 2.437740 3.974961 -4.693203 4.997476 2.971439 4.953554 -2.020370 -3.974890 4.074729 -1.653544
260 1.5860802468 -3.963341 -2.478594 3.939731 4.069209 4.406923 2.477734 4.000973 -4.679463 4.891992 2.963172 4.975151 -1.245427 -4.087913 4.082308 -1.672052
261 1.5856055912 -3.962993 -2.462830 3.939704 4.069920 4.413559 2.451752 4.105642 -4.689977 4.977414 2.795032 4.889206 -1.316455 -3.862647 4.075649 -1.661968
262 1.5918920347 -3.963666 -2.404022 3.936516 4.069224 4.403944 2.457064 4.019878 -4.526943 4.564033 2.946971 4.950276 -2.095772 -3.751295 4.089550 -1.660067
263 1.5880147734 -3.964897 -2.462019 3.933619 4.071044 4.409362 2.440254 4.178966 -4.674952 4.902185 2.904754 4.976997 -1.249030 -3.909938 4.100140 -1.691694
264 1.5850469518 -3.965244 -2.489276 3.932499 4.069186 4.435426 2.456540 4.111501 -4.683196 4.849582 3.025177 4.547048 -1.826369 -3.838705 4.074233 -1.660887
265 1.5878739645 -3.965414 -2.478207 3.935297 4.070148 4.400420 2.433371 4.046935 -4.686787 4.742352 3.106964 4.962772 -1.666002 -3.789724 4.095366 -1.662361
266 1.5789780716 -3.966243 -2.397498 3.931552 4.068864 4.403088 2.466227 4.045918 -4.687963 4.816098 2.234170 4.985675 -2.048503 -3.927991 4.077710 -1.700494
267 1.5937233727 -3.964333 -2.356545 3.916914 4.068382 4.389930 2.474519 4.121304 -4.789555 4.989343 2.590222 4.984951 -2.154089 -3.859846 4.049506 -1.658825
268 1.5944355862 -3.965602 -2.334223 3.913364 4.067144 4.422188 2.460599 3.960960 -4.795504 4.986457 2.626909 4.880584 -2.048560 -3.815792 4.061207 -1.726782
269 1.5877553020 -3.968497 -2.429306 3.914920 4.067198 4.391479 2.451753 3.930265 -4.755012 4.996793 2.593651 4.985687 -1.952416 -4.075253 4.066505 -1.695404
270 1.5909365810 -3.964025 -2.458891 3.914427 4.067796 4.393525 2.493450 4.009386 -4.790077 4.945742 2.273761 4.931627 -1.702028 -4.060263 4.055765 -1.650895
271 1.5886246050 -3.968371 -2.381821 3.913615 4.067217 4.401149 2.455167 4.019867 -4.801257 4.712159 2.227001 4.986292 -1.589049 -3.919754 4.064287 -1.735889
272 1.5885586850 -3.965791 -2.442905 3.916643 4.069583 4.380566 2.443536 4.144093 -4.795341 4.485721 2.509471 4.997538 -2.375759 -3.811862 4.048573 -1.648347
273 1.5902137257 -3.966822 -2.426032 3.916939 4.069718 4.386859 2.453220 4.035699 -4.782441 4.923452 2.742186 4.927925 -1.684218 -4.014188 4.069582 -1.635196
274 1.7160638494 -3.869757 -4.788822 3.133854 4.148337 3.390853 1.147859 -0.148585 -4.889444 1.871877 2.548099 4.646120 1.851425 1.427483 3.150464 4.099731
275 1.7558506862 -3.917747 -4.797076 3.267537 1.527182 4.239646 2.832810 -1.064928 -4.135873 3.390769 4.023812 1.045807 1.463806 4.768578 2.921849 -4.358201
276 1.7522333234 -3.836741 0.405685 3.024227 4.025986 4.787517 1.832561 -3.410088 -4.759441 0.854941 2.942568 0.854795 4.920069 -4.030822 2.311965 -1.011951
277 1.6631399861 -3.910523 -1.763724 2.717025 3.996173 4.584368 0.585172 4.372834 -4.410306 -1.311651 0.642006 2.618848 4.250152 -2.741571 2.740249 -1.222008
278 1.8799237044 -3.623420 1.626977 2.756867 3.992113 4.130846 -4.485950 1.137556 -3.711482 4.337289 4.321428 4.787963 -0.945950 -4.376899 3.051380 -3.826906
279 1.6912367489 -3.873995 -4.817326 4.071482 4.172271 4.956664 2.600660 -0.670326 -3.774526 -0.231212 3.096127 1.638093 3.639945 4.980449 2.827047 2.548968
280 1.7110723940 -3.891984 -4.022398 3.231769 3.978155 3.748254 -2.293187 -2.573757 -4.906119 4.034302 4.606181 -0.883785 1.679965 -2.568491 3.109765 -0.919020
281 1.6579218576 -3.799345 -4.824140 3.438743 3.965999 4.468969 3.022776 3.793926 -4.792444 3.736416 1.861482 -1.076599 -4.469378 3.765013 4.029921 1.474697
282 1.6945885555 -4.121980 -1.104112 3.049487 3.969302 3.373649 3.367749 4.360870 -2.669485 0.335634 3.222031 2.041068 -0.402350 -4.331615 4.249092 -2.513081
283 1.7102090111 -3.922117 -4.355508 3.521739 4.819826 3.232249 3.021670 0.618385 -4.196820 -0.445196 -3.192651 -0.659160 -3.438923 2.654927 3.946246 -4.226708
284 1.7154889234 -4.658687 -1.749420 3.513410 4.127159 4.344349 -0.394346 -1.233891 0.588880 -1.771407 0.858217 4.410599 -2.649579 3.500713 4.331112 0.941518
285 1.7788720347 -3.981471 -0.158195 3.561238 3.132437 2.977589 3.694278 4.773019 -1.326076 -0.457415 -2.787547 2.779458 -0.527549 3.336522 3.324701 0.164538
286 1.6434801865 -3.940455 -3.642046 3.160630 3.161105 4.179616 3.444305 4.882520 -1.890277 0.003240 4.730789 -2.740220 3.289951 -3.687044 3.500372 0.792576
287 1.8273826354 -3.612772 -0.745072 4.316445 4.166563 4.731397 -4.302064 0.328550 -4.955099 -0.322601 -2.236711 4.780687 0.444170 1.125320 3.948339 -0.343476
288 1.7442055808 -3.206968 -4.616177 2.656356 4.019746 4.272231 -0.689908 3.535765 1.901401 2.198505 -3.743370 2.147729 3.320088 0.398805 4.879546 -3.050528
289 1.6618225311 -3.955718 -1.850968 3.516370 4.116472 4.785777 2.478046 2.152996 -3.624036 4.526964 4.254822 4.805247 4.132628 -4.991850 3.334625 -0.895410
290 1.7229676716 -4.580209 -4.594910 4.535494 4.065618 4.604265 3.305001 0.929454 -4.274462 -2.217165 4.769862 1.476261 2.998469 1.006723 4.238629 -0.521860
291 1.6186117153 -4.587182 -4.097806 3.314670 4.057242 4.141855 2.366720 4.008950 -4.808596 -0.171578 0.504789 1.953747 -3.116709 -3.749060 3.458622 -2.844922
292 1.7822319575 -4.626139 -0.662900 3.595727 4.090475 4.216347 0.860014 4.459925 -4.670262 2.965474 1.282511 3.963684 -3.331831 1.629766 3.671529 -3.432057
293 1.6137678070 -3.925295 -2.771636 3.865958 3.778290 4.045776 2.382871 4.656014 -4.108798 0.719805 3.026035 4.463934 -1.745417 -3.679800 3.504339 -0.261977
294 1.7566059807 -3.305097 -4.580849 4.077657 4.021018 4.239687 1.096628 1.130852 -1.383989 1.568701 -1.240849 4.887828 -3.364559 -2.702681 3.531817 -1.749737
295 1.6930910922 -3.897550 -2.020294 3.447422 4.083487 4.710910 0.423463 0.331156 -3.940745 3.169246 4.766552 3.194586 -4.339574 -1.830180 4.258287 0.536662
296 1.6436406298 -4.383259 -2.482798 3.891498 4.026142 4.374976 -0.250142 3.376284 -1.776830 4.409121 4.810161 1.637348 -3.317549 -1.705923 2.969939 -1.848626
297 1.6218971072 -3.809767 -1.468830 3.744785 4.012262 4.675632 3.974078 4.903551 -4.300709 3.545650 2.283743 4.764508 1.040242 -4.891441 3.601624 -1.177487
298 1.7003102367 -3.793193 -1.452536 3.911672 4.029508 4.677855 4.476340 1.427937 -4.209054 -3.873950 4.262300 1.710615 0.112775 -4.090033 3.632263 -3.528764
299 1.6655330513 -3.975615 -1.518579 4.143424 4.934502 4.235338 2.634683 4.580809 -4.969617 -1.777766 0.779442 -1.346084 -2.743939 -4.940370 3.934655 -0.596659
300 1.6211484793 -3.745338 -3.688409 3.730129 4.052024 4.086947 4.016026 4.605214 -4.681725 3.823663 2.370355 0.551991 -3.570657 -1.915178 3.051852 -3.377057
301 1.6423008000 -4.275674 -3.183375 4.035080 4.112862 4.105737 1.001150 4.612439 -4.203780 1.797019 4.957811 2.869768 -1.423323 -2.860965 3.774456 -0.496103
302 1.6828129372 -3.965646 -1.640396 4.028043 2.687257 4.336250 1.360564 4.870109 -4.428693 4.377130 -2.131367 4.997847 4.919901 -2.596693 3.704134 -3.700746
303 1.6671884941 -3.962981 -3.040957 3.742715 4.561138 4.886104 2.234489 2.648343 -4.221290 4.563037 4.337682 0.794881 3.331243 -0.621319 3.241169 -2.438251
304 1.6024248671 -3.978614 -2.156774 3.973339 4.260633 4.251772 1.810050 4.961103 -4.986761 4.263791 3.793944 4.603036 -2.615424 1.731093 3.724462 -2.921559
305 1.6075047118 -3.878053 -2.982838 3.662258 4.044050 4.391771 2.261491 4.903023 -4.911994 1.695478 4.135754 4.480975 4.899834 -2.623445 3.604479 -1.532738
306 1.6197939970 -3.974527 -1.814715 3.902428 3.997395 4.432645 1.839692 4.949354 -4.358882 4.522054 -0.932558 4.857433 4.965218 -4.853399 3.886236 -1.592024
307 1.5828226671 -3.961205 -2.435039 4.024087 4.045546 4.347222 2.537163 3.988634 -4.934117 4.967299 1.066761 4.626695 -4.357460 -4.903396 3.863168 -0.583420
308 1.6027244814 -3.948613 -2.587517 3.887598 4.366327 4.153448 1.878636 4.113124 -4.961808 3.111001 -1.831952 4.917245 -4.682308 -4.845913 4.156971 -2.601683
309 1.5867023646 -3.980019 -2.934331 3.990728 4.053316 4.455611 1.742327 3.944467 -4.717977 4.849450 2.247224 4.389965 -4.670338 -4.788967 4.127277 -2.219836
310 1.6029792556 -3.797768 -1.997320 3.764780 4.067268 4.200118 3.591904 4.168683 -4.982432 3.189837 2.507001 3.913456 -4.358315 -4.485003 3.519783 -2.986201
311 1.6373535040 -4.024875 -2.630187 3.788673 4.051543 4.320810 1.829749 2.585189 -4.330045 4.849269 3.710450 4.817607 -1.752761 -4.729267 3.538285 -0.579380
312 1.6892637196 -4.318140 -2.045301 3.822872 4.076886 4.393883 -1.625502 4.589864 -4.739335 4.573134 1.138253 4.857953 -4.295396 -3.286600 3.383354 -4.651138
313 1.6604389710 -4.117464 -3.191311 3.933911 4.086018 4.300065 3.335529 3.198915 -4.975522 3.025746 2.772094 3.982135 -2.341945 -2.182512 3.499539 -2.403374
314 1.6274522827 -3.969897 -1.910056 3.785548 4.207694 4.040858 2.265938 4.484552 -4.012506 4.507078 3.277483 4.801654 1.810822 -4.094175 3.596699 -2.030547
315 1.6229843701 -3.970929 -2.674722 3.731857 2.202929 4.205653 2.469453 4.598989 -4.326624 2.949927 4.944632 4.281874 -3.311122 -3.869361 3.959728 -1.913407
316 1.6322320427 -3.969723 -2.841516 4.000369 4.028178 4.378604 1.804286 4.451053 -4.906261 4.658325 4.917375 4.720230 -3.394339 -0.346323 4.340775 -1.345910
317 1.6090558423 -3.978974 -3.052893 3.861631 3.774598 4.093459 2.115230 4.934243 -4.040323 4.683587 3.692670 1.142138 -4.938202 -4.468650 3.643421 -1.430882
318 1.6193636323 -3.952651 -2.058038 3.813349 4.088583 4.135248 2.702132 4.550781 -4.995831 4.753401 2.468696 4.430350 1.680715 -4.721631 3.662153 -1.300261
319 1.5963008797 -3.965714 -2.113931 3.894762 3.989061 4.236999 2.236420 4.885621 -4.888255 4.992840 2.496518 4.828600 -4.535210 -4.323813 4.196970 -1.544131
320 1.6043241746 -3.957620 -2.175297 3.940408 4.089209 4.241252 2.339642 4.102014 -4.722203 3.440319 2.656331 4.629779 -4.953127 -4.417996 3.911467 -1.738822
321 1.5924596525 -3.960689 -2.524572 3.970930 4.105944 4.300242 2.767436 4.714816 -4.978438 2.876857 2.859857 4.302393 -4.954073 -4.467055 3.979505 -2.856021
322 1.5807244228 -3.967703 -2.284244 3.959619 3.924597 4.489898 2.640121 4.853093 -4.677649 4.530236 2.679393 4.149592 -4.625494 -4.760616 3.987245 -2.621552
323 1.5916914731 -3.971598 -2.747388 3.862588 4.283131 4.441131 2.279948 4.962299 -4.831346 4.851317 2.653168 2.874169 -2.160984 -4.780682 3.528663 -2.119059
324 1.5758371875 -3.955882 -2.372563 3.983158 4.049545 4.305596 2.242717 4.729800 -4.777291 3.099562 2.592812 4.450929 -3.901284 -4.414303 3.850115 -2.850813
325 1.6203842473 -3.962474 -2.667411 4.042163 4.084963 4.284239 2.432178 3.944592 -4.916981 3.788232 2.471661 4.449356 -3.068177 -4.796662 3.631725 -3.917289
326 1.5836539712 -3.952990 -2.434878 4.024064 3.980218 4.210826 1.973941 4.040861 -4.859860 4.163953 4.492207 4.903314 -3.448815 -4.918930 3.973040 -2.504117
327 1.6021904491 -3.960592 -2.423625 3.953434 3.882198 4.175032 2.444184 4.119610 -4.998424 3.935130 -0.521031 4.914590 -3.670530 -4.612985 3.917195 -3.058516
328 1.6023438889 -3.955124 -2.255881 3.899400 4.193246 4.208779 2.078410 4.045598 -4.850640 -0.090524 2.231510 4.996551 -4.491309 -4.576940 3.735159 -2.756922
329 1.5773943478 -3.953623 -2.462855 4.037700 3.908055 4.413074 2.554402 4.770333 -4.994193 4.352476 3.276197 4.393644 -4.960681 -4.853925 3.823756 -2.550222
330 1.5844811610 -3.954397 -2.526260 3.889525 4.813478 4.199752 1.882900 4.896832 -4.609134 4.779330 3.081407 4.518686 -3.501388 -2.511414 3.887850 -3.140113
331 1.5867090107 -3.952323 -2.741456 3.924867 4.117475 4.357724 1.979869 4.826872 -4.894836 4.747888 2.698470 3.481482 -3.767690 -4.733594 3.147817 -2.477673
332 1.5979471460 -3.885803 -2.591423 3.867846 4.059821 4.300078 1.546929 4.950575 -4.587361 4.253277 2.085134 3.848824 -2.538961 -4.924962 3.780403 -3.161674
333 1.5924426542 -3.960739 -2.357554 3.922123 4.050913 3.988818 1.699499 4.791298 -4.699109 4.399858 3.069133 4.934773 -4.876191 -4.590011 3.662891 -3.046067
334 1.5887645105 -3.981215 -2.562044 3.950996 4.035805 3.833773 1.771927 4.685995 -4.960287 3.995469 2.869999 4.549961 -4.740345 -4.802806 3.753881 -2.341745
335 1.5878321624 -3.963869 -2.192683 3.875908 4.040055 3.801852 1.857779 4.601231 -4.263765 4.717803 3.069308 3.868956 -4.132148 -4.954469 3.620983 -2.240314
336 1.5759109314 -3.957445 -2.575284 4.068463 4.911645 4.400876 2.085021 4.829903 -4.919360 4.672077 3.352959 4.920695 -4.400280 -3.884789 4.011584 -2.603990
337 1.5839797221 -3.957521 -2.469968 3.997712 4.499077 4.404583 2.179247 4.990495 -4.920162 4.841913 -2.507522 4.989374 -4.347635 -4.004197 3.804543 -2.586604
338 1.5966539259 -3.947253 -2.155881 3.902705 4.659015 4.247328 2.481044 4.660087 -4.993725 4.439574 4.742860 4.917442 -4.364862 -3.219051 3.841263 -2.837423
339 1.5819371795 -3.950056 -2.246087 4.046782 4.194191 4.210501 2.487278 4.986364 -4.976750 4.684766 2.234448 4.115840 -4.130691 -4.277894 3.609656 -2.661636
340 1.5821714167 -3.923865 -2.395477 3.963233 4.054821 4.236995 1.926007 4.817609 -4.556174 3.941047 2.938892 4.961479 -3.699353 -4.963144 3.670817 -2.625842
341 1.5961108394 -3.998796 -2.423497 3.898443 4.050886 4.481660 2.556539 4.670384 -4.838779 4.032209 3.126850 4.762538 -4.164899 -4.388617 3.706138 -2.657014
342 1.5880757835 -4.002080 -2.374550 3.940035 4.055805 4.305816 2.310696 4.677639 -4.570495 4.481280 2.251289 4.677802 -3.913691 -4.946230 3.816672 -2.515822
343 1.5946248266 -3.904646 -2.187452 3.995862 4.044433 4.364532 2.145692 4.665588 -4.761807 3.569692 2.935750 4.956457 -3.857562 -4.423499 3.711957 -2.632486
344 1.5746063122 -3.904194 -2.485207 3.940568 4.054722 4.340291 2.197403 4.636830 -4.822017 4.500904 2.885430 4.926183 -3.642186 -4.849119 3.706826 -2.729069
345 1.5747340657 -3.948082 -2.406212 3.903332 4.047820 4.289307 2.078990 4.577745 -4.701623 2.691427 2.314891 4.955684 -2.951031 -4.875034 3.577193 -2.764367
346 1.5952818727 -3.914486 -2.690839 3.887388 4.052825 4.337826 1.815456 4.546795 -4.964940 4.184733 3.356725 4.784775 -2.668610 -4.969202 3.613013 -2.587026
347 1.5766600559 -3.898954 -2.464792 3.915100 4.051045 4.376931 1.893436 4.627083 -4.919747 4.080890 2.417681 4.973916 -3.608863 -4.915037 3.546429 -2.675903
348 1.5748501814 -3.957799 -2.326979 3.875586 4.052055 4.318144 2.294635 4.709113 -4.626027 4.999987 2.420738 4.595150 -4.433932 -4.805692 3.582722 -2.463013
349 1.5774205350 -3.929737 -2.572148 3.892051 4.053660 4.402955 1.905785 4.653110 -4.640095 4.458292 2.909527 4.666414 -3.647493 -4.941543 3.576432 -2.384300
350 1.5790373049 -3.913692 -2.543453 3.960869 4.048898 4.343126 2.043234 4.539984 -4.987206 4.944511 2.982367 4.969103 -3.218459 -4.996952 3.697878 -2.419357
351 1.5735935409 -3.948658 -2.378061 3.919010 4.050258 4.190878 2.579587 4.569551 -4.534060 4.572744 2.986625 4.857309 -3.693681 -4.933928 3.547040 -2.386841
352 1.5673323401 -3.974469 -2.386660 3.912395 4.045936 4.388412 2.385777 4.518549 -4.978284 4.800251 2.852609 4.991839 -3.737274 -4.586984 3.355903 -2.381420
353 1.5952963887 -4.053487 -2.539633 3.886060 4.042854 4.382939 2.175100 4.632330 -4.645453 3.779024 3.011310 4.711886 -4.978121 -4.694109 3.235045 -2.392812
354 1.5749414252 -3.978497 -2.497692 3.964930 4.485569 4.391915 2.373877 4.799339 -4.940760 4.256194 2.632656 4.886264 -3.843124 -4.968420 3.467070 -2.297439
355 1.5856678573 -4.023398 -2.347921 3.897107 4.053471 4.408571 2.653651 4.505479 -4.652064 4.970884 3.334585 4.876565 -3.786338 -4.994018 3.352694 -2.051535
356 1.5716118403 -3.970532 -2.529963 3.918883 4.190679 4.304463 2.348895 4.975490 -4.967514 4.806855 3.063081 4.894398 -3.940695 -4.730255 3.448844 -2.280438
357 1.5794915083 -3.971336 -2.359642 3.897474 4.001471 4.275548 2.357291 4.605766 -4.936842 4.974074 4.324458 4.875274 -4.690748 -4.542796 3.274395 -2.250381
358 1.5766180476 -3.928105 -2.360655 3.970813 4.039449 4.536416 2.544893 4.621516 -4.978058 2.070799 2.375092 4.826972 -3.864136 -4.462797 3.170236 -2.105053
359 1.5939605092 -3.970470 -2.276065 3.910037 4.159903 4.319805 2.494543 4.983448 -4.819890 4.370237 2.867505 4.926049 -4.372377 -4.945594 3.335204 -2.256695
360 1.5761494993 -3.974442 -2.274451 3.950289 4.233076 4.392772 2.184573 4.995777 -4.986983 4.819637 2.414915 4.944730 -4.873406 -4.403791 3.338779 -2.294166
361 1.5713158533 -3.977938 -2.257941 3.923105 4.043925 4.419696 2.315621 4.691961 -4.921393 4.772860 2.474006 4.996309 -4.443454 -4.885431 3.421273 -2.190219
362 1.5705983111 -3.923335 -2.416135 3.937603 4.043385 4.244420 2.306462 4.600145 -4.410175 0.582680 2.613418 4.951600 -3.768400 -4.834763 3.301937 -2.121301
363 1.5709499768 -3.972358 -2.380936 3.938221 4.258824 4.340350 2.383619 4.870159 -4.895462 4.924034 2.762638 4.824587 -3.971775 -4.845106 3.440988 -2.255621
364 1.5792485328 -3.977291 -2.348075 3.901356 4.363211 4.360259 2.352908 4.950255 -4.942130 4.706241 4.168031 4.975515 -4.036201 -4.389047 3.418461 -2.503089
365 1.5672073924 -3.970715 -2.534091 3.946035 4.230838 4.441220 2.202880 4.811704 -4.693197 4.804290 2.367172 4.809989 -4.678743 -4.782860 3.276169 -2.181163
366 1.5668540950 -3.968355 -2.686363 3.955183 4.440312 4.395602 2.072081 4.841070 -4.897970 4.797271 1.888679 4.996243 -4.714043 -4.306354 3.274345 -2.112194
367 1.5795074784 -3.967027 -2.784363 4.008243 4.803336 4.308309 2.070305 4.809864 -4.917862 4.938052 1.797864 4.836958 -4.279793 -4.876969 3.327131 -1.976334
368 1.5663209907 -3.967881 -2.609572 3.936201 4.370849 4.411434 1.969079 4.988478 -4.887984 4.858542 1.750755 4.854540 -4.835677 -4.980109 3.280123 -2.058746
369 1.5665759957 -3.967184 -2.612694 3.959481 4.463182 4.413619 1.965277 4.943333 -4.838361 4.878591 1.902151 4.995241 -4.985847 -4.855840 3.304267 -2.088488
370 1.5684765513 -3.965725 -2.631114 3.956429 4.381844 4.366574 2.059611 4.992038 -4.846308 4.850419 1.435934 4.801777 -4.608212 -4.646013 3.305835 -2.060812
371 1.5642639167 -3.966989 -2.602183 3.924972 4.537080 4.380182 1.931489 4.995577 -4.936127 4.792452 1.962679 4.932611 -4.800834 -4.871302 3.343001 -1.979563
372 1.5675139250 -3.967180 -2.633995 3.903866 4.703794 4.338341 2.022378 4.986549 -4.951926 4.891591 1.737939 4.991049 -4.512321 -4.984392 3.382057 -1.961063
373 1.5715382880 -3.968284 -2.646429 3.932105 4.687584 4.355992 1.939147 4.905283 -4.907625 4.966040 1.908129 4.930010 -4.975097 -4.841201 3.296017 -1.908765
374 1.5743458699 -3.967378 -2.643247 3.901935 4.679995 4.343297 1.869133 4.912622 -4.885524 4.985222 2.048704 4.885928 -4.996705 -4.583834 3.282831 -2.053186
375 1.5689057389 -3.964339 -2.662320 3.949022 4.511294 4.367194 2.017584 4.972637 -4.929134 4.937743 1.860687 4.960816 -4.535780 -4.888054 3.355857 -1.880027
376 1.5703158457 -3.966085 -2.659378 3.943866 4.663609 4.372046 2.023473 4.945382 -4.929937 4.999439 1.879715 4.997022 -4.835834 -4.290042 3.270075 -1.917099
377 1.5700176752 -3.965214 -2.592886 3.896730 4.489979 4.373042 1.989850 4.985897 -4.898063 4.823533 2.216743 4.885500 -4.608420 -4.948712 3.286667 -2.036604
378 1.5660476466 -3.969606 -2.539288 3.926860 4.706658 4.415151 2.020433 4.949508 -4.977582 4.997719 1.707296 4.870785 -4.984769 -4.957696 3.347876 -2.015762
379 1.5754212929 -3.968287 -2.565449 3.932605 4.944350 4.351600 1.855751 4.959222 -4.901427 4.956666 2.513342 4.971984 -4.730641 -4.646773 3.336361 -1.931897
380 1.5701183367 -3.964951 -2.632379 3.944240 4.492065 4.356537 2.005968 4.994553 -4.906652 4.550318 1.300425 4.984484 -4.781285 -4.854691 3.406768 -1.886815
381 1.5673641554 -3.969488 -2.648971 3.950346 4.441051 4.341770 1.964905 4.982810 -4.924880 4.914885 1.866073 4.948454 -4.591951 -4.470062 3.278663 -1.960344
382 1.5641865841 -3.965277 -2.519031 3.934487 4.590328 4.361648 2.029469 4.937805 -4.920748 4.858404 2.012972 4.986401 -4.949381 -4.998072 3.286319 -2.065418
383 1.5728611534 -3.964170 -2.535472 3.953464 4.694329 4.321758 1.964971 4.944502 -4.965225 4.834225 2.160872 4.985072 -4.934389 -4.944044 3.301097 -1.970442
384 1.5838311459 -3.964981 -2.441539 3.927401 4.581312 4.328204 2.059943 4.978269 -4.875609 4.885004 0.281869 4.967094 -4.975344 -4.685384 3.273818 -2.070386
385 1.5759639532 -3.963198 -2.526872 3.933135 4.565515 4.314660 2.070963 4.910792 -4.899296 4.999466 2.933197 4.795654 -4.791072 -4.645847 3.235348 -2.034120
386 1.5709658904 -3.965180 -2.458519 3.944063 4.552231 4.372433 2.080901 4.937976 -4.912949 4.872584 3.054759 4.878119 -4.824322 -4.965003 3.234070 -2.122959
387 1.5694593777 -3.964340 -2.552798 3.939349 4.609207 4.393115 2.077638 4.932019 -4.876237 4.865113 2.514876 4.932254 -4.720143 -4.958513 3.280876 -2.037752
388 1.5733662322 -3.964124 -2.547047 3.940543 4.601288 4.357671 2.009402 4.983991 -4.904827 4.932714 2.771420 4.984642 -4.909577 -4.996357 3.256488 -2.024813
389 1.5715130573 -3.964157 -2.550424 3.937497 4.557082 4.380989 2.000470 4.977694 -4.928435 4.950884 1.063084 4.952515 -4.975710 -4.964766 3.297311 -2.068344
390 1.5653058512 -3.965573 -2.481161 3.943832 4.628844 4.347318 2.068944 4.953037 -4.901877 4.633029 1.248472 4.952921 -4.780840 -4.757427 3.261844 -2.054278
391 1.5658425943 -3.965643 -2.554980 3.935477 4.554001 4.348475 2.062285 4.976875 -4.983365 4.975679 1.941896 4.973768 -4.863220 -4.864667 3.261729 -2.058749
392 1.5698390705 -3.965244 -2.485383 3.939831 4.593060 4.367075 2.064702 4.953459 -4.897891 4.983213 2.354019 4.995755 -4.978335 -4.922197 3.288174 -2.060607
393 1.5737151081 -3.964324 -2.512929 3.931749 4.610735 4.343251 2.051196 4.960078 -4.938206 4.970810 2.270132 4.964093 -4.858008 -4.976401 3.253306 -2.031637
394 1.5657391773 -3.964447 -2.539543 3.934913 4.555406 4.342595 2.055033 4.997801 -4.895969 4.791104 2.071805 4.997619 -4.689351 -4.855991 3.307521 -2.047889
395 1.5687081980 -3.964232 -2.479883 3.936986 4.569045 4.340818 2.011764 4.952843 -4.903601 4.953344 2.479139 4.978238 -4.904000 -4.982457 3.292880 -2.088559
396 1.5681178061 -3.964573 -2.555887 3.938144 4.597465 4.348323 2.065071 4.992903 -4.939423 4.952556 1.310744 4.948125 -4.944747 -4.931865 3.281593 -2.097585
397 1.6048357257 -3.964469 -2.524723 3.924069 4.560949 4.926726 2.095160 4.942347 -4.910108 4.999639 1.986334 4.997377 -4.886568 -4.934786 3.288522 -2.077281
398 1.5653291267 -3.963823 -2.475127 3.949082 4.621100 4.355294 1.972256 4.962002 -4.905706 4.899033 1.894267 4.962281 -4.876612 -4.767198 3.268834 -2.064645
399 1.5669734668 -3.963860 -2.520770 3.945471 4.609017 4.366062 2.070142 4.988806 -4.900913 4.985981 1.908721 4.889167 -4.769375 -4.929605 3.318708 -2.091002
400 1.5653291267 -3.964585 -2.485102 3.941626 4.594899 4.356213 2.053014 4.994801 -4.914926 4.985696 2.007369 4.995424 -4.860108 -4.781380 3.320498 -2.041080
401 1.5685474196 -3.964475 -2.477416 3.927930 4.559160 4.341154 1.980531 4.973115 -4.915665 4.992973 2.129098 4.888644 -4.919895 -4.935835 3.252683 -2.017795
402 1.7235169168 -3.889682 -4.858275 3.609321 3.269087 4.304584 -0.367792 4.018974 -3.902450 4.162410 -1.330841 3.859293 -1.493723 -4.608309 2.346114 0.933198
403 1.7783882876 -3.882519 -2.457134 3.352574 2.765500 3.956835 2.461838 1.660309 -3.027456 4.073812 1.687842 -4.817414 3.468696 -0.324620 0.723140 -4.181098
404 1.7121699343 -3.910433 -3.495805 4.206465 4.311166 4.446294 -3.037235 -1.517764 -4.793758 3.131087 -2.616124 -3.040629 1.466382 1.767175 1.464674 -1.656947
405 1.7608007356 -3.874830 -2.823980 3.136082 1.428147 3.759639 -3.450732 1.622872 -3.027333 -1.941134 -0.776965 4.128306 -2.730897 -4.705404 3.674865 -3.730007
406 1.7042851947 -3.912066 -1.824844 3.388541 1.986458 4.648918 2.845447 -3.767150 -4.820628 0.958607 2.003778 4.898630 -4.688131 2.853063 2.932429 -1.770008
407 1.6815573008 -3.925653 -1.762876 3.133838 2.640653 4.712562 3.827309 4.471268 -4.403021 3.094473 -1.823544 4.266686 4.718717 2.449429 4.688345 -1.435886
408 1.7166152132 -3.891800 -3.530131 4.757488 4.072863 4.394470 -1.685787 4.693943 -4.753522 3.046480 3.245630 1.091343 4.557037 -1.986924 2.131571 0.079499
409 1.6432485727 -3.897433 -1.995626 3.674078 4.952460 3.876461 -1.141870 3.862468 -3.164049 1.851863 2.035773 -2.183901 -1.588780 4.069319 1.481957 -0.960476
410 1.6550908163 -3.891450 -3.567761 4.619680 3.719853 4.057054 3.615229 0.136451 -4.898759 0.837552 3.120849 4.974790 -2.136144 2.615284 3.449303 -3.379609
411 1.7548559110 -4.040508 -2.941748 4.841640 4.729852 3.593735 -0.342464 4.271059 -4.948879 4.311326 0.949131 -0.607536 -2.010927 4.920760 4.360368 -0.794518
412 1.7299806632 -3.874443 -4.940498 3.324212 4.476865 3.883491 2.250782 0.880294 -3.045921 -4.105103 4.021834 -0.917965 -4.884892 -4.481660 3.932144 -0.472655
413 1.6279482616 -3.877866 -3.159710 3.777683 4.558625 4.141257 1.884434 4.007412 -3.276957 -3.805543 3.942926 2.026492 3.463929 4.586849 1.357162 -2.832035
414 1.6548377680 -3.866602 -1.417233 2.891762 2.770588 4.102496 4.622649 3.132341 -3.295607 0.648383 2.908178 3.259747 -0.930907 3.236253 3.453493 -2.897770
415 1.7084045629 -3.887871 -2.497814 4.869834 4.927102 3.846153 -0.602862 4.636635 -4.854623 2.331272 -2.504614 2.923812 -3.646360 3.263819 1.760997 -2.762280
416 1.6931892782 -3.965629 -1.963813 3.062775 4.405839 3.253458 3.048866 3.759034 -3.707998 -3.776011 4.599722 -0.386448 -3.175899 -4.091521 2.749322 -3.758628
417 1.6079752310 -3.927500 -2.322991 4.370157 3.944602 4.266257 4.227169 4.998055 -4.650507 4.169713 0.452975 4.821366 2.915565 -1.769530 2.878078 -1.288912
418 1.7413621828 -3.927301 -1.763886 3.936261 3.645666 4.816671 -2.572447 2.940520 -4.192388 4.507289 0.433731 4.959096 -3.072668 0.111223 2.373867 -0.791248
419 1.6365247008 -3.919028 -2.901096 3.542356 3.804037 4.487479 4.011497 3.731328 -4.471500 1.741958 0.956845 0.545724 -3.425878 0.520626 2.644872 -0.779249
420 1.6700723683 -3.918099 -3.181342 3.762799 3.326884 3.784740 0.588141 0.408237 -4.769613 4.018937 1.714716 4.733341 -4.554050 -4.716780 2.300521 -1.561054
421 1.6082385952 -3.970718 -3.054236 4.325871 3.077189 3.749223 2.920092 4.143759 -4.736721 4.350515 2.799253 4.527385 -3.785424 0.569607 2.462640 -0.651990
422 1.6519665180 -3.969051 -3.533814 4.272963 4.306433 4.086683 2.213876 3.049607 -4.575073 4.663460 1.081202 4.770626 -3.089220 1.238699 2.919873 -1.462459
423 1.6440819227 -3.945866 -1.774975 3.563531 4.996776 4.221276 0.242227 4.927290 -4.739582 2.179604 -3.431325 1.802085 -3.967979 -2.680179 2.699371 -0.799606
424 1.6445998021 -3.948619 -2.221307 3.940009 1.967104 4.228054 4.081152 4.498450 -4.158632 -0.916969 -2.735440 3.586398 -3.685447 -4.849687 2.063020 -1.326454
425 1.6181277960 -3.939471 -3.310275 4.047108 4.878096 3.655546 2.453076 4.848135 -4.258312 -0.822048 4.246253 4.283918 -4.318683 -2.377220 2.305207 -2.033223
426 1.6057681200 -3.928431 -2.267448 3.857098 4.501441 3.688398 1.916391 4.232489 -4.475796 -1.318628 3.544570 4.715755 -3.797165 -0.070457 2.499784 -2.475194
427 1.6444840796 -3.917740 -2.026338 3.982630 4.835192 4.840215 2.209507 4.994226 -4.735334 -0.459950 2.209319 4.861530 -1.644033 -2.581901 3.505916 -3.202598
428 1.6402663855 -3.911907 -1.991722 3.717790 2.922528 4.513115 0.877566 4.219873 -4.705142 3.050578 4.684179 -0.036458 -3.937883 -4.640320 3.115818 -1.712091
429 1.5900090251 -3.916394 -2.899555 3.569283 3.147545 4.528889 2.278016 4.960954 -4.687320 4.457047 0.959492 3.723522 -4.353136 -1.750230 4.093937 -2.167083
430 1.7307775340 -3.931505 -2.323673 3.422061 3.726287 3.874255 0.937386 1.685427 -4.981549 -3.781923 0.128696 -0.676973 2.442178 0.473119 3.245763 -0.468585
431 1.6164776537 -3.992914 -2.457103 3.925222 4.791259 3.970192 3.416075 4.805910 -4.964813 2.061427 4.361242 3.553351 -0.822313 -3.910728 3.561359 -1.574178
432 1.5784898490 -3.954937 -2.746932 4.072114 3.673100 4.152487 3.597932 4.810546 -4.978432 4.919006 1.578045 3.561963 -4.729126 -2.257997 3.206498 -1.582003
433 1.5985909546 -3.956926 -2.048908 3.761535 4.942277 4.319508 3.756988 4.663492 -4.990721 4.750135 1.510354 4.183132 -4.099476 -4.178285 3.814279 -2.071145
434 1.5934608751 -3.957901 -3.032734 4.164157 3.542712 4.438836 2.625968 4.718664 -4.927908 4.779106 3.700070 4.681578 -4.418440 -4.704766 3.098445 -1.306131
435 1.5846137309 -3.964642 -2.235380 3.899251 4.431740 4.086224 3.258486 4.953449 -4.469502 4.491168 1.895839 4.722662 -4.838511 -3.794061 2.660556 -2.731536
436 1.5893795264 -3.974356 -2.170085 4.088636 4.940839 4.295678 1.995788 4.963782 -4.372306 4.774908 3.564503 4.994278 -4.000185 -3.478338 3.257489 -1.188215
437 1.5908293219 -3.974508 -2.322438 4.132674 3.607015 4.065861 3.075957 4.914793 -4.603328 4.158669 1.260572 3.354012 -3.772844 -1.582831 2.778791 -1.237814
438 1.5953770334 -3.945942 -2.748196 3.977424 4.914456 4.349414 1.962318 4.677835 -4.799341 4.769228 -0.023383 4.188771 -4.729565 -3.987737 2.969428 -1.693036
439 1.6046285151 -3.966746 -2.728908 3.734827 4.694598 4.050043 2.767887 4.630492 -4.600220 3.237471 -0.312634 4.958215 -4.438811 -3.620808 3.654327 -2.188864
440 1.5818271137 -3.955961 -2.726606 4.012586 3.897942 4.081560 3.517772 4.983044 -4.741489 4.166985 3.356868 4.615872 -4.397490 -4.465807 3.352907 -2.208022
441 1.6060698500 -3.991343 -2.659685 3.990619 4.726791 4.119839 0.828834 4.462811 -4.834111 2.596941 1.319281 4.890364 -4.910644 -4.512082 3.698768 -2.351153
442 1.5751058049 -3.970565 -2.706309 3.778486 4.654928 4.038861 2.215980 4.922744 -4.991136 4.871040 0.849451 4.781530 0.146915 -1.669030 3.296391 -1.984760
443 1.5832504069 -3.942895 -3.049553 3.800181 4.102810 4.163340 2.290462 4.580906 -4.496288 4.911680 2.434099 4.894021 -3.315511 -1.913966 3.029710 -1.035207
444 1.5872423349 -3.940397 -2.791457 4.058028 4.892828 4.362911 2.309094 4.909609 -4.952552 4.199152 3.078609 3.878139 -3.654733 -0.389798 2.962126 -1.182655
445 1.5752127896 -3.948334 -2.358903 4.151209 4.636213 4.407797 2.262483 4.992443 -4.691573 4.971501 1.510184 4.569420 -4.432285 -3.962039 3.737419 -1.133043
446 1.5802074606 -3.950653 -2.338230 3.993170 4.473500 4.264356 2.684397 4.934447 -4.702147 4.560974 3.631878 4.511201 -4.147177 -4.592453 2.941848 -2.150422
447 1.5662585340 -3.955681 -2.576452 3.997870 4.256802 4.184790 2.268064 4.931520 -4.631199 4.742059 1.752072 4.986019 -4.972276 -4.859305 3.431400 -1.739309
448 1.5800617826 -3.953697 -2.307244 3.815320 4.301102 4.298987 2.214883 4.830255 -4.955013 4.934470 1.577752 4.862267 -3.232732 -2.619101 3.116418 -1.625690
449 1.5784466883 -3.961958 -2.263704 3.889383 4.314313 4.322799 1.695843 4.950082 -4.859617 4.728552 2.120913 4.792656 -4.921118 -4.084698 3.139202 -2.207967
450 1.5994119430 -3.955942 -2.249562 3.871758 4.604388 4.210428 2.552179 4.937714 -4.802167 4.245587 2.007043 4.846241 -2.310235 -2.867608 2.984283 -1.785244
