evaluations raw_y x0 x1 x2 x3 x4 x5 x6 x7 x8 x9 x10 x11 x12 x13 x14
1 2.4047288895 -1.340323 -4.557371 1.574046 2.988574 4.623843 1.471381 -3.662025 2.813102 -3.004962 1.773600 4.785124 2.259868 -0.652099 -1.334623 0.253915
2 3.0450875759 0.027308 2.602036 -0.564398 -4.917486 3.463251 2.249589 2.649348 -0.174442 -3.913879 -4.360712 -4.189645 -1.820302 4.611979 0.511942 1.522514
3 1.9465256929 3.350745 -3.892730 1.943147 -0.868235 -3.757640 -4.702930 -4.744543 -0.610346 -0.225935 2.500095 -3.895326 -1.188299 1.713755 -0.189539 -3.228496
4 1.9697333574 2.116503 -2.358578 1.391178 -3.238049 -0.763527 4.073381 4.644649 -3.872264 -1.875023 -3.301565 3.655986 0.606364 -0.327839 0.085512 -1.284405
5 1.8027669191 -2.838041 -4.351334 -1.726626 3.136429 -0.491966 0.036557 4.047621 -4.928245 -1.983990 0.434424 -3.637938 4.649902 3.796480 1.095435 -4.704584
6 2.2905824184 -1.501347 -2.639484 -3.116664 3.877237 -4.599378 -4.976623 0.233878 0.544614 1.316085 4.227417 2.784293 -1.984309 4.089592 0.670056 4.954364
7 1.7835891247 -4.492865 3.346990 4.700985 -2.117895 1.214751 -3.224485 -0.217629 -1.747350 3.582921 3.049935 0.879612 1.735306 -3.850770 2.876054 3.035185
8 2.1641657352 1.574539 4.809901 -2.045293 3.295000 -1.438463 -0.698229 -3.045065 -1.552440 4.687494 -1.061623 2.652324 0.428859 -2.266314 3.670002 -4.415187
9 3.0044105053 -0.168981 4.295148 2.264170 -2.959914 0.551906 -2.722659 2.996830 -4.121660 -2.844318 -3.208548 -2.942167 -0.153690 2.335613 -3.832897 4.237970
10 1.7728990316 3.192676 3.527578 1.748955 3.662441 -0.920934 3.373635 -1.663874 2.382715 3.274585 -3.861470 1.253855 3.093701 -2.608692 -3.221288 -0.145385
11 1.7204134464 -4.279917 -1.145805 0.784876 -0.575515 4.367603 -1.377148 -2.856017 -3.136822 -4.845662 -2.161477 4.506814 -4.103956 -1.327655 -4.775469 -2.255607
12 1.9802154303 2.964997 1.436232 -4.074751 -0.316250 -1.945636 3.662921 3.819974 -1.966209 0.113852 -0.571048 1.505997 2.665057 -4.203588 -0.668655 4.074339
13 1.8913053274 2.098955 -0.245909 -0.397991 1.429627 1.248924 0.828737 0.039645 -4.740885 1.883661 4.002376 2.294636 3.983392 -4.430940 -1.531558 3.577053
14 2.9844636917 -0.772254 -0.411416 -2.459649 2.513776 2.628638 1.939867 -3.699370 0.230760 -0.594375 1.043006 -1.990352 -4.169288 3.106881 -2.590213 -0.497269
15 3.5126388073 0.870561 2.921308 2.542757 4.408577 -4.051086 -4.278796 4.868167 1.006785 1.217356 3.321956 0.465768 -4.934946 4.451290 -1.727900 -3.917817
16 1.8206962347 2.598813 -2.040744 -1.228309 -3.767248 -4.860960 4.289606 -1.122000 -1.415829 4.870356 -4.784911 -4.951902 1.547722 0.500960 -1.917926 -0.045917
17 1.8873363733 3.572308 3.857689 4.554288 0.920746 3.685876 0.424465 4.208496 3.081832 -3.719706 -0.914414 -2.681457 2.925670 -3.977419 -4.843926 2.029131
18 2.8006057739 0.617915 -3.794050 -2.830230 -1.531501 -2.224235 -2.973164 2.490530 1.530064 3.120037 -2.986482 -0.602140 -4.382034 -4.567225 3.025780 4.515508
19 2.0345783234 4.442208 4.570540 0.442202 1.782321 -2.833887 -1.605203 -0.411465 2.078786 -1.313153 2.140078 -0.452690 -2.931512 0.801482 0.203123 2.750123
20 2.5990083218 -0.914590 -2.281097 1.204871 0.256572 3.408014 1.086092 -4.511475 -0.893403 4.417919 0.106321 -0.933558 4.439288 -4.839884 3.506422 -4.791753
21 2.0450432301 -2.470680 1.724020 4.194434 1.621047 -1.597519 -3.546533 1.522028 -1.064968 -4.500657 1.550027 -3.256626 0.800891 -1.075129 -0.842414 -3.449728
22 1.6912536621 4.632967 0.521052 -4.963111 4.786553 1.782547 1.302348 -4.833870 2.678254 2.683820 3.798039 3.443297 2.024382 2.263974 1.973146 3.248452
23 1.7990050316 -3.158777 -0.692706 -0.854431 -1.689439 0.894662 -1.161907 1.968110 4.806599 -0.929009 2.714298 -3.722110 -3.109951 -3.323403 1.279310 -2.397736
24 1.7455360889 -3.517165 0.166426 0.135922 -4.192861 -4.158792 1.807124 3.117208 -3.903439 -2.736095 -4.715547 0.627750 -0.896915 -0.367285 -3.448138 -0.805372
25 1.6740618944 -3.257388 0.884551 3.524923 2.199729 4.159529 4.746481 -3.975089 3.384287 2.065209 3.536411 1.724938 4.972933 -1.830931 2.320427 -0.583776
26 2.0578408241 3.838067 -0.839311 -2.637096 -3.217309 -4.385729 2.465680 -4.281006 1.788424 -1.008186 0.181300 -1.130395 -3.310291 0.265152 1.583290 -4.308868
27 3.1007921696 0.273600 0.700695 -3.389290 -1.287420 2.017029 -0.832071 -2.369856 3.698092 -4.264353 4.608994 -1.820686 4.145682 -3.021792 1.851401 1.805415
28 1.9252142906 -2.055697 -3.249746 3.333563 -3.529039 0.081624 2.739366 2.256560 -3.306080 0.520641 4.963615 -1.280409 2.462607 2.674454 4.476682 4.708664
29 1.7938839197 -4.819544 -3.525469 -1.196308 2.048389 0.328064 -3.126453 -2.043778 -0.386446 -2.237975 -2.107340 0.327492 3.681244 1.146555 -3.369542 -3.847582
30 1.8532593250 -3.724678 2.156226 4.820424 4.150368 -1.218147 4.492851 -0.983030 3.949437 2.894841 -0.433298 2.026397 -1.545488 0.718457 3.396789 -2.073582
31 2.6712307930 -1.807899 -3.097566 -4.112857 -1.958052 2.970069 -3.926115 -3.410249 4.573359 -3.263176 -4.270866 2.445841 -1.365403 -2.374189 -4.202568 0.567579
32 1.8622641563 4.212986 -1.631388 -1.464654 0.618585 -0.139113 -0.462868 -2.679323 0.907090 3.881325 2.970171 -4.602810 1.057998 -0.102105 4.711061 2.540842
33 1.8532819748 -4.034546 4.350371 -3.583443 -1.083024 -2.650824 -2.203178 3.294510 -2.254555 3.989404 -3.561538 3.094789 -2.482378 1.365717 -1.178640 -3.185644
34 2.4510641098 1.198395 4.009868 3.215450 2.630771 1.626504 -2.356564 1.176653 -2.881047 1.569349 -1.247173 3.951656 -0.053382 1.995101 4.233098 2.795466
35 2.5772664547 -1.004185 -2.792142 -2.300835 -2.684005 4.110119 -1.836814 -2.258336 -2.537721 4.276560 -1.588448 -3.188377 3.395209 1.469574 -3.921960 3.700817
36 2.4395253658 2.472830 -4.974204 -4.548443 0.057404 -1.751556 0.267733 0.992768 3.460441 -4.678202 1.248180 4.146649 -0.678453 4.868866 -0.337469 0.897570
37 1.9319170713 -2.302902 -1.308960 -0.248987 4.606057 -3.141862 2.810997 -0.604666 1.270285 2.470046 4.464542 -4.414956 -2.279691 -3.461576 -2.253748 1.001301
38 2.3415606022 1.699902 -0.001769 -4.669096 -2.522791 3.001963 -1.916240 4.442643 4.181544 -2.472677 2.064924 -0.025394 -0.467972 -2.879642 -2.530762 0.407529
39 1.8825592995 3.989182 3.156869 2.925993 0.548465 2.325089 3.032286 -1.725014 4.495139 -0.047624 -2.518153 -0.259498 0.269697 4.126995 -4.388334 -1.659757
40 3.0382564068 -0.368470 -1.772553 -0.093639 3.951418 2.380882 -3.715890 1.716941 -4.353504 -3.610007 -0.301564 3.821205 1.431616 -1.489038 4.852129 -2.784454
41 1.6957182884 -4.667830 1.529623 3.812032 -4.498755 -2.553751 -4.482635 -1.291703 2.289006 2.151542 -2.680362 4.754006 -3.840082 2.832290 -2.797206 -2.593912
42 2.3550720215 1.268658 2.535009 2.576327 -4.570491 4.995577 3.693823 3.615378 -3.595829 -0.472411 0.622828 -2.398928 -3.556798 -1.994961 4.064026 -1.139797
43 2.3871779442 -2.675187 1.912763 -3.810717 -0.487348 -3.324516 4.815456 0.382160 0.764392 -1.562406 -1.688471 -1.575391 3.631928 -0.883659 0.895908 -1.691638
44 3.0463829041 0.448212 -4.318069 0.734896 -4.046645 0.709023 0.713064 1.367260 -2.670580 0.629450 -3.934390 1.162656 -2.575083 3.239569 2.765430 1.441866
45 1.9578502178 4.915238 1.175581 3.913465 1.172985 -3.449403 -0.226759 0.609470 -0.084261 0.797879 0.808142 -2.160721 -4.611870 3.514082 2.482413 2.239611
46 1.8731647730 -2.904521 3.201581 3.377276 -0.749322 4.449771 1.803158 -0.391678 1.201221 4.837045 4.400504 -1.204051 0.953796 1.345874 1.418060 -4.073508
47 1.8779617548 -3.126787 -0.245411 1.574471 4.056101 3.757847 1.752910 -1.562260 1.379354 -1.994144 0.081917 0.356302 3.371673 2.653937 4.312415 0.731947
48 1.8296109438 -3.380182 -3.475553 4.426524 -1.538003 4.299718 1.918270 0.264634 -0.851937 1.601942 0.572020 1.112880 1.728257 2.702787 -2.186177 1.805485
49 1.7587988377 -3.277227 -3.177057 3.908606 3.792349 4.807720 3.386096 -4.549993 0.981782 2.443474 2.395605 -0.294647 2.778520 -4.431477 -0.787209 2.237335
50 1.7585945129 -3.409633 -3.067791 3.611808 -0.419947 2.337939 3.775076 -3.864680 -1.319302 1.082409 3.172495 0.686352 4.327238 1.323364 2.841296 3.214129
51 1.8145045042 -3.576584 1.149847 0.738523 2.332566 -0.448018 2.304172 0.304526 3.941232 1.531194 4.292574 2.574575 4.646708 2.965644 -2.011392 -3.765772
52 1.7259454727 -3.217121 -1.811381 4.088857 -0.831683 3.152266 0.530392 -2.245710 4.303220 -2.655695 3.378961 4.845104 4.520858 -3.632156 3.576744 0.297211
53 1.8142535686 -3.599930 2.416369 2.179935 1.347703 1.652540 1.809301 -1.714788 2.155552 0.039178 4.841424 3.103706 0.282359 -3.839835 -0.245366 1.794527
54 1.7593908310 -3.560539 -2.142968 4.053846 0.788203 3.669994 4.948474 -4.473884 2.204316 1.688558 4.132702 -2.802579 4.330624 -3.240395 -0.715605 -4.031129
55 1.7334794998 -3.620021 1.854084 -0.054030 3.972411 2.039660 2.548259 -1.207686 0.519437 -1.831300 4.252148 4.398721 0.684000 2.664125 4.351784 0.827878
56 1.6732771397 -3.371938 0.305966 0.801167 2.627255 4.305744 -0.087260 -0.455994 0.169733 4.889973 4.298866 -2.441827 3.670182 -3.973384 4.640796 0.386953
57 1.7335019112 -3.173354 -1.400133 2.084273 4.755037 2.388933 2.808652 0.313551 0.156492 3.460771 3.471435 1.024488 4.224205 -4.804166 2.877383 0.607050
58 1.7408882380 -3.022886 0.032997 2.192802 -1.287119 3.818442 4.980085 -4.496787 3.801000 3.475785 4.026193 1.228914 1.348005 -2.031428 -2.168603 0.769110
59 1.6242583990 -2.884615 3.094402 4.491143 2.578806 4.215795 3.552863 -4.612833 1.642060 0.892604 2.764092 -1.146755 4.889123 -0.314747 -1.729711 -1.541592
60 1.6523556709 -3.466757 3.201262 -0.053330 2.752617 2.297924 3.948698 -0.755811 0.188278 -1.581997 2.011412 -1.048630 3.929886 -4.101193 4.016748 4.050190
61 1.6780883074 -3.202787 4.113484 1.366795 2.188515 4.006608 2.514245 -4.851370 -2.755935 0.558314 3.547820 1.744210 2.290243 1.677307 2.574149 2.668727
62 1.9389426708 -2.892542 4.202116 4.277093 -1.981658 3.430165 4.682575 -3.889907 3.886244 1.432988 3.148594 -4.609971 0.352128 -2.311948 -1.198179 0.160035
63 1.7821309566 -3.225543 4.968662 4.896467 3.815576 4.489724 4.932309 -4.405121 -1.438724 1.230980 1.676909 -1.716544 4.442927 -4.957341 -3.026697 3.219330
64 1.7438414097 -3.182606 0.164455 2.683450 -1.718825 4.909691 3.251657 -2.926064 -1.053791 -0.415399 3.787745 1.733811 4.622927 -2.771491 -3.461288 1.434043
65 1.8921831846 -2.974174 1.241598 3.196683 -0.601111 4.717323 4.172424 -4.941608 -3.192533 2.462706 4.508293 3.807658 2.706413 -3.937513 -0.019089 -4.619679
66 1.9208437204 -2.587493 4.819099 3.141975 4.818818 2.595966 4.556463 -3.491660 -1.718740 4.063556 4.625676 -0.054336 3.879662 3.211739 3.211266 -3.939377
67 1.7682001591 -2.824663 4.477182 4.384280 -1.694155 -0.246329 -1.084155 -2.743187 4.355250 0.958861 4.955211 -3.836577 -0.031994 -4.051148 3.213958 2.899388
68 1.6846749783 -2.841899 1.393804 1.539538 3.590189 3.590169 -0.246845 -4.816148 1.584429 1.649318 3.841807 -3.406966 4.767896 -1.326580 -4.723574 2.996026
69 1.8941986561 -2.548881 4.981031 2.517220 3.385971 0.231975 3.948370 -3.124529 -0.987790 -3.888170 4.906195 -1.795003 3.078610 2.482171 -2.916248 2.115023
70 1.6973986626 -2.743190 1.851239 1.357513 4.047212 4.050218 0.410367 -4.423827 3.238581 -0.509977 3.634345 -1.763313 2.493706 3.275834 -2.125326 -4.295353
71 1.7607500553 -2.951371 -0.738564 0.363906 0.915208 0.803481 1.544895 -4.735027 4.126621 1.748755 4.674885 -0.267836 4.444335 -1.830354 -0.180475 2.367582
72 1.8181566000 -2.694676 -0.876309 3.696034 4.906995 4.995335 0.522125 -0.126123 1.520604 1.070703 2.544778 -3.647579 3.995956 -0.211960 -2.100198 3.335031
73 1.7450941801 -3.149028 0.914794 1.333669 2.289683 4.474260 0.138860 -2.414961 4.742680 -1.769351 3.717242 0.318791 3.215315 -0.627747 2.914347 -4.866543
74 1.6116304398 -3.022258 2.584081 1.049813 4.899093 1.303375 -0.443337 -4.817853 -2.853447 -0.496855 3.200295 -2.828714 0.023122 0.661834 -0.453538 -2.871395
75 1.7858501673 -3.230162 -0.610159 3.749388 0.627291 -0.320105 -0.639681 -3.711726 3.112743 3.105773 4.836476 2.111300 0.311741 2.410908 -4.214189 1.768297
76 1.8199560642 -3.278818 1.504044 3.458367 3.826128 -2.121324 -3.842639 -4.182755 0.926628 -0.209848 1.215559 -0.855543 -1.515431 2.907356 -2.902147 -1.826806
77 1.7767598629 -3.185838 1.213843 4.099968 3.605457 -3.587455 0.417839 -2.881469 -1.169360 -3.466691 3.921841 -3.224085 -3.281870 -2.206002 3.883796 0.988690
78 1.6366695166 -3.037993 0.206325 1.492689 3.623303 1.303751 2.836966 -3.543613 -4.951586 -3.130732 4.483313 -2.696823 0.141326 3.250853 2.917464 -2.582963
79 1.5973135233 -3.336001 1.490342 -0.191185 3.907005 4.339306 0.684199 -0.824952 -2.364338 -4.615902 2.630636 0.667935 0.673570 1.074866 -4.977894 0.358890
80 1.9283095598 -3.265232 -1.768898 3.219384 3.342302 -3.362517 2.150469 -3.423835 0.429260 -4.402766 1.771266 -3.933210 -1.980693 1.679054 -4.394478 -3.855218
81 1.6805504560 -2.997552 0.784376 4.302403 2.543383 2.774437 3.003339 2.882621 -3.985565 -0.533615 2.449642 4.614117 2.598991 1.714062 -0.000789 -0.119848
82 1.7650862932 -3.697042 0.737573 -3.655992 -0.306140 4.033479 -0.467899 4.022770 -3.677403 -0.968439 2.362797 -1.136794 -3.077183 0.290065 -0.543485 4.431982
83 2.0032565594 -3.648108 3.715781 1.558074 4.514747 -0.342491 -3.218687 -2.660542 1.425393 -4.635171 0.345882 -3.882435 1.847315 -1.388753 -2.303107 2.992255
84 1.7555831671 -3.723541 -3.226690 -3.037439 -0.369313 4.216164 -2.371489 0.275342 -3.893879 -3.059651 3.837095 -2.904152 -4.129900 1.851276 -1.059029 3.844632
85 1.8902288675 -3.692794 -2.707391 -4.674126 3.843132 4.591981 -3.251677 -4.066189 -4.333830 -4.461494 1.902409 -2.480474 2.876643 2.213109 -2.356723 -4.300910
86 1.6289131641 -3.569440 1.802951 0.012554 4.244539 1.639071 -3.262509 4.211891 -4.469937 0.200569 3.400512 3.127485 3.453583 0.989998 -2.620247 -3.948749
87 2.1042160988 -3.324678 -2.754748 -4.066625 4.307272 3.408194 -0.693514 0.614231 -0.227471 -3.952737 2.852841 3.759121 4.357669 3.022951 -1.197333 2.346026
88 1.7998213768 -2.998255 -3.155256 3.701187 2.405298 -0.318344 0.584167 -0.948149 1.189622 -4.869205 1.534077 3.867135 2.319149 0.185599 -3.500058 -2.570538
89 1.6171694994 -3.120115 0.894281 1.524522 3.860241 4.608213 2.113333 -2.695780 -0.571109 -0.436674 3.088775 4.678361 1.608338 3.219804 -4.143988 0.272087
90 1.7931184769 -3.657932 4.861113 0.194344 3.537871 3.318842 -4.330826 -2.760487 -3.267910 -3.383766 3.223045 -2.585043 -2.230384 2.969308 -3.051307 -1.256827
91 1.8528788090 -3.697131 -1.587609 -0.151517 0.086488 3.706757 2.347709 2.547049 -4.700710 -2.939658 4.728565 -0.154573 -0.090846 -3.556069 -4.410252 -0.680315
92 1.6415879726 -3.010612 0.415265 -0.380826 3.484549 -0.166223 1.854968 4.103804 -1.198984 -4.940539 4.861375 0.663451 -3.983777 1.941257 -3.905356 -0.808254
93 1.6937897205 -3.697826 2.221561 -0.420713 4.058567 4.610911 4.455998 4.206620 -1.674790 -2.900258 1.716277 -4.087260 0.457605 -2.772252 -1.005137 -1.283219
94 1.6673972607 -2.986696 -2.784152 -0.058185 0.237926 0.293801 0.461952 1.336983 -3.204065 -2.089768 2.870031 4.882911 -3.925468 2.476250 -1.928962 -3.176808
95 1.7896559238 -3.380633 -1.307238 -1.286370 -0.233230 2.193291 4.208076 3.603229 -3.970271 -4.092862 4.388750 -4.422178 4.648045 1.824694 -0.511100 0.049591
96 1.7541075945 -3.413622 1.179846 -0.757741 3.650526 3.334328 1.276995 0.869201 -4.676090 -3.476278 1.082105 0.799879 -0.799701 3.208657 -4.100351 1.355419
97 1.7172168493 -3.493303 2.291353 -0.175148 3.051426 3.116588 2.034408 -2.401686 -4.718108 -3.123255 1.369438 -0.311241 0.147341 2.406650 -4.420864 -1.788160
98 1.7466225624 -3.312617 0.224507 -1.457857 2.701170 1.939674 0.827647 1.530499 -4.124187 -2.951430 1.612689 -0.881212 -1.225745 -0.326293 -2.583325 -1.174454
99 1.7312444448 -3.185575 3.686689 0.758810 4.590867 2.595207 0.106015 -1.351362 -2.376140 -2.781744 1.297118 -1.086400 -1.170686 2.651579 -2.628600 -1.089513
100 1.6751360893 -3.208336 0.868276 -0.577548 3.527747 1.930728 0.776746 -0.667444 -3.054598 -2.213400 2.096288 1.138168 -1.346086 -0.952000 -4.253717 -1.685322
101 1.6742734909 -3.459197 2.716428 -1.213414 4.378662 4.544750 0.007017 -0.548722 -1.220867 -3.408038 3.673612 1.558771 -1.114225 -0.970879 -3.325932 -1.578145
102 1.7609639168 -3.300993 2.368165 1.066704 4.272390 3.300110 3.336302 -0.485174 -1.103728 -4.773794 3.547042 0.012723 2.200822 -0.143673 -4.999414 -1.133256
103 1.6105922461 -3.292884 1.547973 0.505988 4.056544 4.986572 -0.501113 1.790510 -4.028555 -4.228707 3.694914 2.810629 -0.682943 -0.575773 -4.212909 -1.694629
104 1.6587046385 -3.224552 2.050042 1.196955 4.160371 3.831335 1.702749 1.472630 -2.137213 -3.683042 3.259155 0.928097 3.199841 -1.302305 -4.661410 -1.620192
105 1.5966851711 -3.448120 3.751448 1.189474 4.474712 3.580750 1.378202 -2.222217 -2.002959 -3.581625 2.715748 3.269735 0.234256 2.644250 -3.165618 -0.944171
106 1.7922835350 -3.590278 3.824358 2.262115 3.593975 3.183765 1.529918 -2.623151 0.512068 -4.398881 1.790697 4.870465 -1.982713 4.845849 -3.546133 -1.723490
107 1.6492588520 -3.273402 4.544804 0.566895 4.750146 4.974692 0.461546 -2.355534 -3.556474 -1.916042 3.724632 3.121667 -1.061724 2.291367 -2.011664 0.835669
108 1.5814298391 -3.561712 1.781032 0.657691 4.234586 4.379160 1.038220 0.020295 -2.480662 -3.001336 2.372073 4.648733 2.080923 4.468516 -4.253258 -2.906720
109 1.7301956415 -3.353499 4.813740 2.507275 3.981994 4.595654 2.527338 -3.633529 0.426268 -3.949326 4.010956 3.298146 -0.447548 3.044387 -1.824446 -2.647509
110 1.7156934738 -3.334554 4.970271 1.265792 4.867790 1.330744 -0.259856 -0.489817 -2.456919 -3.968528 2.470809 2.482827 -0.924521 1.759051 -0.701113 -1.848433
111 1.7280617952 -3.375908 -0.225801 0.786089 4.797559 1.972310 -0.744279 -2.235517 -4.378112 -3.268614 2.536772 4.174009 1.845868 2.123692 -2.932196 -2.163920
112 1.6060676575 -3.442983 3.556785 0.888779 4.015043 4.686351 -1.536706 1.952630 -0.304139 -0.688671 2.374487 2.619703 0.251519 4.346947 -2.342935 -2.446976
113 1.9110082388 -3.413796 -0.090477 2.024028 3.498118 3.454410 -0.789024 2.261021 -2.973990 -1.320423 3.580814 4.938832 2.489708 3.541125 -4.348259 -4.989479
114 1.8325722218 -3.604785 3.507068 2.085275 4.990235 3.205441 2.253617 1.436906 -3.174510 -1.145135 3.204017 4.770399 4.311720 2.129607 -2.862821 -4.311876
115 1.6751438379 -3.406373 -0.345898 1.450280 2.751568 4.355788 0.023492 -1.600890 -4.624994 -4.520276 2.739827 2.370107 1.712541 4.355295 -2.306621 -3.554033
116 1.6795772314 -3.568526 3.727961 0.112625 4.993020 4.780997 -1.461665 0.142945 -3.669678 -2.996842 2.661474 2.525311 4.295481 2.665371 -2.435510 -2.829910
117 1.7201436758 -3.545604 4.140241 0.176728 2.411305 4.882425 -0.791904 1.032974 -4.896478 -4.659821 3.721810 2.585428 4.557800 3.023264 -2.531300 -4.854943
118 1.6835137606 -3.526573 1.455638 1.497750 1.783296 4.354024 1.154441 0.003697 -0.226606 -1.213549 3.641036 4.521326 -0.154645 4.484297 -4.168702 -1.131835
119 1.7501478195 -3.739235 -0.588433 -0.106509 4.830889 2.597777 0.612975 -2.449942 -0.974001 -3.583426 3.496871 2.463365 3.435652 3.322092 -2.724063 -2.903950
120 1.6433961391 -3.407769 1.629807 -0.178111 4.673623 4.798623 -0.385314 2.435109 -0.134318 -4.665221 2.908409 3.750623 1.976655 3.848974 -4.123683 -3.031669
121 1.6546809673 -3.398653 3.906443 -0.390433 4.041119 4.922916 3.168683 1.841955 -1.872983 -3.972737 1.907369 2.633160 0.669901 3.180314 -3.691333 -3.240641
122 1.7724186182 -3.733772 3.519104 1.025089 4.361804 2.660146 -1.157837 1.627251 -0.152921 -1.543698 1.252360 2.769045 2.096246 4.292216 -3.805334 -1.492005
123 1.6736383438 -3.385837 2.359010 -0.468222 4.252081 1.993730 0.433498 -2.074015 -0.774883 -2.070054 2.299591 2.205950 4.210616 3.580482 -4.744539 -1.007724
124 1.7490438223 -3.387363 0.856151 -0.110883 1.998444 4.830403 -0.416290 -0.163623 -1.263364 -2.551752 3.759897 4.856524 2.964912 2.273929 -4.802035 -0.759180
125 1.6698596478 -3.725074 0.174571 0.763020 4.000684 4.777394 -0.299265 2.605254 -4.602589 -4.691729 1.126369 4.013374 0.643680 2.043419 -3.259991 -4.800105
126 1.6320661306 -3.482635 1.777415 0.084960 4.703584 4.016456 1.658057 0.388230 -2.852032 -2.107056 2.402107 4.958677 1.455791 4.911682 -4.969232 -1.727212
127 1.6368293762 -3.481803 1.486988 0.563298 3.630957 4.058461 0.135747 -0.409357 -1.906049 -1.740839 2.268218 3.530422 1.871181 4.867004 -4.876721 -3.395441
128 1.6961951256 -3.497951 2.239267 0.085638 2.984638 4.790897 0.376956 -0.932071 -1.883749 -1.781165 2.504493 4.506799 0.834804 3.984086 -3.339370 -3.432093
129 1.6534466743 -3.577415 2.441447 0.010168 3.127966 3.638116 0.698518 0.894253 -2.280660 -2.535778 2.783497 3.945953 2.478433 4.431603 -4.111977 -3.488919
130 1.6112153530 -3.650514 2.529096 0.724709 3.755144 4.910500 0.861819 0.200906 -2.191491 -1.950443 2.133185 3.949612 1.160183 3.836904 -3.573407 -3.055824
131 1.8896551132 -3.662365 1.701282 0.417969 4.525590 3.368502 1.813406 1.229472 -3.347222 -3.853518 2.574092 4.220603 0.884422 3.913566 -3.595719 -2.798774
132 1.7080025673 -3.531395 2.797753 0.607586 3.762062 3.992981 1.660144 -0.369205 -2.129453 -2.570277 1.737032 4.664194 1.114212 3.362506 -4.852549 -3.381718
133 1.6410460472 -3.525198 1.082306 0.652175 4.635582 4.619039 1.800927 0.195195 -2.585657 -1.975576 1.902498 3.434070 1.331874 3.159519 -3.670281 -3.031373
134 1.7072799206 -3.549122 2.561389 0.244179 4.975355 4.575333 1.007955 -0.721535 -2.737404 -4.209342 1.914441 3.822491 2.866418 4.474789 -3.806069 -3.470036
135 1.5043962002 -3.493673 0.868834 0.078291 3.935312 3.586481 1.557414 0.187529 -2.711598 -1.863675 2.577255 4.131522 1.734765 4.710304 -2.970405 -2.143357
136 1.6329700947 -3.396255 0.954537 0.617466 4.722844 4.404994 1.008511 -1.076152 -2.939127 -1.457334 3.393193 3.109326 1.857145 3.706981 -3.431795 -3.231929
137 1.6600939035 -3.403083 0.653787 -0.121211 3.817344 2.335214 2.489053 0.342667 -3.214068 -2.683839 2.475591 3.566136 1.763227 4.516958 -2.499006 -1.513357
138 1.5931711197 -3.442090 1.792344 0.405174 3.925118 4.802320 0.514153 0.769784 -2.980546 -2.427973 2.468495 4.788101 1.203546 3.687580 -3.190006 -2.157843
139 1.6797409058 -3.457197 0.543396 -0.531745 4.351892 4.619453 0.405800 0.035409 -3.219017 -0.814603 1.906627 4.214755 1.433071 3.561562 -3.173818 -3.081112
140 1.6191121340 -3.399955 0.785676 -0.237099 3.137255 4.564243 1.479392 0.053932 -3.523674 -2.327187 2.711377 3.107579 1.674527 4.349757 -1.725784 -2.879650
141 1.6793292761 -3.564474 0.557344 -0.183997 3.025746 2.796193 0.526018 1.123005 -3.763966 -1.523447 2.538014 3.800126 1.971237 4.251863 -2.051325 -1.145197
142 1.5344388485 -3.437096 0.346992 -0.579861 4.576839 4.514954 1.144232 -0.805702 -1.736562 -1.533744 3.134006 3.735316 2.554676 4.554867 -2.726578 -2.404666
143 1.6503028870 -3.423262 1.822332 0.305728 2.888155 4.763567 1.732532 0.962165 -1.759363 -3.010435 3.026542 3.421140 2.025699 4.002940 -3.554577 -2.060943
144 1.5750691891 -3.519224 0.544034 0.265362 3.641741 3.731045 2.089597 0.682043 -3.882062 -3.025451 2.257089 3.719017 1.210809 4.530468 -1.856775 -2.095422
145 1.6198797226 -3.412281 1.401164 -0.128587 3.967423 3.268572 0.373387 -0.668083 -2.669512 -0.750119 3.197060 2.931070 2.723797 4.878231 -1.941839 -1.693500
146 1.6639566422 -3.454229 -0.071024 0.176349 2.918048 3.791259 2.125362 1.387919 -3.819466 -1.782882 1.983159 4.982733 2.929845 3.728604 -2.455620 -1.209154
147 1.6171026230 -3.432843 1.352697 -0.288151 3.342929 4.188510 2.218202 0.377636 -3.596938 -0.701197 3.313535 3.847947 0.586830 3.470953 -2.676927 -1.079784
148 1.5547517538 -3.561161 -0.022038 0.216262 4.053140 3.607229 1.955231 0.734070 -2.676133 -1.226991 3.122173 4.281105 1.081008 4.437361 -1.791816 -2.691701
149 1.6112533808 -3.496508 1.691148 0.421373 3.229249 4.446571 2.079097 -0.899937 -3.866740 -1.744659 2.787707 3.492212 1.482330 3.951129 -2.124428 -1.338002
150 1.6394976377 -3.468379 -0.203852 -0.265940 4.831184 3.863569 2.733171 -0.618184 -1.942830 -0.873394 3.308181 3.391855 0.826105 3.612200 -3.994578 -1.239796
151 1.6172579527 -3.542017 0.792853 0.047943 3.411119 3.854864 1.064799 0.231152 -2.231675 -1.798830 2.530940 4.362233 2.108339 4.959493 -3.033136 -1.932416
152 1.7535250187 -3.495858 0.896182 -0.071168 3.677735 3.513109 1.070369 -0.009814 -2.733335 -2.326960 2.641435 4.011104 2.086989 4.599470 -2.756627 -2.489703
153 1.6421307325 -3.487023 0.965038 0.080425 3.390322 4.162032 2.010594 0.690771 -2.441111 -1.269726 2.291946 4.634701 1.719210 4.061175 -2.931464 -2.491303
154 1.5728123188 -3.448561 1.277443 -0.041072 3.522713 3.577822 1.780889 0.406353 -3.154227 -2.066141 2.849172 4.743507 1.112010 4.980291 -3.034695 -1.630227
155 1.5647205114 -3.491138 1.128202 -0.048705 3.817359 4.010565 1.677768 0.602160 -2.710561 -1.358637 2.668734 4.123376 2.226788 4.954080 -3.090628 -2.417214
156 1.5097839832 -3.469237 0.288443 -0.081778 4.345856 3.773913 1.005980 0.414730 -2.289509 -2.345065 2.587378 3.760445 1.723112 4.634291 -3.062668 -2.357239
157 1.6137250662 -3.527875 0.384095 0.197223 4.052828 3.093626 1.422292 0.582395 -2.285937 -1.503927 2.421875 3.507877 2.013888 4.999162 -3.423128 -2.667764
158 1.5936475992 -3.533204 0.872775 0.241609 3.725356 4.201463 0.995751 0.676857 -3.306443 -1.724065 2.185615 4.067240 1.404918 4.127831 -2.729736 -2.198775
159 1.5385077000 -3.443159 1.182075 0.161601 4.325724 4.212058 2.109011 -0.021942 -2.169026 -2.158686 2.459296 3.901949 1.351787 4.452727 -2.757137 -2.184517
160 1.5514248610 -3.489291 0.617108 0.050434 4.369198 3.981114 1.018842 0.520155 -2.998264 -1.889825 2.524724 4.573145 1.759242 4.981880 -2.366617 -2.436698
161 1.6263331175 -3.450682 1.183801 0.267922 3.726715 3.013744 1.143548 -0.476397 -2.080151 -2.114590 2.475392 3.899270 2.364375 4.985555 -2.981844 -1.678488
162 1.7280687094 -3.454924 0.554064 -0.181496 3.526124 3.660078 2.124345 0.252739 -3.298093 -1.715962 2.676235 4.246329 1.733392 4.372684 -2.530309 -2.674483
163 1.6299743652 -3.529131 0.243244 0.321881 4.497973 3.025727 1.471791 0.083927 -2.752730 -1.757971 2.229082 3.591435 1.376393 4.375985 -2.889776 -2.250146
164 1.5353496075 -3.478887 0.860735 0.155014 4.413983 3.968578 1.108908 -0.472102 -2.421601 -1.251434 2.817627 3.903270 2.177317 4.952204 -3.266784 -1.645778
165 1.5744471550 -3.456496 0.461624 0.343179 3.660142 4.167277 1.588634 0.033787 -2.720903 -1.545573 2.531282 3.846613 1.731588 4.722167 -2.958330 -1.839113
166 1.7338634729 -3.479257 1.119380 -0.022992 3.994458 3.549284 1.337696 0.005821 -2.806264 -2.043676 2.731654 4.104210 1.975069 4.674908 -3.199315 -1.937695
167 1.5268658400 -3.473939 0.573735 0.125835 4.117638 3.619926 1.586719 0.479284 -2.897071 -1.871420 2.466989 3.807559 1.814081 4.521229 -3.069378 -2.406978
168 1.7506755590 -3.483271 1.177220 0.202254 4.025479 3.407542 1.767062 0.379672 -3.022793 -2.057832 2.640533 3.953390 2.017518 4.841627 -2.801808 -2.310388
169 1.5355803967 -3.500443 0.824171 0.161495 3.951253 3.886563 1.256776 -0.143694 -2.566139 -1.955819 2.494927 3.886268 1.961822 4.943927 -2.696360 -2.286908
170 1.5043962002 -3.481291 0.954946 0.196664 4.218197 3.618193 1.466279 -0.093253 -2.802575 -1.649903 2.590005 3.825699 1.585158 4.616879 -2.846448 -1.907186
171 1.5268658400 -3.493699 0.869764 -0.066875 3.981162 3.647087 1.551584 0.218391 -2.675843 -2.065337 2.759049 3.850288 1.783941 4.493369 -2.927668 -1.948831
172 1.6065292358 -3.484871 0.710578 0.194319 3.970781 3.861374 1.317653 0.411204 -2.910413 -2.164793 2.378212 4.160790 1.896240 4.777382 -3.249561 -2.181927
173 1.5363998413 -3.506241 0.708339 0.167856 3.835352 3.790597 1.609900 0.304569 -2.456666 -1.600924 2.767956 4.098392 1.583807 4.887936 -2.882787 -2.134028
174 1.5280934572 -3.514368 0.730550 0.087714 4.010088 3.882109 1.490375 0.305452 -2.496117 -1.587189 2.595975 3.843921 1.415361 4.680286 -3.160690 -2.157295
175 1.5335363150 -3.472512 1.155318 -0.037550 3.738237 3.592525 1.237757 0.187852 -2.802643 -1.716391 2.772073 3.826025 1.588142 4.534228 -2.715417 -2.284139
176 1.6016852856 -3.486921 1.179134 0.187935 4.049266 3.330150 1.457954 -0.103350 -2.954970 -1.925086 2.645999 3.926531 1.715845 4.712307 -3.217637 -1.968175
177 1.5363998413 -3.476892 1.033193 0.153164 3.900820 3.750756 1.489290 0.513393 -2.856623 -1.739749 2.699961 4.056194 2.005217 4.888595 -2.884708 -2.131500
178 1.5289129019 -3.491048 1.122399 0.043235 3.939456 3.783933 1.270655 0.030907 -2.474745 -1.739193 2.639400 4.079088 1.678931 4.699506 -3.070501 -2.134743
179 1.6532942057 -3.509376 0.880054 0.058365 3.760174 3.738797 1.837660 0.196272 -2.788901 -1.907812 2.432920 4.210498 1.466753 4.707115 -3.129549 -2.133480
180 1.5939631462 -3.479174 1.040613 0.044851 4.128543 3.259673 1.760164 0.187321 -2.707939 -1.849441 2.677357 3.898785 1.468826 4.561633 -3.282681 -2.153509
181 1.5335363150 -3.482043 0.855496 0.070425 3.784930 3.584996 1.585267 0.253917 -2.711060 -2.002917 2.508881 4.042253 1.666573 4.703600 -2.901539 -2.116915
182 1.5043962002 -3.487715 0.832575 0.069109 4.007771 3.634808 1.489863 0.333677 -2.741519 -1.717474 2.591023 4.017188 1.805351 4.758409 -3.019179 -2.113819
183 1.5289129019 -3.494132 0.801310 0.043716 3.831837 3.656504 1.408769 0.194723 -2.792549 -1.871077 2.662438 3.995013 1.822083 4.762732 -2.839778 -2.226617
184 1.5289129019 -3.504731 0.920565 0.088131 4.043374 3.726444 1.607742 0.269325 -2.648602 -1.938655 2.528068 4.026736 1.740523 4.720348 -3.068563 -2.260271
185 1.7391412258 -3.501318 0.746319 0.055514 3.859625 3.498005 1.712877 0.292570 -2.836917 -1.814811 2.503532 4.033982 1.781022 4.867775 -2.947868 -2.133774
186 1.6073486805 -3.499943 0.991618 0.058767 3.994334 3.711482 1.640502 0.206966 -2.615802 -1.884942 2.510295 4.164075 1.828207 4.681801 -2.852755 -2.269318
187 1.5335363150 -3.500327 0.955288 0.032282 3.812859 3.632701 1.635685 0.075096 -2.581213 -1.912989 2.557588 4.057161 1.576155 4.572657 -2.953037 -2.111365
188 1.5907459259 -3.483674 0.758533 0.056308 3.814067 3.717959 1.586080 0.224019 -2.831097 -1.866574 2.540243 4.259159 1.615920 4.864434 -2.825106 -2.232994
189 1.6241540909 -3.487749 0.990947 0.128864 3.894277 3.740884 1.603047 0.074836 -2.626856 -1.766070 2.645180 4.215435 1.750772 4.636394 -2.822844 -2.069706
190 1.5828319788 -3.481546 0.898383 0.097246 3.904133 3.643131 1.529670 0.033247 -2.684826 -2.021160 2.578573 4.146468 1.743944 4.662316 -2.914106 -2.181953
191 1.5043962002 -3.488478 0.737638 0.027944 3.859871 3.559276 1.686530 0.154128 -2.702504 -1.799126 2.628356 4.140739 1.704859 4.749649 -2.925172 -2.172229
192 1.8459167480 -3.505325 0.981210 0.008737 3.898938 3.430493 1.586300 0.096286 -2.681583 -1.996256 2.606249 4.240056 1.627646 4.823088 -2.811056 -2.226766
193 1.5043962002 -3.504201 0.902317 0.146440 3.989966 3.607688 1.534846 0.152250 -2.635090 -1.888310 2.564815 4.133720 1.882982 4.768480 -2.923353 -2.038461
194 1.5541188717 -3.495485 0.735164 0.091159 4.049429 3.679987 1.630718 0.047677 -2.824654 -1.979258 2.664369 4.288008 1.702712 4.787940 -2.895847 -2.158279
195 1.6287775040 -3.482763 0.790920 0.005166 3.785484 3.618958 1.438333 0.202469 -2.660003 -1.936061 2.544469 4.219550 1.794229 4.749127 -3.046088 -2.147224
196 1.5043962002 -3.493654 0.926818 0.088753 3.860879 3.638419 1.557228 0.133431 -2.640321 -1.810349 2.631992 4.091355 1.701075 4.722286 -3.036098 -2.153253
197 1.5043962002 -3.499511 0.808147 0.044316 3.889635 3.608229 1.478824 0.223964 -2.680997 -1.797949 2.548873 4.122073 1.727012 4.784512 -3.015779 -2.124753
198 1.5043962002 -3.488645 0.922355 0.116601 3.909278 3.642142 1.596490 0.266410 -2.783714 -1.882907 2.570284 4.065669 1.665959 4.659716 -2.937380 -2.099913
199 1.5996373892 -3.490125 0.874947 0.104862 3.947560 3.635492 1.531941 0.121940 -2.739152 -1.848862 2.568163 4.193847 1.756523 4.682537 -2.931627 -2.101274
200 1.5043962002 -3.497014 0.822106 0.041377 3.934259 3.606436 1.497419 0.238390 -2.736555 -1.810492 2.597556 4.082734 1.763826 4.643987 -3.012252 -2.176841
201 1.5828319788 -3.498349 0.944415 0.054062 3.987175 3.625034 1.582110 0.159928 -2.671116 -1.859535 2.536769 4.160872 1.654099 4.750755 -2.994135 -2.201996
202 1.5043962002 -3.490530 0.789902 0.118554 4.001109 3.590933 1.547735 0.258237 -2.786807 -1.822741 2.554749 4.083669 1.788692 4.715468 -3.022837 -2.127183
203 1.5996373892 -3.488255 0.903815 0.084000 3.940713 3.576431 1.633682 0.212954 -2.655928 -1.920815 2.603800 4.205817 1.730474 4.713989 -2.915074 -2.142475
204 1.5043962002 -3.490443 0.908272 0.047438 3.890432 3.573004 1.587792 0.127240 -2.736958 -1.882017 2.522433 4.071421 1.736097 4.722228 -3.019729 -2.140041
205 1.5043962002 -3.497773 0.929072 0.101072 3.880613 3.618624 1.527762 0.185019 -2.655243 -1.832477 2.520923 4.064046 1.777363 4.703891 -2.903297 -2.164476
206 1.5043962002 -3.491893 0.916936 0.038775 4.013859 3.634322 1.483664 0.229469 -2.736432 -1.915979 2.629508 4.121604 1.766597 4.647550 -2.929997 -2.138931
207 1.5903190374 -3.491875 0.869184 0.071927 3.951407 3.562647 1.580026 0.200550 -2.630278 -1.827276 2.551986 4.167125 1.657521 4.792522 -2.922709 -2.124796
208 1.5828319788 -3.494914 0.845402 0.094359 3.968617 3.574308 1.536106 0.149619 -2.679696 -1.815181 2.590572 4.188908 1.720431 4.711751 -2.988820 -2.151988
209 1.7338634729 -3.492272 0.856731 0.103905 3.950779 3.538511 1.503332 0.216710 -2.746619 -1.907882 2.549029 4.059019 1.729635 4.639973 -2.936927 -2.126526
210 1.7338634729 -3.494706 0.818849 0.108712 3.907925 3.534492 1.551585 0.212698 -2.634229 -1.813508 2.545095 4.051270 1.794662 4.633082 -2.910836 -2.189150
211 2.0936708450 1.704155 -1.723933 0.575096 -3.272467 4.424902 -3.448965 -0.710976 0.256876 -2.395556 0.446195 -1.292943 -2.309994 -4.986534 2.041927 -1.884757
212 1.7180089951 -2.632593 0.475752 -0.619203 4.946698 -0.300450 4.628360 -4.284932 -2.582378 2.195856 4.276601 -2.369113 -0.558442 -1.431485 -0.279878 2.032116
213 1.9339444637 -2.211925 1.818903 3.834230 -0.241096 2.074953 3.189561 0.121540 -2.413268 -0.591152 -1.778809 4.453412 -0.522293 -4.772932 -2.991721 2.187247
214 2.2694211006 -1.265288 1.631429 1.249237 -2.297221 -4.099823 2.779042 -1.570441 -3.799588 -1.536015 -4.265090 -3.982878 -0.161117 3.493741 2.433184 2.831173
215 2.8460352421 0.663814 -2.723669 2.360488 2.018041 -3.879772 3.272401 3.792066 2.345133 4.673437 -3.533005 -1.182370 -3.552526 -3.870623 2.644716 0.935846
216 1.9962131977 2.938887 3.391263 3.447413 2.212651 -3.353074 -1.554712 -0.339934 4.692850 2.005920 -1.467989 0.445770 3.591469 0.734097 0.054722 -1.656976
217 1.8597214222 4.201730 -0.364904 3.126740 4.740820 3.843991 -4.782773 -4.803510 1.548938 2.911902 -2.787620 2.562753 3.420825 -1.095060 -4.379838 4.577202
218 2.2969534397 -1.193975 0.174290 4.199502 4.287384 0.102807 -1.030462 3.477135 -2.994325 1.093150 -0.533713 -3.423421 0.439156 -2.822985 0.176162 -2.275904
219 2.9525377750 0.983730 -3.763629 -0.823675 1.655066 -3.599828 -3.105923 2.399472 -3.564944 1.888287 -0.777628 1.331831 -4.390806 0.179923 2.994851 4.913567
220 3.2409398556 0.421750 -4.811864 2.703101 -0.871670 2.291102 2.319139 -2.360501 3.519351 3.831447 4.655301 -0.238801 -3.855092 -3.054970 -4.886773 2.596371
221 1.7656948566 -3.979643 -4.179926 -1.272217 2.839528 0.199188 -2.781675 4.617293 4.134302 2.575476 -4.734299 1.868356 2.045595 -1.565437 3.835970 4.533178
222 1.9239270687 2.314288 -0.700798 1.917788 -2.512735 -4.501397 2.469550 4.269411 0.072167 2.361872 -3.073142 3.460445 4.836654 -4.449120 -3.778442 -3.601853
223 1.9776846170 3.285224 3.822878 -2.454395 0.515402 -1.385922 4.038449 -4.367325 4.486802 1.565461 -2.354694 -2.605501 2.302120 1.279298 0.663030 -2.814261
224 2.0634176731 -2.071362 -1.471978 2.974345 2.460111 0.500243 -1.780052 -1.037501 -0.253755 0.140893 0.316589 -3.500142 -2.833614 -0.556696 0.446438 -0.923430
225 1.9494044781 3.145791 2.307799 1.581887 -1.270765 -2.152480 -0.663359 -2.265775 -1.112921 0.760704 -2.032311 0.908628 1.219637 -2.397229 -2.265637 1.372021
226 1.7002637386 -2.994597 -4.727752 -0.479317 -3.919013 4.189044 -0.175680 1.035437 1.700305 4.360106 3.311916 -0.588951 2.876030 -0.141679 1.695253 -1.226172
227 3.0862114429 -0.533583 3.647761 -2.613353 0.273118 4.797692 3.652294 0.445650 -0.836510 -2.325638 2.490507 -4.905522 -3.335039 -3.239081 -4.699994 3.519023
228 2.1648805141 4.688030 4.604583 -3.529045 -1.220136 4.024912 -4.374772 1.313316 -1.415323 -0.163771 0.833801 4.265747 -4.725238 -0.341990 1.504911 3.716442
229 3.1141455173 -0.313621 -2.120258 4.047455 -1.614049 -1.589140 4.938915 -1.317929 4.088386 4.127616 -0.121799 -0.482007 0.779842 -3.453740 0.980581 3.414761
230 2.2420439720 1.654731 4.228240 -4.478991 -4.413472 -2.815503 0.899346 3.317362 -1.860757 -1.141807 4.035057 -1.713432 -4.791880 -2.092198 3.504916 -0.238076
231 1.8256177902 -4.506218 -0.066052 -1.198465 -0.093786 1.749533 2.594743 0.593435 -0.390069 -2.773424 1.834882 4.089103 0.035721 1.215468 -1.180270 -1.021501
232 2.5233974457 1.048863 -0.235740 -1.914426 -1.983393 1.497192 0.085954 -3.027992 -1.473037 -0.501212 1.426618 1.947473 1.541620 1.980535 3.086182 1.697224
233 1.8496830463 3.912967 0.784375 0.110429 3.671904 2.380091 -3.684316 -1.741378 2.114089 -3.189144 2.313974 -1.502808 0.576960 0.959052 1.290125 0.403145
234 2.1138849258 2.618615 -1.418834 -4.700547 -2.868868 2.829410 0.207856 1.972916 3.404340 3.503293 2.022704 -2.899861 4.756884 -1.755206 -0.642039 -4.395403
235 1.9888101816 2.101589 2.973367 0.947067 3.506021 -4.125647 -3.324044 -3.384891 0.575454 -3.990210 -3.235778 -0.999270 4.255738 2.355784 4.121978 1.494604
236 1.6790888309 -4.687238 0.647535 2.315513 3.235647 -1.934313 -1.290346 -0.265968 2.636025 -0.978386 4.546632 4.947885 -2.071839 -0.012381 -0.995662 0.618127
237 1.9251505136 -3.709344 -3.590132 -2.926983 0.807138 -4.846608 1.970684 0.005081 4.963585 0.337836 -1.196770 -3.749454 -2.465709 -2.748196 1.103898 -3.300719
238 2.0031130314 2.449768 -3.269139 -1.548986 1.202275 3.276426 -2.073694 -0.900171 -4.147195 1.292972 -1.362140 0.086868 1.399857 1.568741 -3.054938 -2.358682
239 1.9909390211 -2.510362 -4.530544 -2.295755 4.433111 -3.141876 -0.821331 4.550695 0.794277 0.841808 4.905392 3.685981 3.763228 2.851594 -1.316788 -2.586218
240 2.0355379581 -1.832506 -0.929817 -3.704821 3.219713 -0.521737 1.667150 4.085341 3.086031 -3.300141 -4.345563 0.222420 -4.075774 -4.133637 -3.909947 -0.094456
241 2.8560557365 -0.713308 -1.998203 -4.105962 -3.200279 3.534601 0.358332 2.931797 3.703876 3.376298 -4.787793 -2.324750 4.355545 2.749033 4.367426 4.192856
242 2.0609953403 -3.458499 1.358742 -4.862490 -4.907729 4.749303 4.194350 2.666449 -3.324273 4.897651 -2.302186 -3.213660 2.716573 -0.989048 3.941894 -4.595766
243 1.6626926661 3.822080 1.100748 4.412617 -4.768832 -2.772064 4.498580 -1.931117 -1.914584 -1.407653 0.640915 3.387454 2.497253 -4.037739 -2.633059 -0.425595
244 2.1162309647 -1.582536 -1.097377 -0.233972 -2.718703 1.344859 -4.229689 1.728086 -3.027331 -4.341802 3.757976 3.018598 -1.367179 3.276324 4.838727 -1.902508
245 2.1328721046 4.844227 4.811103 -1.791139 -0.440292 -1.855496 1.247911 0.881690 1.279762 0.013881 -2.721857 -2.075725 -0.999455 1.754553 2.208025 -4.925745
246 1.8429192305 3.494701 1.909778 0.407277 -3.685053 2.680641 1.060475 -2.906990 -4.339581 -3.477471 3.006398 0.636816 1.782697 2.255280 -2.364156 -4.085280
247 2.3452031612 -0.956906 -3.968026 1.115302 -3.464248 0.925827 -0.414689 -3.738299 -4.898648 -4.173488 2.628752 1.464668 3.932407 3.697530 4.693577 3.910470
248 3.1360971928 0.212702 4.355889 -3.342530 4.050335 1.206190 1.539667 -3.555724 -4.014346 -2.893721 1.189689 2.177779 3.202301 0.480146 -1.829415 2.464800
249 1.8386981487 4.336636 -2.439128 4.794028 0.724237 -4.569356 0.724858 2.157022 1.975817 3.094082 -0.786055 -4.323990 0.305991 4.936739 -3.346787 -3.803112
250 1.7400029898 -3.175642 -2.904061 -3.139735 2.717907 -0.722390 3.733517 -3.898467 1.144959 -4.914712 3.527089 4.570408 -2.712916 4.555153 -1.928718 0.230938
251 2.1253852844 -4.803247 3.113427 -4.177514 -1.684415 -0.970441 -3.898926 -2.688842 2.818983 -1.921739 -3.719103 1.141642 -1.492756 4.043792 -1.502369 -0.580261
252 1.8560770750 -4.282121 2.599485 0.256720 -0.586136 3.062835 -2.130846 1.565334 0.350842 -3.769257 -3.929296 2.810239 -1.731639 -2.235895 -0.430468 1.128790
253 2.0944702625 1.371385 2.363328 3.359557 1.749608 -2.453378 -4.705187 -4.687748 -0.652514 -4.625512 2.837317 -4.718751 -1.114202 3.181683 -4.187633 3.009254
254 3.0160133839 -0.002171 4.067617 4.752296 -4.288495 -1.030842 -2.354040 4.890346 -2.213402 -1.860171 1.459617 -4.374490 -3.114539 4.728015 3.432323 -4.171451
255 1.7625505924 -3.403402 -3.158510 1.758565 1.392130 0.736177 -2.640341 3.009600 -4.625772 3.979538 0.003864 2.398577 -4.315557 4.151936 -3.608779 -3.077376
256 1.7513628006 3.957018 -1.630138 2.997538 -4.627718 -4.854139 2.090264 -3.460086 0.997094 1.608829 1.855272 2.109566 1.314650 -4.638229 -2.727191 0.014302
257 1.7545706034 3.685354 -0.525211 1.140541 -3.911776 -2.840330 1.278588 3.035376 -0.834692 -3.422400 -3.474148 3.984484 4.297848 -1.253204 -4.871693 1.517402
258 1.7145879269 3.793298 0.476000 0.018628 -3.850384 -4.316675 2.150610 -0.764697 -4.810300 -0.969261 -3.209603 -0.450926 0.493649 -4.380694 -4.185785 -2.397302
259 1.8089408875 4.019825 4.807433 2.445318 -2.523273 -1.834828 1.768708 1.933377 -3.782128 3.410612 1.959938 2.752452 1.553950 -1.344680 2.387798 -3.626369
260 1.7395936251 3.710054 -3.846708 0.788022 -4.399672 -3.092423 -0.438723 -0.461129 -0.632244 0.449340 3.133239 3.333796 3.964713 -2.997802 -3.445887 1.105219
261 1.9599385262 4.018958 1.690353 -0.075507 -2.744792 -2.494209 0.860267 1.892338 0.340207 -4.833410 4.521632 2.660025 1.957974 -4.087292 2.158382 2.491915
262 1.7554556131 3.664286 4.368339 0.396386 -0.505394 -2.854686 2.019332 0.139820 -4.403731 -2.216244 2.730431 1.837789 -2.180769 -4.813106 -4.416415 3.700788
263 1.7909654379 3.882614 -1.297794 -0.014210 -3.166170 -3.984755 -0.297431 -3.525077 1.346319 0.490970 -1.490968 3.644185 -0.932373 -3.333142 -0.927572 -1.491990
264 2.1051709652 3.983095 -3.010370 2.272438 -4.896226 -1.886621 -0.242904 -0.230805 2.781371 -1.451303 4.615252 -0.586102 -0.280680 -1.500272 -2.985616 -3.902164
265 1.8730756044 3.743702 -2.345230 3.060948 -1.424172 0.215330 0.279538 1.348361 -1.832472 1.555216 -2.700322 4.523994 3.775065 -3.725017 0.318260 -3.986291
266 1.8222810030 3.926371 -2.301330 1.929747 -0.501237 -3.107384 3.226717 -4.802734 -3.215586 -1.754071 -3.387907 1.216678 1.616397 -2.121764 -4.144718 2.263315
267 1.8093594313 3.767252 4.689686 0.828266 -3.928378 -4.240073 4.955681 0.470157 -2.713310 2.686788 -3.301601 1.072950 -0.401516 -1.850044 -1.203776 2.496638
268 1.7917965651 3.762045 -3.186399 3.644857 -1.601171 -4.587767 3.488512 -4.796447 -4.836335 3.262971 3.358743 2.130800 0.999143 -4.871073 -1.982566 0.952564
269 1.6779512167 3.896844 -0.821599 3.186308 -4.717751 -3.949803 4.812233 1.853222 -0.943604 -2.758832 -3.203399 0.882230 3.946901 -3.486083 -4.454570 0.981035
270 1.8545864820 3.974048 -0.244047 4.456773 -0.258911 -2.593504 1.024129 -2.514886 -4.658140 -3.930464 -0.911647 1.756535 -0.997609 -0.632004 -3.781965 1.487177
271 1.8079905510 3.708226 2.784211 3.482620 -3.362919 -4.755612 3.567991 0.083156 -3.675506 1.025006 2.714567 2.372465 1.578749 -2.815638 -2.499792 -2.265904
272 1.6672559977 3.841823 2.874837 4.416825 -4.349841 -2.300892 4.057577 -3.464698 -3.672350 -3.402849 1.828484 1.758193 2.866997 -4.160305 -4.435289 0.558108
273 1.8600064516 3.905428 1.160630 3.548519 -2.867655 -1.133217 4.684744 -1.348443 0.084872 0.962827 2.449865 4.198648 4.614766 -3.842633 -2.865365 0.516999
274 1.7830741405 3.715464 3.092143 1.975392 -2.623073 -4.263076 4.580233 0.486165 -4.000624 0.567797 -0.055700 4.906848 4.818097 -4.356050 -4.514441 -2.438880
275 1.7457534075 3.849126 3.468191 3.360602 -4.465128 -1.355781 3.465910 -0.303571 -4.160181 -0.014184 1.535708 2.824724 4.551652 -3.046876 -4.968437 -0.121662
276 1.6583210230 3.740871 1.875507 4.045694 -4.924925 -2.637190 2.195276 -2.165874 -3.234318 -3.723468 -0.951129 1.447784 4.557247 -3.772108 -2.538090 -2.717512
277 1.8199263811 3.873080 0.938170 2.943306 -3.858364 -4.994288 4.001332 -3.433103 -0.043561 -3.487746 2.507077 4.246313 3.326288 -3.492527 -4.604479 -1.083101
278 1.6099653244 3.885961 -1.399099 3.741466 -4.398544 -0.487319 2.994066 -3.714861 -3.553703 -0.843405 -0.730773 2.626429 2.505228 -4.864961 -0.996696 -0.804050
279 1.6894803047 3.776966 2.758592 2.393189 -4.831288 -4.867352 3.894029 -3.932693 -0.795230 -1.669184 0.337110 1.443320 4.775076 -3.975874 -2.204346 0.524976
280 1.6749536991 3.740335 -1.129110 3.591791 -4.283302 -2.798657 2.940375 -3.411757 -1.542021 -3.276189 2.647345 4.312438 0.690623 -4.080408 -3.876088 1.257180
281 1.6623517275 3.933778 -1.993983 1.666181 -4.523865 -1.127766 4.130964 -1.711871 -2.997520 -3.030117 -1.678159 3.494034 0.030827 -4.995258 0.149407 -0.727885
282 1.6464167833 3.911629 -0.179394 1.688582 -4.566427 1.832163 1.387349 -2.256292 -4.904519 0.516599 -1.198399 3.408941 2.685156 -3.864684 -2.953830 0.243086
283 1.6884155273 3.953481 -2.331849 4.293670 -4.968949 1.481744 1.291264 -3.856920 -4.072818 -2.724755 -2.365169 3.901167 3.226612 -4.131449 -2.943046 1.597481
284 1.6718126535 3.830444 -2.889760 2.886922 -4.726056 -0.137354 3.901885 -4.211765 -4.540697 0.386329 -2.386060 4.728315 2.115090 -4.287594 -0.303905 1.642257
285 1.6718682051 3.814204 0.197144 2.889953 -3.091841 -0.552672 4.430845 -3.615565 -1.695776 -2.990440 -2.627004 2.104588 3.531162 -4.417028 -2.673178 -0.451888
286 1.6976786852 3.799006 -3.437601 4.900221 -3.250194 0.118324 4.540607 -2.959567 -2.302141 -1.508665 1.041225 1.571667 2.508034 -3.955402 -3.362664 -1.772212
287 1.5970042944 3.899883 -0.999552 3.759908 -3.967361 -0.343989 1.289731 -3.468971 -4.309687 -0.795197 -2.187382 2.177127 4.886560 -4.747152 -1.051267 0.150000
288 1.6805868149 3.855235 0.390419 4.031608 -3.764144 -2.784025 1.722890 -3.785530 -4.875021 -0.046230 -0.686149 2.850219 2.939129 -3.988860 -0.079102 0.504952
289 1.6837555170 3.987585 0.865100 1.360641 -4.106666 1.374881 3.639935 -2.398846 -3.984213 -2.611936 -0.387621 1.381585 4.849772 -4.414560 -0.590802 -1.333932
290 1.6481176615 3.907283 -0.969755 4.837548 -4.313629 -2.457670 2.577507 -4.400062 -4.728077 0.173902 0.299212 0.611869 3.675188 -3.993280 -1.658109 -0.477398
291 1.7035808563 3.956738 -3.379698 1.599122 -3.015422 1.335159 -0.705949 -1.583719 -3.401214 -0.333193 -1.218067 1.343168 4.492891 -4.595026 -0.247206 2.327732
292 1.6196570396 3.781730 1.353210 3.051812 -4.483938 -1.444869 0.297509 -3.835963 -2.480598 1.516743 -0.014769 1.628569 2.736124 -4.538943 -2.138804 1.470446
293 1.6301906109 3.825760 -3.454822 3.910987 -3.972791 -1.099238 0.120312 -2.195631 -4.376044 -2.911294 -0.852009 0.811938 4.510904 -4.870247 0.130632 2.128555
294 1.6076433659 3.833004 -0.070647 2.701822 -4.458830 0.327450 3.004723 -1.894501 -4.335280 -3.026826 -3.667911 0.303069 3.571111 -4.449681 -3.487910 0.549520
295 1.6659133434 3.780937 0.790620 2.317574 -3.692203 -2.124425 -0.026112 -1.596654 -4.818558 -3.149503 -1.896143 -0.216230 3.603411 -4.290344 -0.655248 2.288892
296 1.6794399023 3.916260 1.508776 4.982933 -4.392950 0.724767 2.762285 -2.071798 -4.973093 -1.826462 -3.020119 0.589173 2.988114 -2.375162 -1.242955 -1.465821
297 1.6245467663 3.826784 0.340696 2.057332 -4.954102 1.132930 3.328273 -3.113420 -4.326543 -0.346747 -0.749647 1.054646 3.066957 -4.947835 -3.041324 -1.985636
298 1.6017186642 3.791673 -2.339364 4.671819 -4.711952 -1.508547 0.911371 -4.079354 -3.025427 -2.507423 -4.251956 1.884584 3.433804 -4.932697 -0.678191 1.408328
299 1.6393166780 4.015751 -2.690711 4.630414 -4.142203 -0.590902 -0.961912 -2.804473 -4.567303 -0.739172 -3.917219 -0.086792 2.496784 -3.433668 -1.395361 -0.130963
300 1.5590524673 3.868270 0.363749 2.746721 -4.497773 -2.570703 2.285008 -2.034153 -3.143263 0.968802 -3.957591 1.303828 2.474021 -4.872761 -2.317169 2.189745
301 1.6200144291 3.955163 -1.722329 4.984106 -4.073100 -2.349359 1.819076 -0.727466 -0.759204 2.637184 -4.473401 -0.452111 2.830665 -4.235751 -1.588199 1.468428
302 1.6854150295 3.899746 1.024037 3.136904 -4.701397 -1.359311 1.582899 -3.596699 -1.104640 1.823531 -4.430508 3.668675 1.557811 -4.214662 -3.718277 0.918827
303 1.7622448206 3.972318 -1.072976 0.312908 -4.890350 -4.978480 2.079501 -4.355731 -1.134941 2.961769 -3.453348 -0.558125 4.170913 -4.719023 -4.097425 0.334553
304 1.6686691046 3.856782 0.838807 3.227754 -4.673301 -3.317296 0.337361 -1.503003 -2.292109 2.293636 -3.072416 -0.832829 4.767207 -4.236944 -4.774517 4.464140
305 1.7363346815 3.956566 1.116727 4.260308 -4.870686 -3.547418 0.646442 -1.182596 -3.400566 2.288256 -2.339824 3.173532 0.070068 -4.104003 -4.613934 4.654901
306 1.7363460064 3.957922 -0.374191 2.733518 -3.725507 -3.291500 4.478014 -0.338343 -4.860032 2.341623 -2.672015 2.407215 4.486939 -4.700251 -2.024409 -0.072045
307 1.6255524158 3.794671 -2.120252 2.123602 -3.961266 -1.755140 0.499281 -0.600478 -4.791865 -0.463688 -2.741257 1.014248 1.717028 -4.484431 -3.953277 0.744516
308 1.6444002390 3.865938 0.762433 2.256874 -4.516499 -4.486137 0.446659 -0.262488 -2.521079 2.134875 -3.902531 1.566426 3.226467 -4.928110 -2.433147 1.338603
309 1.6808797121 3.760858 2.148649 1.053725 -4.852481 -2.740933 4.110661 -0.010013 -1.650378 -1.240888 -4.904906 3.193554 3.364761 -4.736888 -4.416725 2.593147
310 1.6430958509 3.801744 1.719559 4.422131 -4.785419 -3.366867 3.458555 -1.987386 -4.824970 -0.622731 -4.756079 0.160950 4.691730 -4.947507 0.034537 1.533389
311 1.6832464933 3.864812 1.527417 4.944959 -4.728665 -1.539414 3.329030 -1.857836 -3.275694 -1.125387 -2.940900 0.745162 0.837712 -3.605304 -0.635959 2.015739
312 1.6555658579 3.769737 -1.887591 3.807532 -4.777983 -3.264058 3.615444 -3.646471 -1.082320 -0.478184 -2.281716 0.810921 0.476059 -3.293777 -1.973604 1.889900
313 1.6741490364 3.909024 -0.108220 4.647573 -4.981381 -1.184152 3.214181 -1.798253 -4.207215 -0.688223 -2.718766 -0.547894 -0.047284 -2.690302 -4.582455 4.269641
314 1.6719956398 3.872966 -0.389921 3.339318 -4.133829 -0.772998 0.501207 -2.659440 -2.594493 0.005771 -4.168537 0.714539 0.624526 -4.698810 -2.634053 2.668602
315 1.6617935896 3.831590 -2.029569 2.595864 -4.891430 -4.511360 3.233488 -4.165616 -1.638459 0.462144 -2.033248 -0.188311 2.732915 -4.089069 -2.915945 1.716196
316 1.6018410921 3.888632 0.418555 2.951203 -4.940934 -1.760162 2.273974 -2.260780 -2.828739 1.562599 -3.694314 0.372311 2.886819 -4.983977 -3.205305 3.354628
317 1.5875308514 3.843415 0.650198 3.036364 -4.977105 -2.392385 1.436234 -2.097700 -2.729218 0.124524 -2.825117 0.690250 3.368026 -4.273973 -1.368867 2.779963
318 1.5782301426 3.824402 -0.688496 2.560347 -4.929585 -2.461855 1.835035 -1.118138 -3.021428 0.504492 -4.442574 0.305253 3.215791 -4.583224 -1.502320 3.005545
319 1.6300139427 3.837935 -0.822083 3.456756 -4.605591 -1.410564 2.865539 -2.254035 -2.395856 0.570088 -3.964544 1.005697 3.652550 -4.313093 -3.317134 1.507303
320 1.6441957951 3.833914 -0.477522 3.522087 -4.312497 -1.980435 1.264298 -0.832703 -2.624141 0.443529 -2.772961 1.319514 1.713402 -4.174258 -2.881736 2.900567
321 1.6070159674 3.933494 0.838904 1.707870 -4.434033 -1.644166 2.889700 -1.361147 -3.546555 0.749480 -4.380460 0.689854 2.954624 -4.356089 -1.662550 2.795589
322 1.5799151659 3.850245 0.056819 3.476594 -4.964433 -2.814083 1.659999 -2.873467 -3.601117 1.108403 -4.411050 0.402002 3.322128 -4.533540 -1.876731 3.273974
323 1.6263126135 3.872824 0.607542 2.534125 -4.351941 -3.526989 1.237563 -2.359819 -3.949148 0.393081 -4.450399 1.930224 2.207248 -4.868852 -1.888899 1.613073
324 1.6560335159 3.805088 1.423808 2.702688 -4.417756 -2.167928 1.744650 -2.290458 -4.257618 0.774673 -2.759249 0.928709 1.438518 -4.402989 -2.942312 1.457126
325 1.6394150257 3.816440 -0.652401 3.406284 -4.810013 -3.492749 2.086064 -1.300862 -3.525879 -0.126896 -4.062516 0.838328 1.830939 -4.960138 -2.043879 2.475751
326 1.5769550800 3.899878 -0.587345 3.116581 -4.711103 -2.055458 2.443574 -1.512911 -2.105928 0.369656 -2.935794 0.167496 3.240891 -4.869601 -1.704320 2.663680
327 1.6144498587 3.869320 -0.325167 3.538401 -4.720199 -2.592113 2.908224 -1.901996 -3.750197 0.507617 -3.032958 0.280391 2.397248 -3.789967 -1.221090 2.154530
328 1.5738098621 3.816528 0.443382 2.211433 -4.966900 -3.418256 1.562369 -2.926821 -2.106642 -0.163075 -3.698613 1.540634 3.496872 -3.951156 -2.045005 3.224823
329 1.6181080341 3.815137 0.617501 3.282547 -4.261443 -3.208747 3.309975 -3.032160 -3.507223 0.675870 -3.462364 1.653312 3.273999 -4.740348 -3.159185 3.402756
330 1.6409006119 3.897054 0.508124 2.786588 -4.795872 -1.693772 1.377467 -2.474716 -3.310002 0.125987 -3.282905 2.039315 2.592831 -4.708215 -2.739428 3.106526
331 1.5969618559 3.844593 0.772013 3.197041 -4.862153 -2.340499 1.718162 -2.489189 -3.079300 1.381469 -3.852831 0.701118 2.627278 -4.586341 -2.004187 1.858771
332 1.5734151602 3.837887 0.259487 2.484440 -4.371033 -2.097427 1.977047 -2.393215 -3.240581 0.886128 -3.971771 1.792411 3.033367 -4.871749 -2.124148 2.036064
333 1.6470195055 3.852000 0.844285 2.518163 -4.958824 -2.658412 2.342074 -1.767287 -2.621180 1.166852 -3.593947 1.779094 2.654600 -4.668891 -2.410843 2.681293
334 1.5798488855 3.842255 0.596194 2.220725 -4.709282 -1.998188 2.272123 -2.292105 -3.549167 0.999628 -3.613789 1.010565 3.059512 -4.916757 -2.082270 2.094088
335 1.6047735214 3.874103 -0.245545 2.846039 -4.981639 -2.510029 2.778934 -2.434386 -2.651695 0.634922 -4.072813 1.048578 2.779504 -4.903522 -1.798083 2.682902
336 1.6191105843 3.848632 0.836300 2.304383 -4.950245 -2.321323 2.274491 -2.515619 -2.668889 0.680981 -3.536811 0.934421 2.454236 -4.321237 -2.053829 2.595793
337 1.6008067131 3.842395 -0.100083 2.412260 -4.910405 -2.380458 1.774202 -2.596506 -3.095098 1.045267 -3.887872 1.065585 2.167029 -4.973211 -1.902733 1.627631
338 1.5796427727 3.868108 -0.129664 2.526865 -4.036160 -2.764873 2.811598 -2.203234 -2.628306 1.537178 -4.041829 1.339257 1.885296 -4.784645 -1.878755 2.036825
339 1.6193414927 3.871485 0.273086 2.619821 -4.468646 -2.354322 2.856248 -1.729379 -3.328882 0.581390 -3.506894 1.243337 2.117923 -4.677212 -1.879769 1.648379
340 1.6234976053 3.846799 0.827222 3.085862 -4.860299 -1.971917 2.151991 -2.304708 -2.892355 1.049617 -3.348565 1.210383 2.652189 -4.723563 -1.796400 1.718946
341 1.5678894520 3.872552 -0.260306 2.780067 -4.645671 -2.015963 2.487554 -1.668476 -2.776634 0.934489 -3.442923 0.972347 2.920394 -4.762504 -1.888706 2.589713
342 1.5790736675 3.858121 0.207549 2.592046 -4.041998 -2.376041 2.600802 -1.949683 -3.267649 0.924039 -3.569928 1.182585 2.537542 -4.516985 -1.959527 2.747259
343 1.6205296516 3.897733 0.354642 2.579556 -4.805460 -2.911043 1.737588 -2.248754 -2.878251 1.316588 -3.608743 1.177405 2.710826 -4.837971 -2.798547 2.140186
344 1.5828199387 3.851200 0.349233 3.362048 -4.046607 -3.135313 2.077820 -2.633411 -3.145634 1.162051 -3.917978 1.810449 2.856657 -4.997222 -1.737447 2.779652
345 1.5518543720 3.888983 0.023242 2.726518 -4.638037 -2.196570 2.157018 -2.109465 -3.383838 1.228885 -3.882827 1.507111 2.434210 -4.950731 -1.904386 1.764818
346 1.5790225267 3.899366 0.346484 3.194825 -4.697732 -2.384071 2.734557 -2.167607 -3.040437 1.625204 -3.331752 1.705647 2.696028 -4.451270 -1.790118 1.406613
347 1.5521788597 3.913557 0.026141 2.235615 -4.758035 -2.356980 2.310646 -1.666994 -3.230787 1.773469 -3.398355 1.652489 2.837838 -4.853382 -1.471689 2.040713
348 1.6106568575 3.882698 0.620806 3.120423 -4.245362 -1.979356 2.437153 -1.614271 -3.878740 1.241406 -3.353302 1.231118 2.444107 -4.583460 -1.303661 2.077132
349 1.5927175283 3.878216 0.194236 2.982843 -4.221706 -1.579450 1.568926 -1.844247 -3.943617 1.505545 -3.629129 1.018544 2.813431 -4.540177 -1.980273 2.264121
350 1.5972579718 3.898310 0.032946 2.322691 -4.233116 -1.753932 2.743777 -2.438207 -3.754704 1.571125 -3.623316 1.368035 2.874173 -4.462318 -1.699943 1.879672
351 1.5653672218 3.906413 0.077997 2.432585 -4.305559 -2.473780 2.599416 -2.131787 -3.072940 1.409874 -3.582115 1.140314 2.880392 -4.796425 -1.615137 1.896355
352 1.5996514559 3.886515 0.138822 2.615734 -4.665390 -1.866411 2.460889 -2.353903 -3.059131 0.826426 -3.328251 1.874768 2.632950 -4.674338 -2.107341 1.507249
353 1.6270507574 3.876036 -0.326452 2.665587 -4.505055 -2.157473 1.936440 -2.232800 -3.139138 1.270058 -4.455620 1.227105 2.908030 -4.684063 -1.807020 1.177626
354 1.5743892193 3.904108 0.100215 2.324695 -4.271057 -1.722556 2.173012 -2.018266 -3.532472 1.684186 -4.483125 1.060871 2.446026 -4.824185 -1.759001 1.442003
355 1.6005718708 3.878945 0.566672 2.283084 -4.429484 -1.667801 2.028434 -2.338473 -3.958621 1.451125 -4.014967 2.030872 2.176466 -4.873832 -2.144741 2.225174
356 1.5590283871 3.881727 -0.569609 2.267184 -4.559802 -2.124687 2.353637 -1.559957 -3.282965 1.446102 -4.408542 1.722883 2.331222 -4.896837 -1.386387 2.280900
357 1.6109397411 3.884027 -0.090574 3.011407 -4.390137 -2.730861 2.587901 -1.519107 -3.338555 1.130752 -3.772414 1.300403 2.517359 -4.672233 -1.924555 2.098301
358 1.5909081697 3.919042 -0.313679 2.819051 -4.694862 -2.220267 2.635046 -2.568431 -3.226071 1.049095 -3.258119 1.024844 2.000987 -4.833171 -1.399912 1.173388
359 1.5844504833 3.905062 -0.395957 2.225067 -4.301922 -1.614876 1.987447 -1.666302 -3.286341 1.329511 -4.192716 1.023419 2.098521 -4.992127 -1.614836 2.269127
360 1.5652085543 3.877734 -0.287543 2.285261 -4.495624 -2.720242 2.178871 -2.596238 -3.102700 1.073910 -4.365979 1.133078 2.550131 -4.786628 -1.363119 1.876867
361 1.5555208921 3.875722 -0.141966 2.835577 -4.655831 -2.204581 2.455525 -1.808049 -3.130322 1.507885 -3.619392 1.275825 2.609631 -4.844156 -1.992666 1.606922
362 1.5600613356 3.891028 -0.106608 3.028403 -4.591913 -2.307450 2.317511 -2.403966 -3.168075 1.252180 -3.942616 1.612883 2.427726 -4.854698 -1.834902 1.921838
363 1.5619093180 3.874311 0.124805 2.814139 -4.583978 -2.061359 2.270921 -2.384479 -3.514206 1.234864 -3.656497 1.649995 2.652588 -4.825200 -1.617492 1.498734
364 1.5725773573 3.882479 0.256942 2.706911 -4.482113 -2.063082 2.316095 -2.068727 -3.379249 1.287255 -4.062827 1.798469 2.184442 -4.872349 -1.884943 1.605283
365 1.6074475050 3.904277 -0.121497 2.926638 -4.637859 -2.035840 1.940053 -1.859360 -3.485415 0.948838 -4.154684 1.585132 2.309244 -4.715881 -1.963951 1.731316
366 1.5878645182 3.893459 -0.102524 2.438338 -4.819425 -2.212806 2.214901 -1.953166 -3.157473 1.012123 -4.039647 1.736741 2.261162 -4.786686 -1.700077 1.937459
367 1.5483468771 3.892212 0.134861 2.878335 -4.653152 -1.934787 2.450903 -2.098925 -3.102259 1.368228 -3.989993 1.780128 2.521552 -4.961474 -1.660982 2.028808
368 1.5674301386 3.874402 0.290093 2.507515 -4.606799 -2.022017 2.431143 -1.811194 -3.292053 1.112994 -4.037585 1.298986 2.175392 -4.964040 -2.108411 1.888140
369 1.5518543720 3.904191 0.060172 2.855553 -4.657851 -2.299428 2.296368 -1.861854 -3.219523 1.420130 -3.930097 1.492460 2.471670 -4.908799 -1.733949 1.951866
370 1.5573688745 3.903165 0.295591 2.575382 -4.731390 -2.111854 1.866834 -1.892209 -3.504888 1.055163 -4.178776 1.384333 2.733216 -4.964620 -2.152266 2.016369
371 1.5580345392 3.880124 0.134172 2.620798 -4.510818 -1.773111 2.677422 -2.304732 -3.117297 1.556460 -4.229243 1.957571 2.811637 -4.932495 -1.883851 1.905604
372 1.5793902874 3.885036 0.006028 2.881528 -4.906019 -2.018329 2.523868 -2.337720 -2.837470 1.183658 -4.248087 1.886137 2.679844 -4.742356 -1.885960 2.172018
373 1.5887384415 3.905813 0.348078 2.967953 -4.859783 -2.130900 2.442530 -2.390811 -3.214098 1.228549 -4.043428 1.673452 2.510038 -4.862962 -1.936844 2.312453
374 1.5528873205 3.897084 0.400108 2.713882 -4.612571 -1.926044 2.678903 -2.168405 -3.099314 1.602847 -4.123791 1.833273 2.304945 -4.837575 -1.808040 2.264761
375 1.5483468771 3.906600 0.356354 2.806678 -4.729819 -1.722411 2.167506 -2.040949 -2.879393 1.435678 -4.257066 1.903730 2.539431 -4.786848 -1.730040 2.332540
376 1.5555206537 3.879382 0.343541 3.169966 -4.642108 -1.773746 2.673779 -2.084017 -2.844108 1.175685 -3.703875 1.613968 2.489214 -4.983076 -1.789436 2.207892
377 1.5425062180 3.890831 0.407192 2.899533 -4.606500 -1.726232 2.148093 -2.121880 -2.820200 1.530875 -3.893638 1.584378 2.733786 -4.877711 -1.552944 2.328649
378 1.5959124565 3.882320 -0.066833 2.859969 -4.806112 -1.655166 2.379826 -2.374397 -3.268947 1.569185 -4.245849 1.702842 2.792704 -4.882497 -1.438599 2.071550
379 1.5806905031 3.899438 0.407067 2.586462 -4.833782 -2.034002 2.345911 -1.986089 -2.928492 1.135257 -3.953616 1.493498 2.677499 -4.955552 -1.543462 1.846528
380 1.5555208921 3.877774 -0.037248 2.735130 -4.639379 -1.701590 2.750369 -1.794349 -3.143934 1.657361 -3.953407 1.815697 2.373270 -4.794726 -1.509695 2.053873
381 1.5833067894 3.893854 0.575605 2.866293 -4.377163 -1.414215 2.282745 -1.847315 -2.868669 1.414423 -3.915979 1.491043 2.724988 -4.979104 -1.411820 2.197116
382 1.5893642902 3.878643 0.226080 2.721737 -4.433038 -2.018610 2.422328 -2.196105 -2.570234 1.270022 -3.959607 1.443868 2.707754 -4.585693 -1.374841 2.477583
383 1.5662864447 3.896826 0.696741 2.907775 -4.724748 -1.823100 2.386304 -2.047743 -3.100009 1.636014 -3.919579 1.884254 2.962561 -4.944321 -1.443721 2.219313
384 1.5793902874 3.894132 0.343386 2.895558 -4.850175 -1.847486 2.408693 -2.253734 -2.617434 1.357555 -3.975295 1.653678 2.695571 -4.954424 -1.770249 2.323430
385 1.5710965395 3.905271 0.281117 3.049375 -4.591377 -1.557114 1.966168 -2.181624 -3.071440 1.395569 -3.601740 1.774755 2.522220 -4.817710 -1.354937 2.591694
386 1.5717581511 3.895369 0.633557 3.015652 -4.423313 -1.876493 2.257502 -1.987434 -2.905094 1.782331 -3.659890 1.590456 2.843320 -4.967326 -1.596822 2.047863
387 1.5912514925 3.894201 0.183929 2.990112 -4.855394 -1.971823 1.979451 -1.922146 -3.102378 1.734004 -3.818776 1.457055 2.912780 -4.711507 -1.478727 2.325288
388 1.6253587008 3.895092 0.267736 3.185009 -4.569762 -1.847443 1.945974 -2.220340 -2.673698 1.778182 -3.855509 1.829221 2.966947 -4.620846 -1.568502 2.451258
389 1.5765682459 3.878987 0.160681 2.767752 -4.481761 -1.698727 2.258470 -2.171246 -3.002651 1.837309 -3.777154 1.860024 2.946671 -4.924398 -1.579584 2.500634
390 1.5855554342 3.890092 0.146199 3.111010 -4.814561 -1.748824 2.292117 -2.165456 -3.098134 1.806552 -3.857725 1.564720 2.453792 -4.906008 -1.274332 2.068206
391 1.5833067894 3.888713 0.616121 3.114093 -4.367417 -1.494463 2.184143 -1.894814 -2.906034 1.307816 -3.674985 1.855630 2.547462 -4.984249 -1.627056 2.300529
392 1.5662864447 3.877040 0.615005 2.677794 -4.604395 -1.593800 2.029275 -2.098840 -3.012809 1.346575 -3.608327 1.366677 2.850687 -4.894716 -1.344552 2.379056
393 1.5737298727 3.892736 0.094761 3.176087 -4.564824 -2.013719 2.043642 -1.962377 -3.004625 1.276548 -4.041164 1.644689 2.503913 -4.915576 -1.646589 2.625667
394 1.5708268881 3.883725 0.708272 2.811085 -4.648350 -1.501190 2.024254 -2.369227 -3.043164 1.275393 -3.775820 1.586613 2.564300 -4.813248 -1.460019 2.306847
395 1.5912514925 3.886449 0.201828 2.822946 -4.737199 -1.645963 1.903880 -1.874091 -3.048184 1.628664 -3.678565 1.671651 2.903909 -4.717332 -1.670805 2.088141
396 1.5896426439 3.891789 0.522201 2.885730 -4.539214 -1.809773 2.165295 -2.126592 -2.910020 1.622843 -3.934623 1.564411 2.776066 -4.936548 -1.634047 2.400451
397 1.5521938801 3.887866 0.323209 2.884412 -4.538458 -1.798707 2.026290 -2.178503 -2.708611 1.553349 -3.867910 1.653117 2.607087 -4.953093 -1.406569 2.262146
398 1.5534940958 3.893345 0.404129 2.819686 -4.507773 -1.817401 2.064749 -1.979751 -2.923826 1.659855 -3.767822 1.510132 2.624472 -4.905429 -1.652219 2.331677
399 1.5521938801 3.889234 0.313616 2.758263 -4.489262 -1.816417 2.273479 -2.169430 -2.693081 1.453773 -3.968834 1.639661 2.696585 -4.840265 -1.616791 2.182182
400 1.5786547661 3.887022 0.474015 2.903331 -4.679469 -1.573175 2.130030 -2.129319 -2.740245 1.426075 -3.937980 1.510373 2.820107 -4.956438 -1.484033 2.475894
401 1.5528873205 3.891626 0.376007 3.039994 -4.721665 -1.613545 2.161968 -2.205660 -2.919732 1.453186 -3.970141 1.674672 2.586418 -4.963586 -1.655716 2.190246
402 1.5604457855 3.884784 0.499133 2.963705 -4.728140 -1.660909 2.288793 -2.018234 -2.809215 1.652967 -3.968175 1.560768 2.699396 -4.855292 -1.487804 2.294372
403 1.5476534367 3.894330 0.402482 2.930601 -4.553015 -1.786986 2.146368 -2.112518 -2.844823 1.466168 -4.008407 1.569821 2.810397 -4.785101 -1.659106 2.215289
404 1.5708268881 3.887351 0.480400 2.879004 -4.623167 -1.659571 2.174305 -2.192208 -2.940328 1.670491 -3.875766 1.500823 2.847936 -4.827017 -1.410543 2.270843
405 1.5665560961 3.882939 0.291065 3.046792 -4.650196 -1.867791 2.110622 -2.081537 -2.873713 1.510875 -4.029996 1.673752 2.840074 -4.894526 -1.478835 2.457622
406 1.5470466614 3.894079 0.328042 2.746469 -4.723329 -1.711943 2.245930 -2.218389 -2.777177 1.486937 -3.877909 1.586693 2.850039 -4.921005 -1.579196 2.251038
407 1.5483468771 3.886013 0.273435 2.866813 -4.599300 -1.743586 2.112387 -2.069007 -2.881740 1.552163 -3.767698 1.469319 2.831459 -4.966161 -1.602957 2.177050
408 1.5521938801 3.888754 0.299593 2.947622 -4.547199 -1.823311 2.003626 -2.154542 -2.796320 1.671322 -3.929809 1.728951 2.731281 -4.806753 -1.452054 2.376450
409 1.5470466614 3.887630 0.357829 2.854704 -4.677318 -1.680842 2.088712 -2.225251 -2.750736 1.446821 -4.050598 1.649283 2.846958 -4.967714 -1.668151 2.234706
410 1.5476534367 3.897416 0.392076 2.961765 -4.523826 -1.847098 2.057704 -2.008159 -2.852110 1.646766 -3.796676 1.666625 2.638895 -4.850290 -1.691872 2.326043
411 1.5425062180 3.893944 0.368151 2.917648 -4.623982 -1.727224 2.114944 -2.079447 -2.794010 1.558359 -3.859506 1.510614 2.761553 -4.948382 -1.613579 2.355304
412 1.5483468771 3.894318 0.453112 2.943203 -4.665444 -1.650970 2.150282 -2.113605 -2.863661 1.504631 -3.847520 1.617507 2.661215 -4.807923 -1.612883 2.267654
413 1.5607154369 3.894668 0.378148 2.871737 -4.621237 -1.712567 2.074806 -2.120785 -2.854896 1.487035 -3.855293 1.562378 2.770745 -4.945176 -1.587093 2.399369
414 1.5470466614 3.893379 0.390935 2.962695 -4.624264 -1.713521 2.137054 -2.156106 -2.823899 1.482604 -3.904829 1.536870 2.764117 -4.919674 -1.492258 2.363922
415 1.5425062180 3.892887 0.457640 2.894171 -4.611540 -1.802075 2.126618 -2.135499 -2.822660 1.515837 -3.967340 1.590548 2.718217 -4.902293 -1.483487 2.339752
416 1.5425062180 3.890334 0.444159 2.936966 -4.586036 -1.755868 2.077649 -2.061404 -2.812480 1.517990 -3.828577 1.608969 2.692680 -4.889751 -1.488614 2.258308
417 1.5604457855 3.890858 0.472417 2.829250 -4.625135 -1.660862 2.166139 -2.068325 -2.766717 1.486508 -3.853032 1.525856 2.766009 -4.845094 -1.544565 2.253940
418 1.5580345392 3.887906 0.441007 2.940370 -4.554141 -1.650828 2.200380 -2.181426 -2.884822 1.520171 -3.931077 1.552150 2.687031 -4.854445 -1.543427 2.318024
419 1.5665560961 3.894700 0.463912 2.953157 -4.619734 -1.787272 2.133072 -2.081908 -2.879519 1.559380 -3.970174 1.570954 2.746144 -4.925363 -1.531466 2.380405
420 1.5476534367 3.890036 0.337776 2.918368 -4.547904 -1.681526 2.204524 -2.114882 -2.777308 1.459686 -3.873527 1.609878 2.723810 -4.940043 -1.625737 2.360594
421 1.5470466614 3.888105 0.435300 2.939781 -4.638135 -1.800954 2.162354 -2.156602 -2.767753 1.530123 -3.971626 1.559880 2.702609 -4.908356 -1.516182 2.355945
422 1.5470466614 3.887708 0.428484 2.972205 -4.583401 -1.695687 2.146894 -2.197158 -2.819837 1.516022 -3.958800 1.538043 2.663740 -4.886143 -1.530290 2.376570
423 1.5831952095 3.894085 0.470658 2.874806 -4.569632 -1.760444 2.080793 -2.193772 -2.857053 1.605617 -3.945544 1.595456 2.685619 -4.884645 -1.618226 2.395713
424 1.5425062180 3.890919 0.389173 2.851666 -4.621694 -1.780818 2.108088 -2.108611 -2.844116 1.555743 -3.829028 1.538148 2.787551 -4.951051 -1.602801 2.337974
425 1.5425062180 3.894042 0.332957 2.839597 -4.621907 -1.729449 2.215877 -2.131820 -2.762465 1.525957 -3.933209 1.620099 2.754838 -4.919036 -1.565488 2.371919
426 1.9462883472 2.309345 -1.292476 -1.219174 3.352843 -2.775853 -2.019933 2.325905 -3.979851 -0.618464 2.849788 -3.675397 1.943166 3.706678 -1.123652 -4.105414
427 2.0246036053 -1.478967 2.330023 -2.875220 4.424865 -3.973407 0.667690 -4.356270 -4.955364 -2.346269 4.527874 1.095824 -3.105543 4.220210 -0.706527 4.585935
428 1.9617743492 -2.059668 2.806141 4.920684 -2.068475 -2.988863 1.956345 3.836275 -1.349503 0.417405 -1.130348 4.329032 -4.347490 -4.970940 4.258468 -0.341637
429 1.8863003254 4.490573 2.630381 -0.507327 -2.466803 4.325762 -3.037751 0.629981 3.647916 -1.124589 0.861629 3.112413 -2.898984 -3.880515 4.386250 -3.797598
430 1.7791692019 -2.973409 0.177201 -0.309754 1.082208 3.868685 -0.376315 -2.153196 1.714812 2.423956 -2.590417 0.658725 3.810423 1.338100 -4.890031 4.527533
431 1.7401778698 -3.078135 -2.400377 1.340233 -0.515785 -4.509529 -1.601344 -4.008615 -1.069673 4.394890 -4.851552 2.400266 2.953767 0.783222 -3.953954 -1.482799
432 2.2838356495 3.287095 3.558916 0.396450 1.858189 0.586529 4.950443 4.900741 0.017016 1.052832 -4.517970 -4.764402 -2.433892 -0.407714 0.501866 -3.158399
433 2.2247934341 1.383694 -2.239689 4.577335 2.286656 4.687390 3.191903 -2.618842 2.422377 2.768067 -1.969915 -4.489885 -0.542508 1.213137 -0.260542 -2.998816
434 1.8679217100 4.988848 0.661499 -1.827761 -1.058235 3.070053 4.237117 3.913086 -2.986853 3.871248 1.686658 0.551368 -2.711030 -4.775066 1.859831 -2.685867
435 1.8938887119 -2.494227 0.830646 4.061903 1.579522 -2.178167 -2.397391 2.783839 4.297932 -1.906631 3.125092 -2.365352 2.624472 -0.131995 -3.703108 1.178854
436 2.3277950287 1.174835 4.929296 1.447953 -3.655541 1.301005 1.813128 -0.153358 -3.147810 3.074891 -4.234313 0.313469 1.546018 -4.282735 0.627270 0.543872
437 2.9592766762 -0.108249 1.470226 -4.848360 -3.690950 -0.993377 0.138070 -4.210357 0.374159 -0.911303 -1.703933 1.484881 2.526218 -0.748353 -0.532990 3.866744
438 1.9821102619 4.148314 -0.516206 3.155871 -0.817619 1.622865 -2.591078 1.844263 2.566195 3.367413 4.781728 -2.673388 0.456996 -3.527015 3.398498 2.669469
439 1.8155140877 -3.755776 4.741607 2.067964 0.204440 -3.626448 4.639083 -0.885308 3.678663 1.686061 -3.658853 2.123161 1.108463 -0.011329 2.897564 3.078468
440 2.2170338631 2.585366 4.122286 -4.565037 3.835784 -3.297254 -4.698461 -3.834044 -0.714391 3.631869 0.393448 2.827371 3.170934 2.708465 1.051422 3.594756
441 2.8972263336 0.945720 -0.218625 2.939023 3.547194 -4.117323 -1.348931 0.291013 -2.042659 -4.022732 -0.823314 -2.972388 -3.269478 2.359514 -4.580991 -2.122453
442 1.8871939182 2.491894 0.058276 -3.072199 2.054125 0.278673 4.432689 -3.189229 0.947198 0.775189 -3.876939 -3.631733 3.619539 0.418853 -1.667412 -1.335669
443 1.9139342308 1.799280 0.402392 -1.642431 -3.417997 3.975782 -0.329824 -1.632754 -4.685805 1.595167 -2.372767 -2.319637 0.027903 3.287636 -2.491236 1.834062
444 3.6955924034 0.321586 3.974656 -1.919378 0.941912 -4.629926 4.021207 1.459901 2.055227 4.579849 3.586848 -4.795718 0.325505 -0.892914 4.770363 0.814941
445 1.7777309418 3.489477 -4.037835 0.617857 3.067289 -1.830447 -4.805881 4.402710 2.829651 -1.750380 -0.176609 1.788429 3.241885 -4.336455 -2.760757 -2.349556
446 2.2243719101 -1.695202 -4.133206 3.423478 0.743103 1.669021 1.434702 -1.081191 -0.549678 -3.242890 0.062174 -2.095427 -1.107937 -3.435757 0.079535 4.306797
447 1.7427197695 4.005320 2.415609 4.148848 2.658220 0.841403 -2.151457 -4.817117 -2.695655 -4.564378 -3.295550 -0.792115 -0.731178 -2.552195 0.813382 -1.978451
448 2.8098804951 -0.869639 3.772839 2.627883 -1.460056 2.360880 0.368930 -0.761182 3.339743 2.312376 -0.552355 -1.315767 -0.116050 2.805247 -4.212736 -1.164190
449 1.6696975231 -4.834258 -3.482006 0.196666 -4.987879 -1.188677 2.218395 0.005038 -2.503994 -1.324333 1.212461 4.089735 -1.891271 -1.375740 -4.478284 -3.224707
450 1.9310343266 4.625636 1.812814 -2.355399 4.966009 -1.894098 -4.499572 -3.520927 3.129063 -3.446486 -1.468362 -0.521117 -4.746343 1.617818 3.709094 -0.111712
451 2.4313867092 -1.053659 1.912582 4.463373 4.053333 -0.566636 2.417950 4.573480 3.965807 -0.424631 3.346460 3.550669 4.343333 -1.170443 2.578143 0.172531
452 1.8979388475 -4.656539 -0.973239 -4.235096 -1.363628 2.822268 -3.819670 1.103798 -1.770035 -1.655717 3.903148 4.672984 -4.814038 -2.092095 0.151711 -4.133757
453 2.4235749245 2.026373 -1.823603 -3.981638 -0.043893 -0.024701 0.890821 -4.646119 -2.240208 4.125233 -0.590752 -0.231089 -1.661443 -1.577313 3.930763 2.489211
454 1.9046523571 -3.627270 -3.354816 -3.536319 -2.628944 2.561685 3.358302 -0.500987 4.373639 0.815984 -3.900906 -0.647806 4.940421 -1.694908 2.520570 -4.940779
455 3.5597798824 -0.143302 3.381494 -2.734901 4.614037 -4.885971 -0.584369 3.144064 4.909343 -4.298839 3.860569 -1.800475 -3.655558 -3.975729 -0.844090 -4.461308
456 1.6284329891 -2.709736 -0.559085 0.797868 4.288852 -3.683368 -0.926007 -1.668143 -3.328381 2.799036 2.325424 4.934254 -3.810820 -2.686258 -3.289622 4.998127
457 1.7095333338 -3.393940 4.473089 -2.192460 -4.393295 4.483042 -2.795072 3.342993 -4.390085 -2.875655 2.651089 -4.099723 1.720766 4.529054 1.304833 -0.850151
458 1.9714264870 2.821635 -2.959304 -4.489270 -1.668883 -0.370395 -3.960693 0.447336 1.525117 -2.267063 -3.063354 -1.466678 0.938073 2.330466 -2.095294 -0.753519
459 1.7092525959 -4.290728 -1.057042 2.298800 2.493635 2.116359 -3.338955 4.217668 4.734399 -3.178951 2.548194 -1.155108 4.754679 1.982189 3.151460 1.892382
460 2.3848667145 -1.403849 -1.514392 3.810466 -4.001523 -3.043736 2.763283 2.447521 -3.639201 0.217504 -2.260776 3.796001 -4.153631 0.194856 4.866973 1.560897
461 2.7258098125 0.555263 -4.630578 -0.573997 -4.225039 1.013458 1.028164 2.730347 2.174867 -2.649391 4.196092 2.676529 2.298558 -2.917543 -2.207060 -3.466104
462 1.7777293921 3.759495 -3.186581 -0.992971 -4.586338 4.819405 2.903131 -1.271287 1.014240 1.918553 -2.970647 3.425462 3.948830 -3.097857 -3.564874 1.426738
463 2.0959267616 3.211240 -4.401566 -3.439000 -2.322129 -1.364314 1.508079 -3.304679 1.432803 1.274114 0.706513 -4.217900 0.602053 3.621753 -2.863051 -4.603179
464 1.8671021461 -4.016774 -4.992713 -1.315554 1.400487 3.601401 -1.779135 3.470807 -1.461460 4.792781 0.118720 -0.052255 1.372007 -2.305564 3.575459 -0.005345
465 1.7628124952 -4.335536 -3.757753 1.861021 -0.573859 -1.635012 3.671561 2.075768 0.742220 -0.092590 -1.407448 1.957251 -1.273315 3.918600 2.221691 2.175278
466 1.8590527773 -2.287345 3.053902 1.178516 2.944324 3.241034 3.619802 0.884160 -3.852484 -0.236126 1.608977 0.847949 4.176045 0.717341 1.543957 3.241579
467 2.9378585815 -0.545977 1.316827 3.491147 -0.194642 -0.213328 0.008145 1.328206 -4.325633 3.967832 2.077998 1.264441 -1.748218 3.180187 -3.049428 -1.687660
468 2.3244776726 1.540603 -2.643621 2.456638 0.407541 0.442215 -1.069395 -2.905662 -0.863375 -4.799869 4.654665 -3.243267 -2.117554 1.830677 2.036518 2.944042
469 3.0007736683 -0.564984 1.092721 -0.027438 -3.098066 -2.368264 -4.294133 -2.098648 0.332985 -3.868500 1.304673 -3.210300 -3.960681 4.650177 -1.357926 3.925192
470 2.6900141239 0.764681 -1.966573 -3.784401 -2.897411 2.084627 -3.487320 -2.488210 -0.120545 -4.395313 -4.597313 4.357191 -0.834049 4.921260 -1.495451 0.743471
