evaluations raw_y x0 x1 x2 x3 x4 x5 x6 x7 x8 x9 x10 x11 x12 x13 x14
1 112.1405627896 4.218897 -3.213557 -4.032388 -1.156530 -3.301047 -2.539680 1.369020 1.414294 3.147297 -0.213153 4.836574 1.078416 -2.787660 0.021162 3.927768
2 153.6018270367 -2.651112 4.596384 1.108385 0.602851 0.135967 2.405495 -0.454745 -2.057296 -0.535312 3.635503 0.551542 1.296895 0.666020 -4.050100 1.737479
3 236.9136934745 1.157201 -2.000973 -2.811800 -2.096775 4.963009 4.927053 -4.923842 0.499362 4.093508 -2.719058 -4.636015 -3.047033 -2.480628 -3.469332 -0.857414
4 214.1926635993 -3.044145 -2.438277 -0.096321 -1.570233 -4.186237 -3.495165 3.823519 -1.226837 4.769581 3.155420 1.933615 1.670564 1.992366 2.984784 -0.674918
5 166.4660072020 -2.794169 4.488117 -1.336061 -3.374454 -1.127258 2.070152 3.042249 -2.875704 -3.990545 3.245747 -1.227645 -0.044515 0.538223 -3.093972 -4.488525
6 179.2476982949 2.673031 3.662971 0.500769 2.359252 -0.388141 0.713725 4.288632 -4.129665 -0.305252 4.844595 1.369141 -0.452563 1.138780 4.886626 3.533970
7 171.0592765011 0.467648 3.045188 -1.899140 1.326432 -1.759669 -4.530616 -2.085693 -3.881168 -0.965711 -4.340844 -0.872913 -2.748485 2.821723 2.518705 -4.157553
8 145.6446193320 -0.562967 -0.292908 3.090576 1.023477 -0.282206 1.722574 3.994123 4.862259 2.345552 -0.800132 2.900839 -0.198895 2.451004 3.669196 1.350300
9 202.8595883819 -1.672788 3.320510 -1.731926 3.528331 -2.486690 -2.615910 -4.559806 -0.861362 -3.365134 -4.321565 -2.966646 4.506374 0.131988 3.549923 1.935698
10 212.3848292010 -1.136677 -4.667624 1.235616 -2.239530 3.287492 -3.895388 -2.430418 3.553351 -3.643423 -3.650488 4.498698 -1.470872 -4.510577 -0.406856 -0.228513
11 185.6533023334 4.619591 -0.873072 -4.817947 1.665898 4.401151 -3.061901 -2.913474 -0.745677 1.697240 -0.749574 1.882727 4.185159 -1.273607 -4.894491 -0.393639
12 213.0660643114 -4.056095 -4.328169 0.269518 3.178226 -2.771755 1.010361 -0.575475 3.178297 -4.620914 -1.547303 -1.883961 -3.457242 0.029111 -4.597400 1.633383
13 180.9008729543 -1.939502 -1.058236 4.498821 -0.553901 4.277762 -1.804139 -0.171231 0.910649 -2.610557 -0.008837 4.726877 2.702488 3.794286 -3.225781 4.509067
14 182.0528344693 -0.065485 2.464888 -3.242121 0.502215 1.499210 4.303512 2.869317 -3.322297 -2.429743 3.781698 -3.189656 -0.934937 4.290250 0.525780 0.790467
15 193.1595158391 1.354063 2.575012 2.195742 -3.660974 -2.974755 -0.585461 -1.319414 1.763633 4.155346 -1.879503 0.105211 -2.078439 -4.005468 4.266322 -3.870692
16 144.1023788664 -4.386289 1.550773 2.429071 -4.453250 1.323736 1.347025 2.679901 -2.305356 0.182852 -3.749681 1.498744 3.197636 -2.100540 1.442006 0.740723
17 188.2839444002 0.300249 -0.596236 -4.268966 -1.411590 4.071289 -0.440053 -1.088011 1.943737 -3.079030 -1.929501 2.407711 -3.306226 4.012261 -4.298241 -4.617894
18 153.9535378809 -1.469064 -2.613670 -0.932425 2.939946 -4.814342 3.155034 -2.142878 4.512624 0.926944 -1.296271 3.612247 0.264831 1.547018 0.145323 -1.738880
19 197.9148219393 -2.147407 -1.303566 -1.035798 -2.577449 -3.193228 3.569747 0.583556 -4.959161 -2.155373 4.208223 -4.310059 -4.125449 -0.944024 -2.431067 -2.070229
20 182.1385268969 -0.342529 1.215484 -4.603015 2.059770 -4.487583 -3.672694 -1.742881 3.748910 2.857589 1.763606 2.576724 -2.340790 1.670767 -2.027637 2.426601
21 167.2453601219 3.088697 -3.734963 -2.732034 3.269917 0.467013 -2.892936 -4.371116 2.433956 -2.822162 4.336831 0.701162 1.606196 0.850514 -2.998154 -3.427081
22 182.4053028683 -3.880323 -3.226540 1.535267 3.832186 2.387703 1.572816 1.015112 -1.084434 -1.520220 -4.866285 -1.632241 -3.742378 -1.128734 -1.597113 3.279335
23 180.3083572960 3.535040 0.783184 4.159774 -4.783363 0.596117 -0.868729 4.822128 -0.385163 -4.219489 -3.318929 -2.346197 -2.879803 -1.860953 -0.949235 -2.164459
24 231.4569698645 -3.386142 0.197808 3.330708 4.736719 1.902980 0.025023 2.449170 -1.839434 -4.816933 4.654280 -4.549402 3.780698 -2.242925 -3.772841 -2.632190
25 152.6206634870 1.957981 -0.111000 1.886067 1.839044 3.870719 -1.373527 -3.440437 -3.540145 -1.952861 2.703072 4.220302 0.388623 3.413879 1.194640 -1.381508
26 194.8727544488 -0.127769 3.957336 4.613614 4.804102 -2.133082 0.831416 -4.165508 0.062726 -4.398549 -3.064897 3.939732 -4.477315 -0.488744 3.396851 -1.191062
27 240.8292677023 2.112563 -4.872707 3.666926 -2.471901 0.899810 4.454875 1.938784 1.543667 1.158031 -1.108839 -4.072847 -4.598384 4.731288 -0.708285 -3.186949
28 163.8405545695 1.613248 0.469390 2.882457 -4.201769 1.118998 -3.415526 0.178629 4.044187 -1.358410 -2.912315 -2.751073 -3.935676 -4.270383 -0.216363 0.128159
29 226.8542316744 3.277125 -2.800118 -0.550719 2.558589 -4.621889 2.773753 -3.140256 1.063541 3.308006 0.943560 3.716504 -4.879326 3.201262 -4.465315 -0.093924
30 161.6660835276 0.965457 2.985687 -0.605363 -4.056483 -1.898761 2.279667 -0.909417 -4.095102 -0.037076 0.216911 -0.358639 4.782337 1.423514 3.037182 1.033703
31 261.8536625477 4.860707 4.115248 -4.464798 4.457722 -1.224035 -4.736832 2.307762 3.414894 2.599580 -2.418453 -0.751358 -1.163169 -4.943411 1.977739 4.722812
32 318.6069909413 -4.953190 -4.362221 4.089315 -0.816551 2.151118 -1.957258 0.531766 -4.433354 -3.772361 -3.989687 3.136612 2.038180 -4.690985 -1.284695 -4.842792
33 216.5688159585 -2.469306 0.706505 -0.161607 0.847682 -3.489428 3.395922 1.483739 -0.288358 3.601721 1.231383 -3.509827 3.252828 4.434597 1.743433 2.986952
34 238.1858656899 -0.951239 3.729047 -3.525600 3.984065 3.177316 -1.481138 -3.938454 -4.565094 0.570029 4.023187 -4.836926 0.664125 -3.770639 -2.679291 4.288043
35 140.3391513672 2.499436 1.270281 2.570527 0.289805 -1.607087 0.553641 -2.638506 0.162694 4.871939 2.291966 -1.907048 2.785527 -2.734954 0.610204 4.953769
36 135.4398318299 4.384987 -0.361541 0.985901 2.313070 -0.623478 -4.912253 -3.795183 -2.435038 2.326519 -2.219391 0.181350 4.075827 -3.250618 -2.149504 0.473818
37 170.6611019056 -4.166344 -1.500276 3.467554 -4.608876 3.458371 -4.210688 -1.580123 2.761039 1.450861 -0.526261 -1.181981 -1.787280 -0.185250 1.494391 -4.100449
38 133.4553241180 1.868042 -3.920366 1.970449 -2.797212 4.713186 -0.218305 3.336947 -1.627912 0.524270 2.502007 0.874266 2.370713 2.296996 4.573646 -1.471556
39 190.8002203306 -4.635839 -2.228705 4.872297 0.083436 2.962108 0.295264 3.597867 2.267607 4.339071 0.614159 -3.738180 2.152587 2.763588 4.493411 3.843956
40 157.3810502663 0.683876 2.306939 0.657460 4.227740 1.755245 4.666725 1.839388 4.588886 1.288670 1.459772 2.240585 -1.331888 -1.610772 -1.837589 3.132917
41 136.4432084656 2.984804 -3.573448 -2.275749 -3.082255 -0.809517 2.841445 4.693355 0.756104 1.914786 2.048312 -0.292343 0.945258 3.474118 2.271483 2.750634
42 142.4721501254 4.109246 1.950763 -3.680957 -1.789100 2.713971 3.889451 0.884039 2.976222 -1.854502 0.393711 -3.377967 -0.635330 -3.218454 0.941453 -2.419263
43 133.7533669543 -3.559405 1.838765 -1.602837 -0.767305 -3.964749 3.742717 0.075900 4.217858 -1.059757 1.095742 1.156194 3.482676 -3.472836 -1.087180 2.150489
44 161.8995048239 -1.409399 4.802609 -3.186764 -0.215622 0.077924 -2.258086 4.553387 -3.034631 -0.652098 2.850020 3.291495 4.657813 -0.666260 2.752931 -3.468977
45 257.3326694515 3.867409 -1.872836 -2.489921 -3.716552 -3.823427 -1.039070 -3.469082 -2.699426 3.842950 -4.680986 -2.324781 -2.154431 4.968296 3.902333 -2.932149
46 196.0184891509 2.482058 -3.334831 -3.602843 -3.083709 -3.676036 1.329226 0.063815 -1.092721 2.952216 4.721360 3.092786 2.857429 -2.319349 -1.778275 3.870521
47 217.2083081348 4.222602 -4.875317 -1.179632 0.402793 -4.710568 -4.240766 4.262460 4.757627 2.484670 3.740892 3.841642 0.699295 -1.166001 -2.871384 4.223904
48 162.1463273810 4.474769 -2.128606 -0.725282 3.673040 -1.722959 2.887947 -3.208422 1.210195 1.864724 -0.454920 1.919467 3.401422 -2.753198 4.484192 2.719921
49 126.5092515011 4.133625 -1.418384 -0.647596 -4.069589 -4.593113 3.003373 -0.644816 3.531229 1.983829 1.720927 0.772042 1.644563 -4.358912 -0.182276 2.566600
50 92.1891046730 1.380435 -2.086744 -4.341829 0.995382 -2.487845 0.734686 -3.963961 -0.329213 1.928271 0.999521 1.796211 2.772693 -0.371164 -0.954864 3.106721
51 133.2819374686 2.766236 -0.203418 2.027718 -3.411850 -3.904536 -3.999454 -3.736055 1.808636 3.071548 0.467598 1.953026 4.144521 0.332105 1.266503 4.313731
52 127.6283280955 4.211629 2.365276 1.353573 4.615793 1.451549 2.419149 -2.217339 -1.248195 1.594192 1.401035 0.684790 1.914176 2.644323 0.427025 0.737345
53 93.3449647201 0.663431 2.021207 1.302769 4.386449 -2.839680 0.040153 -3.724025 -2.318016 2.043597 1.907644 1.854579 1.226933 -2.743404 -2.246555 0.278092
54 107.7765038747 -1.543496 0.357559 -4.309841 0.181957 -4.609190 0.106168 -0.075241 -0.031647 0.864553 0.902416 1.307342 2.083940 3.707427 -0.633265 1.419869
55 122.2332109145 0.077254 -1.250526 2.137743 3.891062 0.068770 4.696314 -0.177049 4.808013 2.038885 0.773394 3.537502 2.024456 1.441207 -0.078993 2.278885
56 166.3970190995 2.326700 -3.054924 0.125978 -4.570966 -4.671283 3.090095 -3.942749 1.551687 2.106854 0.062331 1.996371 2.654397 -4.263417 -2.953871 -1.816815
57 141.0093840186 0.261314 -2.761636 -2.781683 -3.176707 -4.098218 -3.104827 -0.119258 4.610635 0.861951 0.198941 2.910486 1.858712 -1.153183 -3.036982 4.560820
58 184.7417431658 0.750988 4.546155 2.071586 -3.736080 -2.764555 4.018509 0.560588 -3.118101 2.356110 0.251951 0.639386 2.273890 3.980020 -1.046248 4.942266
59 169.7955181092 -1.201843 -4.414028 -1.419741 -2.172081 1.372755 4.902462 -4.695599 3.128185 2.092270 1.413677 2.171250 3.153668 -1.144300 -0.035182 4.117931
60 94.4244997818 0.362641 -0.852402 0.786639 -4.062741 -2.024604 2.150757 -3.083869 3.377600 1.074512 2.084428 2.749038 2.729946 -0.007078 -4.041200 3.049262
61 129.9192324102 3.955855 -0.949967 2.070037 3.887701 0.155464 -3.435291 -2.953891 0.124715 3.307955 -0.687283 3.300171 2.059522 -2.950694 -3.094741 2.866779
62 78.2121959494 3.456499 0.042762 1.504033 1.229047 0.279607 -1.838446 -0.920388 -0.582963 2.809178 2.739938 3.176766 3.329201 2.652245 -2.944181 1.366856
63 35.7670999921 0.442164 -1.839706 -0.530654 -0.308405 -1.104238 0.458947 -0.376160 -2.128779 0.371115 0.049362 0.055595 1.812798 -1.202823 -0.800313 3.099501
64 103.4285727692 -1.852551 -0.511901 1.304430 4.550214 -3.697008 3.947109 -3.024957 2.721898 0.859398 1.778375 1.036670 1.783715 -0.494275 0.832535 1.198623
65 101.7461225779 -4.505831 -0.094591 3.139366 -1.086853 0.560811 -0.700769 -2.295632 2.483597 1.711315 0.315405 3.967787 0.959712 -2.789268 0.652843 2.068007
66 63.5889608011 -0.664317 -0.629423 -1.586702 1.194164 -2.668543 3.580797 -1.349466 -1.925738 -1.105855 -1.260901 2.381667 0.288182 -3.422211 -0.383889 0.530303
67 127.8617639503 -1.769419 -0.484289 -1.743428 -4.833246 -0.895356 -4.602835 1.697063 -2.522350 0.399714 1.817439 0.515926 2.999592 0.315002 -1.495737 3.438091
68 106.7194662991 1.292958 -1.885882 3.667631 0.142459 -0.799656 -2.641216 -4.290615 0.596563 -0.245199 0.260503 2.524219 0.797969 -0.025301 1.023970 3.738685
69 83.1239180311 -0.832385 -1.220078 -0.283383 -2.630419 0.512552 -4.382334 -0.503347 -4.100486 1.390154 2.049185 3.333433 1.653078 2.719260 0.608776 1.154768
70 104.4375900036 4.888011 -0.972417 2.908745 4.132695 -2.563681 -0.642321 -0.763467 -3.002644 -0.046181 1.160535 -0.842438 2.455121 -0.626176 0.384800 2.865077
71 50.5202677744 2.089954 -0.799307 1.674597 0.565182 -2.761753 2.524697 -1.355450 -3.747700 1.517315 -0.915186 1.713514 1.190185 0.285812 -0.646258 1.104453
72 57.5295399355 2.430360 -0.086939 -0.874873 -2.262327 0.727278 2.099704 0.407052 -1.479908 2.283949 1.788728 3.847698 1.553108 1.259072 0.887070 0.068207
73 94.2422562487 3.013050 -1.833462 -2.927388 -1.609377 -3.632105 1.522026 -2.796518 1.864650 -0.901849 1.883070 0.867631 -0.150044 -2.932640 0.663835 4.103177
74 70.3641372410 1.230885 -0.000437 -3.716169 -0.314803 -0.831060 -0.606303 0.061006 -2.307562 0.153042 -0.099772 3.483505 0.339839 -3.928368 -2.654008 1.639300
75 88.7991729634 1.315824 -1.688594 -4.073358 2.600062 2.046478 0.118449 4.270425 -3.707090 -0.046091 0.970686 1.627214 0.689794 -2.185046 0.475163 0.936527
76 90.6700591360 -0.605630 -2.044280 -2.832049 -1.880106 -0.181207 -2.350569 -4.112515 -4.325892 -0.014608 -0.206536 2.239227 0.071695 -2.087002 0.223536 3.137597
77 91.0131381105 0.194039 -3.427016 -0.990997 -1.882487 -0.450687 3.227726 -2.276953 -4.829687 0.496071 -0.786335 0.227577 -0.228923 3.332657 2.187815 2.883749
78 94.7846278121 0.063534 -0.441858 2.537498 -1.369184 -0.826736 4.236378 0.117775 -2.273534 0.073649 0.893196 0.692654 0.703654 -3.543116 -3.687283 1.699794
79 94.2649619155 3.298853 -1.654657 -2.355430 -1.613035 -0.733427 0.801817 -0.057311 -4.066918 -0.498270 1.037889 1.833089 0.223608 4.001490 -2.111562 3.432486
80 102.5329488109 -3.141768 -0.445678 -3.501471 1.353898 -2.304816 2.406751 -1.304108 -0.387651 1.164993 0.452058 1.740819 1.104711 -1.444996 -4.403374 4.178447
81 35.6030092277 0.541866 -1.417183 -1.484540 -2.441640 -1.243764 -0.939769 -0.699038 -0.753363 0.142268 1.049557 1.588950 0.890640 -1.262497 0.455617 1.422360
82 39.7337740154 -0.421838 -0.623553 0.394006 -1.812316 0.213129 1.229627 -1.291778 -3.502692 0.335195 1.334257 1.430638 0.609847 -0.060765 0.352813 2.620368
83 32.8757401189 1.008020 -2.006475 -0.431699 -1.870690 0.441210 -0.477839 2.498319 -1.191057 1.098114 0.549350 -0.445502 1.143909 -1.464832 0.836060 2.731771
84 17.6556893957 -1.457403 -1.732191 -1.072183 -0.415939 -1.960386 1.035432 -1.498622 -0.747142 -0.015300 0.585693 -0.107503 1.184660 -1.878530 -0.735402 1.312223
85 23.8969259773 0.422474 -1.635419 -0.189833 0.104740 -0.192932 2.583371 1.563421 0.292724 0.472211 -1.340596 1.387172 0.562903 -0.654415 -0.400059 2.430592
86 27.0677891389 -1.851192 -1.079139 0.356948 -0.155616 -2.419495 0.495711 -1.009131 1.245908 0.771304 0.540000 -0.609079 0.754850 -0.472151 -0.890249 0.838698
87 27.4660965172 -1.984814 -2.031996 -0.335682 1.925835 -0.920225 2.249297 -2.859765 -1.040488 0.353811 1.504420 1.878935 0.758890 -1.380691 -0.069013 -0.089153
88 46.7180565180 -1.805974 -0.621777 0.583488 -2.687311 -3.117284 0.807055 -1.386439 -1.391151 0.872719 -0.647791 -1.157513 1.571437 -2.002818 0.357476 2.393256
89 31.9141152300 1.042687 -1.597685 0.873430 1.069087 -1.210890 -0.586025 1.905720 -1.174639 0.896893 1.013349 1.271097 1.966501 -1.562992 -1.183372 1.152540
90 43.1067064771 -1.775588 -1.242332 -1.399518 -0.567962 -1.952832 0.628866 0.431274 -2.482037 -0.002207 0.169775 -2.683218 0.226741 -2.443928 -0.034604 -0.032681
91 19.1672486255 0.466438 -0.791343 -0.871016 -1.179334 -1.398869 1.510806 -0.648506 -0.216074 0.236458 -0.179754 1.963118 1.104546 -2.873229 0.240859 1.347451
92 23.2260826545 -0.035959 -1.344008 -1.597762 -2.110919 -1.100033 1.344453 -0.862052 -3.390669 -0.230631 -0.305443 0.472637 0.739157 -1.590270 -2.209348 0.018420
93 19.8663023031 1.577011 -1.280753 -1.171624 1.618941 -0.881748 -0.748159 -1.613835 -0.109885 1.017460 0.272593 -0.844032 1.024587 0.078341 -0.582443 0.672364
94 54.3382029350 -2.335657 -1.222427 -3.139799 0.614015 -2.142277 2.283823 1.098862 -2.020099 -0.544860 0.752793 1.626592 0.460693 -0.023814 -1.447242 0.872280
95 43.9936548349 1.714401 -1.631823 0.413683 1.415752 -1.410896 2.439727 -0.099419 0.369738 -0.102938 -0.603564 -2.336366 0.424978 -2.758083 -0.340955 1.295154
96 69.1587975932 0.573859 -1.869417 -1.058770 -2.571781 -1.073205 0.746616 -4.559232 -1.740998 0.887587 1.542542 0.630034 1.725177 0.022839 -0.502252 0.190532
97 31.7015472050 0.737960 -1.032629 -3.058753 1.128055 -1.996662 1.236719 -1.768788 0.166314 0.446583 -0.482686 -0.344791 1.842478 -0.140834 -1.257076 0.111442
98 30.7530488726 -0.811284 -2.562465 -0.132214 -1.322411 -1.050399 0.878731 -2.138031 1.977747 0.779838 0.740739 1.118867 0.166928 0.120741 -0.827598 0.580794
99 29.3559184770 1.395275 -0.965189 0.024411 -2.226467 -1.139454 1.209012 -1.058793 -2.328506 0.698095 -0.132533 0.839975 0.364348 -1.528989 -0.532580 0.068360
100 44.6644866533 -3.316891 -0.956976 -1.116176 0.091184 -1.407637 1.949090 -4.111637 -2.762469 0.684105 0.525568 -0.442514 1.181044 -0.497314 -1.139591 -0.043918
101 12.5579715677 -1.106870 -1.513818 -1.305531 -0.455637 -1.188746 1.421653 -0.386482 -0.658071 0.056888 0.554186 0.972999 0.767416 -1.680409 -0.084040 0.779990
102 22.1986885258 -0.193424 -2.080100 -0.641099 0.025196 -2.272113 1.272489 -0.740639 -2.363510 0.250816 0.144275 1.169252 0.982929 -0.831127 -0.230166 0.948471
103 21.7056698607 -0.884088 -2.253668 -1.936392 0.068736 -1.386919 0.127727 -1.241605 -0.009889 0.311995 0.349025 1.158297 0.945788 -1.070442 -0.448276 1.325819
104 20.0894086440 -0.665700 -1.491210 -1.479838 0.221759 -2.552374 0.840347 -2.036850 -0.838568 0.500191 -0.117415 1.129036 1.174787 -1.102129 0.030962 1.357008
105 10.2774817890 -1.558552 -1.845565 -0.553328 0.256432 -1.270864 0.196956 -0.474416 -0.924527 -0.115016 0.224987 0.400285 1.035273 -1.182492 -1.677166 1.344372
106 -0.0658780920 -1.101095 -1.372366 -0.594792 -0.602348 -0.653370 0.746001 -0.371793 -0.836710 0.487024 0.257934 1.888239 1.426271 -0.893012 -1.770850 1.062641
107 8.4009388198 -0.317260 -1.217356 0.311480 -0.344814 -1.043989 0.304731 0.169126 -1.892637 0.086043 -0.634809 1.713734 1.336558 -0.423924 -1.360624 1.405389
108 8.1970601913 -1.435947 -1.417983 0.235413 -0.374733 -1.274375 0.932057 -0.090470 -2.420286 0.488566 -0.330830 -0.328233 1.578794 -0.331076 -1.585996 1.538245
109 22.4887291804 -1.604080 -1.421444 0.038081 1.526002 -1.538874 -0.469924 0.357434 0.258913 -0.208025 0.789741 1.731068 0.589622 -0.841949 -2.443415 1.151102
110 16.5915888081 -1.024552 -1.171407 -1.284410 0.533281 -0.570677 0.974151 -0.319549 -1.872749 -0.107564 0.326015 -0.043373 0.936063 -0.912595 -2.727713 0.609472
111 5.4256132607 -0.246917 -1.130095 -0.353385 0.339841 -1.174063 1.714087 -1.018761 0.239895 0.294831 -0.557593 1.075927 1.835382 -0.588967 -1.287667 0.555933
112 14.2764115754 0.156403 -1.269700 -1.190107 -0.772221 -0.567756 0.312581 0.456179 0.735274 1.040861 -0.097962 2.599784 1.504675 -0.222956 -0.821200 1.524749
113 21.1217478735 -0.320006 -1.057059 -0.902108 0.139820 -0.318194 0.961090 -0.263400 -2.137118 1.047590 0.062839 3.030143 1.218926 -1.889005 -1.236974 0.590034
114 19.6551935297 -0.191034 -1.686932 -0.895291 0.812269 -0.498692 0.643285 -0.200825 -2.451454 0.890781 0.605000 0.428565 1.416715 -0.201097 -1.176202 0.732572
115 5.6195322893 -1.298660 -1.431032 -0.298696 -1.101795 -0.601641 0.201377 -0.418304 -0.971463 0.573689 0.238874 1.396277 1.331404 -0.242076 -1.901621 0.774008
116 24.4711433067 -1.861702 -1.991542 0.329763 -1.331467 -0.626996 0.357489 0.377427 -0.608355 0.108969 0.406703 3.275666 1.754211 -0.111697 -1.454013 0.557426
117 3.9437834696 -0.880368 -1.591296 -1.120235 -1.237500 -1.099169 1.530099 0.114445 0.533784 -0.041431 -0.475141 2.273233 1.189931 -0.724007 -1.358515 1.374738
118 8.4151302260 -0.806199 -1.307501 -0.182309 -2.030837 -0.957299 0.913654 -0.585934 -0.036468 -0.038003 -0.406762 1.304677 0.979611 -1.963393 -1.530332 1.716447
119 22.8036181927 -1.115720 -0.762137 -1.278114 -1.969626 -0.043367 1.662037 -1.355849 -0.278510 0.694400 0.338644 2.804838 1.645618 -0.182298 -2.872987 0.378954
120 10.8324299394 -1.431932 -1.314930 0.104452 -1.021344 -0.690593 0.371507 -0.679714 -0.884407 0.584970 0.077386 0.765855 1.796706 -0.871498 -2.851339 1.230080
121 4.0721932929 -0.083339 -1.494188 -0.723138 -0.592518 0.020841 0.609533 -1.035290 -0.521211 -0.049490 -0.532164 1.057663 1.816922 -1.792067 -2.569560 0.371310
122 0.0089563063 -0.506110 -1.031431 -0.032168 -0.277435 -1.370421 1.698452 -0.373052 -0.827798 0.711583 0.536021 2.184806 1.249086 -0.884442 -1.026336 0.910947
123 6.1197816717 -0.263649 -1.519997 -1.004472 -0.192499 -1.342565 0.417556 -0.766968 0.569997 0.658465 -0.376225 2.220538 1.641997 -1.956445 -1.416623 1.071538
124 3.7221853189 -2.392131 -0.922385 -0.389156 -0.940841 -0.264754 0.458629 -0.778688 -0.519129 0.525096 -0.498795 0.919840 1.147954 -1.203748 -1.200167 1.487723
125 8.2490626283 -0.813843 -1.168383 -0.066863 -0.558491 -0.313766 1.303472 0.366275 -0.375910 0.396495 0.466180 1.599586 1.475197 -0.268941 -1.203381 0.679975
126 -2.4350976872 -0.487144 -1.090787 -0.566859 -0.304297 -0.874211 0.189873 -1.015898 -0.740254 0.339419 0.327415 1.876702 1.321916 -0.614584 -1.676745 0.771455
127 0.8052045604 -0.416888 -1.117428 -0.346750 -1.269999 -0.237063 0.872122 -0.463243 -0.263000 0.310813 0.299879 1.295484 1.203110 -0.484880 -1.716193 1.026739
128 -3.3888967912 -1.492051 -1.096425 -0.238369 -0.831369 -0.885568 1.259155 -0.165573 -0.598207 0.294385 0.276535 1.693266 1.738909 -0.643414 -1.572353 1.222631
129 -0.7757557215 -0.789931 -1.616588 -0.287944 0.063133 -0.704979 0.641724 -0.822886 -0.248102 0.592631 -0.028057 2.267181 1.416592 -1.159232 -1.310820 1.263102
130 -4.2358340522 -0.580268 -1.145187 -0.664323 -1.143878 -0.868639 1.219524 -0.164670 -0.681390 0.630088 -0.058581 2.153148 1.424020 -0.528777 -1.261118 1.257006
131 -2.4901062364 -0.935006 -1.146359 -0.340533 -0.993677 -0.951832 1.046042 -0.769173 -0.638886 0.644983 0.256248 1.755550 1.116105 -0.772351 -1.485549 1.468700
132 -7.4036585663 -0.378009 -1.141496 -0.287545 -0.885449 -0.498786 1.054566 -0.535872 -0.053502 0.470896 -0.225127 2.532997 1.201058 -0.324106 -1.220776 1.142134
133 -4.4205897612 -1.161897 -0.961258 -0.610114 -1.281862 -0.713799 0.960635 -0.771462 -0.169866 0.394497 -0.083410 1.763000 1.244500 -0.749755 -1.309163 1.442350
134 -3.4283171401 -0.099085 -1.026169 -0.828857 -0.526363 -1.051854 0.818374 -0.460201 -1.076407 0.811995 0.130479 1.939151 1.412877 -0.171754 -0.919378 0.955107
135 -0.1101126152 0.206530 -1.097197 -0.550395 -0.564323 -0.985496 1.697905 -0.494091 -0.881879 0.731547 -0.131010 1.545192 1.470086 -0.452303 -1.506940 1.397016
136 -5.6440762390 -0.371461 -0.891412 -0.080428 -1.014287 -0.855636 0.811119 -0.745661 -0.459654 0.387445 -0.103379 2.745449 1.211034 -0.591447 -0.948851 1.508237
137 -5.6184839709 -0.618523 -1.119342 -0.527198 -0.752232 -0.758899 0.836247 -0.964925 -0.159412 0.521452 -0.060965 1.941550 1.113929 -0.582322 -1.627680 1.240118
138 -0.3214391410 -0.462030 -1.344157 -0.000459 -1.114872 -0.420497 1.415174 -1.046461 -0.703314 0.514169 0.073808 2.447514 1.279193 -0.768979 -1.606347 1.409526
139 -6.1078266946 -0.218814 -1.207366 -0.743868 -1.353932 -0.637170 1.094980 -0.701365 -0.259826 0.293848 0.006942 1.912213 1.115709 -0.196284 -1.061013 0.967896
140 -4.1211634292 -1.161734 -1.232909 -0.352973 -0.704525 -0.805589 0.762669 -1.066583 -0.066541 0.365437 -0.272627 1.708524 1.118695 -0.468990 -1.176852 1.289450
141 -1.5257988608 -0.200785 -0.857773 -0.196655 -0.215367 -0.826882 1.210846 -0.770758 -0.221030 0.616220 0.099032 1.826205 1.509165 0.101215 -1.461501 0.986555
142 -6.4613750926 -0.254385 -0.928169 -0.213640 -0.984759 -0.647692 1.553285 -0.922372 -0.044368 0.401676 -0.500553 2.344075 1.024106 -0.180906 -1.202567 1.425119
143 -9.4694406638 -0.882920 -0.945361 -0.292889 -0.229001 -0.643617 0.957252 -0.876984 -0.403774 0.451714 -0.362818 2.231709 0.883819 -0.701806 -1.433289 1.201771
144 -1.3797600468 -0.020162 -0.841600 -0.170986 -0.819895 -0.780498 1.012590 -0.876224 -0.704348 0.594182 -0.019753 2.797322 1.267555 -0.510448 -1.668858 1.394758
145 1.1900889506 -1.024154 -0.972599 -0.407616 -1.323773 -0.807564 1.078274 -0.754017 0.239669 0.292221 -0.535552 3.101808 1.282300 -0.706411 -0.758531 1.322810
146 -5.4026835505 -0.759095 -0.782024 -0.711490 -0.812361 -1.074197 1.415969 -0.840019 -0.904408 0.535925 -0.056021 1.766522 1.018727 -0.221068 -1.317522 1.067442
147 3.0168256069 -0.662302 -1.106372 -0.422017 0.184753 -0.826580 0.810376 -1.107201 -0.124276 0.370338 -0.316659 2.006886 0.930530 -0.339866 -1.812091 1.499885
148 -9.0118182097 -1.017135 -0.738297 -0.293284 -0.199354 -1.072787 0.631301 -1.115221 -0.665476 0.456556 -0.573272 1.898808 0.703759 -0.822353 -1.500112 0.839624
149 -9.2453121767 -0.736528 -0.912260 -0.224451 -0.012743 -0.772310 0.667316 -0.321193 -0.947128 0.270600 -0.491973 1.980015 0.713370 -1.040413 -1.014822 1.394208
150 5.5311427588 -0.920212 -1.191437 -0.369629 0.318556 -1.013009 0.590894 -0.920135 -0.033497 0.698929 -0.629048 1.695368 0.963327 -0.495702 -1.756396 1.047084
151 -6.8041622380 -0.596022 -0.731511 -0.289359 -0.483350 -0.273580 1.391706 -0.593864 -0.209579 0.322735 -0.055642 2.560599 1.041831 -0.326874 -1.292946 1.319991
152 -9.7640666582 -0.656999 -0.629808 -0.319062 -0.813701 -0.714317 1.093682 -0.554417 -0.015642 0.610183 -0.572679 2.424363 0.614332 -1.053885 -0.943960 1.005629
153 5.2574018055 -0.116732 -0.584690 0.157278 0.011448 -1.060779 0.671167 -1.301271 -0.210864 0.578211 -0.308052 1.567205 0.685936 -1.169662 -1.484786 1.004219
154 0.5053476630 -1.419532 -0.569988 -0.208707 0.194489 -0.925700 1.111147 -1.352818 -0.916932 0.198308 -0.043708 1.899054 0.939946 -0.498899 -1.138093 1.040092
155 -0.2456490854 -0.400013 -0.601906 0.057835 0.303059 -0.579852 1.380529 -0.958640 -0.290378 0.397064 -0.202214 1.887589 0.803050 -0.700092 -1.033666 1.155220
156 -12.8626520049 -0.171105 -0.973991 -0.257488 -0.559930 -0.306719 1.770998 -1.218829 -0.252950 0.440685 -0.475868 2.098675 0.490828 -0.756433 -1.160165 1.158060
157 -0.2280387613 -0.652057 -0.818008 0.042689 -0.678894 -0.726840 0.783294 -0.313349 -0.375515 0.376188 -0.215506 3.015257 0.887224 -0.861527 -1.278941 0.953873
158 -4.9991503516 -1.112881 -0.306317 -0.742236 -0.716547 -0.963322 0.703006 -0.009268 0.040199 0.356186 -0.366643 2.087730 0.666972 -0.782514 -1.374657 0.968194
159 -4.4195771828 -1.327500 -0.619010 -0.729054 -1.301131 -0.893913 0.602090 -0.367309 0.564412 0.382877 -0.623268 1.975949 0.839906 -0.832534 -0.652628 0.903743
160 -1.4796609211 0.102079 -0.921998 -0.407747 -0.636206 -0.417311 1.215087 -0.867423 0.166246 0.344087 -0.426547 2.819897 0.351268 -0.731162 -0.894107 0.703935
161 -5.2790950427 0.494672 -0.643633 -0.480925 -0.592341 -0.697565 1.189986 -0.995350 -0.360532 0.187819 -0.727681 1.498998 0.473115 -0.513418 -1.238230 1.190622
162 -10.8442380337 -0.531158 -0.737017 -0.186779 -1.032242 -0.499679 1.859500 -0.648908 -0.076980 0.227063 -0.506546 1.447631 0.408280 -0.390851 -0.951893 1.001832
163 -9.7632977920 -0.607167 -1.157065 -0.209228 -0.589860 -0.174591 2.412833 -0.999709 -0.829061 0.234253 -0.573751 2.532801 0.641815 -1.034573 -0.860043 0.788359
164 -8.7543746514 -0.045552 -0.717036 -0.613473 -0.694980 -0.660372 1.511592 -0.776396 -0.930140 0.574556 -0.814192 1.311891 0.288402 -0.381782 -0.905173 0.953404
165 -2.4111708243 0.513110 -1.125913 -0.557113 -0.704928 -0.078395 2.154461 -1.324669 -0.140248 0.558639 -0.762853 1.793210 0.324954 -0.369334 -1.221074 0.996281
166 -6.6105896495 -0.902004 -1.016670 -0.185035 -0.750237 -0.071162 1.475145 -0.845006 -0.570618 0.287097 -0.537143 2.672200 0.344561 -0.717742 -1.319093 1.276352
167 -5.9617581167 -0.386701 -0.649415 -0.676868 -1.059575 -0.292875 1.721839 -1.013877 0.338303 0.644588 -0.322202 2.474121 0.160801 -1.031040 -1.038412 1.488371
168 -1.8126677477 -0.275056 -1.312277 -0.461548 -0.863914 -0.743987 2.163869 -1.873117 0.044982 0.403797 -0.514591 1.906596 0.771665 -0.825985 -1.307448 0.945890
169 -9.1185829453 -0.523420 -1.120671 -0.407433 -0.304684 -0.218919 1.253268 -0.497455 -0.074559 0.262579 -0.516453 1.974773 0.193043 -1.127359 -1.134345 1.422662
170 -9.4810095068 -0.741577 -0.701604 -0.517457 -0.845113 -0.090252 2.310885 -0.807953 -0.928618 0.368793 -0.777778 1.934318 0.864566 -0.962390 -1.491955 0.930019
171 -8.9509644746 -0.669586 -1.261238 -0.151096 -0.820323 -0.247749 1.140713 -0.809515 -0.430393 0.336078 -0.509200 1.320659 0.066930 -0.416070 -1.299943 0.980206
172 -6.0110911106 -0.092975 -0.819708 -0.390697 -0.838484 -0.186354 2.040310 -1.456703 0.018005 0.315920 -0.325851 2.093316 0.816235 -0.593278 -1.531905 1.276636
173 -5.6025975182 -0.665062 -1.091953 -0.273037 -1.077086 -0.503873 0.993199 -1.068433 -0.925789 0.231361 -0.683525 1.750582 0.877374 -0.307252 -1.408984 1.249846
174 -7.6340544246 -0.652501 -0.746149 -0.167411 -1.064869 -0.397702 1.270743 -0.578524 -0.021231 0.510885 -0.479350 2.369533 0.844659 -0.891041 -0.733196 1.509327
175 -5.9756259356 -0.182868 -0.871421 0.007836 -0.449202 -0.385225 1.009532 -0.807313 -0.952966 0.597428 -0.381267 1.327192 0.228702 -0.437524 -1.163895 1.019072
176 -6.6950905443 -0.084472 -0.903500 -0.432319 -0.678922 -0.402257 1.525493 -1.464203 0.044280 0.372899 -0.359656 1.701375 0.304605 -0.786507 -0.949452 1.098267
177 -12.9568606478 -0.123425 -0.840410 -0.386693 -0.803686 -0.506546 1.439283 -0.941737 -0.383170 0.389382 -0.635303 1.881524 0.441847 -0.743883 -1.246523 1.142187
178 -13.8127814441 -0.260709 -1.073221 -0.315905 -0.497348 -0.297201 1.653114 -0.894929 -0.464279 0.416261 -0.381108 1.735599 0.238264 -0.777874 -0.955660 0.996727
179 -13.1920918176 -0.510664 -0.842289 -0.363975 -0.675404 -0.121784 2.137648 -1.323391 -0.572713 0.495051 -0.378729 2.006899 0.589623 -0.860663 -1.128485 1.204632
180 -11.6991386421 -0.525572 -1.002175 -0.327352 -0.836074 -0.430706 2.012650 -1.129887 -0.447761 0.399191 -0.528987 1.697746 0.293699 -0.616604 -1.244793 1.287683
181 -11.6943145902 -0.533169 -1.122860 -0.479157 -0.765645 -0.449250 1.255369 -1.052604 -0.676861 0.436123 -0.456205 1.789503 0.529239 -0.734596 -0.927007 1.085870
182 -12.5967603482 -0.284765 -1.118050 -0.480022 -0.547358 -0.326867 1.307994 -0.879984 -0.375727 0.534606 -0.473228 2.114024 0.497628 -0.557457 -0.910920 0.979734
183 -10.3035168960 -0.531574 -1.009344 -0.461042 -0.473359 -0.227439 1.510838 -1.148876 -0.586665 0.473270 -0.284238 1.618761 0.377439 -0.974763 -0.939586 1.124617
184 -11.6301191428 -0.570169 -0.912628 -0.417680 -0.403757 -0.213705 1.277767 -0.979603 -0.571366 0.369072 -0.507153 1.459058 0.281295 -0.613569 -0.892082 1.098062
185 -13.9889609760 -0.286472 -1.058029 -0.306176 -0.462034 -0.170608 1.967693 -1.131058 -0.374337 0.426235 -0.443957 2.003867 0.407456 -0.616445 -1.067614 1.087769
186 -8.7767113591 -0.311230 -1.110011 -0.389849 -0.638355 -0.096240 1.592834 -1.178295 -0.602137 0.520958 -0.615240 2.281666 0.648201 -0.840835 -1.158822 1.113862
187 -14.2902024869 -0.593618 -1.038774 -0.344327 -0.635970 -0.325573 2.340997 -1.032717 -0.271521 0.527172 -0.580186 2.204676 0.425388 -0.837262 -0.928272 1.206619
188 -6.9732669722 0.035178 -1.213599 -0.449085 -0.464295 -0.068619 1.957948 -1.168450 -0.384934 0.363211 -0.605336 1.687879 0.437787 -0.753801 -1.078699 0.951086
189 -13.5228001099 -0.456479 -1.039544 -0.483532 -0.249412 -0.282555 2.245684 -1.226829 -0.430048 0.542038 -0.426345 1.947244 0.580194 -0.421249 -0.957625 1.189037
190 -14.1583993124 -0.561155 -0.895754 -0.490502 -0.301635 -0.317134 2.035395 -0.800365 -0.377592 0.395019 -0.364528 1.655758 0.254651 -0.554116 -1.042109 1.139767
191 -10.3323223420 -1.158146 -0.935604 -0.576014 -0.276689 -0.032468 2.281245 -0.943496 -0.273388 0.530228 -0.292255 2.859042 -0.123586 -0.613722 -0.791339 1.104655
192 -11.9127822460 -0.882420 -1.327129 -0.221884 -0.929792 -0.075847 1.864602 -0.644464 -0.233555 0.658467 -0.827115 1.733811 0.087077 -0.872133 -1.084093 1.330904
193 -8.6194025390 -0.567987 -1.244858 -0.233949 -0.725923 -0.458691 2.790169 -1.423684 -0.548865 0.382363 -0.804167 1.633381 -0.000932 -1.170177 -0.730061 1.291389
194 -7.6587018847 -1.277911 -0.946980 -0.452250 -0.682494 0.123290 2.511856 -0.730369 -0.771037 0.587030 -0.898799 2.717152 -0.059167 -0.443191 -0.849324 0.907585
195 -5.5641077997 -0.581321 -1.252734 -0.621638 -0.508982 -0.442014 2.089254 -0.379629 0.045963 0.404965 -0.428295 1.457687 0.629996 -0.559342 -1.131541 1.133173
196 -8.5680582170 -0.639325 -1.006571 -0.369057 -1.242237 -0.788667 2.837203 -0.873533 -0.473406 0.537365 -0.693726 1.783652 0.125898 -1.100952 -0.650942 1.191221
197 -13.6147053065 -0.436480 -0.819178 -0.513202 -0.649224 -0.082603 1.930206 -0.904789 -0.283256 0.366330 -0.316977 1.567604 0.040736 -0.439121 -0.730804 1.113638
198 -15.2639072525 -0.586494 -0.820549 -0.703667 -1.242674 -0.613680 1.961836 -0.374664 -0.579811 0.340717 -0.660236 1.835271 0.337361 -0.752320 -0.862850 1.152242
199 -9.2851663823 -1.183259 -1.320953 -0.641348 -0.391170 0.088054 1.802618 -0.466469 -0.515880 0.448113 -0.412927 2.427214 0.044565 -0.677809 -0.860845 1.358275
200 -12.4862535504 -0.928268 -0.868274 -0.627539 -0.994466 -0.153320 1.879973 -0.400889 -0.746552 0.299197 -0.777180 2.480234 0.272638 -1.274705 -0.764637 1.276359
201 -16.0076799340 -0.643092 -0.658601 -0.607815 -1.219442 -0.633329 1.982453 -0.182202 -1.044768 0.390305 -0.565251 1.743640 -0.247847 -0.565756 -0.942283 1.277236
202 -14.6343559532 -0.590823 -0.797209 -0.976502 -1.716508 -0.267427 2.055043 -0.563475 -0.822052 0.440974 -0.824694 1.269283 -0.193889 -0.642123 -0.967847 1.424520
203 -15.1281505618 -0.560689 -0.891664 -0.665643 -0.846353 -0.099668 2.712806 -0.609347 -0.570963 0.432642 -0.457886 2.481168 -0.260829 -0.667964 -0.698712 1.371132
204 -12.4732640313 -0.911028 -0.814157 -0.604736 -0.748496 -0.234727 2.575852 -0.237359 -0.494957 0.556143 -0.373393 2.493810 0.516686 -0.703456 -0.476115 1.432329
205 -8.6875526933 -1.100964 -0.843793 -0.621920 -1.708976 -0.442456 1.793681 -0.151226 -0.610778 0.479753 -0.419300 1.722448 0.330047 -0.837810 -0.778421 1.335264
206 -14.8994249094 -0.855494 -0.888100 -0.885976 -0.983908 -0.314176 1.793394 -0.396875 -1.522357 0.484209 -0.730902 1.393882 -0.383181 -0.969255 -1.149861 1.104589
207 -4.1692646345 -1.209739 -0.910520 -0.743479 -1.200100 -0.862035 2.251145 0.201851 -1.089206 0.447263 -0.879197 2.332491 0.403098 -0.794668 -1.357030 1.307955
208 -17.9188270605 -0.449375 -0.604085 -0.713291 -1.147461 -0.574953 1.968580 -0.024579 -0.543946 0.463309 -0.257758 2.047460 -0.924413 -0.631336 -0.865562 1.195029
209 -12.0372763600 -0.754744 -0.481788 -0.798149 -0.959130 -0.236423 1.636369 0.233007 -0.538158 0.585539 -0.880935 2.311702 -0.350731 -0.937591 -1.231881 1.018717
210 -8.3839009041 -1.234882 -0.707729 -0.388645 -1.579241 -0.444097 2.504390 -0.751981 -1.335172 0.305977 -0.860434 1.596249 0.283248 -0.896341 -0.767981 1.241010
211 -7.7485759297 -0.463865 -0.793193 -1.122773 -0.899080 0.219592 2.750309 -0.360606 -0.772281 0.445275 -0.646187 1.221970 -0.562462 -0.681322 -1.118573 1.202767
212 3.1962045589 -0.866776 -0.746589 -0.441673 -0.794334 0.211524 3.115869 0.134845 -1.063130 0.416759 0.014222 1.453388 -0.677241 -1.082388 -0.157936 1.526016
213 10.4476172101 -0.909653 -0.512444 -1.331121 -1.435333 0.496400 2.202683 0.593893 -1.555324 0.426661 -0.425401 1.148919 -2.383512 -0.945303 -1.068985 1.766574
214 -5.2405330571 0.544084 -0.978903 -0.312295 -1.139797 -0.633483 0.701282 -0.641369 -0.725050 0.902685 -0.690041 2.460690 -1.463970 -1.084407 -0.681582 1.457186
215 1.8113494043 -0.555294 -0.130945 -1.275219 -1.643036 -0.351558 1.499687 -0.448687 -0.368472 0.433310 -0.256454 3.263525 -2.006026 -0.929728 -0.196128 0.941445
216 5.4732303371 -0.977144 -0.838722 -1.175645 -1.124804 -0.663940 1.428573 0.383715 0.421629 0.055654 -0.861071 1.027995 -1.872325 -0.575710 -0.656818 0.858247
217 6.7912779448 0.557789 -0.496599 -0.706521 -1.896028 -0.424049 2.627855 -0.629953 0.576360 0.315967 -0.326326 2.658182 -1.789983 -0.218945 -0.849838 1.219687
218 -7.4735038921 -0.646450 -0.746668 -1.021958 -0.633594 -1.062041 0.475671 0.125782 -1.182482 0.614600 -0.619081 2.406902 -0.680573 -0.973298 -1.020526 0.948827
219 -5.4788441471 -1.555830 -0.492857 -1.444121 -1.146925 -0.341830 2.839245 -0.800326 -0.852815 0.093514 -0.901111 1.449199 -1.689264 -0.515253 -1.059122 0.971715
220 -8.1160835621 -0.349618 -0.453174 -0.903248 -0.587066 -1.238468 2.419976 -0.609881 0.236815 0.291518 -0.510406 1.414823 -0.422400 -0.359342 -1.246177 1.124358
221 3.3775754043 -1.518413 -0.634126 -0.445236 -0.464697 -0.765576 1.711990 -0.324521 -1.757413 0.145178 -0.609972 3.187727 -2.275010 -0.767440 -1.203658 1.342557
222 -1.4521808266 -0.724237 -0.800416 -0.506743 -0.739809 -1.007280 1.990760 -0.283488 -1.813872 0.930619 -0.579041 1.438023 -2.318800 -0.522323 -0.651554 1.661085
223 0.5550035169 -0.609426 -1.183415 -0.830425 -0.329454 -0.623515 2.603841 -1.011251 -1.256543 0.226351 -0.735005 3.458273 0.087246 -0.159910 -0.911145 1.633303
224 -9.1530577660 -0.297098 -0.882527 -1.318070 -1.461256 -0.120367 1.714309 -0.992317 -1.116014 0.235406 -0.935866 1.546697 -0.507910 -0.565117 -0.164032 1.554349
225 -7.8023990991 -1.730335 -1.015182 -1.013611 -0.609745 -0.895240 1.567732 -0.760424 -1.305365 0.549851 -0.771898 1.502510 0.037664 -0.946503 -0.743510 1.315045
226 -12.8711188779 -0.459326 -0.642632 -0.792246 -1.319301 -0.133052 2.081577 -0.317949 -1.191338 0.493086 -0.550155 2.710930 -0.478277 -0.651597 -0.965344 1.413090
227 -14.1930912416 -0.117624 -0.556230 -0.769395 -1.415711 -0.660913 2.525691 -0.609571 -0.697911 0.617828 -0.536345 1.470216 -0.400113 -0.991523 -0.530098 1.161158
228 -20.5560504856 -0.784834 -0.728826 -0.396982 -0.821047 -0.576994 1.803646 -0.575575 -0.375044 0.451419 -0.445921 1.928363 -0.886906 -0.755512 -1.250121 1.361950
229 -15.0067167084 -0.868094 -0.772859 -0.550120 -1.074239 -0.058488 1.830723 -0.506706 -0.471911 0.581050 -0.269246 1.914773 -0.490755 -0.535544 -1.231093 1.451926
230 -20.1580645646 -0.207123 -0.517356 -0.470496 -0.947610 -0.270204 2.033213 -0.428258 -0.501288 0.424652 -0.566613 1.977271 -0.300280 -0.131255 -0.532979 1.511055
231 -18.1168468052 -0.862330 -0.408858 -0.642616 -0.942097 -0.513597 2.418883 -0.376650 -0.584258 0.583286 -0.529597 2.060767 -0.556854 -1.003676 -1.292877 1.197887
232 -16.3056503452 -1.034920 -0.440649 -0.287090 -0.824760 -0.383523 2.060753 -0.123778 -0.043439 0.689397 -0.467018 1.675148 -0.365882 -0.934746 -0.927405 1.470626
233 -18.1502246541 -0.394401 -0.641371 -0.741624 -0.924297 -0.572306 1.680181 -0.916211 -0.320286 0.501641 -0.436574 1.676782 -0.696697 -0.347304 -0.817388 1.359086
234 -15.0828920230 -0.449071 -0.984791 -0.469788 -0.874067 -0.600043 1.711620 -1.106735 -0.388502 0.279364 -0.168803 1.496794 -1.027701 -0.726584 -1.172673 1.047681
235 -16.6800111775 -0.763822 -0.739926 -0.510285 -0.931386 -0.972840 1.188896 -0.358718 -0.509809 0.528453 -0.182652 1.662513 -0.866445 -0.232245 -1.044397 1.342192
236 -18.3180733626 -0.961547 -0.570651 -0.364267 -0.878416 -0.105951 1.795830 -0.751827 -0.627068 0.698527 -0.574260 2.096930 -0.478632 -0.574224 -0.836955 1.200167
237 -19.9894235559 -0.964193 -0.701044 -0.583445 -0.393167 -0.787432 1.426543 -0.472198 -0.758247 0.256607 -0.727767 2.045594 -0.226340 -0.970038 -0.796888 1.050177
238 -17.0962653164 -1.039138 -0.582105 0.012874 -0.749420 -0.295536 2.004613 -0.703016 -0.752727 0.594413 -0.340615 1.997909 -0.402732 -0.385745 -0.948865 1.092224
239 -18.6472725981 -0.517906 -0.462061 -0.408102 -0.689172 -0.331595 2.337385 -0.501215 -0.880272 0.533469 -0.198310 2.238589 -0.645718 -0.673193 -1.164193 1.150768
240 -15.6264984358 -1.404606 -0.652036 -0.370319 -0.833090 -0.766903 1.284664 -0.965486 -0.401410 0.523932 -0.517488 1.570379 -0.344603 -0.665061 -0.940759 1.333815
241 -15.7325724841 -1.039758 -0.777273 -0.180249 -0.744490 -0.906817 2.471179 -0.358402 -0.956652 0.650110 -0.553830 2.386388 -1.159831 -0.791593 -1.074722 1.434502
242 -16.3500320614 -0.571777 -0.511556 -0.650715 -0.578284 -0.688488 1.825701 -0.579887 -0.430721 0.679172 -0.133689 2.187808 -0.921439 -1.355291 -1.143439 1.347660
243 -13.0773771815 -1.070995 -0.491535 -0.316414 -0.688279 -0.651619 1.648345 -0.883745 -0.068523 0.573613 -0.523466 1.925934 -1.382354 -0.991832 -1.274328 1.552789
244 -20.6526147780 -0.252380 -0.712590 -0.869623 -1.009343 -0.928898 2.302127 -0.631011 -0.569960 0.439122 -0.627781 2.176347 -1.043685 -0.865750 -0.798621 1.387791
245 -14.7039246497 -1.044035 -0.624622 -0.848913 -1.295925 -0.165633 1.637219 -0.731751 -0.722710 0.545475 -0.694310 2.253230 -0.969459 -1.056614 -1.481727 1.287118
246 -17.1820177888 -0.461512 -0.844529 -1.016757 -0.771936 -0.907414 1.620642 -0.199085 -0.975962 0.332344 -0.770050 1.929357 -0.476660 -0.310648 -1.074784 1.285054
247 -16.9351028682 -0.257289 -0.614703 -0.523396 -0.912865 -1.236703 2.267560 -0.955167 -0.503664 0.472555 -0.277755 1.960330 -1.501049 -0.835261 -0.332766 1.262266
248 -15.6521634841 -0.820899 -0.980653 -0.758910 -1.276661 -0.590500 1.923579 -1.054466 -0.950449 0.605172 -0.717982 1.877841 -0.391473 -0.549383 -0.373247 1.479069
249 -16.8238995586 -0.534489 -0.532674 -1.073239 -0.668691 -0.825641 1.735578 -0.273226 -0.459907 0.221404 -0.735758 2.148810 -1.241469 -1.252059 -0.915962 1.176882
250 -20.3135064607 -0.471294 -0.890763 -0.931812 -0.631734 -0.410889 1.772556 -0.859467 -0.491715 0.167395 -0.317710 1.839342 -1.042249 -1.038645 -0.511544 1.297553
251 -18.7579575448 -0.457961 -0.598062 -1.091565 -0.627662 -0.573719 2.026081 -0.768444 -0.606733 0.591086 -0.245950 2.310844 -0.957922 -0.721857 -0.512701 1.328078
252 -19.7897607595 -0.673864 -0.794231 -0.491970 -0.840581 -0.457123 2.252830 -0.711053 -0.760873 0.368701 -0.422299 2.031177 -1.254701 -0.887299 -0.420539 1.287866
253 -7.2201424762 0.435380 -0.565391 -1.256230 -0.667314 -1.089556 2.887653 -0.805100 -1.067818 0.189019 -0.839002 2.100245 -0.470123 -0.455786 -0.867769 1.725626
254 -18.0691488560 -0.315804 -0.380173 -0.498563 -0.979509 -0.802699 1.790502 -0.244971 -1.090749 0.614914 -0.751594 1.962802 -0.961504 -1.275178 -0.753098 1.565312
255 -18.3064860267 -0.776742 -0.497713 -0.563127 -0.789268 -0.381798 1.766731 -0.693507 -1.044934 0.502534 -0.571748 1.948629 -1.568120 -0.760091 -0.775266 1.678944
256 -12.7802914716 -0.009962 -1.002487 -1.067023 -0.520700 -0.625718 1.838833 -1.073659 -1.136709 0.505204 -0.340536 1.890692 -1.135805 -1.036999 -0.602477 1.722782
257 -16.4366608751 -0.481616 -1.032426 -0.981014 -0.698334 -1.001015 2.107586 -1.086234 -0.728345 0.447671 -0.571290 2.287406 -1.196498 -0.590556 -0.746222 1.290336
258 -12.2937679409 -0.306994 -0.393493 -0.899666 -0.609373 -1.062753 1.772933 -1.164035 -0.914893 0.394206 -0.321492 2.383060 -1.642342 -1.418034 -0.354195 1.545294
259 -16.4738829715 -0.656419 -0.568799 -1.055863 -0.812216 -0.381827 2.115771 -0.099628 -0.323239 0.353273 -0.842701 2.066772 -1.152657 -0.401121 -0.909998 1.537546
260 -18.7524098752 -0.900154 -0.881592 -0.783753 -0.825635 -0.699195 1.666548 -0.989975 -0.741555 0.435596 -0.431194 2.335285 -0.967945 -0.673711 -1.045997 1.267747
261 -19.6951886211 -0.309454 -0.621734 -1.050706 -0.742933 -1.118324 2.059546 -0.371856 -0.711248 0.469294 -0.718746 2.048622 -1.296726 -0.786433 -0.790761 1.275932
262 -21.1206500327 -0.125894 -0.580356 -0.675348 -0.868601 -0.790283 2.037276 -0.463188 -0.794519 0.568583 -0.763754 2.298497 -0.977178 -0.740206 -0.965197 1.407207
263 -18.6639099240 -0.445251 -0.732287 -0.851715 -1.112775 -1.093874 2.019298 -0.796783 -0.695802 0.413090 -0.555858 2.197244 -1.055817 -0.898766 -0.575878 1.485385
264 -21.6815400371 -0.428112 -0.795628 -0.883477 -0.973024 -0.681211 2.076962 -0.608181 -0.609392 0.286558 -0.715962 2.150207 -1.098394 -0.666593 -0.968911 1.229750
265 -19.6804640029 -0.202655 -0.804078 -0.998063 -0.861060 -0.726603 2.148362 -0.694600 -0.534873 0.551478 -0.579497 2.139942 -1.067433 -0.618646 -1.056518 1.321295
266 -20.7386626087 -0.666319 -0.634065 -0.725041 -0.738596 -0.855406 1.861689 -0.790787 -0.607646 0.430762 -0.539768 2.168963 -1.238531 -0.797911 -0.803345 1.306282
267 -21.7629275806 -0.717054 -0.677827 -0.775525 -0.733107 -0.465584 1.975828 -0.805592 -0.686202 0.414285 -0.585738 2.165148 -0.765099 -0.511743 -0.747363 1.040242
268 -19.5467069320 -0.193956 -0.690119 -0.701660 -1.107532 -0.872538 1.890620 -0.642197 -0.795321 0.314956 -0.874569 2.294274 -1.067938 -0.446012 -0.911533 1.139086
269 -23.3853589326 -0.233751 -0.659450 -0.984673 -0.884297 -0.741210 1.892231 -0.439258 -0.735158 0.266758 -0.536256 2.190829 -0.863559 -0.887334 -0.856680 1.034955
270 -18.6757549104 -0.300580 -0.631498 -1.150173 -0.762108 -0.569966 2.143420 -0.421911 -0.564858 0.408768 -0.578903 2.095110 -1.155583 -0.977431 -1.026337 1.403737
271 -19.4544192393 -0.304101 -0.575142 -0.890719 -0.964514 -0.650660 1.997189 -0.638087 -0.560953 0.303080 -0.543279 2.257502 -0.532544 -0.607886 -0.590633 0.996071
272 -16.2657598193 -0.074375 -0.693337 -1.056344 -1.081574 -0.819639 1.677619 -0.412222 -0.756890 0.241952 -0.552089 2.148539 -1.163280 -1.032276 -0.721631 1.135091
273 -19.8678479367 -0.119159 -0.668619 -0.975459 -0.933973 -0.703326 2.051844 -0.317526 -0.580258 0.346858 -0.585235 2.258816 -0.974288 -0.561733 -0.847873 0.956170
274 -20.6949481881 -0.262070 -0.769838 -0.868370 -0.625375 -0.761875 1.605765 -0.386356 -0.689895 0.295974 -0.397230 2.231234 -1.019419 -0.863768 -0.952302 0.966457
275 -19.9029962363 -0.273850 -0.626100 -0.935885 -0.608976 -1.024736 2.067444 -0.480310 -0.769595 0.411743 -0.351003 2.105670 -1.196761 -0.731831 -0.823316 0.925823
276 -18.3592592666 -0.221169 -0.556282 -1.035833 -1.111731 -0.548179 2.186866 -0.405910 -0.883358 0.332162 -0.451588 2.210404 -0.906309 -0.594452 -0.630586 1.079241
277 -19.7565046793 -0.168547 -0.618342 -0.720335 -0.607994 -0.663156 1.941757 -0.588983 -0.801981 0.305613 -0.439225 2.237135 -1.158965 -0.772359 -0.614929 1.147679
278 -21.6651193528 -0.206423 -0.711028 -0.865766 -0.744823 -0.571057 2.017563 -0.692708 -0.455453 0.287631 -0.409649 2.120215 -0.548244 -0.688617 -0.894555 0.893978
279 -23.4474043973 -0.413799 -0.537465 -0.697054 -0.708043 -0.493042 1.785557 -0.469930 -0.632202 0.270005 -0.448991 2.062627 -0.776258 -0.838732 -0.900417 1.064754
280 -19.2431264196 -0.532667 -0.626496 -1.067675 -1.030515 -0.547680 1.768122 -0.536567 -0.614279 0.212931 -0.659062 2.080497 -1.138548 -0.985082 -0.837393 0.848589
281 -21.1246814075 -0.614530 -0.647739 -0.505646 -0.767401 -0.526755 1.773060 -0.613368 -0.671767 0.383455 -0.636127 1.974209 -0.467756 -0.801753 -0.847099 0.903432
282 -22.8084902633 -0.288940 -0.582786 -0.669033 -0.927474 -0.609531 1.985312 -0.596887 -0.505513 0.290767 -0.271206 1.982949 -0.859958 -0.599040 -0.930404 1.037829
283 -23.6247526237 -0.662508 -0.686754 -0.607504 -0.968346 -0.725075 1.937511 -0.527851 -0.415000 0.241296 -0.636896 2.048345 -0.827198 -0.828898 -1.034437 1.266526
284 -20.8391368553 -0.700691 -0.558239 -0.484143 -0.967126 -0.509901 1.590618 -0.672345 -0.377733 0.210420 -0.528153 1.988054 -1.011056 -0.721036 -0.793507 1.074599
285 -20.7964703271 -0.271873 -0.485501 -0.590929 -0.772513 -0.373691 1.529880 -0.621882 -0.452447 0.368137 -0.419061 1.985470 -1.108869 -0.772020 -0.753694 1.174553
286 -19.8223306276 -0.970554 -0.659728 -0.855628 -1.117808 -0.798376 2.043625 -0.605127 -0.276421 0.258722 -0.706625 2.080361 -0.724572 -0.706890 -1.158217 1.394506
287 -20.8929073585 -0.668261 -0.646275 -0.770312 -0.809449 -0.636744 1.925269 -0.516565 -0.570668 0.387132 -0.761168 2.104259 -0.659754 -0.512821 -1.121904 1.089163
288 -18.4562711554 -0.894385 -0.569673 -0.653940 -1.148928 -0.964974 2.042036 -0.688943 -0.553931 0.364609 -0.542042 2.019224 -1.133801 -0.536089 -0.884843 1.362069
289 -21.0482246711 -0.533653 -0.706634 -0.683715 -1.052434 -0.999236 1.766552 -0.489472 -0.534174 0.350432 -0.538445 2.080620 -0.732707 -0.999117 -0.843934 1.256730
290 -21.4885196678 -0.796264 -0.606872 -0.595545 -1.186595 -0.843993 2.006951 -0.601860 -0.668987 0.193963 -0.679817 2.028705 -0.781865 -0.813353 -1.179513 1.359507
291 -21.7910950522 -0.703779 -0.727463 -0.477760 -0.789854 -0.515275 1.653042 -0.494106 -0.523876 0.256547 -0.544617 2.039314 -0.918816 -0.749495 -0.899078 1.450587
292 -23.0137015063 -0.687723 -0.608394 -0.634878 -0.779410 -0.813304 2.242125 -0.504149 -0.628235 0.109894 -0.590053 2.146743 -0.682092 -0.580872 -0.868600 1.221858
293 -19.3812882364 -0.524958 -0.581539 -0.568250 -1.015418 -0.930652 1.864142 -0.722975 -0.397555 0.245163 -0.499729 2.063033 -0.828258 -1.146827 -1.283520 1.252490
294 -20.3916542838 -0.604004 -0.754325 -0.337437 -0.882753 -0.611591 1.766549 -0.760959 -0.683501 0.342575 -0.595630 2.132000 -0.512965 -0.611781 -0.897510 1.051237
295 -22.2464342538 -0.486916 -0.837748 -0.634082 -0.978680 -0.794165 1.719810 -0.387695 -0.446096 0.265509 -0.536918 1.955270 -0.695714 -0.824078 -1.015302 1.159267
296 -22.4925195579 -0.920860 -0.556099 -0.394596 -0.841747 -0.525399 2.003773 -0.522613 -0.147355 0.257646 -0.679750 1.955898 -0.736026 -0.829210 -0.799479 1.460908
297 -22.3700666209 -0.328222 -0.505710 -0.686639 -0.793872 -0.495303 2.068399 -0.373444 -0.606233 0.204218 -0.607192 1.934182 -0.539186 -0.571552 -0.976854 1.157684
298 -18.0066356307 -0.997389 -0.650856 -0.566077 -1.057996 -0.661118 1.885942 -0.730102 -0.562579 0.414424 -0.704389 1.967129 -0.561557 -0.547220 -1.144798 1.341262
299 -21.5139299377 -0.564513 -0.691976 -0.653671 -1.032830 -0.741917 2.248516 -0.595411 -0.449917 0.070642 -0.498579 2.165384 -1.031575 -0.574447 -1.004363 1.182604
300 -20.2826300937 -0.648262 -0.587886 -0.631248 -0.851248 -1.000941 1.788838 -0.564837 -0.683024 0.405546 -0.702571 1.997972 -0.981328 -0.572248 -1.098678 1.108266
301 -23.1185518929 -0.522946 -0.664029 -0.496179 -0.936771 -0.688071 1.935502 -0.421621 -0.330874 0.323898 -0.692027 2.012476 -0.932226 -0.694137 -0.986453 1.261929
302 -23.5566095737 -0.759324 -0.729683 -0.637299 -0.901211 -0.691830 2.023192 -0.642987 -0.475088 0.296185 -0.701899 1.993597 -0.697211 -0.860495 -1.051071 1.238473
303 -22.8935434768 -0.600370 -0.618956 -0.521402 -0.940555 -0.695735 1.993821 -0.414943 -0.495749 0.284028 -0.680124 2.059616 -0.816681 -0.842695 -1.103318 1.329204
304 -23.7128833506 -0.600793 -0.779297 -0.609049 -0.909525 -0.674750 2.096953 -0.456501 -0.376306 0.341518 -0.577954 2.012998 -0.823947 -0.896714 -0.956101 1.318111
305 -22.5379117966 -0.662229 -0.757152 -0.717331 -1.034963 -0.691969 1.830599 -0.513722 -0.489703 0.345637 -0.547462 2.028403 -0.951234 -0.703426 -0.910615 1.186320
306 -22.6892984599 -0.758388 -0.823702 -0.479528 -0.947659 -0.732773 2.128927 -0.548723 -0.467053 0.358625 -0.648805 2.082605 -0.775190 -1.018491 -0.835697 1.384916
307 -23.2602476742 -0.585136 -0.689849 -0.704920 -1.007567 -0.536054 1.980565 -0.495320 -0.305726 0.372242 -0.652817 1.994633 -0.792466 -0.778888 -0.950631 1.270451
308 -22.8779763875 -0.525757 -0.712680 -0.531141 -1.003589 -0.785424 2.231549 -0.570051 -0.304970 0.306895 -0.488364 2.069021 -0.884016 -0.863959 -0.900151 1.232528
309 -22.5214899828 -0.692678 -0.695605 -0.479206 -0.907011 -0.609279 2.088693 -0.412301 -0.328133 0.373421 -0.632204 2.039961 -0.724912 -0.835989 -1.075742 1.270356
310 -23.1164202165 -0.716993 -0.711971 -0.637400 -0.977028 -0.723945 2.120881 -0.430038 -0.374388 0.256971 -0.651640 2.040666 -0.825335 -0.981213 -0.956376 1.411874
311 -23.0322243089 -0.766627 -0.700906 -0.521657 -0.789208 -0.750320 2.087148 -0.547545 -0.464120 0.393171 -0.554230 2.069606 -0.973565 -0.879914 -0.954551 1.365232
312 -22.1855889842 -0.691757 -0.697728 -0.479893 -1.009609 -0.568438 2.005895 -0.558625 -0.475040 0.387600 -0.538618 1.979242 -0.946509 -1.023287 -0.829491 1.316350
313 -23.3896784455 -0.662500 -0.704764 -0.619077 -0.963442 -0.598843 2.012382 -0.500863 -0.404383 0.299028 -0.598257 2.054759 -0.819431 -0.809746 -0.949051 1.349344
314 -22.4233611114 -0.689486 -0.694265 -0.565865 -0.901433 -0.663922 2.078374 -0.451759 -0.405796 0.337482 -0.501192 2.021380 -0.776204 -0.969819 -1.085223 1.228273
315 -22.6692780111 -0.547124 -0.711579 -0.598589 -0.967903 -0.602522 2.108484 -0.509864 -0.314550 0.410029 -0.526982 1.977245 -0.782419 -0.841319 -0.937067 1.379442
316 -23.5238765805 -0.770870 -0.719690 -0.578557 -0.786368 -0.774507 2.005893 -0.563604 -0.384169 0.398818 -0.549312 2.079763 -0.687497 -0.867242 -0.874312 1.306798
317 -22.3888105440 -0.605739 -0.861073 -0.507437 -0.916221 -0.666035 1.963336 -0.379606 -0.252589 0.288087 -0.521151 2.062452 -0.770533 -0.988322 -1.020174 1.283873
318 -22.4973550106 -0.436241 -0.750577 -0.609583 -1.013960 -0.702142 2.120189 -0.415244 -0.332733 0.391614 -0.512685 2.022826 -0.973901 -0.929817 -0.888146 1.364434
319 -24.1734423625 -0.437918 -0.821275 -0.701016 -0.942966 -0.699761 2.087697 -0.481007 -0.477439 0.383844 -0.560663 2.061691 -0.889319 -0.799133 -0.919644 1.236390
320 -24.1047582458 -0.531869 -0.786522 -0.519593 -0.928643 -0.740375 2.014984 -0.479882 -0.297655 0.317686 -0.532900 1.982333 -0.849706 -0.765334 -0.868343 1.281439
321 -23.6108125140 -0.580738 -0.789497 -0.714740 -0.937650 -0.687731 2.151807 -0.498793 -0.491985 0.297850 -0.560947 2.001909 -0.981788 -0.926412 -0.878880 1.266571
322 -23.8929568833 -0.564787 -0.789249 -0.596081 -0.890398 -0.653091 2.065839 -0.390472 -0.437161 0.345466 -0.630131 2.096447 -0.856205 -0.869165 -0.940641 1.305527
323 -23.6466450724 -0.412067 -0.756909 -0.824332 -0.897638 -0.677572 2.138807 -0.504803 -0.377585 0.329106 -0.548439 2.097198 -0.768934 -0.717767 -0.958381 1.177321
324 -24.1708462941 -0.348103 -0.773975 -0.721195 -1.003191 -0.638267 1.988574 -0.564040 -0.532515 0.301752 -0.649404 2.085811 -0.910259 -0.768729 -0.916742 1.153237
325 -23.2797486794 -0.390692 -0.789758 -0.661771 -1.003886 -0.756022 2.233770 -0.380935 -0.522053 0.395067 -0.604603 2.012247 -0.998159 -0.841415 -0.848823 1.140527
326 -22.1038582679 -0.460437 -0.750488 -0.587143 -1.057383 -0.636514 1.994218 -0.525879 -0.493761 0.299751 -0.549983 2.122601 -0.986415 -0.946416 -0.917428 1.289051
327 -23.9684365845 -0.279539 -0.827606 -0.701077 -0.918882 -0.577815 2.026110 -0.584859 -0.574241 0.356788 -0.514210 2.114775 -0.844850 -0.812191 -0.789073 1.325002
328 -23.2054850780 -0.495666 -0.767139 -0.628032 -0.850092 -0.660190 2.204452 -0.421492 -0.596439 0.317845 -0.563399 2.054625 -0.802961 -0.660332 -0.854409 1.275132
329 -23.3474391851 -0.359471 -0.751754 -0.616756 -1.013905 -0.579683 2.224675 -0.562806 -0.445377 0.308087 -0.592740 2.011870 -0.804119 -0.780033 -0.778928 1.231820
330 -24.7647461282 -0.525635 -0.782757 -0.744286 -0.843259 -0.663646 2.102893 -0.535198 -0.505024 0.298073 -0.568775 2.042303 -0.813255 -0.817944 -0.795217 1.200918
331 -24.9070269645 -0.556407 -0.819832 -0.752153 -0.727981 -0.709328 1.963523 -0.544277 -0.413178 0.248753 -0.631950 2.110318 -0.879041 -0.925120 -0.790741 1.222905
332 -24.3926024285 -0.643063 -0.751402 -0.812122 -0.728926 -0.697228 2.108568 -0.433953 -0.495534 0.265749 -0.662454 2.074322 -0.768428 -0.732894 -0.913948 1.100719
333 -23.8337263481 -0.578764 -0.764934 -0.769957 -0.724406 -0.722931 2.066047 -0.565669 -0.502237 0.301132 -0.581796 2.067936 -0.940322 -0.765461 -0.677522 1.125047
334 -23.9997399968 -0.616295 -0.782533 -0.677182 -0.942175 -0.643832 2.058320 -0.447940 -0.469317 0.320118 -0.637875 2.075675 -0.848657 -0.938400 -0.858707 1.303501
335 -23.7296629008 -0.673657 -0.799474 -0.706846 -0.823535 -0.697603 1.974780 -0.463134 -0.601634 0.396198 -0.573682 2.093021 -0.726825 -0.766913 -0.721129 1.241681
336 -25.3588060058 -0.514438 -0.774822 -0.706472 -0.832761 -0.761130 1.898162 -0.480982 -0.376094 0.245156 -0.700293 2.068124 -0.905280 -0.786776 -0.816523 1.135595
337 -24.9544229164 -0.441002 -0.827227 -0.841576 -0.834201 -0.778803 2.012313 -0.590166 -0.391847 0.183835 -0.535920 2.077502 -0.967702 -0.929614 -0.696169 1.141286
338 -24.4694313949 -0.553246 -0.801964 -0.685603 -0.831009 -0.635585 1.934188 -0.661779 -0.502809 0.284690 -0.564118 2.046204 -0.885559 -0.819738 -0.741645 1.121275
339 -24.5653009638 -0.512794 -0.749604 -0.728146 -0.669531 -0.722344 1.865352 -0.579478 -0.406852 0.276592 -0.720437 2.105393 -0.851397 -0.930829 -0.869697 1.259137
340 -24.1292273096 -0.668771 -0.864094 -0.682509 -0.671525 -0.742404 1.983315 -0.620175 -0.397762 0.267646 -0.604774 2.068812 -0.871883 -0.864873 -0.661785 1.254089
341 -23.6825756845 -0.253408 -0.798395 -0.708289 -0.762212 -0.744055 1.950761 -0.575969 -0.377627 0.425614 -0.728455 2.025260 -0.666535 -1.021027 -0.942223 1.173170
342 -23.5879222832 -0.535577 -0.861418 -0.599963 -0.647088 -0.777351 2.094708 -0.361235 -0.206507 0.085818 -0.749035 2.132949 -0.947302 -0.830394 -1.094256 1.032300
343 -23.4071935446 -0.543621 -0.645750 -0.506547 -0.685473 -0.733994 2.139073 -0.460823 -0.516952 0.254736 -0.865795 2.141917 -0.882366 -0.954084 -0.847198 0.941250
344 -24.3579362458 -0.863608 -0.638557 -0.838126 -0.885564 -0.651898 2.182975 -0.445519 -0.452394 0.054774 -0.835354 2.090827 -1.072889 -0.960948 -0.950048 0.981430
345 -20.6868319589 -0.559986 -0.657109 -0.487149 -0.946518 -0.904163 2.160013 -0.626353 -0.476616 0.208238 -0.661927 1.985882 -1.180454 -1.014246 -0.610269 1.070531
346 -22.5741540308 -0.672071 -0.753833 -0.552299 -0.930659 -0.716206 2.075559 -0.661628 -0.640106 0.321562 -0.506964 2.104224 -0.945136 -0.898830 -0.651841 1.040024
347 -23.2087499475 -0.268607 -0.688810 -0.905703 -0.569539 -0.637902 2.106537 -0.722949 -0.241600 0.135361 -0.612416 2.031157 -0.980916 -0.935688 -0.578754 1.090442
348 -19.9843321325 -0.571653 -0.722229 -0.677225 -0.782331 -0.636593 1.870397 -0.589290 -0.122982 0.332641 -0.578979 2.160684 -0.857719 -0.604444 -0.539026 1.347123
349 -21.1898467306 -0.420543 -0.789646 -0.934788 -0.702379 -0.514345 2.018073 -0.442989 -0.393955 0.381246 -0.678830 2.016795 -1.099466 -0.538486 -0.679525 1.053355
350 -22.2724098319 -0.771025 -0.775209 -0.724116 -0.993662 -0.756365 2.002190 -0.304333 -0.363822 0.455715 -0.537594 2.151665 -0.850745 -0.895463 -0.584930 1.346214
351 -22.5902647168 -0.228573 -0.634113 -0.454781 -0.823557 -0.738333 2.206327 -0.409544 -0.305204 0.343210 -0.520067 2.086746 -0.723255 -0.660837 -0.724397 1.130806
352 -23.5273851633 -0.788662 -0.784936 -0.944262 -0.792884 -0.823448 1.997203 -0.600382 -0.435573 0.110943 -0.585369 2.161011 -1.068843 -0.710192 -0.802651 0.976208
353 -22.9784470137 -0.594890 -0.691716 -0.497218 -0.890815 -0.869279 1.844264 -0.439675 -0.616650 0.140996 -0.537376 2.151626 -1.065304 -0.816829 -0.759559 0.981941
354 -23.2628417903 -0.733138 -0.888694 -0.765373 -0.921200 -0.937391 2.036864 -0.308667 -0.311166 0.033214 -0.575426 1.983946 -1.185577 -0.592994 -0.929547 1.300336
355 -25.6882079438 -0.745816 -0.603336 -0.580442 -0.891792 -0.534399 2.028311 -0.406890 -0.553427 0.006899 -0.604329 1.944137 -1.030746 -0.811797 -0.943632 1.075222
356 -25.0630477940 -0.485867 -0.678097 -0.522943 -0.819676 -0.353926 1.927725 -0.426770 -0.757504 0.092501 -0.779478 2.077363 -0.957735 -0.554925 -0.848063 1.182125
357 -20.1866979177 -0.908052 -0.774210 -0.525793 -0.752130 -0.491782 1.917929 -0.495929 -0.524936 0.225523 -0.727944 2.020464 -1.190207 -1.016950 -1.116902 0.905123
358 -23.8062213769 -0.728795 -0.691557 -0.398626 -0.739511 -0.693395 2.220677 -0.331810 -0.387335 0.082257 -0.561369 1.914428 -1.015382 -1.044250 -0.748301 1.284745
359 -22.2727104664 -0.871107 -0.703984 -0.661944 -0.877692 -0.436742 1.756460 -0.507115 -0.426324 0.260553 -0.505824 1.843170 -0.892192 -0.733428 -0.763153 0.859427
360 -25.4046664147 -0.748568 -0.719945 -0.793455 -0.839723 -0.682781 2.077008 -0.475208 -0.342863 0.136632 -0.746521 2.058552 -0.903896 -1.037835 -0.869113 1.237381
361 -25.9566056350 -0.468110 -0.570419 -0.485532 -0.931384 -0.401753 2.227749 -0.465479 -0.294493 -0.137234 -0.585496 1.945262 -1.166069 -0.775325 -0.859830 1.173854
362 -24.0492922384 -0.558664 -0.690402 -0.418099 -0.882096 -0.760280 2.271153 -0.372064 -0.530912 0.216821 -0.566522 1.950577 -0.918875 -0.945621 -0.899820 1.277043
363 -23.5282751914 -0.887161 -0.718618 -0.513684 -0.656298 -0.390176 2.263805 -0.635717 -0.368359 0.004402 -0.617511 1.962548 -1.179816 -0.755441 -0.930300 1.006106
364 -24.3879619267 -0.900540 -0.501886 -0.732090 -0.781294 -0.441495 2.166010 -0.351512 -0.326393 0.005282 -0.652172 1.812533 -1.112858 -0.859889 -0.857272 0.873968
365 -26.2825426628 -0.503684 -0.653870 -0.380290 -0.696597 -0.573912 1.985559 -0.511314 -0.503663 -0.075334 -0.679903 1.846497 -1.057377 -0.848216 -1.032953 1.188194
366 -26.9030625064 -0.384822 -0.764799 -0.490386 -0.453341 -0.723175 2.031311 -0.383545 -0.758069 -0.139746 -0.735735 1.785092 -0.908873 -1.027798 -1.080377 1.167888
367 -24.6301239875 -0.503427 -0.600054 -0.504802 -0.802637 -0.516624 2.040617 -0.508974 -0.468195 -0.070616 -0.583787 1.833399 -1.095586 -1.064789 -0.771752 1.060853
368 -20.9993335676 -0.654860 -0.689873 -0.211706 -0.898579 -0.523732 2.273463 -0.583201 -0.279381 0.189276 -0.669440 1.952615 -1.289901 -1.007349 -0.882196 1.278179
369 -27.4643842385 -0.649900 -0.633378 -0.366091 -0.557786 -0.510024 1.711673 -0.731930 -0.575550 -0.383267 -0.502154 1.923044 -0.916893 -0.880953 -1.030482 1.232898
370 -28.5434160327 -0.704485 -0.560212 -0.375166 -0.589621 -0.723779 2.149586 -0.670482 -0.700188 -0.299394 -0.530231 1.897579 -0.802763 -0.681358 -0.773716 1.106851
371 -27.7275412655 -0.488668 -0.565150 -0.595158 -0.325771 -0.577990 2.152968 -0.882713 -0.887127 -0.447105 -0.586221 1.780056 -0.955752 -0.742993 -0.808064 1.196731
372 -27.8514807704 -0.478495 -0.646462 -0.258395 -0.609094 -0.596887 2.369462 -0.658353 -0.832546 -0.499222 -0.637620 1.950996 -0.823361 -0.644849 -0.668862 1.075560
373 -27.3304310241 -0.614290 -0.659339 -0.357033 -0.616744 -0.486973 1.908218 -0.637207 -0.619978 -0.369367 -0.539031 1.837078 -0.590463 -0.946935 -0.982535 1.279800
374 -28.5345147539 -0.506307 -0.654330 -0.469907 -0.518880 -0.748095 1.849907 -0.727354 -0.524608 -0.594616 -0.607643 1.972676 -0.788318 -0.712740 -1.048392 1.150810
375 -26.8680477797 -1.052927 -0.670199 -0.587820 -0.742863 -0.715710 2.425192 -0.594603 -0.803278 -0.277139 -0.663773 1.856186 -0.719410 -0.955888 -0.954123 1.198829
376 -28.5641074661 -0.357638 -0.685208 -0.374413 -0.618014 -0.698048 2.443626 -0.924648 -0.461371 -0.543536 -0.639420 1.956907 -0.851978 -0.734981 -0.729340 0.950375
377 -28.2855353074 -0.473359 -0.716322 -0.553394 -0.534361 -0.633205 2.271410 -0.795540 -0.496605 -0.388254 -0.655508 2.019830 -0.733951 -0.756507 -0.972463 1.306240
378 -26.8581353207 -0.802409 -0.519333 -0.268830 -0.780130 -0.896034 2.149939 -0.559887 -0.702359 -0.577075 -0.530222 1.790900 -0.932163 -0.511102 -0.590287 1.108772
379 -29.0174407470 -0.486015 -0.731534 -0.443935 -0.755437 -0.776176 2.386984 -0.493236 -0.469624 -0.657041 -0.598878 1.951358 -1.003773 -0.866815 -0.917725 1.009441
380 -28.8522088136 -0.685849 -0.452110 -0.395170 -0.654735 -0.789434 1.898839 -0.428460 -0.586295 -0.667473 -0.638336 1.888532 -0.825729 -0.686048 -0.509268 1.244409
381 -27.1121991641 -0.510596 -0.764869 -0.295220 -0.570877 -0.845419 2.385201 -0.586807 -0.402951 -0.998237 -0.769502 1.871284 -1.011427 -0.671719 -0.628189 1.042354
382 -26.6188944847 -0.406113 -0.820361 -0.390479 -0.506579 -0.686482 2.572386 -0.655587 -0.425435 -1.024022 -0.442553 2.035851 -1.083786 -0.740941 -0.819113 1.101075
383 -26.9123771683 -0.798617 -0.683424 -0.599063 -0.943390 -0.669080 2.459866 -0.442435 -0.697122 -1.006441 -0.673413 2.028129 -0.886105 -0.982937 -1.027055 1.218183
384 -25.5814956730 -0.792230 -0.599319 -0.497822 -0.979904 -0.805208 2.213382 -0.681982 -0.610834 -1.054873 -0.505791 1.881335 -1.105158 -0.663642 -0.893311 1.209733
385 -26.4964588693 -0.480271 -0.620803 -0.338843 -0.540705 -0.657086 2.633620 -0.348660 -0.419152 -0.978899 -0.618765 2.015718 -0.842651 -0.689254 -1.058475 1.156024
386 -29.3368742791 -0.365632 -0.908731 -0.654069 -0.635571 -0.744914 2.229494 -0.474268 -0.677429 -0.810828 -0.697604 2.065955 -0.869480 -0.712965 -0.819439 0.984021
387 -29.4758433806 -0.230209 -0.890140 -0.399552 -0.658763 -0.718504 2.091620 -0.702527 -0.582078 -0.604536 -0.557141 1.997693 -0.950225 -0.701632 -0.762783 1.109264
388 -28.3893739039 -0.533300 -0.758713 -0.523907 -0.677402 -0.971507 2.368613 -0.637550 -0.277968 -0.765698 -0.615865 1.995524 -0.844824 -0.836011 -0.988843 1.027482
389 -26.2349102949 -0.770711 -0.614051 -0.341286 -0.615645 -0.655954 2.336962 -0.733308 -0.366590 -0.810224 -0.657053 2.016226 -1.058930 -1.126180 -0.907303 0.854522
390 -27.0569439033 -0.257342 -0.596937 -0.460894 -0.662545 -0.685061 2.201433 -0.560468 -0.241145 -0.942516 -0.458637 1.885633 -0.886967 -0.992955 -1.078029 1.120879
391 -26.5027716789 -0.201185 -0.815698 -0.422233 -0.593154 -0.585415 2.309059 -0.769833 -0.590213 -0.740444 -0.620152 2.071624 -1.034455 -0.592198 -1.030393 1.163952
392 -27.1856940981 -0.431390 -0.821184 -0.565675 -0.716131 -0.722619 2.201546 -0.660768 -0.410221 -0.744972 -0.535599 2.086900 -1.075688 -0.638919 -0.897840 0.909192
393 -28.6543207334 -0.141930 -0.856579 -0.216749 -0.485846 -0.742084 1.954259 -0.453427 -0.584453 -0.601515 -0.447069 2.093157 -0.992926 -0.763348 -0.915509 1.184569
394 -28.6895488754 -0.188592 -0.825720 -0.453745 -0.449778 -0.903644 2.010285 -0.623862 -0.767633 -0.965253 -0.393476 2.023078 -0.782670 -0.642904 -0.802950 1.105704
395 -24.5111169902 0.096501 -1.075223 -0.576067 -0.713380 -0.932839 2.086279 -0.581999 -0.838016 -0.848453 -0.638655 1.962633 -0.848484 -0.690105 -0.745537 1.157918
396 -27.1150045173 -0.024027 -0.769133 -0.494764 -0.473141 -0.516838 1.935735 -0.548839 -0.721950 -0.872414 -0.602545 2.027873 -1.002721 -0.826405 -0.771919 1.238839
397 -28.0027716844 -0.324612 -0.811496 -0.547758 -0.575866 -0.510803 1.794016 -0.602590 -0.766538 -0.812286 -0.591703 1.958940 -1.017061 -0.825758 -0.543175 1.132439
398 -23.7355240448 0.019956 -0.884489 -0.558330 -0.488012 -0.506629 2.230620 -0.759897 -0.605712 -0.274900 -0.497649 2.076095 -0.753286 -0.590123 -0.940376 1.011194
399 -27.5939720731 -0.375022 -0.723127 -0.563678 -0.777151 -0.865952 2.081655 -0.882562 -0.612698 -0.907452 -0.615712 2.114075 -0.888406 -0.519966 -1.038944 1.292378
400 -28.1400566766 -0.548513 -0.912590 -0.635506 -0.667840 -0.921715 2.207406 -0.751159 -0.477011 -0.853985 -0.452591 1.971315 -0.975131 -0.924686 -0.682037 1.289487
401 -26.8674687822 -0.344296 -1.021600 -0.456919 -0.547557 -0.588832 1.812444 -0.533616 -0.656532 -0.663955 -0.678837 2.037734 -1.077575 -0.673501 -0.917628 1.101211
402 -29.1650173753 -0.542723 -0.751253 -0.576275 -0.472548 -0.722898 2.178205 -0.541833 -0.541951 -0.618160 -0.631843 1.945484 -0.785291 -0.869406 -0.695532 1.020352
403 -28.6870268141 -0.574564 -0.740650 -0.229355 -0.481702 -0.854603 1.957775 -0.752962 -0.483229 -0.253352 -0.679946 1.865540 -0.934175 -0.643241 -0.739239 1.094599
404 -28.0367689274 -0.215403 -0.805853 -0.185913 -0.404983 -0.854855 2.281686 -0.478302 -0.778153 -0.863846 -0.469462 2.025813 -0.721615 -0.771062 -0.542498 1.162232
405 -26.8499090633 -0.278741 -0.763706 -0.389342 -0.500195 -0.881492 2.272867 -0.491332 -0.500805 -0.908944 -0.616576 1.883059 -1.093332 -0.464137 -0.842266 1.036438
406 -27.3799977550 -0.327827 -0.904259 -0.458863 -0.535948 -0.625064 2.128895 -0.601264 -0.654683 -0.516143 -0.537962 1.963977 -1.047168 -0.589125 -0.749735 1.138632
407 -28.1210711253 -0.063280 -0.900639 -0.310131 -0.589317 -0.669109 1.993458 -0.762365 -0.510559 -0.704570 -0.531683 2.057512 -0.899896 -0.734981 -0.733585 1.113696
408 -29.6245552139 -0.248428 -0.829660 -0.413747 -0.546829 -0.639496 2.047591 -0.596028 -0.474678 -0.738138 -0.554320 2.018398 -0.873318 -0.632850 -0.866424 1.152475
409 -29.4219989225 -0.241649 -0.950431 -0.293131 -0.566251 -0.645395 2.055202 -0.716341 -0.572525 -0.469344 -0.581495 2.031148 -0.903712 -0.805523 -0.710346 1.028840
410 -29.6055950037 -0.314865 -0.841229 -0.393306 -0.660039 -0.681048 2.170346 -0.588051 -0.600614 -0.487782 -0.539570 2.024978 -0.916146 -0.686670 -0.801591 1.112854
411 -28.9792321981 -0.215672 -0.762060 -0.524631 -0.488051 -0.692139 2.186042 -0.710799 -0.440830 -0.867230 -0.485252 2.015340 -0.909571 -0.688524 -0.811180 1.169267
412 -28.3911022504 -0.169672 -0.826996 -0.367310 -0.580173 -0.616946 2.128469 -0.691865 -0.389155 -0.915337 -0.587541 2.053302 -0.827044 -0.558473 -0.843928 1.167798
413 -29.5690270890 -0.413990 -0.862794 -0.291071 -0.670034 -0.669440 1.925601 -0.698582 -0.575382 -0.662562 -0.497967 1.953404 -0.948554 -0.746291 -0.999065 1.061159
414 -29.7121156024 -0.425510 -0.758533 -0.390772 -0.631848 -0.704627 2.189911 -0.720567 -0.478718 -0.599868 -0.555991 1.991567 -0.962226 -0.742561 -0.835813 1.200963
415 -29.4499591191 -0.276691 -0.814888 -0.390379 -0.598099 -0.668494 2.025007 -0.494849 -0.556733 -0.841170 -0.570585 2.027141 -0.785204 -0.578874 -0.791605 1.146392
416 -28.4012784244 -0.345883 -0.759539 -0.470647 -0.589603 -0.658327 2.226208 -0.701748 -0.592107 -0.668636 -0.586896 1.973444 -1.030881 -0.738062 -0.698240 1.148813
417 -28.2490431779 -0.577569 -0.705037 -0.456064 -0.515391 -0.638504 2.208808 -0.833159 -0.599487 -0.663010 -0.533369 1.995496 -0.874921 -0.601950 -0.775939 1.197816
418 -29.1049382128 -0.560646 -0.694259 -0.470157 -0.520142 -0.716112 2.057637 -0.609086 -0.556830 -0.557826 -0.505391 1.945627 -0.968122 -0.715850 -0.840502 1.177822
419 -29.8804149770 -0.354173 -0.800634 -0.372223 -0.595536 -0.621311 2.082947 -0.817335 -0.562825 -0.519276 -0.636610 1.947376 -0.989213 -0.810603 -0.725980 1.194927
420 -30.2380361270 -0.253960 -0.831393 -0.331828 -0.636448 -0.744020 2.093510 -0.626429 -0.575032 -0.630924 -0.640618 2.045447 -0.919366 -0.688798 -0.809809 1.267387
421 -28.4178498163 -0.557033 -0.839739 -0.513624 -0.627633 -0.511958 1.895627 -0.612714 -0.647231 -0.856243 -0.558922 2.010538 -0.990981 -0.847088 -0.699465 1.372928
422 -27.3228503838 -0.377599 -0.691169 -0.296106 -0.539335 -0.521279 2.238849 -0.557584 -0.837772 -0.903944 -0.676757 2.013898 -0.720723 -0.574727 -0.546481 1.172035
423 -27.2502333463 -0.447465 -0.770189 -0.442816 -0.768490 -0.592645 2.256496 -0.403965 -0.583022 -0.690598 -0.625933 1.985059 -1.104107 -0.695719 -0.554541 1.244798
424 -26.8145427093 -0.563958 -0.974629 -0.414715 -0.529836 -0.969996 2.141671 -0.782243 -0.577117 -0.914496 -0.788600 2.055109 -0.886611 -0.680155 -1.076725 1.359984
425 -28.2584097756 -0.398514 -0.706120 -0.465580 -0.461847 -0.533654 2.268806 -0.626568 -0.327211 -0.959024 -0.739282 2.043261 -0.953375 -0.742885 -0.931656 1.376997
426 -25.7013409509 -0.383196 -0.817076 -0.512199 -0.429485 -0.852882 2.051361 -0.498543 -0.698687 -0.949857 -0.543541 2.182643 -1.003494 -0.440501 -1.086564 1.440244
427 -28.8306505724 -0.474431 -0.715039 -0.298146 -0.601972 -0.575866 2.017342 -0.534111 -0.527435 -0.865929 -0.621283 2.015306 -1.073188 -0.810731 -0.828985 1.360719
428 -27.4868586720 -0.384831 -0.707345 -0.087449 -0.576650 -0.672416 2.079817 -0.461814 -0.727110 -0.794170 -0.631513 2.060078 -0.771303 -0.535200 -0.867292 1.194117
429 -26.4467053002 -0.486257 -0.994638 -0.156404 -0.512512 -0.634005 2.086023 -0.624831 -0.761575 -0.997240 -0.483337 2.155724 -0.789020 -0.932212 -0.590543 1.197964
430 -27.4101597135 -0.525842 -0.888218 -0.219279 -0.596798 -0.974103 1.966846 -0.438032 -0.454820 -0.432375 -0.703238 2.112774 -1.037126 -0.709326 -0.589202 1.304283
431 -29.6555470940 -0.364200 -1.000802 -0.367657 -0.445039 -0.841940 2.107478 -0.846079 -0.710972 -0.617014 -0.516572 1.974618 -0.942283 -0.830770 -0.830700 1.271747
432 -26.9707468915 -0.022551 -1.001278 -0.444233 -0.736059 -0.760752 2.018223 -0.747284 -0.545112 -0.846443 -0.787334 2.139416 -0.735795 -0.709324 -0.746092 1.215730
433 -28.9479317979 -0.149913 -0.867466 -0.191013 -0.620617 -0.756402 1.821020 -0.426276 -0.433630 -0.792185 -0.580096 1.926779 -0.793789 -0.723845 -0.791274 1.077127
434 -26.2348915237 -0.231132 -0.797591 -0.124996 -0.542734 -0.566768 2.251186 -0.455995 -0.636438 -0.836942 -0.729251 2.025136 -1.081640 -0.480433 -0.906203 1.134930
435 -26.1566943173 -0.041724 -0.802492 -0.362314 -0.553279 -0.807375 1.998921 -0.361676 -0.725002 -0.981527 -0.478553 2.086484 -0.816981 -0.612753 -0.714792 1.411380
436 -30.4264962714 -0.267072 -0.810301 -0.332302 -0.644699 -0.754830 2.172659 -0.680265 -0.537843 -0.665819 -0.699817 2.016512 -0.931388 -0.705842 -0.811305 1.190918
437 -30.0105011538 -0.353550 -0.752818 -0.302128 -0.534919 -0.802932 2.129551 -0.641096 -0.680434 -0.726540 -0.651703 2.001969 -1.021495 -0.749689 -0.815259 1.273245
438 -30.6158540349 -0.284246 -0.900914 -0.401978 -0.705457 -0.774677 2.119144 -0.547084 -0.475988 -0.560004 -0.722035 2.079046 -0.902815 -0.758147 -0.881951 1.288188
439 -28.7329382521 -0.270800 -0.903979 -0.218108 -0.514996 -0.708689 2.040391 -0.685101 -0.634904 -0.628705 -0.669772 2.095465 -0.985294 -0.654640 -0.703494 1.209273
440 -30.1497371900 -0.393170 -0.836057 -0.400536 -0.645137 -0.671534 2.144199 -0.583435 -0.675528 -0.704119 -0.673780 2.016716 -0.952360 -0.743837 -0.904392 1.195036
441 -28.9468735571 -0.218306 -0.938675 -0.320025 -0.662483 -0.824058 2.033985 -0.553743 -0.550711 -0.538321 -0.656384 2.097726 -0.975803 -0.667073 -0.988486 1.205671
442 -29.7639806732 -0.257274 -0.990557 -0.385996 -0.705907 -0.737534 1.996922 -0.537956 -0.390306 -0.644159 -0.655598 2.124545 -0.947346 -0.752078 -0.918761 1.221953
443 -29.2110632270 -0.314381 -0.864592 -0.338515 -0.614310 -0.745726 2.133476 -0.545460 -0.351306 -0.713179 -0.674389 2.018145 -0.983759 -0.621744 -0.779198 1.343463
444 -29.8402806978 -0.359667 -0.907725 -0.271983 -0.587037 -0.849985 2.137623 -0.598179 -0.549806 -0.477960 -0.711446 2.028015 -0.920508 -0.646272 -0.903052 1.202548
445 -29.5403298311 -0.283226 -0.954073 -0.372581 -0.726832 -0.752659 2.141639 -0.482422 -0.524758 -0.699057 -0.732318 2.028799 -0.822039 -0.624564 -1.016239 1.219128
446 -31.0908166496 -0.164397 -0.831815 -0.310817 -0.721663 -0.881800 2.035235 -0.416260 -0.568011 -0.678456 -0.748681 2.018952 -0.954544 -0.807372 -0.865852 1.230598
447 -29.6013280112 -0.160270 -0.866993 -0.531483 -0.597295 -0.691960 2.044204 -0.672623 -0.529646 -0.741747 -0.664105 2.050202 -0.938183 -0.777435 -0.846126 1.246515
448 -31.3142896747 -0.426216 -0.913682 -0.332487 -0.727804 -0.833218 2.009815 -0.419778 -0.499378 -0.723460 -0.733690 2.054874 -0.924451 -0.859247 -0.902792 1.296132
449 -30.4248133636 -0.358041 -0.829567 -0.296357 -0.764934 -0.800940 2.149834 -0.483013 -0.473477 -0.693437 -0.700903 2.089082 -0.867240 -0.625933 -0.790085 1.296434
450 -30.2823382311 -0.296613 -0.977211 -0.297245 -0.814748 -0.708749 2.262388 -0.648237 -0.517102 -0.636590 -0.728920 2.047306 -0.805180 -0.755108 -0.843912 1.299032
