evaluations raw_y x0 x1 x2 x3 x4 x5 x6 x7 x8 x9 x10 x11 x12 x13 x14
1 2.1192763693 3.189006 4.641501 -2.071173 0.353755 1.559222 0.588917 2.681487 -2.393932 1.785568 -4.354733 2.812349 0.887545 1.925153 -3.249800 -1.903947
2 1.2327625690 -2.244445 -2.043167 -1.604596 -2.142283 -1.070568 -3.248757 -4.307218 2.439117 -1.071960 0.532687 4.196004 3.291798 3.425103 3.455007 1.551021
3 1.6488528678 1.101917 -2.523099 -4.023344 -1.283867 4.414860 -3.820075 -3.715134 -0.335841 2.284301 2.299187 2.097667 -0.821828 -3.893255 1.832730 -0.852995
4 1.3096065898 4.931855 4.088907 -4.848220 1.391379 2.381336 -0.797189 1.766047 1.035793 -1.711158 4.412532 2.152026 -0.276389 4.341100 0.131250 -3.534972
5 0.9555473703 -1.918618 -4.233660 4.472457 -1.486726 3.079282 -0.632375 1.077874 2.031715 0.381691 -2.782702 -0.760849 -0.443282 -2.047490 2.466853 0.872957
6 3.5441811248 1.957037 0.833342 2.151666 2.951751 0.160489 1.616339 0.663342 2.571606 3.036765 3.198423 0.467292 -1.847926 -4.399163 0.516280 -2.482077
7 1.7750718982 -1.098534 2.398544 1.906680 0.199891 -1.499682 0.213040 3.978949 -3.807554 -2.231352 -0.262616 -1.752848 0.347459 1.846086 -0.517074 2.474099
8 1.6487721274 2.877752 1.616332 3.850253 2.600933 -2.182849 1.042202 0.805333 1.428955 3.925420 -0.949304 -1.637706 -4.673268 0.759913 -0.719099 -0.212922
9 0.6698048026 3.313657 -0.925331 2.682701 -4.653579 -0.475696 3.633459 -0.765962 -2.092169 -0.113160 -3.056070 1.845318 1.800600 -3.128920 -1.304616 -0.090537
10 1.5022983567 -2.387162 4.231276 -2.342948 -2.413894 1.922598 1.328344 3.012849 3.387873 -4.221815 0.637701 4.548567 4.097911 -2.788260 4.382438 -3.282540
11 1.2147741634 4.321196 3.571305 4.825369 -0.818264 0.751093 -2.621503 -1.156988 -1.624290 -0.639051 -1.559378 2.481952 3.469267 3.474647 0.636198 0.613058
12 0.1664104151 -4.417925 -1.807213 -1.736895 3.170844 -2.736185 -1.017817 -3.269520 0.917062 -3.464682 2.392415 -2.017397 -3.203158 4.656929 3.112533 -2.640874
13 1.0618877958 4.569786 -1.437230 0.871087 3.930919 -0.609158 -1.518059 3.739073 0.565730 -0.070568 -0.624071 -1.224408 -4.260787 -4.821779 -2.585090 3.010707
14 1.5010287961 -3.463062 0.214712 -2.563502 4.897457 3.496699 -1.672296 2.387401 0.084995 -2.072638 2.927726 -0.241935 4.993782 -0.514495 -0.242490 -0.635605
15 1.6342370943 0.106138 2.845303 4.643749 -4.452935 2.611711 -2.818366 -1.646223 0.267731 0.674206 -1.835127 -0.446038 1.406655 1.321209 -2.306245 -3.879822
16 0.7569956215 0.506177 3.295652 -0.348612 -3.973967 1.096952 4.458770 -4.898415 -3.465375 -0.453773 -0.087986 -4.867314 4.249551 3.836740 -4.348159 3.542907
17 1.5735933450 1.522684 2.664616 3.200044 2.328885 -4.561948 4.162155 3.554866 -4.497895 -2.473782 3.229263 3.257911 -1.133983 -4.252288 -1.160259 2.162291
18 1.6597701664 2.721990 2.176567 0.712565 3.526361 4.733773 4.592719 1.479468 4.039927 -1.241130 -3.857114 -2.761399 0.096586 2.803850 -2.499918 -4.571224
19 0.2897053578 -3.266018 -2.923832 0.101006 1.792900 -0.095056 2.045126 -1.991716 -0.650536 2.109801 -4.743886 -3.742934 4.435276 -0.939579 -1.956990 4.926270
20 1.2730004945 -4.809668 -4.804696 0.458182 0.627905 1.339907 -4.253499 -3.160588 -1.321872 0.923985 -1.313206 -1.010129 -0.711414 3.082743 -0.851635 4.244524
21 1.8954607286 -3.888475 -1.152825 3.500836 3.853314 0.525833 -0.048024 -2.755095 -4.287733 0.150349 -2.280570 -0.058968 3.773297 1.515476 4.902183 -1.367970
22 -0.6284311777 2.514373 -3.233157 0.200871 -3.433451 -1.391205 2.133746 -2.923386 -4.856641 2.448646 3.942861 1.170502 2.362551 -3.615956 -1.516434 1.266052
23 0.2472555745 0.928614 4.994876 1.184745 1.035558 4.893444 -2.461706 4.775927 -2.785689 -1.638420 -3.242504 4.598537 3.070989 -3.365909 -3.158484 1.189610
24 1.2916054186 -1.371126 0.737053 -1.223472 4.297947 1.743587 3.158056 -1.770239 3.619226 -4.743756 0.252919 3.616370 -1.497504 4.103021 1.457425 2.854618
25 0.8087008498 -3.116321 -0.042275 3.957731 3.261362 -0.152677 3.424015 -4.759483 1.478866 -4.060344 -0.442447 -3.046406 4.571435 -0.191819 -4.300148 -4.339676
26 -0.4165976917 -1.689161 -3.455648 -3.198630 4.664008 -2.074390 4.911190 0.162831 2.282362 3.587556 2.682579 -2.149950 -2.222162 -0.717811 -3.973177 -4.787319
27 0.5297419769 -4.644187 -0.415640 4.318833 -2.885494 -3.000809 -4.964520 -1.325102 -3.397133 3.322961 -4.073206 0.160562 -4.064267 -1.373326 3.696579 0.290965
28 0.4003645971 -1.617628 -3.129651 -4.329765 4.356640 -2.800828 -2.147298 2.075761 -4.686366 -2.968549 -3.642690 -3.976533 2.295154 2.311137 2.175274 0.404673
29 0.2079128339 -0.977583 -0.161242 -0.938735 -4.226460 0.984199 0.500492 4.122831 -2.331521 1.397202 -2.432778 -3.284370 -2.076263 -1.695100 -2.828150 -2.802036
30 -0.0498463429 0.631355 3.727934 -4.521837 2.095575 -0.960705 3.693182 -3.623849 -2.606360 4.308784 -4.819797 -2.430391 -4.334692 -2.762477 4.303820 -4.016064
31 0.7131424049 4.434472 -0.749423 -0.770348 -0.040749 -4.072255 3.996298 2.143851 -4.080461 -3.694005 2.093621 1.658715 2.706778 -2.384219 -4.814270 -2.186906
32 1.3508729746 -0.482168 3.034753 2.386061 -1.924352 3.376910 -0.454268 3.228757 -1.829732 4.939755 4.224975 3.985674 0.625262 -2.198460 2.992530 -1.466417
33 0.9718232079 0.117888 -3.782010 -0.260118 -1.108755 2.912492 -4.066660 -3.937429 3.105571 1.664890 -2.105527 -3.624507 -2.402304 4.932262 1.351597 3.882658
34 2.0302175964 3.981181 0.426008 -2.797672 -3.102568 -1.810283 2.937542 2.915482 4.845869 -4.933794 4.643470 0.571471 -3.234974 -0.070440 1.931961 3.366009
35 0.5279740391 -2.616834 -2.169592 -3.361094 -1.694816 -4.434667 0.875242 4.957864 -3.168098 1.191152 1.564184 -2.799987 -1.399642 -1.458653 4.041750 2.026295
36 0.5337133041 -2.906207 1.879181 -4.679129 -0.666990 4.062555 -4.714479 -0.046334 1.838955 -3.415871 0.960659 -0.861072 1.564241 -3.837976 -4.603029 -0.376677
37 1.2501774761 -4.003791 1.086482 -3.834186 2.500941 -4.191233 -4.509638 4.509882 0.529379 -0.986834 1.171649 3.856178 -2.779665 2.386134 0.860223 -1.674180
38 0.4705587155 1.243115 -3.994732 -3.554057 -0.198545 2.184621 2.539093 1.282236 4.699932 -4.445350 4.837039 2.597523 0.323680 2.680287 4.689820 -3.048245
39 1.6593229914 1.684717 1.380837 1.481142 -3.502115 -3.413038 2.740554 -0.181996 3.752420 2.857519 3.477544 -4.132433 -3.640327 0.882684 -3.614107 4.776962
40 0.3025104024 2.241299 -4.522315 -2.184986 -3.668531 4.245565 -3.565027 -0.490384 4.353805 4.384055 1.345249 4.945286 -3.693793 4.287492 1.027881 2.727436
41 2.1090440693 -0.204088 4.437579 1.793948 0.779572 -3.873838 1.783522 -2.294751 2.899009 2.634270 -1.020575 3.211041 1.217730 0.310875 3.441309 1.823588
42 -0.2232731699 3.657898 -1.524046 1.402048 -4.970687 -4.848311 -1.904199 -4.435545 -0.291818 3.783753 -4.176235 1.393286 2.005267 -1.173918 -1.682958 -1.050307
43 2.3413460964 -4.273180 -2.597375 -1.144919 1.513874 -2.363761 -1.250392 0.421885 -1.220239 4.597015 3.868733 -4.355833 2.878521 0.400915 2.622833 4.532710
44 -0.6618469116 -0.705615 2.002573 3.384669 -2.731226 3.723075 -0.253764 -0.854617 4.292776 -2.656288 -2.748238 -4.678612 -2.749402 -4.758156 -3.757863 -4.120842
45 0.2815979800 3.852803 -4.605673 2.939346 -0.356194 -3.499370 -3.082916 -2.474516 -0.977568 -3.119770 1.872174 0.907356 -4.958999 1.144227 -0.007675 4.095862
46 1.0815888383 -0.623043 2.526079 1.806754 3.275969 2.239625 2.281334 -1.057960 1.367589 -4.525174 0.491138 -4.518023 -2.868602 -4.293916 -4.298648 -0.209196
47 0.6564157306 -3.043974 2.532813 3.987669 -4.869034 4.176001 0.072385 0.761349 -2.320266 -4.938817 -2.704227 1.652425 -4.303778 -3.525059 -4.071656 -0.138670
48 2.0640796515 -2.858146 3.015388 -0.854022 1.488391 -2.612476 0.263267 4.402997 4.485298 -4.401134 -1.491468 -2.528740 -3.375808 -3.607797 -3.784114 -2.458318
49 -0.1160682885 4.281908 1.021914 4.553014 2.641298 0.924741 -0.781808 -4.257104 4.927769 -4.969458 2.481515 -3.331673 -4.060705 -4.883518 -4.307680 -4.538571
50 -0.3369995265 4.107875 0.820206 -1.822102 -4.343862 4.302969 1.604509 -2.208249 4.749416 0.363712 -3.374637 -3.196074 -0.951844 -3.394841 -4.037380 -1.381903
51 -0.0459554502 3.596509 1.542631 3.120328 -3.646839 1.740379 -2.111796 -3.328099 2.434774 -0.410302 -4.004270 -2.205035 -0.490360 -3.851249 -3.610355 -4.825902
52 -0.0314583246 -4.748673 1.026315 3.039766 2.447366 2.587577 -4.306925 1.126673 -2.640798 -2.506876 4.195385 -2.996047 -1.071239 -4.990249 -3.009029 -1.946685
53 0.1063913497 4.008815 2.047776 3.564629 -1.980655 3.392796 1.682057 2.913544 1.722929 -0.189607 -1.738681 -3.427183 -3.420176 -3.622760 -3.547104 -4.843391
54 0.5351158049 2.900127 2.132460 4.831343 -4.071107 2.743346 -4.388321 1.748769 2.498377 -1.193221 -0.467133 -1.566291 -2.728997 -4.957505 -3.823433 -3.563450
55 1.8314030284 1.085401 0.836321 -1.362545 -0.908639 4.530034 -4.008827 -4.777931 2.475442 -3.743611 -2.474709 -4.986006 -4.692312 -3.694768 -3.848038 -4.201085
56 0.7788228518 2.565759 0.955455 3.222363 -3.983623 3.044625 -1.146901 -4.090019 3.642453 -4.079726 1.976439 -0.964532 -4.175775 -4.761331 -3.823250 -0.173548
57 -0.2790157189 -0.971446 1.605261 3.776759 -1.448745 -3.078029 -2.284528 -3.387856 -1.913857 -4.269679 4.528240 -3.508836 -2.921764 -4.707254 -3.521183 -3.528310
58 1.0169468748 1.742831 0.572195 4.445061 -1.661063 -2.836875 -3.876741 -0.422043 4.458406 -0.513344 -4.915398 0.914674 -1.852249 -2.503255 -3.415175 -3.089273
59 0.9187758214 2.779291 3.550354 2.826613 -4.194098 2.197553 1.654991 2.107710 -3.620739 -2.503721 0.833433 3.386562 -3.174820 -4.613983 -3.283995 3.015238
60 2.0744474486 2.785484 0.242617 3.665446 -4.253383 0.523459 3.357986 0.869535 4.438753 -4.982784 -0.972489 -1.320810 -2.990511 -4.897565 -4.112850 0.511310
61 0.9770031798 2.432699 2.236354 2.864635 -4.501766 0.308407 0.890817 3.575228 2.614441 -4.732319 0.820944 -2.885758 -2.441124 -4.428792 -3.835650 -2.958390
62 1.0596750156 -3.929321 1.529273 3.098923 -1.946063 3.936479 0.899381 1.470547 2.889499 0.977271 -1.850023 -3.132505 -2.460713 -3.969820 -3.927315 -4.239560
63 0.8271697314 -1.293568 1.611804 3.222364 0.072941 2.032261 -0.757316 -3.238858 4.818098 1.155910 -1.145601 -4.834471 -3.335234 -3.847755 -4.105868 -3.658975
64 -0.0842000437 -3.848692 2.345955 3.894403 -1.493982 2.130368 0.451682 -3.445520 -0.426624 -3.982380 -4.883274 -4.701699 -3.368806 -4.380763 -3.914829 -3.727141
65 2.1100636426 1.631857 1.696130 3.865672 0.249211 2.637035 -1.326341 1.601988 -0.572586 1.333308 -3.748356 -2.234712 -2.232219 -4.107997 -3.739072 -3.104762
66 0.8114245461 -3.201706 1.789789 3.861113 -1.463573 3.477093 -0.742380 1.789076 0.956831 -2.191292 -2.915758 -4.934693 -2.575619 -4.032892 -4.636401 -2.478879
67 1.0049603713 -0.198534 2.564121 3.591988 -3.973440 4.632029 -0.686111 -0.448653 0.310550 -2.619861 -4.806365 -3.670920 -2.398394 -3.283188 -4.156299 -4.346348
68 0.5043569056 2.014563 2.012016 2.772553 -1.603313 1.545957 -0.444897 -0.660611 2.050275 -2.178813 -3.315524 -4.228247 0.747202 -4.222604 -4.587990 -4.404782
69 0.4275087909 -0.770917 1.342841 3.146596 -1.841321 1.715010 -0.893878 -0.139420 4.640868 -2.666823 0.452002 -4.879100 -4.686413 -4.171404 -2.237067 -4.615502
70 1.5443849022 2.038887 2.324461 3.554753 -3.815257 2.712229 -1.349781 -2.878157 0.117189 -3.192008 -4.069101 -4.022525 0.140623 -3.900929 -4.541104 -4.298898
71 1.1872120686 -1.244771 2.705604 3.735932 -1.866107 4.024561 3.043928 -2.445105 4.052828 -2.656058 0.248705 -2.111518 -1.065249 -3.672182 -3.550752 -4.585099
72 -0.1422411762 -2.038691 1.255406 3.721792 -1.746231 4.907435 -3.051345 -0.843948 1.884268 -3.255274 -3.417621 -3.636498 -2.394023 -4.963137 -3.517246 -3.137410
73 -0.7311253211 -4.854689 2.079417 2.877427 -1.916046 4.527191 -3.236658 0.001519 2.444846 -2.271191 -2.900067 -4.883401 -3.031305 -4.711316 -3.514631 -2.015505
74 0.4657286379 2.513367 1.852347 3.579264 -2.173567 1.302942 -3.222761 -3.197985 3.138275 -2.249957 -4.461268 -3.319207 -3.580868 -4.852507 -3.492655 -3.850746
75 -0.1899019516 -2.354151 1.430451 2.842339 -1.980270 2.641949 -3.297345 -3.850135 3.150283 -2.105783 -4.531678 -4.462000 0.827241 -3.563919 -3.677684 -4.269083
76 1.2931214557 -4.174284 1.879733 2.931709 0.761140 3.373132 -3.123728 -3.771041 2.794518 -2.243885 -1.012097 -4.047515 0.413011 -2.405083 -3.094212 -2.906276
77 1.1472729992 -3.900011 1.047037 2.883499 -2.309427 1.651198 -3.042643 3.066580 3.450258 -2.056007 -1.230230 -1.804263 -2.907789 -4.974011 -2.106005 -4.777105
78 0.2794938000 -3.322560 2.538369 2.662581 0.728578 4.421021 -3.455107 2.369190 2.545101 -1.795762 -2.898774 -2.811356 -1.593349 -4.611195 -0.959292 -1.520437
79 0.8462868371 -3.267719 2.858968 2.969109 0.753013 2.493517 -3.418601 4.068331 1.562547 -2.204153 -0.857195 -3.881780 -1.168914 -2.341602 -0.703787 -3.526413
80 0.1560089629 -1.340439 1.701790 2.789046 -1.165186 4.935486 -3.000214 3.948567 1.580958 -1.643756 -1.427599 -4.067040 -3.544000 -1.663295 -1.082685 -4.731014
81 0.7009603579 -3.977292 0.592463 -1.523150 -2.544018 4.780208 -3.626613 0.142874 2.193385 -4.173707 -4.648104 -4.250923 -0.409544 -0.952262 -0.153735 -3.691080
82 -0.1156934648 -4.394050 3.827869 0.128755 -2.551928 4.751684 -3.139542 -0.337881 2.267750 -3.816034 -4.219033 -3.671515 -4.203765 -4.523897 -3.467942 2.580708
83 2.0107027173 -4.789718 0.652212 0.295121 -2.476254 4.987754 -3.405274 -0.075258 2.789652 -0.470422 -0.795155 -0.972519 -1.130228 -1.074713 -4.976221 -4.530470
84 0.7117317433 -3.199267 0.596096 0.993559 -2.396962 4.270869 -2.999779 -0.612527 2.352425 -0.279858 -4.033711 -4.371340 -2.597122 -3.324231 -2.354034 -0.118166
85 -0.5723101343 -2.437905 2.054339 3.380618 -2.258898 4.921490 -3.226091 -0.236340 2.538009 -1.768116 -3.283312 -3.002618 -4.273993 -1.642420 -3.828049 2.543843
86 -0.0700012378 -3.696129 2.701189 2.936490 -2.424839 3.429242 -3.559343 -1.397187 2.417325 -2.613342 -3.553760 -4.746295 -4.054923 -4.336940 -2.904746 -4.641574
87 1.1253417264 -2.644661 2.004879 2.665980 -3.044138 4.074308 -3.083878 3.718335 1.968905 -2.501504 -3.821927 -4.180682 -4.214773 -4.912428 -0.592434 3.071862
88 0.6384015236 -3.891652 2.376824 2.804409 -1.540538 4.040980 -3.186538 1.582355 2.319520 -2.494897 -3.499381 -3.234136 -4.425768 -0.232170 -3.968212 0.397914
89 -0.3983406054 -3.387657 1.806955 2.846225 -3.172222 4.012058 -3.664942 -4.905029 2.458542 -3.450478 -3.734705 -1.596554 -2.333868 -2.679909 0.958696 -2.271549
90 0.9690048289 -3.909988 2.711091 2.572794 -3.027402 4.473320 -2.841239 -4.833565 2.361801 -2.137094 -3.885190 -4.678363 0.114707 -3.793401 -1.694845 -2.607554
91 -1.1312000542 -4.287514 2.179946 4.461264 -2.257744 3.935013 -2.654920 -0.190343 2.661637 -3.235081 -3.126455 -4.108266 -2.985773 -3.239992 -1.590981 -3.757799
92 0.4039830738 -3.050654 1.930106 4.394020 -1.481298 4.535387 -3.905162 -0.086289 2.597524 -3.666788 -3.222133 -4.142599 -2.798966 -2.745924 -3.739513 -0.022803
93 -0.6892094494 -3.090491 2.093494 4.739166 -1.136172 4.003544 -3.022194 -0.031623 2.379681 -1.229224 -3.255177 -4.250322 -3.190198 -4.771675 -1.494456 -2.148197
94 -0.2746710711 -3.706377 1.918375 2.619932 -1.738703 3.317324 -4.392441 -0.051547 2.507444 -1.326356 -3.235511 -4.263301 -3.357249 -4.180182 -4.098688 -4.061484
95 0.6010481555 -4.543234 2.238164 4.581375 -1.558251 3.753121 -3.831753 0.312944 2.701312 -1.210957 -2.541825 -4.393785 -3.258263 -4.326431 -4.552758 0.382900
96 -0.8158102762 -1.605208 2.258208 2.622410 -3.731021 3.968837 -4.940906 -0.028297 2.873947 -2.452328 -3.641866 -4.248106 -2.760205 -4.721493 0.907681 -4.097154
97 -0.2709770018 -4.439186 2.139348 4.751758 -1.694563 4.381455 -0.300541 -0.680224 2.600755 -2.524009 -3.727237 -3.826385 -3.086600 -4.683421 -3.512468 -3.571546
98 0.7971326200 -4.813921 2.129045 2.503058 -2.649681 4.406367 -1.621629 0.258936 2.740789 -2.844615 -2.631521 -2.983998 -2.742430 -4.823329 0.586117 -3.558458
99 0.4180896708 -3.583902 2.398913 2.970285 -2.876370 3.783923 -2.472367 0.006761 2.956351 -3.225038 -3.690559 -3.980256 -2.754298 -3.949571 -3.459346 -3.920251
100 0.3986273024 -1.554752 2.131120 2.665915 -0.777567 4.466225 -0.724668 0.339232 2.530227 -3.625982 -3.691462 -3.627125 -3.112715 -1.203908 -1.750501 -3.677826
101 0.7817937906 -3.356751 2.200562 4.014794 -0.782675 3.482359 -3.730109 0.062383 2.130552 -1.979417 -2.935049 -4.275067 -3.299036 -2.697086 -1.320100 -3.155752
102 -0.5647352813 -4.562371 1.959943 4.106832 -0.616472 4.648132 -3.781758 -0.254316 1.939102 -2.409098 -3.110379 -4.255917 -2.208296 -1.601354 -0.893908 -3.768637
103 -0.3148259946 -3.188805 2.386338 4.863196 -2.488738 4.958722 -2.255771 -0.204752 1.815935 -0.379667 -3.138565 -4.243536 -4.206885 -3.276354 -0.879704 -3.614230
104 -0.7059361476 -4.325593 2.448613 4.093023 -1.304883 4.814930 -4.623772 -0.369438 3.004228 -3.661795 -3.339689 -4.252728 -3.505475 -1.576169 -1.478036 -4.340475
105 -0.4236286323 -3.227889 2.076820 3.624252 -2.192638 4.110033 -2.479525 -0.099039 3.463782 -4.346091 -2.887636 -4.218414 -1.743720 -4.666681 -1.541741 -3.753411
106 0.1505660802 -3.354560 2.074460 4.137575 -2.381652 4.090121 -4.120805 -0.336039 2.834693 -1.175986 -3.885019 -4.303696 -3.142951 -1.652539 -0.361918 -4.157707
107 0.4616804859 -2.617438 2.811134 4.877288 -1.960343 4.224842 -1.257284 0.375908 2.393059 -2.816077 -4.282900 -4.240303 -1.368690 -4.039818 -1.989598 -3.802409
108 1.0387150173 -3.272515 1.460316 4.359971 -2.568977 3.915942 -3.750791 0.234537 2.047842 -2.898972 -1.906334 -4.042948 -0.734212 -1.680384 -1.225487 -4.253407
109 0.9261142829 -3.088761 1.689230 4.573777 -2.096035 4.058182 -2.922494 0.100905 3.271264 -1.476230 -3.782585 -4.282274 -4.092527 -2.747158 -0.445776 -3.799232
110 1.1626152441 -2.864659 1.779459 3.963312 -2.028352 4.217704 -4.284495 0.357399 2.222154 -2.208949 -4.331450 -4.151235 -3.589782 -4.946401 -1.291845 -4.238837
111 -0.8255045460 -4.834791 2.382344 4.447191 -2.124626 4.157710 -3.014840 -0.457324 2.313711 -4.335933 -3.188338 -4.462792 -2.939448 -3.446342 -2.192990 -3.341252
112 0.2258438950 -3.698502 1.963195 4.060730 -2.393516 4.158948 -3.023062 -0.050527 3.254643 -1.943817 -3.061145 -4.442379 -3.285751 -2.354462 -1.767809 -4.492648
113 -0.3421555520 -3.691573 2.060472 4.167526 -2.284769 3.750991 -1.840290 -0.193303 3.051540 -2.170688 -3.169427 -3.935534 -2.709240 -4.090249 -1.578334 -4.461555
114 -0.5210770027 -4.380931 2.075114 3.871964 -2.646359 3.837403 -2.187790 -0.044774 3.098117 -3.444689 -3.182576 -4.507217 -3.161111 -3.653725 -2.031386 -4.193509
115 0.0865234996 -4.724689 2.409866 4.318718 -2.436454 3.931626 -2.428541 -0.477205 3.163691 -4.917001 -3.186669 -3.751136 -2.855665 -3.507376 -1.154900 -3.934616
116 0.5739617412 -4.124019 2.284532 4.582006 -2.237735 4.219210 -2.487843 -0.233532 2.425491 -2.794023 -3.029133 -3.476430 -2.814322 -2.987637 -2.347042 -2.968741
117 -1.6893866496 -4.560298 2.271210 4.474775 -1.996435 3.620200 -2.494803 -0.019966 2.238432 -3.548339 -3.172686 -4.338229 -3.417188 -3.220412 -1.480446 -3.094794
118 -0.9845647008 -4.681845 2.249752 4.943446 -2.574983 4.004757 -3.874576 -0.307261 2.618065 -3.592842 -3.187268 -3.342956 -2.483839 -3.618722 -1.423151 -3.160196
119 -0.8611740937 -4.326648 2.364803 4.626958 -2.697203 4.021253 -3.397605 0.100537 2.663745 -3.561554 -3.192627 -4.731573 -2.527222 -2.942611 -2.234827 -3.015917
120 -0.5353509422 -3.959921 2.001113 4.519709 -2.212122 3.960399 -2.464390 0.052591 2.491320 -2.913970 -3.121801 -3.352707 -3.287752 -3.763342 -1.861367 -4.360835
121 0.7156434321 -4.488289 2.084187 4.601326 -1.334586 3.301096 -2.428660 0.349389 2.677943 -3.560787 -3.145065 -4.216978 -3.593037 -2.960082 -1.335327 -3.761491
122 -1.0253345518 -4.844184 2.177735 4.800287 -1.299121 3.875626 -2.987216 -0.062590 2.467368 -3.719501 -3.275377 -4.651271 -2.999731 -2.831997 -1.715324 -2.427273
123 -0.5106948484 -4.253540 2.578588 4.407381 -2.667229 4.072099 -2.977485 -0.099281 1.952389 -3.615930 -3.246910 -4.198944 -3.792026 -3.126312 -1.207540 -3.333984
124 -0.9113476605 -4.749957 1.940258 4.468589 -2.671629 4.170453 -3.344623 0.420945 2.085194 -3.473359 -3.252867 -4.236518 -3.379853 -3.121011 -1.506143 -2.507574
125 0.4435419328 -4.747486 2.094162 4.005502 -2.359597 4.307502 -1.968817 0.272249 2.594544 -3.594267 -3.150325 -4.050214 -3.306434 -3.008715 -1.393194 -2.430348
126 -0.3200269382 -4.042889 2.006451 4.068407 -2.179838 3.804476 -2.712332 -0.382392 1.942477 -3.513107 -3.460950 -4.283128 -3.285408 -3.119089 -1.351057 -3.364689
127 0.8212629581 -4.149794 1.879320 3.984830 -2.268947 3.654888 -2.504035 0.201022 1.952685 -2.659123 -3.070807 -4.301323 -3.880388 -3.466422 -1.395530 -3.403854
128 0.1685287172 -4.327937 1.853709 4.561011 -1.757452 3.739063 -2.776840 -0.115916 2.626853 -3.928572 -2.918374 -4.169651 -2.819821 -3.436756 -1.219321 -2.565105
129 -0.3765250806 -4.525519 2.514283 4.901655 -1.850297 3.754964 -3.031600 -0.309614 2.633033 -3.078104 -3.343363 -4.430361 -2.918643 -3.337964 -1.061004 -2.838978
130 -0.0767155225 -4.637081 2.625718 3.718904 -2.322194 3.574721 -2.667009 -0.183846 2.321150 -4.440062 -3.340750 -3.991571 -3.810508 -3.266148 -1.123679 -2.898648
131 -0.6175601152 -4.559777 2.484139 4.321238 -1.536312 3.938888 -2.888430 -0.109664 2.059367 -3.670668 -2.603161 -4.905790 -3.137612 -3.581182 -1.570696 -2.685231
132 -1.5421721873 -4.800752 2.312316 4.392423 -2.199681 3.698747 -3.424255 -0.089201 2.177769 -3.470284 -3.269213 -4.450594 -3.046815 -3.455480 -1.750032 -3.162220
133 0.3168808118 -4.556223 2.568765 4.096783 -2.429770 3.396994 -2.481928 0.113845 2.608867 -3.591404 -3.377921 -4.240255 -3.015165 -3.650702 -1.555325 -3.572408
134 -0.2064899090 -4.905752 2.564365 4.173756 -2.230949 3.885021 -2.202112 -0.460643 2.221884 -3.387829 -3.623942 -4.894833 -3.168721 -3.343161 -1.344180 -3.517353
135 -0.2033150023 -4.930955 2.160545 4.836600 -2.285572 3.291612 -2.994923 -0.028413 2.232072 -3.338080 -2.736615 -4.767125 -3.918085 -3.398772 -1.773043 -3.327500
136 -0.1189952695 -4.819381 2.418791 4.605673 -2.136062 3.484655 -2.004858 0.186282 2.140761 -3.386705 -3.037634 -4.375630 -3.327000 -3.313273 -1.479689 -2.908234
137 -1.2473441253 -4.352553 2.307254 4.631011 -2.014529 3.693705 -1.934282 -0.104676 2.330252 -3.731162 -3.346723 -4.077799 -3.354911 -3.247029 -1.480079 -3.030188
138 -0.3395042064 -4.684544 2.177323 4.377256 -1.957934 3.495455 -2.733836 0.045947 2.260650 -3.815033 -3.036584 -4.293952 -3.167734 -3.376455 -1.396631 -3.123848
139 -1.2701694110 -4.392580 2.361149 4.619221 -1.733589 3.715879 -3.171162 -0.128868 2.069447 -3.356987 -3.099313 -4.368205 -3.494955 -3.021218 -1.707189 -3.064966
140 -0.2877774521 -4.805139 2.147164 4.647112 -2.213362 3.544960 -3.042651 -0.054157 2.262232 -3.713768 -3.314837 -4.112307 -3.278153 -3.052276 -1.654510 -3.057154
141 -1.2981683372 -4.426353 2.245190 4.674650 -1.750251 3.700120 -2.650759 -0.046785 2.282273 -3.639815 -3.399938 -4.328761 -3.471165 -3.106779 -1.635166 -3.180393
142 -0.9822928108 -4.367249 2.438469 4.229884 -2.067401 3.723645 -2.615138 0.027619 2.493404 -3.542081 -3.340148 -4.365266 -3.477490 -3.109206 -1.428614 -3.358808
143 0.3731879722 -4.404092 2.131027 4.482230 -2.093512 3.688501 -2.393884 0.059752 2.075109 -3.739375 -3.337646 -4.292650 -3.574049 -3.225251 -1.254253 -3.375523
144 -0.6038321487 -4.645376 2.352199 4.479246 -2.259682 3.659122 -2.705038 -0.103609 2.064794 -3.786523 -3.124834 -4.532361 -3.283603 -3.436325 -1.741594 -3.169087
145 -0.7281512318 -4.527020 2.344398 4.645587 -1.774516 3.755506 -2.307369 -0.055901 2.191255 -3.448976 -3.372043 -4.472272 -3.400561 -2.936329 -1.211333 -3.254751
146 -0.7997887161 -4.365939 2.438394 4.415499 -1.846038 3.560944 -2.646998 -0.121051 2.379175 -3.749722 -3.128603 -4.465944 -3.141685 -3.355253 -1.638861 -2.987240
147 -1.4889474547 -4.679253 2.301168 4.135421 -2.100315 3.710221 -2.686563 -0.190451 2.254097 -3.450342 -3.089061 -4.478393 -3.357389 -2.905298 -1.547696 -2.903436
148 -1.6010916608 -4.429050 2.288729 4.182404 -1.805930 3.819741 -2.624955 0.033747 2.220811 -3.527095 -3.137718 -4.537699 -3.360067 -3.211948 -1.652970 -3.220884
149 -0.2541015959 -4.754895 2.359456 4.650581 -2.086919 3.749494 -2.281054 -0.173477 2.218373 -3.546313 -3.230527 -4.086650 -3.243374 -3.400966 -1.346915 -2.922614
150 -1.1592657851 -4.898645 2.463817 4.475869 -1.730635 3.794913 -2.704717 -0.161100 2.244534 -3.552896 -2.945743 -4.170393 -3.583252 -3.285574 -1.311374 -3.169102
151 -2.0581236529 -4.565753 2.211800 4.486406 -1.878531 3.616779 -2.603516 -0.080316 2.322075 -3.449077 -3.208342 -4.471950 -3.483910 -3.283939 -1.525113 -3.074309
152 -1.5473025552 -4.536186 2.329781 4.335856 -1.840220 3.585606 -2.464479 0.020973 2.362723 -3.460132 -3.258903 -4.451463 -3.471885 -3.185256 -1.571038 -3.014690
153 -1.4887493184 -4.628902 2.269168 4.282770 -1.892209 3.575605 -2.497055 -0.028332 2.141865 -3.445635 -3.088716 -4.316191 -3.469027 -3.114278 -1.586724 -3.043413
154 -1.6196407312 -4.528819 2.223346 4.417072 -2.113291 3.669077 -2.412331 -0.097351 2.271447 -3.434542 -3.133632 -4.347065 -3.360067 -3.073582 -1.572902 -3.077457
155 -2.0006654571 -4.524676 2.231054 4.449133 -1.860707 3.582399 -2.546882 -0.068200 2.340589 -3.447287 -3.103902 -4.439678 -3.413062 -3.127851 -1.580856 -3.040983
156 -2.3399866601 -4.566675 2.234227 4.397331 -1.720597 3.665420 -2.696896 -0.172220 2.325558 -3.442095 -3.190159 -4.566550 -3.420404 -3.312785 -1.638840 -3.017450
157 -2.1129386625 -4.443021 2.199518 4.393231 -1.904399 3.678178 -2.685709 -0.101972 2.356118 -3.402316 -3.289738 -4.557534 -3.432024 -3.286908 -1.613326 -3.074397
158 -1.6763615575 -4.583288 2.154946 4.355113 -1.743278 3.732666 -2.720793 -0.078890 2.334113 -3.431079 -3.242943 -4.478619 -3.549523 -3.440747 -1.481800 -2.978555
159 -2.2015304438 -4.541971 2.130958 4.366751 -1.801567 3.729977 -2.563287 -0.153984 2.430893 -3.512569 -3.160056 -4.467760 -3.379829 -3.159315 -1.614810 -3.160464
160 -1.7582755562 -4.506544 2.205225 4.375222 -1.752036 3.737252 -2.538760 -0.187914 2.265015 -3.370233 -3.110861 -4.437310 -3.548370 -3.142100 -1.621583 -3.001776
161 -2.3257950910 -4.578694 2.185102 4.469179 -1.668729 3.729462 -2.593762 -0.256808 2.412141 -3.481711 -3.273106 -4.550600 -3.449570 -3.426468 -1.593435 -3.107855
162 -2.8493117403 -4.462655 2.240533 4.392107 -1.624409 3.739390 -2.774969 -0.266485 2.456265 -3.373652 -3.115787 -4.638555 -3.388932 -3.252955 -1.572066 -3.101749
163 -1.8739587356 -4.502340 2.166180 4.272644 -1.793871 3.583603 -2.662335 -0.267416 2.451611 -3.366108 -3.103250 -4.506321 -3.340594 -3.171192 -1.583816 -2.947186
164 -2.6418209019 -4.679769 2.199372 4.467056 -1.817443 3.743277 -2.826517 -0.065827 2.283516 -3.448336 -3.162419 -4.661503 -3.447788 -3.240750 -1.682390 -3.066840
165 -2.2054668044 -4.550524 2.155743 4.474596 -1.872197 3.667481 -2.638920 -0.254912 2.286230 -3.366202 -3.192637 -4.578169 -3.368995 -3.288157 -1.734325 -3.137635
166 -1.2107923337 -4.509793 2.177488 4.452486 -1.916783 3.930765 -2.930047 -0.287783 2.596149 -3.277099 -2.943919 -4.663928 -3.555387 -3.504564 -1.411903 -3.160444
167 -1.2540859272 -4.701373 2.297875 4.495699 -1.339558 3.878492 -2.952848 -0.264010 2.663198 -3.360891 -3.258430 -4.864212 -3.362564 -3.036859 -1.632023 -3.050600
168 -1.4723314100 -4.698858 2.371683 4.426178 -1.898594 3.955952 -2.811328 -0.341854 2.631116 -3.459483 -3.359119 -4.768216 -3.536244 -3.471844 -1.769501 -3.196591
169 -0.8416847029 -4.613882 2.353251 4.618946 -1.363256 3.777943 -2.646957 -0.044495 2.695560 -3.272862 -3.220854 -4.778367 -3.245446 -3.057593 -1.507008 -2.938163
170 -1.1526443271 -4.325470 2.309797 4.410923 -1.976510 3.795694 -2.858532 -0.449050 2.640134 -3.530993 -2.967120 -4.795227 -3.422599 -3.335470 -1.507497 -3.295606
171 -2.1180860434 -4.597931 2.228077 4.589320 -1.459567 3.836357 -3.078912 -0.209241 2.345792 -3.588089 -3.036304 -4.659427 -3.256435 -3.137366 -1.735291 -3.129550
172 -1.5969899252 -4.355230 2.135249 4.623237 -1.589164 3.793927 -2.842999 -0.468441 2.549551 -3.322226 -3.344612 -4.647368 -3.235730 -3.157186 -1.826442 -3.260525
173 -0.9355898594 -4.605287 2.388788 4.441033 -1.576219 3.507918 -3.006623 -0.449003 2.299272 -3.280327 -3.332687 -4.791912 -3.562394 -3.345121 -1.453558 -3.334813
174 -1.2468366197 -4.707790 2.198840 4.127436 -1.702255 3.717268 -2.812278 -0.438433 2.381955 -3.235296 -3.337158 -4.391525 -3.363590 -3.337483 -1.772810 -3.242232
175 -0.6688983823 -4.252025 2.081021 4.443858 -1.383197 3.858542 -2.791564 -0.454505 2.571476 -3.187243 -2.967430 -4.474547 -3.287485 -3.206911 -1.797790 -3.259719
176 -1.3395240756 -4.648706 2.363463 4.145038 -1.716971 3.838619 -2.542806 -0.064201 2.374273 -3.264273 -3.330182 -4.842326 -3.211065 -3.268857 -1.602633 -3.154203
177 -2.2835109616 -4.508751 2.083531 4.602878 -1.551920 3.668541 -2.787799 -0.262818 2.442681 -3.525502 -3.220328 -4.704203 -3.564248 -3.448527 -1.549488 -3.088926
178 -0.9234932518 -4.265169 2.185236 4.541330 -1.610010 3.592310 -2.946710 -0.061417 2.431311 -3.423722 -2.951815 -4.831179 -3.479596 -3.338820 -1.595130 -2.902005
179 -1.2616701267 -4.736910 2.150735 4.356785 -1.392903 3.785259 -3.040326 -0.182336 2.433077 -3.358049 -3.289304 -4.868920 -3.319319 -3.437368 -1.739499 -2.984397
180 -2.2363248330 -4.421086 2.359973 4.223889 -1.543410 3.717051 -3.104080 -0.173367 2.313186 -3.416316 -3.141668 -4.746585 -3.215711 -3.151659 -1.443737 -3.139118
181 -2.5527578616 -4.549397 2.114610 4.500433 -1.481766 3.734218 -2.631481 -0.284560 2.345715 -3.459243 -3.071667 -4.707234 -3.452362 -3.309646 -1.568169 -3.119442
182 -2.1385886293 -4.459127 2.243054 4.304666 -1.630960 3.700389 -2.689841 -0.350673 2.521334 -3.303262 -3.177301 -4.565102 -3.483049 -3.275039 -1.494989 -3.037134
183 -2.4175233711 -4.472001 2.246325 4.349776 -1.644528 3.770204 -2.900719 -0.192842 2.552257 -3.368799 -3.196971 -4.675155 -3.309869 -3.228912 -1.550710 -3.026872
184 -2.4182998480 -4.511571 2.173857 4.441747 -1.529536 3.714721 -2.792589 -0.220885 2.342446 -3.404409 -3.157428 -4.686313 -3.244725 -3.135392 -1.675154 -3.142479
185 -2.2953086139 -4.555922 2.166156 4.367511 -1.712704 3.721482 -2.899225 -0.301152 2.438001 -3.432920 -3.107330 -4.595587 -3.304599 -3.139930 -1.682035 -3.194334
186 -2.7424570848 -4.492004 2.252512 4.529346 -1.682357 3.817718 -2.808166 -0.258411 2.380001 -3.464811 -3.137674 -4.720506 -3.377386 -3.293808 -1.595099 -3.043482
187 -2.2470679640 -4.460414 2.182263 4.360028 -1.647664 3.847023 -2.673918 -0.383982 2.351671 -3.421695 -3.180019 -4.706562 -3.353484 -3.232861 -1.659737 -2.981800
188 -2.4833017399 -4.567767 2.299525 4.398523 -1.546114 3.716442 -2.911472 -0.237727 2.375934 -3.448746 -3.067644 -4.641601 -3.286889 -3.189503 -1.640800 -3.168370
189 -3.0513177329 -4.561371 2.145274 4.320735 -1.551971 3.740243 -2.655856 -0.172337 2.369964 -3.456638 -3.164593 -4.685796 -3.447836 -3.164959 -1.507715 -3.104126
190 -2.8202735007 -4.545820 2.203584 4.384597 -1.604750 3.839139 -2.652129 -0.328457 2.397467 -3.414621 -3.148943 -4.703629 -3.376873 -3.222024 -1.573559 -3.036055
191 -2.8099856481 -4.671768 2.223247 4.448522 -1.572510 3.787375 -2.689770 -0.281530 2.358255 -3.521918 -3.217466 -4.741070 -3.355798 -3.237990 -1.542136 -3.091231
192 -2.1164160161 -4.507806 2.053332 4.252273 -1.555864 3.856242 -2.797369 -0.200381 2.458364 -3.536131 -3.147662 -4.593651 -3.323163 -3.076176 -1.409876 -3.127941
193 -2.2303523893 -4.538289 2.243360 4.363042 -1.458125 3.731352 -2.780767 -0.149070 2.417781 -3.521065 -3.061863 -4.755186 -3.431224 -3.257762 -1.602562 -3.234103
194 -2.2499676603 -4.557265 2.122395 4.398165 -1.581360 3.812829 -2.528161 -0.169420 2.284490 -3.410574 -3.241347 -4.728171 -3.494191 -3.237645 -1.531498 -3.221059
195 -2.7780347477 -4.578947 2.181716 4.423791 -1.561727 3.780172 -2.719085 -0.252916 2.307402 -3.543585 -3.132968 -4.712885 -3.409508 -3.130574 -1.444868 -3.107745
196 -2.8572507348 -4.585744 2.088988 4.386653 -1.603931 3.777933 -2.782198 -0.204202 2.253673 -3.461954 -3.205472 -4.727957 -3.407127 -3.137237 -1.564555 -3.066150
197 -2.1398123072 -4.682421 2.145780 4.392343 -1.547439 3.656230 -2.569037 -0.285845 2.383376 -3.532047 -3.064097 -4.783088 -3.458659 -3.136266 -1.402615 -3.132124
198 -2.1711510510 -4.582093 2.056606 4.480321 -1.503015 3.689473 -2.555603 -0.294111 2.279466 -3.550244 -3.236806 -4.674818 -3.341806 -3.239947 -1.501362 -3.173389
199 -2.5825919790 -4.565716 2.224045 4.406765 -1.683260 3.790231 -2.814535 -0.183368 2.376397 -3.520887 -3.192903 -4.789098 -3.500459 -3.189749 -1.546308 -2.997428
200 -3.0215232020 -4.631851 2.217273 4.488650 -1.670547 3.842677 -2.755394 -0.281859 2.327141 -3.490175 -3.198550 -4.666019 -3.387071 -3.107424 -1.556600 -3.107105
201 -2.3106569173 -4.470569 2.249529 4.467490 -1.565072 3.850910 -2.687086 -0.124897 2.430898 -3.380770 -3.111625 -4.658091 -3.403962 -3.045357 -1.437979 -3.161263
202 -2.6327966172 -4.451346 2.127695 4.450871 -1.643641 3.794057 -2.516115 -0.270807 2.378554 -3.450502 -3.208368 -4.714124 -3.501022 -3.228928 -1.517320 -3.066988
203 -2.6508048423 -4.625349 2.173177 4.351826 -1.467912 3.781584 -2.783279 -0.151443 2.352615 -3.526292 -3.179806 -4.775278 -3.506415 -3.157756 -1.504153 -3.068525
204 -2.5386062921 -4.667194 2.159009 4.448083 -1.541734 3.719545 -2.792743 -0.253474 2.276762 -3.412437 -3.271685 -4.702068 -3.343197 -3.198174 -1.572446 -3.178043
205 -2.6802511461 -4.629135 2.124327 4.438868 -1.481705 3.730639 -2.744659 -0.185132 2.326011 -3.370817 -3.097567 -4.690175 -3.444059 -3.169402 -1.512938 -2.982861
206 -3.0908551430 -4.563296 2.144775 4.392765 -1.626143 3.721123 -2.719625 -0.180626 2.426401 -3.471254 -3.124523 -4.680883 -3.415273 -3.173617 -1.488360 -3.090069
207 -2.9846757055 -4.590657 2.161185 4.368474 -1.615987 3.753198 -2.617385 -0.211585 2.342804 -3.424354 -3.137951 -4.678694 -3.501906 -3.217569 -1.539058 -3.080556
208 -2.7049328046 -4.499051 2.122347 4.394200 -1.497382 3.698850 -2.638063 -0.155836 2.406555 -3.500599 -3.184120 -4.710825 -3.490673 -3.183331 -1.506842 -3.125910
209 -2.9986141455 -4.610068 2.213281 4.407277 -1.533368 3.733412 -2.733507 -0.136720 2.404206 -3.459120 -3.186263 -4.648736 -3.449298 -3.132250 -1.548380 -3.122302
210 -3.0026570824 -4.615592 2.206937 4.283380 -1.528242 3.792752 -2.710196 -0.201145 2.315755 -3.463260 -3.138375 -4.671856 -3.376026 -3.195152 -1.474116 -3.064959
211 -3.0286855183 -4.611050 2.137956 4.409135 -1.577886 3.763075 -2.746667 -0.228144 2.426493 -3.433309 -3.143552 -4.651844 -3.377193 -3.212916 -1.489849 -3.057460
212 -2.9311922504 -4.507406 2.170804 4.434658 -1.624337 3.714994 -2.689544 -0.198822 2.467661 -3.478292 -3.139810 -4.639029 -3.392107 -3.132259 -1.491082 -3.103450
213 -2.7763047309 -4.573710 2.163861 4.354169 -1.603805 3.691881 -2.773054 -0.182968 2.480107 -3.489798 -3.117875 -4.678204 -3.467887 -3.228142 -1.446980 -3.096634
214 -2.9535859492 -4.545001 2.204036 4.468647 -1.654740 3.679218 -2.781924 -0.167711 2.439787 -3.469715 -3.083621 -4.679052 -3.482463 -3.140229 -1.500181 -3.099404
215 -3.1154274962 -4.513667 2.189370 4.313411 -1.665032 3.736948 -2.725739 -0.209979 2.394042 -3.518883 -3.180338 -4.645969 -3.414244 -3.176443 -1.533275 -3.102989
216 -3.0076929649 -4.573010 2.193182 4.301350 -1.643503 3.713347 -2.708693 -0.247560 2.442767 -3.473354 -3.149465 -4.672534 -3.349405 -3.164392 -1.516976 -3.064139
217 -2.9735624864 -4.551174 2.232845 4.378475 -1.647023 3.789957 -2.689932 -0.154170 2.405095 -3.507812 -3.121653 -4.617016 -3.383016 -3.209540 -1.505656 -3.141918
218 -2.9007423673 -4.576389 2.134790 4.384630 -1.644959 3.783522 -2.715194 -0.183086 2.455061 -3.491982 -3.211214 -4.622611 -3.366045 -3.229085 -1.514830 -3.083442
219 -2.7466936172 -4.552534 2.137750 4.398071 -1.730121 3.699205 -2.669780 -0.202423 2.451464 -3.496993 -3.234223 -4.682181 -3.358674 -3.143009 -1.499215 -3.133064
220 -3.1053854333 -4.524863 2.202294 4.395971 -1.593171 3.772246 -2.802116 -0.195778 2.402137 -3.490160 -3.182995 -4.686388 -3.407990 -3.190246 -1.536899 -3.124273
221 -3.0594479379 -4.558356 2.230661 4.236704 -1.729668 3.740382 -2.764744 -0.198470 2.398658 -3.522984 -3.187285 -4.687109 -3.396455 -3.187774 -1.499423 -3.064378
222 -3.0715032385 -4.498086 2.235339 4.386594 -1.722608 3.737831 -2.657535 -0.205417 2.333142 -3.475056 -3.156074 -4.636589 -3.384197 -3.211905 -1.507508 -3.091028
223 -2.9318145820 -4.565428 2.211817 4.396481 -1.732885 3.773599 -2.710358 -0.185988 2.364909 -3.520526 -3.226262 -4.618516 -3.391808 -3.191310 -1.487973 -3.134069
224 -2.8210941291 -4.576932 2.197259 4.374566 -1.631988 3.718223 -2.727774 -0.183423 2.453674 -3.532201 -3.163923 -4.612510 -3.488691 -3.126037 -1.492131 -3.067225
225 -2.8723570883 -4.539863 2.142814 4.269336 -1.619197 3.769609 -2.680318 -0.219278 2.368077 -3.544846 -3.213921 -4.649117 -3.342734 -3.182967 -1.518631 -3.102746
226 -2.8814048692 -4.500483 2.214742 4.304851 -1.592537 3.785232 -2.781577 -0.251713 2.383415 -3.543067 -3.162206 -4.604048 -3.493717 -3.137620 -1.503155 -3.075583
227 -3.0491826109 -4.520708 2.162281 4.394654 -1.673446 3.752117 -2.785994 -0.174102 2.340697 -3.515653 -3.222692 -4.650443 -3.421453 -3.159412 -1.521845 -3.083205
228 -2.7877149772 -4.491907 2.212608 4.383767 -1.642056 3.750355 -2.656798 -0.184686 2.436053 -3.488912 -3.202159 -4.608193 -3.355384 -3.125833 -1.504992 -3.121884
229 -2.9657903825 -4.562152 2.225919 4.375909 -1.716313 3.687541 -2.649499 -0.167063 2.351372 -3.541946 -3.183881 -4.666983 -3.435466 -3.138571 -1.532544 -3.074161
230 -3.0070586870 -4.511321 2.223912 4.369125 -1.610900 3.752896 -2.741928 -0.183821 2.413178 -3.571030 -3.161392 -4.648926 -3.402628 -3.172288 -1.527982 -3.092565
231 0.9720507812 4.849983 -4.059902 -2.053488 -0.969354 -0.370726 3.376918 -3.228211 1.782556 -2.795043 3.566175 4.616036 -0.456468 1.684375 4.225343 2.598722
232 0.9642875155 4.187478 -2.470287 -1.180589 -1.386610 -1.200018 -0.295052 4.566121 2.753328 4.509751 0.244330 -4.257780 3.219922 -1.657987 -4.460565 -2.355871
233 1.5310279602 2.165109 0.012905 -2.645809 0.793754 -4.270324 0.759729 3.027501 0.885076 2.269316 -2.526776 -1.696601 -4.584547 2.757302 -2.546974 -4.189790
234 0.5532273252 1.090903 3.640825 2.278586 3.783420 -0.230864 -2.701042 -0.397198 -0.164206 -0.295717 -3.125263 4.222866 3.456306 -2.936426 2.843986 4.503527
235 1.6162928649 -2.822185 -4.127855 3.615260 3.523083 2.612110 -1.241660 -4.666991 2.884843 3.496185 -4.167599 3.010549 0.634481 1.617510 0.359793 4.204824
236 1.5090860569 3.477984 -2.186976 0.189578 -0.100882 -0.628563 4.889558 -2.003665 2.030033 -0.584216 -4.007273 2.186040 0.011167 -0.450727 0.750400 0.002046
237 1.2289765803 1.406816 -0.546644 3.236926 4.605748 -1.229929 -2.142923 -3.909693 -0.628333 3.151176 -1.440327 0.902710 2.650828 3.751378 -0.163777 1.505535
238 2.0353265626 0.662056 1.631845 3.850799 3.369368 1.925036 2.552126 2.353452 0.361167 1.888517 1.973794 2.845354 -2.773800 -2.353783 -4.754250 -2.088766
239 1.6371756185 -3.916266 3.154331 4.180256 4.183782 -2.533874 -3.806136 1.187170 3.237536 1.534553 -1.039080 -1.939569 0.977152 -0.933835 1.059616 -4.600472
240 0.7243483451 -2.161301 3.236842 4.767698 1.371888 1.710605 -1.718326 -4.281235 -3.240192 -1.534460 -1.753352 -3.899908 0.448938 -2.046949 -3.718574 1.377443
241 1.3450161128 -4.746930 1.234841 -2.935440 -2.770603 0.022431 -4.001323 -1.752851 2.439456 -0.391940 0.770651 -0.860209 1.528098 2.291988 -2.100156 0.445717
242 0.7903753739 0.509257 -1.804533 0.422895 -2.418182 -3.763501 -0.606031 -0.849364 -3.894837 -3.306894 -0.132118 -2.984365 -4.335025 -0.065064 -3.449726 4.557069
243 0.6472152328 2.779459 -1.425405 -4.892475 0.770124 -3.919740 1.268033 4.826869 -1.918094 -2.654081 -2.014489 0.099207 -4.875135 2.896943 -2.955624 -0.129521
244 0.0140433998 1.486061 4.617043 -3.615985 -1.918860 3.922150 -1.583125 -3.707685 -2.294553 -0.986044 0.479731 -3.217052 -4.210551 -1.181044 -0.482660 -4.107577
245 0.9816267885 -4.359926 2.680889 2.751029 3.103925 0.712922 4.586644 -2.897632 1.391595 2.637060 1.071083 -2.661493 1.226354 -1.694948 -4.010877 2.846088
246 1.7178716616 4.654224 1.195514 -1.368860 1.501463 -1.782662 -4.882953 1.640323 0.018881 -1.254926 -4.587150 -2.490819 1.094968 -2.578712 -0.854946 -1.057758
247 0.9300678568 -3.713537 3.970761 -4.410057 2.189799 -4.734965 3.605845 0.988492 -0.873958 -3.784675 3.326312 3.281171 4.786376 -3.461102 4.058315 -0.664509
248 0.3264588872 -3.198425 -0.638735 -4.072197 -1.542494 4.499971 -2.341165 -2.198569 -4.895657 1.121689 4.295404 1.840858 -1.447618 3.501444 -0.694308 -3.454723
249 1.2923844279 -0.379831 -4.767334 -1.573924 -0.158990 4.565001 1.893437 -2.678464 -1.460912 -1.792344 -0.380787 0.565991 3.692344 4.790320 1.837259 -1.498552
250 0.5308505096 3.400153 -3.513550 2.006972 -2.870130 2.246261 -1.921909 1.731742 -4.624160 4.744243 4.464185 -4.695660 -0.785470 0.523741 -0.025561 0.896131
251 -0.1333433290 2.406939 -4.952933 -3.358431 -4.493275 0.193606 4.167485 -4.973588 4.938697 3.835873 4.090401 -3.402484 -3.622962 -3.724219 -3.009490 3.770827
252 2.1628815425 -0.997595 -0.243882 1.257928 0.538803 1.452494 4.481692 2.264056 0.228740 -4.796633 1.294464 4.508391 2.922285 2.462372 2.100211 -3.817293
253 1.8550391679 -2.659248 -1.004770 -0.259182 -1.141035 0.466502 2.179973 0.713078 3.115821 2.032347 2.809859 0.459838 3.912686 4.014476 -1.257182 -0.413115
254 1.1765524553 0.997191 -1.901360 0.717733 3.941384 -3.469206 1.786422 4.029826 -2.382388 -2.236243 -1.474961 2.397242 -3.338034 3.221801 -1.474593 -0.778520
255 0.7024860612 -0.754486 -2.905735 -1.766894 2.717744 3.113378 3.877359 4.175512 -1.377108 4.316092 2.664402 -1.179467 -0.121738 -3.352479 4.350234 2.391452
256 0.4961823620 -1.992657 -3.020953 -2.266978 4.831975 0.926848 -4.403295 1.332035 4.390906 2.379228 0.812768 -1.345244 -1.197926 1.284482 -2.761338 3.207649
257 0.6884266030 4.023431 4.986546 -4.249242 -3.337452 4.259784 -0.554060 2.684160 -1.707984 -2.458423 2.194086 4.879388 -3.169100 1.905523 0.276826 1.935221
258 1.4317793235 3.876843 -2.647362 -3.101347 -4.775070 -1.470538 1.121960 4.497443 0.622998 -0.106936 -0.967294 -4.879965 0.322757 0.198709 2.118990 0.570856
259 0.0309805986 -0.097523 2.147786 2.787401 2.379398 -2.185644 3.995374 3.350277 -2.615515 4.979677 -2.973551 1.391719 -2.352572 0.605019 4.807904 -4.364256
260 -0.7691402537 -3.387059 -3.710308 4.858629 -1.821466 3.676957 -4.195930 3.712172 -4.414102 2.859212 4.895579 -1.484860 2.019445 4.131227 -2.203139 1.885103
261 0.5474618753 -0.157276 -3.263495 -0.575717 -3.088983 1.072090 -3.252677 0.521696 1.130837 0.942911 -2.300448 1.960550 2.475480 -2.171953 3.010103 4.080797
262 1.3722410501 0.241085 2.993564 0.927257 -3.569898 -3.000139 2.592179 2.002823 -4.228094 -3.077984 2.405011 1.063958 -1.375596 0.814911 4.560277 3.278998
263 0.7337723971 -4.283492 2.506221 4.389258 -0.403773 -3.382786 -2.918781 -1.476019 2.323593 0.626384 3.190127 1.603743 -2.254345 -0.288498 2.651548 2.202830
264 0.8884340175 -1.273506 0.448278 2.395882 1.121777 -4.421283 -3.554423 -3.598449 4.616780 0.195351 -3.653719 2.718961 -2.897070 4.678297 2.449462 -4.907195
265 0.8668086013 3.042081 4.503321 -0.342116 4.425561 2.790313 -1.076791 -4.357801 3.705905 -1.119992 0.079225 -2.233486 -0.758427 4.544536 3.822056 -1.294470
266 1.5362574149 1.772270 0.192505 0.088977 -4.875651 4.797859 0.924886 -0.078581 -3.780539 -4.223635 -4.372393 -3.787320 4.618952 -4.340796 0.899505 -2.258952
267 2.3860039655 -3.610992 0.884093 1.846765 -4.314439 3.380915 0.496984 -2.372301 -2.826443 1.356467 -2.683599 -3.541409 1.878098 -4.102592 1.482374 4.840465
268 1.1597308207 4.500362 -0.960209 1.007083 -3.698010 -1.960136 0.069318 2.995327 -1.049769 -4.713713 -0.630692 -4.466597 3.266719 -0.662345 -1.217500 -3.252511
269 1.1645960214 -1.150649 4.200982 -3.705315 0.259403 2.407837 0.145387 0.168921 -3.113626 3.242004 -3.731778 3.976862 4.490883 3.257439 -4.322718 1.115752
270 0.0856313284 -1.830307 0.713397 3.963261 -2.148435 -2.950681 3.169465 -1.060834 4.308831 -1.944300 3.670187 -0.465882 -1.739136 -4.999224 1.361861 -1.847177
271 -0.3605330973 -2.354022 -1.610751 -4.703597 -4.008014 -2.717141 -4.593252 -0.706780 3.579606 -4.005427 1.814146 3.774646 4.191933 -4.328171 3.486921 -3.055038
272 1.6071343666 -1.509888 1.892562 1.524155 2.945514 1.378758 -3.203484 -1.320800 4.080136 0.552380 -4.996653 -0.724466 2.302446 -3.035789 -4.965616 -2.894516
273 0.5609116363 2.089082 3.756791 -0.888586 2.026942 -4.978070 2.941867 -3.199820 1.546857 -4.359862 4.665505 3.534875 -2.025794 -4.608292 -3.382149 -2.754897
274 0.9921162375 -4.913202 1.702573 -2.457490 -0.628201 -0.799600 1.653179 3.622914 -3.518928 4.106458 -3.295897 -0.143159 -3.792026 -1.260502 3.396595 0.249450
275 1.3443799637 2.730425 -4.455905 3.055547 1.850191 3.593985 -0.866761 -0.304001 -0.428132 -3.444974 1.529640 0.187842 -4.044144 1.088350 -1.706147 3.557712
276 -0.0434358301 -3.665992 -1.701653 2.719905 -1.430178 4.936029 -0.916621 4.757896 -4.132951 4.394180 3.955065 -1.917021 1.276171 3.661557 -4.553129 1.124432
277 1.3514134262 -4.687468 -4.123861 1.588107 -2.192316 0.942094 -4.061336 2.942996 -4.635101 1.787377 3.233326 -4.640470 3.955831 4.120677 -2.747930 1.854065
278 0.6883937948 1.714449 -1.082643 2.471617 -0.458957 3.886746 0.758515 -0.059933 -4.554637 -4.077554 4.062606 -2.945728 3.148070 4.310147 0.783900 2.302417
279 1.0927367185 0.671857 1.044797 3.584985 -2.485672 2.785331 -4.427928 4.347855 -4.524375 -4.012972 3.213676 -4.795197 0.681211 3.523846 -1.092696 0.505494
280 0.9733353567 2.054832 -4.882739 0.608124 -1.063744 0.742840 -4.408951 -0.581201 -4.102910 -2.167747 2.857808 3.859574 1.520529 4.916599 0.698634 -0.065950
281 0.8078582924 -4.425135 2.207773 2.521737 -3.112573 1.862731 2.699657 2.385974 -3.623507 -4.990747 4.792694 -1.974844 0.934924 4.822724 3.360327 0.863509
282 -0.0602627208 -2.115062 -4.678323 3.676908 -2.448304 4.226524 -3.726438 -0.101543 -4.867858 -0.538333 4.928825 -0.465297 4.780669 2.098883 3.788297 -3.705687
283 0.1227008212 -2.788025 -4.081576 2.439322 -1.659137 4.483263 2.254116 -0.654671 -3.584158 4.479451 4.912118 -1.466282 -3.311096 4.615528 -2.710359 -4.691535
284 0.6619455380 -0.994241 2.722171 1.298131 -2.079868 1.728264 -0.496851 -1.142948 -3.430962 -1.523474 4.989568 -0.988552 4.840452 4.096728 -0.508378 2.694598
285 0.5015379063 1.250475 -1.725497 4.654201 -2.997982 4.487459 -2.802944 3.492775 -4.053163 2.955505 4.625629 -0.553778 4.014939 2.361998 2.685540 -0.436343
286 0.6336779843 -1.498451 1.389444 4.140698 -3.192790 3.901694 1.017941 -1.492184 -4.128738 1.147640 4.747640 -1.612673 4.894592 2.763657 1.383597 2.108110
287 1.3515982156 -0.763853 -4.382916 3.377153 -3.213978 3.629610 -1.385606 0.087080 -4.962809 0.928796 4.725608 -3.687692 0.031238 2.723923 -1.585026 3.087646
288 1.3982345049 -2.544070 -2.911399 3.464033 -2.095234 4.604250 -2.101133 2.952721 -3.829520 -0.233401 4.955399 0.616733 -0.787236 2.766820 -2.373269 -1.615906
289 0.2567953975 -4.337333 -3.166714 2.288266 -1.087399 3.713390 -2.000159 2.463252 -4.564058 -1.699725 4.680384 -3.769738 4.269068 3.622299 -4.890862 2.064798
290 0.4637825402 -3.699023 -4.994536 3.189812 -1.858225 3.255730 -3.466560 -4.637090 -3.564342 -3.422683 4.788345 -2.968725 4.300804 4.738894 1.516714 -1.421652
291 1.3956840304 -0.786707 -0.750099 4.639891 -0.557136 4.717496 -0.167726 0.335801 -4.790770 4.675384 4.664860 -1.007478 2.228544 4.352707 -2.537981 4.400214
292 1.3163308781 0.407392 0.036104 4.721961 -3.486768 3.580484 -4.357668 3.711596 -4.201938 3.253902 4.494427 -0.241040 1.778975 3.368392 -1.721401 4.864407
293 1.0735537320 -1.656157 -2.342923 4.691320 -3.355427 4.028174 -3.261672 -0.378695 -4.255392 2.326343 4.917819 -3.835133 2.118854 4.305831 1.507472 2.090043
294 1.0049423534 -4.606389 -4.631291 4.030540 -1.907360 4.938435 -4.741861 0.552642 -3.534007 1.634609 4.712436 0.677349 2.081925 4.611395 0.278383 1.290318
295 0.7642819015 -4.323079 -4.774115 4.579301 -3.728973 4.698286 -2.255583 0.132441 -4.595931 2.107181 4.635669 -0.192197 2.102574 3.364548 -2.952017 0.703083
296 1.2054711812 -0.502681 -0.176757 1.980704 -0.540226 3.920311 -0.389314 4.474688 -4.613233 0.692335 3.954132 -0.895389 3.732768 1.672631 -0.095049 1.658295
297 0.6115349639 -4.586919 -4.852798 3.232782 -3.398852 3.515368 -4.475381 4.401225 -3.824906 1.417147 4.976451 -0.806055 4.213628 3.308054 -3.680244 2.007395
298 0.6686199372 -1.660442 -1.260394 3.489641 -3.167971 3.396553 -4.548305 3.357933 -4.954146 -0.394043 3.824872 -0.196116 4.418823 3.240470 1.019614 2.077876
299 1.1155786243 -3.123405 -0.179229 4.950488 -3.162946 3.523679 -2.569941 3.244336 -4.867004 2.859855 4.039153 -1.269833 4.180498 -0.037558 -0.750964 2.123713
300 1.8819156830 -4.750641 -0.744227 4.167320 2.096443 3.797225 -0.704755 4.475475 -4.977053 2.863930 2.668870 -2.530521 1.852632 1.067245 0.174297 1.827867
301 0.5174874089 -1.743805 -2.669662 4.597585 -2.239942 3.057531 -3.345909 2.984745 -3.931677 -2.178676 3.478600 -1.767004 0.977528 4.242363 -0.119934 1.279924
302 0.7305934579 -1.908789 -1.555090 1.346164 -1.639515 4.168869 1.998344 3.876618 -3.671568 1.876380 4.233925 -2.278057 0.827455 3.952517 -4.296770 2.504293
303 1.7833186310 -4.273360 -3.127032 4.956499 -1.043890 4.026711 -2.583524 3.036748 -4.220502 -0.664475 3.624448 -1.241161 1.450154 4.186735 1.073778 1.695127
304 1.4430841126 -4.877554 -0.454650 1.671255 -0.684804 3.079883 -4.417115 4.537484 -4.258110 4.411981 3.514858 -2.230278 1.974810 4.164750 1.623639 1.374697
305 2.2700120510 0.912416 -0.515650 0.499182 -0.814351 4.293605 1.259205 3.293608 -4.092707 3.037429 3.246699 -0.120262 3.464647 4.099033 -0.444647 1.721594
306 0.7417957268 -3.410034 -4.595966 4.714298 -0.614595 3.400696 -4.233022 4.447868 -3.176221 1.580653 4.871582 -1.193104 1.483242 4.953902 -2.338675 1.871000
307 1.1468421717 -3.533772 -4.922119 3.072573 -1.909168 3.913384 -1.270914 4.996743 -2.147538 2.374827 4.666988 -1.001932 1.707204 4.268456 -1.826885 2.059633
308 1.1029115600 -3.301228 -3.386453 3.330343 -1.083036 3.820835 -4.376118 4.850578 -2.741867 1.418638 4.628341 -1.652726 1.463130 4.715080 -2.335206 1.743449
309 1.0309150661 -3.527750 -4.392304 3.336486 -3.119416 3.997500 -2.389576 2.858841 -3.548021 4.201650 4.751258 -1.179841 1.361636 4.486678 -2.567725 2.190642
310 1.4385124994 -3.601187 -3.299855 4.963727 -2.097098 3.142545 -3.783649 4.113006 -4.010984 2.935778 4.954241 -0.806830 1.976558 4.298061 -2.367997 1.761103
311 0.9416989449 -4.021267 -4.235341 3.882735 -0.932991 3.948948 -4.469638 3.612402 -3.926164 4.814483 4.695931 -1.636235 0.247860 3.519574 -1.894311 3.002975
312 0.3499008277 -2.674499 -3.647045 4.177254 -1.637128 3.228113 -4.744557 3.443708 -4.691608 2.665762 4.386532 -1.140840 2.495410 3.444795 -1.707850 0.615638
313 1.0553194006 -2.807453 -3.986196 3.677132 -2.158420 4.072755 -4.071679 3.660609 -4.934487 2.406006 4.817880 -1.458438 0.760085 3.532115 -1.549013 1.355474
314 1.8246131195 -4.204411 -3.467123 4.783349 -1.226042 3.155292 -4.010885 3.254682 -3.938875 4.781454 4.733888 -1.262140 1.711006 4.790138 -2.032818 2.500639
315 0.6992559073 -2.811753 -3.476038 3.946491 -2.184955 3.133323 -4.616754 3.875453 -3.903349 4.358557 4.787470 -1.364404 2.150584 4.459105 -1.823881 0.423698
316 0.6917337352 -3.157641 -3.016822 4.541771 -0.422607 3.202894 -4.905624 4.594405 -4.028737 3.137351 3.681591 -1.184060 2.014973 3.337855 -2.314034 2.594299
317 0.8312270436 -2.893002 -3.217011 4.086519 -1.925493 3.038660 -3.599011 4.268537 -4.954996 1.813674 4.080781 -2.085604 1.749104 3.973739 -2.950613 2.032739
318 1.2532665714 -2.591009 -4.287624 4.827678 -0.817533 3.621290 -3.785894 4.386774 -4.012656 3.932086 4.040852 -1.458885 1.006561 4.768731 -2.476343 3.000870
319 0.4578472417 -2.547886 -3.079278 4.441803 -2.122455 4.060666 -4.126076 3.564113 -4.649133 3.736352 3.245470 -1.319418 1.209582 3.621901 -2.475580 0.519905
320 1.6497205292 -3.259659 -4.066642 4.522651 -1.922689 3.701171 -4.824400 3.587406 -4.014809 2.789062 3.128939 -1.688997 2.188388 3.098137 -1.427175 0.352871
321 0.4181777235 -3.173214 -4.056172 4.912933 -1.251464 3.542645 -4.379042 3.975771 -4.697078 2.800845 4.771150 -1.221636 2.193506 4.166449 -2.199899 2.146552
322 -0.2263988674 -3.118442 -3.323996 4.706336 -2.256488 3.861722 -4.627205 3.595835 -4.748786 2.843018 4.816931 -1.292343 1.971550 4.095811 -2.512622 1.282067
323 0.3136468462 -3.678843 -3.977304 4.291093 -1.141430 3.667770 -4.509113 3.744550 -4.506234 2.630693 4.937206 -1.355894 1.542023 4.157503 -2.460016 1.424855
324 -0.0804883004 -3.481318 -3.603629 4.953200 -2.015656 3.975990 -4.613976 4.051996 -4.729025 2.428553 4.602921 -1.568142 2.360559 4.271692 -2.175272 1.422313
325 0.0425928921 -3.687614 -3.348972 4.315361 -1.320627 3.747035 -4.456966 3.381119 -4.762408 3.154189 4.634643 -1.635003 2.321752 4.563201 -2.670804 2.145358
326 0.3686118668 -3.208046 -4.124303 4.787495 -1.960836 3.964348 -4.502444 3.692370 -4.732798 2.748722 4.588889 -1.850345 2.187383 4.585661 -1.723947 2.423793
327 0.7592204660 -3.065928 -3.885875 4.748158 -2.050570 3.484824 -4.147778 3.431635 -4.465503 3.157749 4.783834 -1.702034 2.588429 4.395268 -2.197386 1.710455
328 -0.2148364771 -2.907405 -3.260846 4.558604 -1.765078 3.782293 -4.115147 3.924462 -4.795443 3.358161 4.956145 -1.197996 2.023540 3.879384 -2.352944 1.283508
329 -0.1902563007 -3.783834 -3.856379 4.696859 -1.625937 4.014456 -4.477725 3.612907 -4.675066 2.553769 4.889203 -1.572036 2.352437 3.902065 -2.769307 1.691466
330 -0.3880901644 -2.873707 -3.620427 4.748612 -1.779367 3.951562 -4.226561 3.748548 -4.324070 3.295973 4.820534 -1.491694 2.304708 4.096840 -2.449020 2.469105
331 0.3608046409 -3.626451 -3.749551 4.883045 -1.831961 3.805915 -3.730132 3.439239 -4.079294 2.786641 4.859574 -1.377933 1.795768 4.022532 -1.720075 1.509604
332 -0.6620767995 -2.989821 -3.676479 4.620892 -1.688739 3.569541 -4.499536 3.547125 -4.523869 3.184743 4.912363 -1.671336 1.831646 3.849858 -2.492438 2.531786
333 0.1780122973 -3.901163 -3.987817 4.623627 -1.680660 3.355543 -4.474466 3.816169 -4.659201 2.714209 4.836870 -1.552912 1.900166 4.246073 -2.392471 0.915526
334 0.0491889713 -3.893942 -3.626630 4.514711 -1.953613 3.721966 -4.156194 3.360689 -4.880438 2.436405 4.705216 -1.633025 1.993570 4.218730 -1.794668 2.580819
335 0.0695722935 -4.003262 -3.726276 4.751535 -1.716543 4.033958 -4.248019 3.999866 -4.444032 2.229289 4.537162 -1.188915 1.787478 4.091727 -1.803784 2.527278
336 -0.5252107711 -3.732462 -3.683106 4.560675 -1.890112 3.840363 -4.221320 3.865677 -4.450232 2.805299 4.991266 -1.317833 1.895246 4.141772 -2.197868 2.254395
337 0.0156983995 -3.050279 -3.561916 4.785475 -1.976880 3.721621 -4.247031 3.929943 -4.590279 2.898559 4.957249 -1.651809 2.105998 3.934365 -2.387435 1.832952
338 0.0249508531 -3.048843 -3.826759 4.943974 -1.692934 3.796908 -4.183780 3.548019 -4.417505 3.010123 4.932107 -1.569117 1.954139 3.954410 -2.112303 1.779712
339 -1.0508468251 -2.981768 -3.691742 4.569713 -1.939011 3.798012 -4.375095 3.583847 -4.367199 3.180894 4.959327 -1.476900 1.935482 4.100175 -2.236818 1.556094
340 -0.4558347314 -3.090285 -3.617695 4.608848 -1.770842 3.853021 -4.315070 3.724764 -4.484760 2.861922 4.875384 -1.376252 2.000550 4.146980 -2.349945 1.686710
341 0.1311699536 -2.966132 -3.645092 4.606746 -2.126569 3.904183 -4.511714 3.514107 -4.167549 3.317452 4.953589 -1.358576 1.827213 3.904977 -2.155827 2.236060
342 -0.0714512255 -3.100967 -3.828980 4.504703 -1.939563 3.889137 -4.544859 3.606965 -4.366120 3.151047 4.689882 -1.498390 1.723401 4.114080 -2.146417 -0.177941
343 -0.4929078401 -3.105554 -3.494285 4.673133 -2.069392 3.980153 -4.408435 3.661200 -4.558073 3.113823 4.912533 -1.613214 1.729281 4.052353 -2.220320 3.386968
344 -0.5032711920 -2.902643 -3.486835 4.449982 -1.816774 3.738903 -4.546737 3.768577 -4.344346 3.185703 4.974311 -1.504622 1.732467 4.027100 -2.190678 3.011946
345 -0.4201869360 -2.855350 -3.559942 4.763671 -1.881883 3.891534 -4.516075 3.401289 -4.338817 3.272511 4.884293 -1.499510 1.899470 3.990084 -2.260133 1.779497
346 -0.0224047486 -3.177907 -3.596407 4.473133 -1.852883 3.615859 -4.383155 3.373075 -4.497964 3.417622 4.844569 -1.517572 1.753458 4.073309 -2.439160 1.754116
347 -0.1849224749 -3.015862 -3.781230 4.361146 -1.889724 3.670453 -4.179339 3.467625 -4.487725 3.216777 4.827697 -1.542687 1.834576 4.106240 -2.478417 2.015767
348 0.3725472492 -2.879890 -3.888301 4.438856 -1.817388 3.950073 -4.443024 3.454581 -4.538302 3.061739 4.686127 -1.507572 1.798675 4.035689 -2.345326 1.820049
349 0.0522329079 -3.115603 -3.851356 4.586476 -1.922603 3.714941 -4.566848 3.562957 -4.536321 3.398074 4.903002 -1.549016 2.062872 3.925327 -2.409877 1.694018
350 0.2756445780 -3.069812 -3.741203 4.516118 -1.881780 3.545863 -4.315022 3.381991 -4.291430 3.076707 4.879468 -1.357674 2.016910 3.929314 -2.223556 1.719299
351 0.1042922423 -2.903602 -3.548622 4.287557 -1.823284 3.865152 -4.465354 3.453554 -4.211443 3.049318 4.931464 -1.357925 1.842298 4.242089 -2.128254 1.347144
352 -0.4413890398 -3.065190 -3.586891 4.767041 -1.819084 3.908726 -4.675266 3.731953 -4.369151 3.173977 4.947390 -1.623929 1.976589 4.004055 -2.049927 1.603774
353 -0.5669562637 -2.910890 -3.513163 4.415776 -1.974258 4.042839 -4.559272 3.673451 -4.318692 3.358730 4.957431 -1.522414 2.037201 4.103294 -2.237170 1.547905
354 0.1926584940 -3.171788 -3.849232 4.392226 -1.766414 4.040288 -4.447688 3.741372 -4.301002 3.145379 4.941622 -1.624973 2.165691 4.057289 -2.286006 1.758540
355 0.6325232874 -3.173908 -3.461352 4.757955 -2.085195 3.906076 -4.602201 3.673137 -4.282328 2.887369 4.808627 -1.443454 1.835616 4.238343 -2.442637 1.354772
356 -0.1706518329 -3.108751 -3.687764 4.669091 -2.028053 3.886340 -4.244476 3.549775 -4.380985 3.271872 4.986055 -1.437832 1.900280 4.139304 -2.109142 1.706499
357 -0.3018611213 -2.907240 -3.751200 4.568233 -1.904563 3.770524 -4.389771 3.610026 -4.364965 3.168702 4.871751 -1.370814 1.940477 4.174870 -2.116218 1.674085
358 -0.3552080273 -2.856770 -3.595244 4.629882 -2.040254 3.819378 -4.275240 3.659233 -4.332448 3.213570 4.932668 -1.542652 1.935111 4.140965 -2.341359 1.496510
359 -0.6860905635 -3.033541 -3.607856 4.549270 -2.007704 3.937528 -4.445691 3.585392 -4.402460 3.181210 4.978915 -1.490659 1.905831 4.164449 -2.148399 1.665057
360 -0.3016776996 -3.058601 -3.619032 4.492614 -1.998763 3.830892 -4.390342 3.667395 -4.357173 3.250829 4.971981 -1.347424 1.938375 4.026055 -2.166937 1.484829
361 -0.5687835576 -2.960862 -3.591559 4.450253 -1.876869 3.819694 -4.348731 3.548525 -4.310443 3.190748 4.974757 -1.566076 2.074229 4.088012 -2.177754 1.729962
362 -0.3634136913 -2.954496 -3.574087 4.486759 -1.855567 3.913866 -4.480532 3.658942 -4.295645 3.128901 4.893601 -1.399625 1.865353 4.054025 -2.240827 1.658039
363 -0.3060917354 -3.000051 -3.693865 4.510680 -1.863007 3.874655 -4.383838 3.558885 -4.431524 3.195717 4.983016 -1.563459 1.872709 4.033776 -2.369309 1.463240
364 -0.4949773977 -3.045094 -3.581972 4.615298 -1.819971 3.899684 -4.366315 3.585684 -4.473259 3.065461 4.971910 -1.597786 1.830193 4.029309 -2.110530 1.520320
365 -0.7980326358 -2.971261 -3.640491 4.662842 -1.820132 3.958633 -4.473792 3.638398 -4.458009 3.204600 4.992768 -1.495128 1.809917 4.188229 -2.224647 1.540747
366 -0.7744370070 -3.034931 -3.614205 4.723042 -1.806920 3.914075 -4.425549 3.654808 -4.447922 3.226374 4.863904 -1.411296 1.907105 4.124381 -2.301365 1.689517
367 -0.6775339025 -3.021427 -3.700191 4.490541 -1.976049 3.825196 -4.398081 3.609302 -4.396290 3.160889 4.996437 -1.514415 1.980287 4.081472 -2.210903 1.749132
368 -0.8260028061 -2.997680 -3.635994 4.628648 -1.836932 3.633912 -4.460481 3.653856 -4.355287 3.189488 4.989503 -1.435745 1.955724 4.183660 -2.179541 1.614039
369 -0.8362617900 -3.049354 -3.579577 4.618169 -1.811589 3.747288 -4.401767 3.578752 -4.351922 3.139305 4.978782 -1.401083 1.921417 4.122465 -2.184555 1.666845
370 -0.8930539601 -2.934768 -3.629798 4.552802 -1.871370 3.701727 -4.487206 3.630953 -4.446628 3.098692 4.995414 -1.401994 1.935764 4.166864 -2.248004 1.610241
371 -0.9128472875 -3.027044 -3.648028 4.497919 -1.952720 3.727193 -4.373855 3.624173 -4.417707 3.132581 4.919281 -1.435303 2.003051 4.126941 -2.261738 1.464471
372 -0.7468190339 -3.029495 -3.686211 4.540309 -1.933917 3.736949 -4.416618 3.624901 -4.314982 3.184282 4.969970 -1.442777 1.898500 4.110068 -2.269323 1.577383
373 -1.1002667960 -2.937752 -3.665765 4.646033 -1.968839 3.757776 -4.368613 3.550217 -4.379972 3.241286 4.941818 -1.429328 2.002286 4.116306 -2.217421 1.572548
374 -1.1616870302 -2.921412 -3.647766 4.655434 -1.869261 3.719278 -4.357419 3.576511 -4.420597 3.232599 4.999828 -1.466456 1.954613 4.146872 -2.255722 1.602448
375 -1.0947666654 -3.012386 -3.671633 4.592637 -1.947087 3.785859 -4.380682 3.557305 -4.368090 3.184668 4.994773 -1.439098 2.001715 4.136813 -2.224556 1.579617
376 -1.0978875963 -2.851856 -3.703254 4.742481 -1.797060 3.655197 -4.425043 3.603391 -4.443363 3.202032 4.987044 -1.470066 1.958714 4.189953 -2.238903 1.593416
377 -1.3136792651 -2.962131 -3.657142 4.722012 -1.810511 3.682413 -4.393526 3.616057 -4.485958 3.232876 4.935286 -1.513464 1.956401 4.164196 -2.233039 1.631905
378 -1.1741643543 -2.943973 -3.615106 4.672588 -1.832110 3.660699 -4.362827 3.596748 -4.444527 3.255785 4.939649 -1.445227 1.963630 4.183069 -2.249292 1.539076
379 -1.2410169598 -2.969763 -3.604805 4.629303 -1.863678 3.791346 -4.361069 3.538914 -4.438489 3.268646 4.979420 -1.511845 1.972851 4.192881 -2.274209 1.592490
380 -1.2182828127 -2.950759 -3.621246 4.653199 -1.793504 3.771919 -4.291271 3.567640 -4.439294 3.254691 4.935580 -1.436377 1.968882 4.165905 -2.244662 1.520872
381 -1.4732838192 -2.904475 -3.608537 4.787355 -1.876606 3.737513 -4.379352 3.583725 -4.532263 3.237065 4.964712 -1.487311 1.969781 4.142885 -2.235941 1.598863
382 -1.0686590754 -2.967664 -3.686414 4.691375 -1.807017 3.676787 -4.349534 3.597421 -4.488535 3.173188 4.868124 -1.555538 1.906494 4.209343 -2.249623 1.581982
383 -1.3094653204 -3.028556 -3.683659 4.730235 -1.830966 3.738411 -4.364208 3.579889 -4.535789 3.275714 4.959196 -1.567774 1.959614 4.183392 -2.248890 1.573262
384 -1.2768999089 -2.974960 -3.634055 4.699486 -1.792774 3.635642 -4.333163 3.637035 -4.491501 3.169466 4.962052 -1.533833 1.976950 4.165183 -2.224485 1.613693
385 -1.2717288737 -2.951337 -3.691988 4.797008 -1.760219 3.700813 -4.400036 3.590509 -4.551327 3.188387 4.934144 -1.518658 1.963164 4.172936 -2.250419 1.658285
386 -1.2043337616 -2.867415 -3.630532 4.720266 -1.781274 3.705176 -4.266065 3.506577 -4.640519 3.178607 4.951366 -1.559058 2.007868 4.202524 -2.212660 1.586407
387 -1.3592141851 -3.044946 -3.562984 4.970705 -1.967914 3.870116 -4.384576 3.556508 -4.532745 3.194770 4.978495 -1.424002 1.936321 4.154306 -2.239620 1.598607
388 -0.6296712255 -3.020587 -3.591875 4.951663 -1.919717 3.612605 -4.514225 3.670979 -4.459199 3.188379 4.932557 -1.584911 1.949136 4.219818 -2.255835 1.706862
389 -1.4669841473 -2.939055 -3.553350 4.615529 -1.720626 3.807072 -4.445665 3.542145 -4.612800 3.295080 4.959150 -1.485504 2.009876 4.153034 -2.248791 1.510153
390 -1.0688206899 -2.981655 -3.502476 4.809455 -1.785147 3.652891 -4.279875 3.658566 -4.636689 3.322185 4.838209 -1.546570 2.046238 4.190694 -2.250267 1.539470
391 -0.9222700786 -2.754245 -3.575696 4.870037 -1.756747 3.733248 -4.334373 3.639227 -4.673235 3.301693 4.946276 -1.444931 1.881647 4.169602 -2.214034 1.520029
392 -1.3236569161 -2.958892 -3.539677 4.865453 -1.788584 3.834343 -4.383399 3.538052 -4.547406 3.254774 4.997555 -1.445373 2.003915 4.227388 -2.265350 1.609431
393 -0.7872085436 -2.881882 -3.693938 4.774761 -2.044923 3.789642 -4.485872 3.582088 -4.515366 3.321357 4.952597 -1.443017 2.066514 4.144368 -2.203339 1.670820
394 -0.9802830524 -2.944599 -3.557392 4.879295 -1.738980 3.624012 -4.282057 3.650117 -4.663547 3.146119 4.969043 -1.485356 1.923506 4.074869 -2.241867 1.496740
395 -1.0271338089 -2.945958 -3.511366 4.677346 -1.796056 3.774524 -4.279789 3.600804 -4.605342 3.223118 4.927238 -1.416164 2.077505 4.053711 -2.259351 1.668838
396 -0.7959787124 -3.029038 -3.571755 4.813611 -1.860634 3.850845 -4.301792 3.643462 -4.660375 3.367594 4.972219 -1.398882 1.884125 4.127948 -2.248944 1.529770
397 -0.9712479926 -2.998053 -3.547868 4.728099 -1.954672 3.705134 -4.409621 3.656718 -4.492313 3.335178 4.971824 -1.489793 1.894601 4.095911 -2.230650 1.654035
398 -1.0927931678 -2.798726 -3.514610 4.901565 -1.922730 3.792027 -4.327690 3.593807 -4.567813 3.194514 4.972647 -1.522200 1.965261 4.180572 -2.268839 1.446358
399 -0.6850467177 -2.981718 -3.636756 4.652397 -1.970367 3.712308 -4.327002 3.525129 -4.636537 3.166405 4.930060 -1.562521 1.894879 4.143279 -2.273361 1.741145
400 -0.9655076163 -3.058058 -3.687830 4.703374 -1.786359 3.752157 -4.483985 3.528990 -4.493659 3.278076 4.815253 -1.435841 2.038696 4.208854 -2.258845 1.471779
401 -1.2214024994 -2.903925 -3.663490 4.799836 -1.925672 3.792369 -4.362228 3.585315 -4.511483 3.217559 4.955316 -1.480161 1.935575 4.187094 -2.222512 1.534899
402 -1.5022775425 -2.920539 -3.617499 4.822372 -1.860432 3.766643 -4.398593 3.544989 -4.493944 3.196786 4.991148 -1.492487 1.999523 4.101253 -2.246165 1.581299
403 -1.4003015534 -2.954595 -3.632667 4.824780 -1.818429 3.671857 -4.333640 3.528557 -4.507973 3.179647 4.994993 -1.516250 1.974564 4.144177 -2.251103 1.608299
404 -1.5381271333 -2.892126 -3.544494 4.685553 -1.883255 3.745785 -4.419094 3.540546 -4.595225 3.195842 4.933377 -1.436551 2.006794 4.104719 -2.229825 1.562728
405 -1.3883311755 -2.959424 -3.626111 4.743606 -1.849232 3.673604 -4.358061 3.612419 -4.557487 3.186580 4.957319 -1.522380 1.948045 4.134164 -2.214201 1.542021
406 -1.7311661174 -2.902414 -3.546717 4.750056 -1.800726 3.782628 -4.437979 3.482666 -4.567170 3.186581 4.898235 -1.471903 2.018613 4.142385 -2.212443 1.577343
407 -1.3334125977 -2.926540 -3.584417 4.770135 -1.827098 3.769303 -4.399327 3.546808 -4.616268 3.185109 4.970841 -1.410720 2.031767 4.144584 -2.234527 1.516079
408 -1.4654637679 -2.872738 -3.585997 4.741986 -1.914318 3.793107 -4.460566 3.484223 -4.637848 3.221325 4.894291 -1.468894 1.981971 4.149333 -2.224658 1.538337
409 -1.3202489633 -2.940342 -3.524285 4.765797 -1.875528 3.729503 -4.470536 3.597025 -4.599449 3.136437 4.916972 -1.402915 2.026389 4.068691 -2.237943 1.552470
410 -1.4474576396 -2.969567 -3.491528 4.767929 -1.956373 3.772251 -4.440308 3.491702 -4.556467 3.132697 4.995467 -1.476199 2.058721 4.072531 -2.205396 1.581869
411 -1.6291540690 -2.831873 -3.583770 4.822256 -1.734506 3.783376 -4.444963 3.470080 -4.527525 3.218422 4.905852 -1.517504 2.043296 4.108327 -2.232866 1.619279
412 -1.7620213476 -2.947314 -3.525098 4.660526 -1.764679 3.831208 -4.388901 3.437963 -4.576864 3.172425 4.879461 -1.516578 2.030660 4.112283 -2.217959 1.569168
413 -1.5759385013 -2.912046 -3.487250 4.843438 -1.784364 3.769425 -4.460488 3.486342 -4.574375 3.119781 4.975157 -1.437980 2.056382 4.100019 -2.217099 1.575598
414 -1.6633393902 -2.908727 -3.523695 4.693826 -1.744781 3.780595 -4.409786 3.522157 -4.555078 3.249472 4.845485 -1.471294 2.045652 4.126722 -2.204006 1.571949
415 -1.6854132004 -2.873924 -3.501035 4.793370 -1.740020 3.733841 -4.418702 3.433925 -4.550181 3.188802 4.857930 -1.448066 2.034064 4.111380 -2.197713 1.552904
416 -1.6486179472 -3.105040 -3.540058 4.791928 -1.580257 3.727918 -4.481934 3.376406 -4.579847 3.257414 4.910442 -1.584910 2.003740 4.113082 -2.240372 1.551720
417 -0.5354884692 -2.860035 -3.645457 4.684832 -1.784627 3.789377 -4.310928 3.355199 -4.485595 3.084584 4.707210 -1.602256 2.111047 4.093710 -2.236492 1.493342
418 -1.4700533454 -2.825443 -3.541685 4.712711 -1.791059 3.898396 -4.357565 3.436261 -4.561937 3.160714 4.962751 -1.488895 2.063401 4.126572 -2.202160 1.625221
419 -1.5820961733 -3.033420 -3.459745 4.853322 -1.738160 3.772943 -4.476997 3.457259 -4.499587 3.310266 4.917028 -1.601004 1.992672 4.074121 -2.165846 1.571778
420 -1.2907111730 -2.991451 -3.494292 4.713272 -1.638519 3.838336 -4.434025 3.306522 -4.469555 3.199237 4.980967 -1.561376 2.070837 4.152899 -2.186159 1.657583
421 -1.0372147610 -2.967432 -3.575652 4.784068 -1.832286 3.730241 -4.474834 3.515229 -4.676431 3.086094 4.841332 -1.602913 1.961058 4.077538 -2.166116 1.512231
422 -1.4503567954 -2.943973 -3.421567 4.736361 -1.764955 3.791306 -4.480969 3.395042 -4.525177 3.093605 4.910131 -1.455745 2.007266 4.070038 -2.225699 1.459010
423 -0.9918985598 -3.054606 -3.601272 4.754340 -1.876806 3.894223 -4.449885 3.355162 -4.631427 3.267814 4.998884 -1.596050 2.079571 4.108112 -2.167671 1.488055
424 -1.3973665235 -2.825892 -3.441526 4.671366 -1.782919 3.838210 -4.467914 3.491610 -4.469903 3.211875 4.806972 -1.529336 2.141038 4.127862 -2.203224 1.580539
425 -1.4769839180 -3.019891 -3.428322 4.843492 -1.567886 3.677893 -4.439097 3.393764 -4.611761 3.213222 4.955010 -1.527595 2.074914 4.149147 -2.166525 1.507196
426 -1.3153639247 -2.789187 -3.403375 4.877569 -1.560425 3.977741 -4.435020 3.431137 -4.514661 3.280607 4.924433 -1.580856 2.063919 4.094102 -2.244407 1.497503
427 -1.3122433770 -2.940444 -3.629577 4.648889 -1.651772 3.751938 -4.409994 3.399021 -4.516582 3.231509 4.949388 -1.449830 1.969092 4.068891 -2.239559 1.456356
428 -1.7445093905 -3.101703 -3.495283 4.874077 -1.659051 3.864502 -4.440192 3.390365 -4.607401 3.220588 4.896304 -1.567922 1.981380 4.140686 -2.170090 1.578975
429 -1.5247429371 -2.981266 -3.630546 4.760722 -1.605383 3.828112 -4.448023 3.380247 -4.588080 3.141229 4.894903 -1.518548 1.950928 4.158485 -2.261621 1.605828
430 -1.3687861203 -3.030798 -3.437876 4.589447 -1.843891 3.798592 -4.430339 3.470145 -4.652975 3.291441 4.907271 -1.474341 1.954732 4.165120 -2.185633 1.677087
431 -1.7573892236 -2.941298 -3.466732 4.633259 -1.744627 3.846893 -4.437776 3.451754 -4.601046 3.131950 4.856280 -1.510243 1.999228 4.111618 -2.230245 1.567521
432 -1.6803640491 -2.923774 -3.575429 4.768979 -1.760181 3.789274 -4.417053 3.459363 -4.545762 3.234323 4.933479 -1.495313 2.010504 4.096768 -2.219641 1.623058
433 -1.7443251875 -3.023898 -3.460588 4.719089 -1.702875 3.799830 -4.416705 3.486923 -4.600517 3.220465 4.895059 -1.506312 2.054341 4.085802 -2.240642 1.529835
434 -1.6260659276 -2.888277 -3.531531 4.705672 -1.690839 3.876747 -4.428346 3.477281 -4.573560 3.235291 4.890984 -1.487487 2.027581 4.138316 -2.194171 1.514771
435 -1.8155365672 -2.994070 -3.492989 4.754232 -1.660015 3.838377 -4.444736 3.430698 -4.626755 3.211495 4.910955 -1.519219 2.007669 4.108128 -2.213006 1.569345
436 -1.7593592080 -2.956277 -3.436472 4.688867 -1.647936 3.768840 -4.407489 3.480000 -4.645912 3.152564 4.923734 -1.489767 2.035619 4.113227 -2.229491 1.567110
437 -1.7361022742 -2.984888 -3.501513 4.866312 -1.591261 3.770695 -4.501315 3.444992 -4.601336 3.153204 4.870705 -1.496976 2.018233 4.098128 -2.200060 1.590430
438 -1.5208958174 -3.051374 -3.467371 4.810394 -1.568124 3.908707 -4.458690 3.420485 -4.676434 3.190553 4.977356 -1.503286 2.056116 4.087340 -2.227852 1.610663
439 -1.8221698788 -3.057527 -3.508565 4.742840 -1.625013 3.771806 -4.432874 3.483120 -4.592756 3.233704 4.892432 -1.536336 1.999982 4.116832 -2.196041 1.558519
440 -1.5627532519 -2.894823 -3.428160 4.843066 -1.728071 3.766912 -4.410633 3.378800 -4.668558 3.236155 4.967693 -1.534252 2.045258 4.084019 -2.219306 1.535506
441 -1.8384181000 -2.947909 -3.447685 4.817883 -1.709507 3.779702 -4.457470 3.472052 -4.553908 3.199398 4.880521 -1.508089 2.024186 4.126150 -2.198922 1.535933
442 -1.7279807653 -3.078405 -3.475726 4.648636 -1.707240 3.793062 -4.403323 3.485991 -4.549380 3.263668 4.898420 -1.509522 2.011517 4.078055 -2.181697 1.518039
443 -1.8029495001 -3.139110 -3.470411 4.855246 -1.627121 3.761045 -4.385448 3.508181 -4.547790 3.200436 4.946497 -1.519722 1.957941 4.082429 -2.226404 1.529270
444 -1.7878573864 -3.057222 -3.495194 4.724250 -1.607813 3.796458 -4.491448 3.430720 -4.585986 3.211752 4.916867 -1.514354 1.951274 4.104309 -2.199326 1.547661
445 -1.6000798555 -3.013196 -3.539979 4.757937 -1.613044 3.708049 -4.489837 3.524873 -4.603506 3.174361 4.937317 -1.525252 2.051341 4.140442 -2.182003 1.557470
446 -1.3755887624 -2.994599 -3.472818 4.632587 -1.544833 3.844375 -4.392509 3.414045 -4.474860 3.153264 4.813067 -1.550376 1.923904 4.170981 -2.152031 1.585636
447 -1.3927031970 -3.128624 -3.322523 4.708247 -1.611376 3.881974 -4.525273 3.403732 -4.561066 3.297468 4.867581 -1.565274 2.114626 4.118120 -2.129388 1.526555
448 -1.6503356875 -3.038049 -3.333080 4.923995 -1.690765 3.777495 -4.469579 3.376292 -4.642259 3.118771 4.871841 -1.499545 1.929845 4.156518 -2.172297 1.612528
449 -1.2427720897 -3.027198 -3.393998 4.943610 -1.514397 3.886092 -4.337902 3.522137 -4.600919 3.252694 4.821564 -1.487779 2.085065 4.067100 -2.141800 1.503171
450 -1.6424349569 -3.008031 -3.320050 4.973862 -1.541205 3.784069 -4.340257 3.456109 -4.627999 3.307553 4.840372 -1.439165 1.972797 4.095254 -2.204691 1.584730
