evaluations raw_y x0 x1 x2 x3 x4
1 3.6230001062 -4.013454 4.368770 1.359654 2.597555 -3.616268
2 3.5170097702 -0.102490 -4.392891 3.627547 -0.552217 -2.871012
3 5.0087635000 -3.392707 -3.421309 -2.899685 -3.570290 -1.828983
4 4.6961358400 -4.779630 -0.907529 -4.440172 -3.686464 4.284329
5 3.7356235085 -4.137529 1.940639 3.373381 1.518227 0.154845
6 3.6515430547 2.365174 -2.856124 3.041322 2.608252 -4.108881
7 3.4842367642 -4.547341 -4.000686 4.661994 2.006458 -4.277860
8 3.5128951258 -1.066611 -3.882364 3.999106 -4.988356 1.388200
9 3.7580384333 0.869908 -4.079790 -4.903141 4.603102 4.703980
10 3.7690203226 4.536355 2.915400 -1.234587 -1.747740 2.327649
11 3.9090081082 4.868641 -1.314541 4.285023 2.186866 0.230774
12 3.4013908973 -4.966156 -0.519673 1.177923 -0.668135 -2.529073
13 3.6773280806 -2.103712 2.799357 -4.165186 4.260738 0.602850
14 3.5697320870 2.050188 0.355936 -2.324991 -0.816908 -0.937117
15 3.7246602643 4.457256 2.607786 -3.206100 2.985938 -3.821406
16 3.8404649491 -0.518243 0.022588 2.314645 -0.100635 3.557269
17 3.8112260141 2.216929 -4.570618 0.243099 2.327793 3.705982
18 4.3578049800 -3.715403 3.037248 -2.633809 -3.240511 -0.777953
19 3.6778515782 0.324283 3.604132 2.485850 -3.302723 -0.373223
20 3.7539341914 4.857167 -1.199530 -3.588493 2.350859 3.275820
21 3.6506048371 -3.226937 -0.736854 0.847745 1.314784 2.759493
22 4.7412310000 1.348557 -4.747220 -3.784825 -2.049866 -2.377441
23 3.6292692557 1.866602 -2.558322 2.900202 -2.492294 1.248205
24 3.8310935213 3.550946 0.808450 3.789358 -2.298850 2.993659
25 3.7630122048 0.117463 3.397137 -1.510610 3.898481 -0.725199
26 4.0856433178 3.795864 2.350927 4.545418 3.148046 2.412856
27 3.4472636986 -1.544699 -4.981020 -0.236715 3.011257 -3.781005
28 3.7751079802 -2.526819 0.122970 4.130459 4.433058 0.012561
29 3.6080889696 2.899336 -3.053045 -4.237668 0.692738 2.135019
30 3.6760317523 4.696346 4.548246 0.694227 -4.173508 -3.223091
31 4.0362709882 3.415267 0.991292 1.580844 3.336991 3.999065
32 3.4964247110 -0.410749 4.630238 -1.959310 -1.248913 -2.058682
33 3.5570235110 2.474503 0.492542 -4.489089 0.989775 -3.031589
34 3.8751608736 1.577586 -0.614996 4.952413 1.659987 -0.121307
35 4.9916712800 -2.285546 -2.053967 -3.906918 -2.347705 -2.213115
36 3.5686693843 -1.870097 -0.068471 -0.551796 1.749224 -0.501471
37 4.2644937200 3.328983 -0.355252 -3.077117 -3.472073 -1.055282
38 3.7431829382 -4.364975 3.150681 2.408209 -1.034621 2.004183
39 3.5580387629 -1.985045 -4.700070 0.503716 0.511211 2.638324
40 3.7620844934 0.642895 1.257399 2.622705 -1.890654 1.920271
41 4.5624978400 -1.238097 -3.367260 -3.942138 0.329813 -1.306907
42 3.6497020781 1.452273 -3.181856 1.841532 -2.889034 4.542030
43 3.4668638323 -0.235262 4.949494 -0.190289 -2.109902 -3.961106
44 3.4254986227 -3.483371 1.473874 0.117092 -3.800846 -1.208374
45 3.6577738426 3.112153 -1.798484 1.964390 -0.031084 -1.641442
46 3.6519416179 3.899830 0.241937 -1.347758 -4.844460 4.829953
47 3.7296036749 0.519862 4.185755 -2.454205 0.426801 1.563183
48 3.6000882432 -3.018236 3.801244 -0.834093 4.124369 -4.856105
49 3.6465889478 4.317388 -1.490139 -4.639282 -0.270472 4.910560
50 4.8091623600 -2.790661 -1.648260 -1.022668 -2.843513 -4.883126
51 3.6927988301 3.173938 -2.944958 4.740290 -4.261611 1.441762
52 4.6927335000 -1.396268 -2.409132 -1.634259 -1.599605 -2.766382
53 3.9946483411 2.689539 2.184005 3.508656 4.888184 -0.236679
54 3.7924584480 0.447943 4.333324 -0.954383 3.965887 -2.164151
55 3.7315990829 -0.916595 -2.682361 4.406852 2.783204 0.531112
56 3.7895952902 1.761561 -1.869712 -0.404177 1.833998 3.075893
57 3.6587799878 -1.466820 1.101282 3.821236 -0.418174 -1.780740
58 3.6844594848 -4.235343 1.604503 0.389920 1.000431 2.497738
59 3.6978343085 0.024609 -3.657256 -1.903649 3.466417 4.144734
60 3.5075717626 -2.986654 -3.796183 2.783578 3.637102 -4.464786
61 3.9574993306 4.159585 -0.303367 1.770792 0.819470 3.207101
62 3.9071604960 1.002291 2.576124 -1.698317 4.737285 0.943694
63 4.3222844800 -0.781960 1.898163 -3.367583 -1.417829 -1.449133
64 3.5148362746 -3.879373 4.861001 -0.008092 0.160987 -2.612756
65 3.6853903411 -4.633959 2.326725 3.227040 4.565475 -4.607178
66 3.4515418291 -0.663837 1.394495 0.956694 -4.584615 -3.328849
67 3.6161229773 4.033943 -1.092264 -0.636985 -4.660222 1.708743
68 3.8842928006 0.737555 3.402076 1.040996 -1.329678 3.914961
69 3.4450413178 -2.381512 3.752309 -3.453043 -4.013554 1.020981
70 3.4589692051 2.199493 1.782518 -2.773266 -2.616368 -3.520578
71 3.8192862182 2.860581 -4.251067 1.482920 3.787534 0.738246
72 3.4872970694 1.157125 -2.327618 -4.757243 -0.880215 3.483158
73 3.5883144979 -1.786211 3.997450 -2.477154 -4.406625 4.401425
74 3.5573605920 -2.683297 0.671381 2.126515 1.256288 -4.527700
75 4.6712852600 -3.533483 -2.164013 -2.128443 -3.109927 0.427258
76 3.4931108563 -4.966156 1.604314 1.455471 -0.523158 -2.355442
77 3.4602246144 -1.682393 -2.613036 3.627547 -0.552217 -2.871012
78 3.4975169971 0.128295 0.697011 2.462778 -3.570290 -3.386501
79 3.6784244102 1.310378 -0.907529 3.652101 -1.935575 0.623738
80 3.6005396832 -4.137529 0.800730 4.867541 1.518227 -4.042377
81 3.7383630624 1.693955 1.869286 1.004187 -0.291458 -2.108304
82 4.5658590000 -1.739436 -4.000686 -2.379009 -3.259288 1.334085
83 3.5502754982 -1.878559 -0.770888 1.731704 -1.960123 1.388200
84 5.0063296600 0.054407 -4.079790 -4.903141 -1.366390 -1.742518
85 3.6147858682 4.536355 -1.103885 2.265176 -0.507947 -4.617250
86 3.7470773837 -4.414663 3.471929 1.925096 2.186866 0.230774
87 3.4369817184 -2.211869 -0.942433 -0.353547 -0.501713 0.085411
88 3.7753129210 0.160400 -1.132177 1.371522 2.369140 0.602850
89 3.6906963034 2.050188 4.390704 0.833229 -0.816908 -4.145339
90 4.3069046600 -2.891299 1.476906 -2.745434 -1.987777 -1.647695
91 3.6922915757 0.264858 -1.260105 3.283185 -0.100635 0.080650
92 3.4199815507 1.469342 0.875740 -2.843513 -1.257692 -4.890416
93 3.4276440211 -3.557529 1.634031 2.918102 -1.051201 -4.130390
94 3.9202902720 3.905831 -0.269760 2.485850 2.746552 -0.880550
95 3.5523702490 -3.634588 -1.199530 2.417168 2.350859 -1.555967
96 4.2919846400 0.298198 -0.736854 -3.340797 -0.758926 -0.676079
97 4.4401912000 1.348557 -2.276270 -4.123348 -0.992287 -1.231284
98 4.2852216200 0.255291 -2.727938 -2.893973 -1.617454 1.248205
99 3.6639581472 -3.442903 0.808450 3.789358 1.494780 -2.236993
100 3.5556223795 0.117463 -1.770979 2.935690 -2.385174 -1.169057
101 3.8252067610 -1.204657 1.143552 -0.300037 1.898620 2.412856
102 3.4778097274 -0.966379 -4.981020 1.648817 0.994219 -2.455092
103 3.8468087482 -1.812674 2.079899 4.130459 4.433058 -0.320460
104 4.3458545800 -2.744955 -4.193004 2.475779 0.692738 -3.358967
105 3.5594517830 -1.852708 4.548246 1.585551 -4.173508 -1.641774
106 3.6532686182 3.415267 1.366094 1.580844 -3.048431 -2.371535
107 3.6819725126 -0.410749 0.620809 4.470567 -1.248913 -0.558567
108 3.9236667494 0.727913 0.492542 2.062320 0.989775 2.091961
109 3.4725476909 -4.170091 -2.032482 0.883264 1.659987 -1.719056
110 3.5990202874 -2.285546 -0.738948 3.991565 1.012195 -0.717201
111 3.5204973235 -3.515282 3.600410 1.617614 -4.320388 -0.501471
112 3.6372317933 3.328983 -2.932119 0.999500 -3.263451 3.149332
113 3.6118260288 -1.870196 -0.336856 2.408209 -3.351798 2.004183
114 3.5647456320 -1.985045 3.068708 -2.055600 4.042633 -4.123383
115 4.2685296400 -3.154975 -0.788214 2.622705 -1.890654 -4.506168
116 3.5781698765 -1.238097 1.060561 0.037923 0.324721 -2.533637
117 4.3198343800 -4.777214 1.409244 -2.315344 -3.967494 0.944862
118 4.4171805600 -0.235262 4.949494 -3.165024 -2.109902 -4.319308
119 3.5128096934 -3.724788 0.804645 0.117092 0.581630 -1.208374
120 3.4590532205 -4.953112 0.322924 -1.084074 -3.383152 3.385661
121 3.6347052672 -4.989238 0.120449 0.849812 -0.768394 4.829953
122 4.6563088400 -4.718771 -3.577497 0.603650 -3.158834 -0.907442
123 3.6917111750 3.233163 3.549836 0.204281 -2.598294 -1.530130
124 3.4342878010 -2.770950 1.625899 1.223897 -0.270472 -3.536938
125 4.3873775400 -2.790661 -2.640296 1.256299 -3.148572 -1.649813
126 3.7313889926 4.600463 -0.141205 -2.426277 0.823969 1.441762
127 3.4896000096 3.619359 -4.151802 -1.634259 -0.086262 0.237628
128 3.4756742477 -3.103409 2.184005 3.106821 -2.364569 -4.008852
129 4.4932768200 -2.865290 4.333324 -3.977949 -2.506350 -2.164151
130 3.7590416410 -0.916595 1.585485 1.113668 2.783204 -1.038983
131 3.5918756122 -0.883422 1.859718 1.149115 -0.770645 -2.578608
132 3.4676464781 -1.466820 1.101282 -1.713495 -0.418174 -1.647251
133 3.6811654848 1.244250 0.966254 0.389920 -4.955043 2.497738
134 5.1470771200 -4.051819 -3.657256 -1.299337 -3.501014 -3.541665
135 3.7553476435 2.617738 0.174460 2.783578 1.945476 -4.804095
136 3.7382278810 -3.796018 4.855346 2.882475 0.819470 -0.395518
137 3.4910845517 3.604318 0.569667 -1.698317 -2.724766 -2.808119
138 3.5742534509 -0.781960 2.056140 0.464685 -1.076513 -2.252696
139 3.4604411674 -3.585027 0.879813 -2.142834 0.160987 -0.907647
140 3.4804489190 -1.974898 1.440135 3.227040 -1.823331 -4.607178
141 3.4651556525 -1.639450 1.661402 2.202219 -4.584615 -3.328849
142 3.8050409318 4.033943 -1.092264 -0.636985 1.796852 2.463012
143 3.6631220717 -3.355593 2.886734 0.279523 -3.065901 3.914961
144 3.6057733286 2.970331 3.752309 -3.453043 -4.101736 1.020981
145 4.6191369600 -4.992606 -1.750789 -2.773266 1.378648 -4.801079
146 3.7774790899 2.860581 -3.054342 2.947239 3.787534 -0.711775
147 3.5218040717 -2.455993 -1.600003 -0.231839 -1.281664 3.483158
148 3.5563156013 -2.950701 -0.816361 -0.598350 -2.628847 4.401425
149 3.6157265050 -2.855059 -1.344327 2.126515 3.248885 0.363267
150 3.5545379386 -2.442973 1.778192 1.381432 0.059782 -1.091392
151 4.3362114000 -4.966156 -0.091514 1.976740 -0.310147 -3.386174
152 4.2884094000 -1.913630 -2.199710 0.507497 -0.450655 -2.449391
153 3.5246589696 4.166340 2.848742 -2.936567 -3.570290 -2.272637
154 3.5805197318 1.310378 0.688793 2.190536 -2.001288 -3.815234
155 3.7050595085 0.050409 -1.922025 3.803169 1.518227 -0.316273
156 3.5209835654 -1.806083 1.673452 2.027637 0.050496 -3.172461
157 3.6063807379 2.310752 -0.515416 2.064804 -1.076830 -2.839733
158 3.4930544026 -1.066611 0.396878 3.346647 -4.988356 -3.744803
159 3.5293266259 -3.822956 -4.079790 4.053900 -2.678980 4.703980
160 3.7451892499 4.536355 -1.103885 2.829363 -0.714254 -0.914907
161 3.5695116979 -4.414663 3.471929 2.630889 -1.405167 -1.804401
162 4.4647745600 -2.829452 1.277987 -1.828792 -0.501713 -4.845042
163 3.6583094016 -2.853690 0.932939 1.265926 4.260738 -1.700877
164 4.6735230600 -4.842106 0.727552 -2.324991 -0.816908 -4.985546
165 4.5340197200 -3.877573 -1.920545 0.263162 -1.640864 -3.821406
166 3.6180246586 0.264858 -1.260105 4.296575 -3.885121 0.080650
167 3.4356412570 -3.043046 -0.126361 1.720511 -0.574978 -2.943640
168 3.5441448653 -4.788151 2.686412 1.144775 -1.250577 0.713283
169 3.5396485574 0.324283 -1.845840 2.485850 -3.302723 -0.087518
170 4.2965970000 -3.634588 0.632911 -1.340451 0.633138 -2.973821
171 3.4106697043 -4.270741 0.947195 1.964535 -0.808915 -3.923632
172 3.4975932883 1.348557 -4.092967 3.120294 -2.539768 -4.211010
173 3.6973451981 -4.519920 1.443403 4.685466 -2.899740 1.248205
174 3.4590210797 -3.106136 -0.927127 1.507412 -2.220239 0.105551
175 3.4993059955 -3.249134 0.186545 0.231524 0.489008 -1.169057
176 3.8112347923 3.406877 1.143552 -0.048684 1.898620 -1.484895
177 3.5453243635 -3.732768 2.192510 -0.236715 3.011257 -4.953681
178 3.5851652179 -2.526819 -2.288703 2.195605 2.657787 0.012561
179 4.3095403400 -2.513149 -2.900811 -1.429477 0.692738 -0.444354
180 3.4491308026 -3.433716 1.031511 -0.047213 -0.790933 -1.641774
181 3.5317315526 3.415267 -2.089586 -2.425580 -1.786549 1.664443
182 3.5551935245 1.941100 2.906690 -1.959310 -0.698903 -3.546315
183 4.2667829800 -4.325571 -2.517123 1.323187 0.989775 -3.031589
184 3.4785774259 -4.151309 -0.244784 -1.646755 -1.048031 2.859812
185 3.6611320723 -1.486802 1.380101 3.991565 -0.828758 -0.717201
186 3.5501705741 -3.515282 -0.322045 3.095350 0.334773 -0.501471
187 3.4583134637 -3.415174 0.740636 -0.829953 -0.476007 -1.139459
188 3.6904835002 -1.870196 0.218750 1.851409 2.118330 -0.046672
189 3.9960977184 2.844351 -0.494056 2.548889 3.591898 3.066310
190 4.3021339800 0.009125 0.638693 -0.850282 -3.187661 -2.786192
191 3.5299000973 -3.301539 1.683576 1.512774 0.324721 -2.533637
192 3.7624287629 0.653956 -0.289134 4.190553 1.044146 -1.832474
193 3.6676496045 -3.865991 4.949494 3.921448 -1.370206 0.291022
194 3.5671957632 1.917374 1.539096 2.274525 -3.800846 -4.121846
195 3.4721109907 -4.953112 -1.120758 0.840905 2.595376 -2.997586
196 3.6895025491 2.338714 0.120449 3.391339 -1.714601 -0.925236
197 3.7976781658 0.519862 0.716410 1.365082 0.426801 0.893182
198 3.7155057350 1.465401 -0.560046 -0.282987 4.124369 -2.646055
199 3.4965241747 -2.770950 -0.811193 1.732162 -0.270472 -0.281616
200 3.4387007674 -0.195835 -2.640296 1.256299 -0.801447 -2.554067
201 3.4187869325 -2.883184 -0.987219 0.992573 -3.571779 -0.157991
202 3.4096701082 -2.035792 0.902196 -1.634259 -2.785365 0.237628
203 3.7395329875 0.597540 2.184005 2.241164 1.117780 -3.823877
204 3.4218932371 -4.294093 -0.450464 -0.707447 0.767513 -1.303347
205 3.7738808928 -0.237508 -2.682361 4.406852 2.783204 0.531112
206 4.6153913000 -4.679874 -2.963693 -0.209794 -0.770645 -2.578608
207 3.3844752634 -2.527047 -2.774461 1.636091 -1.785364 0.320926
208 3.9089092666 0.594977 0.966254 1.552553 1.435133 2.046877
209 3.4444526054 -3.281612 -1.927203 -3.400544 -1.086742 4.144734
210 4.5658801600 -2.986654 -2.707205 1.105663 -3.311421 -4.464786
211 4.3125927400 -3.913178 -4.676290 2.255295 -2.550626 2.311778
212 3.5048744410 -3.884339 0.252164 4.308062 -2.566934 -2.808119
213 3.7425923078 -0.781960 2.056140 0.620974 2.740907 -2.252696
214 3.4766529523 -2.448889 0.879813 -2.142834 0.160987 -1.031461
215 3.5663562490 -2.457592 1.137296 0.572850 -3.571278 1.615730
216 3.5676854957 0.751680 -2.285357 0.956694 -0.248721 -0.018783
217 3.5573482886 -2.718614 -2.160020 1.237697 0.340373 1.708743
218 3.7251841075 -4.776453 2.427498 0.279523 1.166215 3.914961
219 3.5388297619 0.187011 -3.774882 3.018126 0.200196 -2.789745
220 4.4910092800 0.082300 -4.200769 -0.699216 -0.182107 -1.976594
221 3.7526717664 2.860581 -3.054342 2.947239 3.787534 -1.387740
222 3.5120688134 -1.318927 0.780097 -0.037475 -0.880215 -1.651242
223 3.5409053664 -3.110006 -1.045126 4.101262 -0.320988 -1.059009
224 4.3174876000 -2.683297 -3.643050 3.144738 -3.833132 -0.460161
225 3.5437217126 -2.870894 1.778192 1.381432 0.059782 -0.560223
226 3.4396127539 -2.527047 -2.845394 3.568437 -1.785364 -0.935340
227 4.3681854200 -2.263600 -1.062474 -0.418716 -4.705735 0.441680
228 3.4455072038 -2.537738 0.697011 2.462778 -1.028083 -3.262167
229 3.4948921478 -1.814305 -1.271045 2.442302 -1.929652 -1.108379
230 4.2849008200 -4.137529 -3.258647 4.867541 -2.492218 -2.002318
231 3.5175231418 -1.806083 -0.388258 2.027637 0.050496 -2.610560
232 3.8552542618 0.951957 -4.884527 4.661994 2.006458 1.953384
233 3.6201407328 0.951957 -4.884527 0.512166 -1.500068 1.953384
234 3.3914170022 0.008846 -0.329541 -0.729626 -2.678980 -1.740125
235 3.6629830886 4.536355 -4.883991 3.686538 -0.312658 -2.347719
236 4.3307507800 -0.373556 -1.136157 -1.162177 -2.153802 -0.973272
237 3.6819059328 -3.086097 3.494376 2.054857 -4.345909 3.264205
238 4.4526502200 -3.250837 -3.021574 0.791392 -1.067142 -1.700877
239 3.4337845210 -0.686551 -3.267371 2.161044 -2.366141 0.217341
240 3.7491844378 3.542633 2.607786 2.194128 -1.065615 -3.821406
241 3.4758515750 -3.827521 -2.835415 4.296575 0.424737 -1.453636
242 3.4625497766 -2.462942 -4.313773 2.320782 1.357229 -2.131160
243 3.3972284390 -2.007059 -3.045576 4.308457 -2.967317 -1.815736
244 3.3866431776 -2.908726 -1.845840 0.438974 -0.971411 -0.087518
245 3.8488604717 2.330279 -3.917667 2.194748 2.350859 1.032840
246 3.5530223098 -4.270741 0.513808 3.740947 0.899705 -4.153272
247 3.4953918336 -2.222950 -1.207049 2.338259 0.341078 -1.797508
248 4.4300496600 -4.027602 -2.558322 0.539466 -2.555115 -0.444001
249 3.4816534042 -3.145319 -0.927127 0.142750 -2.866305 1.831900
250 3.6310587034 -1.419364 0.186545 0.231524 -3.171981 3.188201
251 3.7792907942 3.406877 1.143552 4.718618 -2.746394 0.577128
252 3.5464233370 -0.799902 -3.028709 0.113913 -3.465597 4.132870
253 4.2615957400 0.314837 -0.783345 -2.194724 -2.688024 -1.522982
254 3.4875004723 -3.144298 -3.053045 2.433152 -0.360918 1.512258
255 4.2630334400 -3.433716 -2.144711 -0.047213 0.393338 -1.641774
256 3.5593115040 3.415267 -3.220310 1.948939 -1.786549 -1.483617
257 3.7439677267 -0.410749 4.630238 4.026194 -1.688401 -0.293080
258 3.5317991520 -4.075473 -3.206229 4.283457 -1.651111 2.326402
259 3.4996036954 -2.000117 -2.032482 0.883264 1.659987 -1.719056
260 3.6198943373 -3.361618 -3.263266 2.117364 1.012195 3.793151
261 3.4493180486 -3.515282 -0.118169 1.617614 -4.320388 -1.155034
262 3.7806367334 -2.049175 0.740636 3.302278 -0.476007 2.925996
263 3.7619278330 0.017302 4.911810 2.408209 -3.351798 1.259451
264 4.7349450600 -1.739804 -4.700070 0.503716 -2.237604 -2.497484
265 3.6645541862 0.642895 -0.743232 1.628686 -1.890654 1.920271
266 3.5457682349 -3.301539 1.683576 1.512774 0.579229 -2.533637
267 4.2995864800 -1.692475 -2.285657 1.841532 -1.797457 -3.151298
268 3.5755054042 -1.963495 4.949494 -2.615695 1.290159 -2.038984
269 3.4303680403 0.109227 -3.681413 1.455901 -2.365741 -1.208374
270 3.4619970931 -2.635294 -0.949708 3.523380 -3.383152 -2.551134
271 3.6029850106 -2.223462 -2.514336 2.652795 -0.768394 4.829953
272 3.5134592314 0.519862 -3.466603 0.108381 -2.833793 1.563183
273 4.4624662600 -2.986265 -1.310865 -0.834093 -0.387741 -4.071639
274 3.6907124602 0.568063 -3.341101 1.084826 -0.270472 3.714961
275 3.4316578022 1.226056 -1.641375 -0.134854 -4.086639 -2.554067
276 3.5339949216 -1.699743 -1.649661 1.472446 -1.470180 0.716040
277 4.4507151800 -0.927432 -2.921265 -0.101142 -2.785365 -0.359320
278 4.4448441000 -0.514646 -3.889051 0.737848 -3.491208 -0.496974
279 3.6032319936 -2.393067 -3.445686 0.648410 1.769259 1.559206
280 3.6898800826 -2.657340 -3.614040 4.406852 2.783204 2.939406
281 3.4029183283 -0.883422 -3.099367 1.149115 -0.256230 -0.708537
282 4.2634724000 -3.390917 -3.075086 -1.244965 -0.720734 2.305806
283 4.3370750800 -1.003583 -2.621329 -2.862534 -4.955043 3.730079
284 3.5593340371 -3.498673 2.352230 2.912348 -1.619976 -1.306797
285 4.5972447400 -0.082970 -3.796183 -0.047104 -2.096965 -4.464786
286 3.4744666176 -4.863201 -3.853612 3.627308 0.700909 -1.587347
287 3.5370304128 -3.782894 -2.995648 -1.698317 3.459267 1.904162
288 4.3225376000 -0.073665 -3.476374 0.464685 -1.191500 -2.252696
289 4.3373268800 -4.119480 0.879813 -2.142834 -3.874776 0.721889
290 3.4362164045 -3.012228 -3.251416 0.989794 -0.567445 1.832374
291 4.3950064200 -3.181032 -3.383857 1.982104 -4.584615 1.945302
292 3.4440176160 -2.009374 -3.855101 2.067315 -1.613157 1.708743
293 3.4928709926 -0.319181 -3.210084 0.279523 -4.475928 1.961590
294 4.3049123200 -2.381512 -0.267872 -1.382968 -4.411529 1.020981
295 3.6543264134 0.893425 1.782518 0.068258 -3.102146 0.711954
296 3.4943753722 -2.061049 -0.780714 1.973837 -2.501764 -0.116114
297 4.7781972400 0.319540 -1.320677 -4.757243 -1.997896 -1.624571
298 4.3973773000 -2.936790 -4.163589 1.875014 -0.320988 -1.110127
299 3.7027005984 -2.189209 0.671381 2.252465 2.539854 0.056688
300 3.4749857088 -3.223717 -3.543136 1.381432 0.059782 1.619837
301 3.5109310291 -2.403940 -0.830084 -0.050913 -1.785364 2.800568
302 3.6264171744 -1.626369 -1.955704 3.627547 -2.305295 2.439613
303 3.4634756563 -1.602592 0.697011 1.216460 -0.380986 -4.150461
304 3.6731140416 -1.814305 -0.652666 2.442302 -1.168952 3.334553
305 3.5226879955 -4.137529 3.420469 1.076968 -1.790915 -1.469710
306 4.2859946000 -3.100519 -0.674936 0.217853 -3.966149 -0.725186
307 4.4223988200 -2.985260 -4.000686 4.772817 -0.651367 -4.277860
308 3.5189628768 -2.152828 0.396878 4.276344 -0.334637 -3.744803
309 3.4449149837 -2.335076 -2.609972 -0.729626 -2.678980 3.172193
310 3.6226941466 4.536355 -1.425009 3.040039 -2.065362 -4.617250
311 4.2733697800 -3.029943 0.392515 -0.369935 -1.405167 -1.613166
312 3.4151464858 -2.462764 -2.398809 3.065147 -4.290615 0.130763
313 3.4463934950 1.039028 -0.935458 -0.720523 -3.630348 -1.684471
314 4.4313548000 -3.915177 -4.131206 2.161044 -2.036824 0.217341
315 3.6581180947 -2.952170 -2.087714 4.104225 2.985938 0.511314
316 3.6691329542 -2.580112 -2.157803 4.296575 0.424737 4.066122
317 4.4273619400 1.469342 1.181424 -2.843513 -3.186424 -4.890416
318 3.6679418266 1.077843 -3.628533 4.308457 -2.967317 1.826950
319 3.5322650899 -4.412930 0.320027 0.438974 1.250309 -0.087518
320 3.5461794989 -1.428716 -4.705531 3.636727 2.350859 -4.690886
321 3.6112680403 -4.894673 4.847241 1.964535 -0.808915 0.156246
322 4.4978708400 -2.222950 -1.207049 -0.891501 -3.268783 -1.797508
323 3.4251775603 -1.914188 -3.093997 4.785749 -3.178418 -2.197350
324 4.4433890800 -2.590207 -3.927199 1.507412 -2.575016 -0.367680
325 3.4917803309 -3.249134 -2.349679 0.506862 -4.055451 4.196816
326 3.7106924256 3.406877 -1.490021 1.631409 -1.851944 1.332266
327 4.4972570000 -3.253087 -1.654919 -0.917816 -2.925565 -0.263724
328 3.5590330541 -3.699633 -2.288703 4.070772 -1.263392 1.617785
329 4.3861207200 -2.473981 -3.053045 2.433152 -0.360918 -3.424269
330 3.5697658176 -3.433716 -3.186662 3.335908 -0.421190 3.255326
331 4.4279161600 -4.871164 -4.902347 3.327762 -1.365215 -1.175822
332 3.6949452480 -0.410749 4.630238 2.518645 -1.248913 -2.058682
333 3.6217494144 2.418876 -3.206229 1.004073 -2.067882 2.304387
334 3.4619029862 1.193683 -4.416152 0.883264 -1.692109 -1.630504
335 3.5139994042 -2.902342 -3.635449 3.991565 -1.180305 1.277183
336 3.4301028960 -0.447332 1.600706 -2.177010 -1.776209 -1.155034
337 4.6162225400 -3.415174 -3.766591 0.708454 -2.767833 -1.139459
338 3.4851114605 -4.296467 -2.938930 3.490410 -3.220096 1.922264
339 4.6895195400 -1.985045 -3.376624 0.027139 -3.091412 -1.744804
340 3.6333643738 -1.512490 0.289476 3.433582 -1.890654 0.591683
341 3.6421066714 0.471012 1.683576 1.512774 -1.125904 -1.596912
342 3.6763059514 -0.607969 -0.061593 0.859309 -2.889034 4.542030
343 3.4272822989 -3.789682 -0.283806 1.614256 -2.109902 -2.679583
344 4.3538430600 -3.483371 -3.478199 2.872242 -3.124617 0.686578
345 3.7069246598 -2.240805 0.322924 1.829329 0.177561 2.849310
346 4.7100375800 -4.210779 -4.447544 -2.549470 -0.865161 0.381647
347 3.5133889363 0.519862 3.276539 -4.899425 -2.833793 2.910031
348 3.6702627206 -3.018236 3.801244 2.173506 -1.633890 1.417870
349 3.4058220768 -3.095749 -1.503912 0.606415 -1.379558 -0.814933
350 3.3581281018 -0.561795 -1.641375 -0.831632 -0.845502 -2.554067
351 4.3977637200 4.333734 -3.444070 -2.586573 -1.436019 -3.400405
352 4.4334118600 -2.035792 0.902196 -3.734227 -0.746696 -2.714861
353 4.3347881600 -3.103409 -4.199572 -0.525697 3.354293 -3.879803
354 4.7904301600 -2.322233 -3.682847 -0.707447 -1.686170 -1.712679
355 4.9249952800 -2.657340 -3.614040 -0.379024 -3.111319 -3.781073
356 3.4477320902 1.221126 -3.099367 -0.300713 -1.341116 -0.708537
357 4.4610652800 0.488630 -1.916020 -2.836101 -1.595831 -2.529073
358 3.4339342522 3.681536 -0.694883 -2.858763 -1.164538 -4.396516
359 4.4048397200 0.091837 0.263045 -3.400544 -3.082457 -1.187921
360 3.5133994253 -2.032429 -1.631286 2.783578 0.291896 -1.532806
361 3.4918985952 -4.863201 -2.452354 3.067948 0.700909 -1.587347
362 4.3692882200 0.253365 -3.826164 -1.251838 -0.570484 -0.719963
363 4.4240712600 -3.273400 -2.535653 0.464685 -1.114315 -2.252696
364 3.4570433664 -0.862739 -0.848139 0.868963 -1.682206 -2.555365
365 4.6321702600 -2.504757 -3.637290 0.481374 -2.459208 -2.016378
366 3.4556895994 -0.663837 -1.106120 0.956694 -0.725548 -3.328849
367 4.4430597800 -1.465725 -4.730465 2.067315 0.097858 -2.519651
368 3.5074218240 -2.799099 -3.210084 1.739066 3.554466 -3.546659
369 3.5069979974 1.107434 -0.794489 -1.447861 -4.013554 1.503889
370 3.6092823782 -0.906610 1.782518 0.741401 0.803081 -3.911851
371 3.4456236883 -2.061049 -0.780714 0.996076 -2.501764 -1.091953
372 3.5238622406 1.157125 -2.185818 0.657844 -0.462895 -1.949382
373 3.5642916864 -4.918819 0.232833 4.101262 -0.320988 -1.059009
374 3.4947248083 -1.205875 -4.175523 0.857273 1.704370 -2.264555
375 3.7261788653 0.569170 0.942281 -2.806472 1.189538 2.950396
376 3.4869112589 -1.419269 3.947315 -2.002448 -2.080042 -0.312215
377 3.4666080710 -1.682393 1.297670 -4.440933 2.734720 -3.513472
378 3.7674830765 2.000585 0.697011 0.539133 2.516565 -3.199255
379 3.6800887680 -0.205034 -3.580728 2.442302 -0.205513 2.821374
380 3.4285307098 1.934942 -1.073591 -2.318435 -0.074734 -3.919950
381 3.5724309811 -4.665839 2.559032 2.027637 0.050496 -0.279986
382 3.4076299450 -3.697968 -0.419101 1.038487 -1.129234 -2.167047
383 3.4962344928 0.689821 0.091551 0.237833 -2.901434 -2.231005
384 3.4373109197 1.204539 -0.329541 -0.460415 -1.459143 -4.684599
385 4.5432535800 0.164507 0.823164 -3.417687 -1.986339 -4.617250
386 3.7063690214 2.940907 3.471929 -0.733585 -1.923364 0.184056
387 3.9072540672 -0.656337 3.233845 -1.930691 3.553768 4.445926
388 3.5713259770 2.942809 -0.512303 -1.544143 -0.586429 -0.649613
389 4.5837646600 -0.686551 -4.971525 1.557824 -2.366141 -4.397698
390 3.4610218099 -2.952170 -4.846740 -1.253671 2.679410 0.511314
391 3.4850982931 -4.525143 1.258615 4.296575 -0.768423 -4.864114
392 3.7362201350 1.480563 0.875740 -2.843513 2.434427 0.187608
393 3.6090309888 3.475981 -3.045576 -0.170184 0.975005 -1.815736
394 3.6071096602 3.171033 -2.466697 4.981972 -1.864879 -3.341383
395 4.4095446600 -2.667518 0.305221 -1.227175 0.119020 -4.690886
396 3.4392684672 -0.404817 -1.460336 0.373282 -0.808915 -3.698189
397 3.4657855776 -0.973181 -0.292455 1.559991 -2.793651 -3.077631
398 3.5396858822 -2.805364 0.489363 4.785749 -3.178418 -2.043761
399 4.2865331600 -3.106136 0.619680 1.096410 -2.220239 -3.287166
400 4.4652793800 -3.249134 -2.349679 0.905375 -4.982948 -0.545103
401 4.4857998800 -1.448579 -0.390728 -0.411992 -1.776724 -3.249857
402 3.5567863085 -1.883946 2.208281 0.582753 1.024970 -3.975440
403 3.5683915565 -1.889328 -2.288703 1.482682 1.129265 0.720801
404 4.2993393000 -0.739457 -3.053045 -0.049158 0.625830 -4.037853
405 4.2856371800 -3.433716 0.630304 -0.189690 -2.658219 -1.641774
406 3.6480850157 3.415267 -2.089586 1.110440 -4.358284 1.664443
407 4.2696518600 0.504576 -3.350490 0.918017 -3.574774 -0.570330
408 3.4199957722 1.412689 -3.206229 -2.060213 0.541794 -2.738403
409 3.4654731206 1.182488 -1.521305 -0.938347 0.785797 -4.623759
410 3.4446429965 2.882846 -4.990065 -1.367964 -2.452092 1.277183
411 3.6770478163 -4.097492 4.127316 1.198341 1.805536 -1.155034
412 3.4533407981 1.387832 0.740636 -1.631763 -3.912759 -1.223718
413 3.4899830035 -2.569821 -4.805255 -3.164090 1.644551 1.922264
414 3.7213408973 0.254585 -4.700070 0.503716 1.548270 2.638324
415 3.5787053146 -2.571905 0.064564 -0.872396 1.846639 0.591683
416 3.7127130624 0.942480 1.683576 -0.655939 0.324721 1.027755
417 4.4074091800 0.250592 0.777242 -3.616481 -0.513327 -3.314028
418 4.2644363000 -1.839513 0.827443 -3.592304 -3.713672 1.420096
419 3.4707074054 3.929496 -4.164352 -4.003861 1.443751 -2.604848
420 3.9374326195 2.508231 2.642357 0.031236 -0.459792 3.385661
421 4.4603945200 -2.223462 -1.437748 -0.454938 -2.090204 -2.684004
422 3.5655242342 0.519862 2.988890 0.101848 -0.083026 -4.533762
423 3.4598505370 1.043990 -1.993137 -0.547179 -2.185459 -0.279553
424 3.5793439488 -3.886447 -0.948899 2.210339 3.018109 -0.814933
425 3.4222071802 -2.527047 -1.638048 -2.851564 3.486379 -2.691624
426 3.5289139277 -0.563233 -3.255434 1.786190 -0.961322 0.713441
427 3.4175897568 -2.035792 0.902196 -1.634259 -4.832346 1.164060
428 3.4588710202 -1.752297 -2.565277 3.106821 0.219640 -2.999890
429 5.1377261400 -4.294093 -0.450464 -4.137317 -2.059495 -3.530909
430 4.3810383000 0.687923 -3.614040 -2.343602 0.031180 -1.305710
431 3.7783180512 4.611932 4.318501 1.149115 -2.685318 -0.537194
432 3.3859963526 -0.439077 -2.040093 1.177923 -2.515012 -3.560992
433 3.4502341824 -2.093249 -2.085701 -2.858763 1.778491 0.595261
434 3.5291313792 -2.009940 1.620583 -2.669904 -1.086742 1.586775
435 3.5486389958 4.170132 1.561287 -0.290092 -2.166053 -4.464786
436 3.4372280275 -2.571636 -4.318749 2.307884 0.700909 -1.587347
437 3.4741544026 4.608756 0.569667 -4.619451 -1.282742 -2.808119
438 3.6917810726 -0.123171 -3.060147 3.189068 -1.076513 3.337477
439 3.6040537958 -0.862739 -4.431866 0.868963 3.827710 -0.576065
440 3.7353689050 4.182151 -3.251416 0.989794 0.108644 1.832374
441 3.4106078074 -4.148008 -0.822942 0.956694 0.764126 -3.226984
442 4.3738911800 0.529837 -0.969995 -1.076718 -1.613157 -4.374351
443 4.3073421600 1.367673 -1.680224 -3.938529 -2.551803 1.038417
444 3.4162613914 -1.628167 0.067739 -2.581281 1.883770 -4.537804
445 4.6506596000 -0.661926 -1.879209 -4.175637 -0.275370 -3.520578
446 4.4676170400 -2.061049 -3.175241 -2.737726 4.330067 -4.621984
447 3.4639933133 -1.255469 -1.364750 0.213018 -3.709578 0.876146
448 3.5117815507 -3.080365 -2.141470 4.101262 -0.320988 0.163681
449 3.5873607802 -0.341678 -1.302562 0.857273 1.704370 -3.865105
450 3.7238584896 -1.405497 -1.590510 -0.213271 3.687133 2.732105
451 3.6581285146 1.480493 -0.758482 3.188177 -1.576408 -0.495436
452 4.4081861200 -1.682393 1.125746 -0.784060 -1.394360 -3.407559
453 3.4179146035 -2.537738 0.513403 1.577123 -1.028083 -4.279245
454 3.5918034336 2.684996 0.944184 2.442302 -0.428873 -4.777235
455 4.7405882000 -0.553598 -2.227140 -4.795237 -0.074734 -2.229537
456 3.4055050752 -3.923154 2.015327 2.606218 -3.959493 -4.372399
457 3.5795868365 1.746802 -0.574745 2.598945 -4.581304 -1.917356
458 3.4898348102 2.864241 -1.245042 -4.360810 1.211198 -2.954939
459 3.5471140358 -2.930839 -3.746584 2.700363 3.533922 -1.740125
460 3.8535749222 -0.199395 0.767659 2.405760 -0.208716 2.755483
461 3.5711437421 1.518010 -1.492826 2.630889 -0.541451 -4.678006
462 3.7109248070 -0.898024 -0.392951 3.251648 3.282817 -2.793684
463 3.4178752742 0.420237 -0.935458 -0.720523 -3.190134 -1.684471
464 3.4474288435 -1.028518 0.606916 1.670841 -4.129001 -3.700130
465 4.2779377200 -2.952170 -4.300311 2.375299 -0.565811 0.511314
466 3.6290502317 -3.827521 2.095627 4.296575 -0.214656 -1.091421
467 4.2626476600 -1.902866 0.129136 -1.850906 0.825949 -3.091232
468 4.4611396400 -2.007059 2.086346 -4.322375 -0.633425 -2.754120
469 4.6312920400 1.683706 -1.845840 -4.384502 -1.583636 -4.914824
470 3.5239746470 -2.325784 -0.699788 1.644107 2.350859 -4.690886
471 3.6484086701 -0.706837 0.947195 1.643763 -4.738016 2.476656
472 4.8480288600 -0.973181 -1.287379 -4.771769 -1.069826 -3.151170
473 3.3950834899 -3.741611 1.910383 -0.721416 -1.636520 -2.027912
474 3.5752523386 -0.147426 -2.691882 0.609820 1.178398 0.105551
475 3.4934621933 -3.249134 -0.498315 0.046089 1.070278 -1.209703
476 3.8650220064 -0.464463 2.473670 1.631409 -0.497363 1.934679
477 4.2910087200 1.636973 -0.089170 -3.274797 -3.024712 -1.253072
478 3.6042490771 -0.594913 -0.954285 -0.117691 0.843692 0.075869
479 4.4531558800 1.944062 -3.053045 -3.925542 -0.360918 -4.633605
480 3.5034447629 -2.935488 -2.146142 1.246578 -2.717769 4.021124
481 3.6102575405 0.688385 -1.894288 4.021258 -1.786549 -0.463320
482 3.5547334618 -0.985687 -2.715766 0.882050 2.624345 -2.058682
483 3.4417038586 1.412689 -3.206229 -1.134949 -3.560184 0.866789
484 3.6562962125 0.151307 4.650138 -0.054823 -0.477974 -1.629558
485 4.4572465400 0.569145 -4.990065 0.660234 -2.964883 -2.665553
486 3.6940538419 1.961027 -0.039983 0.846953 1.649770 -3.636635
487 3.5078167238 -3.656907 0.740636 1.477993 -0.894031 -1.223718
488 3.4215891782 -4.296467 -2.938930 1.053636 -3.220096 3.123353
489 3.5443262016 -4.455589 -4.600986 4.739644 1.742882 0.222031
490 3.9698670586 1.124219 -0.207553 3.221752 3.540640 2.501411
491 3.4712991763 -3.301539 0.706583 1.512774 -1.934604 -2.470749
492 3.5177542445 1.452273 -0.685148 -1.997571 1.349905 -3.095336
493 3.4297148909 -2.267894 -0.283806 -2.893986 0.107094 0.157908
494 4.2627035800 -1.585021 1.473874 -0.297443 -0.029375 -3.602821
495 3.8375690112 0.190446 -0.855760 0.182175 2.799048 3.385661
496 4.0815327168 3.562585 1.638079 2.652795 1.912860 4.829953
497 3.5083520064 -0.403121 0.052342 -2.450217 -2.538974 2.910031
498 3.4553002982 3.841313 -1.993137 -2.244386 -2.722649 -0.279553
499 3.4664266656 -0.681689 -1.251836 0.606415 -1.379558 -1.570319
500 4.5294017800 -2.527047 -4.687224 2.397829 -3.002246 -1.654682
501 4.3924643000 -2.846041 -0.541359 -0.960380 -3.253020 -0.157991
502 3.5079201101 -1.855323 -3.029659 0.465420 -0.068176 2.378831
503 4.8357376400 2.865790 -2.007420 -4.756220 -3.655682 -2.999890
504 4.5336480200 -2.022397 3.957417 -1.089360 -2.272548 -4.997402
505 3.4417490458 -2.657340 -2.006575 4.406852 -3.215262 -1.800876
506 3.5875047053 -0.883422 -3.099367 1.149115 2.250125 0.113705
507 3.5871226618 -0.485765 -2.040093 -0.959950 1.102977 1.442363
508 4.2885202400 -0.881250 -2.854851 -2.355950 -1.882022 1.920271
509 4.5430737200 -3.281612 -0.038626 -1.619609 -1.086742 -4.748020
510 3.5028837331 2.329731 -3.796183 0.327168 -0.298385 -2.773676
511 4.7910872000 -0.878989 -4.318749 -0.166395 -3.205012 -1.523081
512 3.5771930381 4.608756 0.327109 -1.888015 -1.708367 -0.313722
513 3.4143511392 -2.589753 0.555193 0.464685 -3.572369 -2.252696
514 3.4603335994 -4.783741 -0.312299 1.610029 -2.323877 0.035800
515 4.4400552400 -1.734875 -3.251416 -0.394705 -2.643675 1.293568
516 3.6265792608 -1.301957 -0.336508 0.956694 2.843867 -3.226984
517 3.5871665011 -2.009374 3.354232 2.067315 -1.613157 -1.821657
518 3.4082225626 -0.319181 -0.518251 0.279523 -3.718987 -2.936813
519 4.6548856400 -1.628167 -3.208020 -4.307392 -3.398646 2.050568
520 4.4549981000 0.278778 -0.193513 -2.773266 -2.368075 -2.884704
521 4.5349673400 -4.642620 -2.784635 0.996076 -4.252019 0.325520
522 4.7524749400 -0.752374 -4.165952 -1.197987 -3.709578 0.198210
523 3.4882555046 1.511916 -0.457803 0.099995 -2.227046 -4.764683
524 3.5964557798 -0.654248 -4.175523 -2.656755 1.704370 3.445746
525 4.0220598125 2.870832 2.050980 4.323576 0.030630 3.701231
526 3.6104356454 0.908942 -1.641375 4.137616 -0.845502 -3.774045
527 3.4103694298 -0.504974 -1.309321 0.431570 -3.059997 -2.722161
528 4.4008272200 -2.537738 -2.636414 1.577123 -1.028083 -4.279245
529 4.3319826000 0.091806 -2.010162 -1.715614 -0.378027 -1.447071
530 3.9736811693 1.934942 2.744697 0.051850 -0.450577 4.812213
531 3.7931851930 -1.373311 2.015327 2.087021 0.418653 0.903706
532 3.4090726176 -3.697968 -1.763177 1.779765 -1.363296 -2.167047
533 3.5105726592 -1.558879 0.153066 0.726658 -2.581828 0.279081
534 3.3967524614 -0.599428 -0.462602 -0.729626 0.011349 -2.665208
535 3.3863239296 -2.014663 -1.103885 -0.401173 -0.507947 -1.644082
536 4.6392830200 -4.414663 1.796634 -4.009114 -1.405167 -0.956447
537 3.4551546624 -2.462764 -1.985045 2.007041 0.707832 -4.621132
538 4.3656266200 -1.475683 -4.074973 1.597850 -0.999013 -1.438626
539 3.4399923264 -2.591123 0.417764 -4.643141 -0.993907 2.030527
540 3.4358477530 -2.952170 1.114408 -1.253671 1.105849 -3.367801
541 4.2772489600 0.358814 -2.835415 0.901923 -2.865930 -3.821240
542 4.4226737600 -4.924305 3.950910 -2.843513 -0.796365 -2.905353
543 3.4965407290 -3.434352 -2.017460 4.308457 -0.811460 -0.356071
544 4.4221758200 0.232757 -2.990921 -1.229257 -1.840865 -0.087518
545 3.6154416269 -2.963710 3.830972 1.644107 1.419838 -4.417277
546 3.6615352666 -4.270741 2.820792 0.961321 3.061426 -1.361218
547 3.4370870227 -1.024162 -0.211787 0.917066 -1.305272 -3.077631
548 3.4810716384 -3.741611 1.910383 1.490333 -1.540646 -2.903771
549 3.4340726304 -3.106136 4.167264 0.478169 -2.220239 -3.522747
550 4.3749297000 -1.899707 -2.349679 0.506862 -0.600483 -3.616223
551 3.9472128403 4.518591 -1.869275 1.631409 3.382369 3.380257
552 4.3446857600 -1.955216 1.448713 -0.236715 -0.789622 -4.003410
553 4.2921718600 0.042419 2.293109 -1.835866 -1.263392 -3.299375
554 3.5178855206 1.929472 -3.053045 2.433152 -0.685070 -3.651795
555 3.4628870995 -1.659717 1.031511 -0.047213 -1.807349 -1.641774
556 3.6410708909 -1.165724 -1.449003 0.815525 -1.786549 4.001672
557 3.5163213350 -4.534199 4.630238 1.033425 0.650586 -4.586274
558 3.4693425446 -4.871739 -4.881487 3.994835 0.541794 -0.868831
559 3.5099718682 1.193683 -2.514533 0.697316 -1.421090 -1.085188
560 3.4869342931 1.103252 -2.394444 0.409258 -1.553024 -1.618266
561 4.3143239600 -4.874884 1.600706 2.347285 -1.776209 -4.940633
562 3.7434032237 1.387832 -3.676693 0.702651 -0.370933 4.435773
563 4.3940262200 -4.296467 -2.283816 -4.933413 3.512491 3.123353
564 4.4315694400 -1.064495 -0.518285 -1.741805 -0.486793 -3.558100
565 3.3855701242 -1.246629 0.064564 -2.131671 -2.617808 0.591683
566 4.8793498000 -3.301539 -2.266959 -3.408447 -1.934604 0.162703
567 3.4205647334 -2.394834 -0.685148 -1.655135 0.375701 -0.600013
568 3.4250776646 -0.165053 -3.347893 -1.301557 -3.432106 3.071214
569 3.6941439917 0.781262 1.473874 0.084892 -3.800846 1.835431
570 4.8015011400 -1.315221 -2.894002 -1.084074 -3.383152 -4.351902
571 3.5023797965 4.131670 -2.514336 -1.076910 -0.768394 -2.429176
572 4.3620988200 -0.403121 0.171659 -2.450217 -1.111540 -4.569055
573 3.6939568493 1.021987 1.662453 3.861988 -2.722649 -1.059089
574 3.5324595590 -1.064226 1.588423 0.606415 -1.899298 -1.885367
575 3.6158040230 -0.561072 -2.774461 1.636091 1.466950 0.320926
576 3.7695912710 3.637769 0.836262 0.992573 -3.571779 1.430766
577 3.5753701018 0.279107 -0.911292 3.941029 -2.914307 -1.857617
578 3.5033301619 0.699285 -3.470255 3.018524 -2.769298 -2.707840
579 3.5357105491 -4.294093 1.793731 -0.026450 0.767513 -1.362632
580 3.5181681178 4.614021 -1.194895 -3.030683 0.334617 -3.157988
581 3.4272189158 -3.752749 -1.351053 1.149115 -1.600349 0.014677
582 3.5331342394 -0.439077 -3.216559 1.177923 0.541167 -0.237578
583 3.4390126541 -4.728986 -1.212670 -0.820073 2.652825 -2.217176
584 3.7526574586 -1.039565 -1.927203 2.494692 0.965625 2.177628
585 3.4873109626 -4.522935 1.419948 2.551125 -1.379162 -2.773676
586 3.6081150278 4.904838 0.125737 -3.378034 -1.302931 0.758885
587 4.4547274000 3.566861 -2.282087 -4.619451 -1.282742 -1.857259
588 4.2910147000 -1.675501 -2.247882 -2.702960 -1.541239 1.717371
589 3.6366213082 4.382627 -1.135638 0.868963 -3.446313 -0.149449
590 3.5126690170 4.159946 -4.817562 -0.896540 -0.567445 -1.142872
591 3.4506368582 -3.723469 -0.822942 2.516578 -0.459008 -2.329500
592 3.4611706944 -2.009374 -2.560991 -0.765079 -1.725425 3.561902
593 3.4959216557 -2.242140 -0.518251 2.612892 -3.890780 -0.180835
594 4.7366333800 -1.628167 -2.157629 -1.523809 -1.913139 -4.537804
595 4.4836623400 0.061367 -1.912271 -1.395183 -2.979084 -2.429592
596 4.5740669200 0.908942 -0.780714 -3.653414 -2.501764 -3.774045
597 3.7472138093 -1.255469 -1.364750 0.213018 3.114721 3.044172
598 4.2649152800 2.318872 -3.074237 -0.708378 -2.070448 -3.786233
599 3.4650947059 -2.631084 -4.175523 1.798850 1.704370 -2.264555
600 3.9208332096 0.665101 4.024700 2.632612 0.102904 0.790626
601 4.6424025400 -1.023781 -4.357755 -0.179639 -0.337357 -2.554067
602 4.2729128000 4.057006 -1.247943 -2.945544 -3.059997 -2.722161
603 3.4454357165 -2.537738 -0.069430 -0.550231 0.324318 -1.696581
604 4.3867626000 2.485344 -1.775907 -3.221902 -1.929652 -3.665847
605 3.4445303309 3.009857 -1.615439 -2.318435 -2.352161 -1.604267
606 3.5120069338 3.825175 -3.608009 0.314170 -2.865518 -0.948034
607 3.5112025325 -3.043724 -0.419101 3.654611 -2.404496 -2.235039
608 3.5405938944 1.059607 -1.525567 -0.710285 1.211198 -2.954939
609 3.4827696576 1.244944 -0.329541 -1.760011 -0.994785 -1.187284
610 3.4081553606 0.627931 -1.103885 -0.401173 -0.969690 -4.735258
611 3.8632530528 3.619769 3.471929 -0.961396 -1.405167 4.654500
612 3.6999297331 0.282059 -2.960016 3.065147 1.547438 0.130763
613 3.5155035763 0.420237 -0.935458 -0.719791 1.490511 -3.928605
614 4.6213331800 -3.461790 -3.267371 -0.523105 -0.972007 -0.925365
615 3.6619121779 -0.019961 0.539287 -0.016469 1.460288 -1.439202
616 3.6036715622 -0.145091 -2.835415 4.296575 0.424737 -1.453636
617 3.4328167718 -2.423268 -1.405581 1.940987 -4.197770 -1.586418
618 3.4986256992 -2.007059 -3.627510 0.769319 1.629791 -0.037345
619 3.6795837427 -2.908726 1.566164 0.438974 1.439881 1.339820
620 3.3919102771 -2.325784 -0.390718 0.869355 0.110771 -3.152934
621 3.4200160589 0.414535 -3.774716 0.461069 -1.862271 -0.165750
622 3.7167486336 -0.045780 -3.141114 0.540114 2.777172 0.742853
623 4.5314228600 -3.741611 1.910383 -0.721416 -1.636520 -4.191993
624 3.4100125978 -2.235252 -0.262284 0.449285 -1.980307 -2.265206
625 4.6222667600 -2.711053 -2.349679 -3.470397 1.878060 -4.768408
626 3.3895600243 -1.831361 -0.879710 -1.906430 -0.409590 -0.820437
627 4.8856266800 -1.544699 -4.981020 -0.560190 -2.690017 -1.986864
628 4.4526991000 -3.699633 -2.836003 1.253827 0.097609 -3.625414
629 3.6371259360 -3.144298 0.662524 -1.670899 -0.360918 4.435337
630 3.4380739699 -3.433716 -3.617405 -0.578161 2.930861 -1.013324
631 3.5203723027 0.839851 -2.089586 -1.131262 -1.786549 1.664443
632 3.6224378496 0.473774 1.307807 -2.082262 -1.477532 3.224915
633 4.3568050200 -1.203892 -2.201590 0.664665 -1.824685 -3.081506
634 3.4264181606 1.193683 -4.416152 -0.344166 -0.299857 -1.477950
635 4.2962638600 1.870143 -2.319410 -1.367964 -2.316064 -2.976868
636 3.6825555053 -3.642542 0.251468 4.270615 1.433194 -0.816966
637 3.3960064493 1.387832 -2.714533 -1.631763 -1.495799 -0.696999
638 4.2715961800 -1.269595 -1.510790 0.723940 -1.824930 -3.289066
639 3.5683042234 2.565296 -4.600986 -3.319246 1.742882 0.222031
640 4.4339782800 -2.682712 -2.786166 -0.676630 -2.617808 1.391904
641 4.5025844600 -3.672868 -1.072252 -0.520463 -1.892339 -2.470749
642 4.3204946200 0.923136 -2.458744 -1.655135 -1.340799 -1.139634
643 3.5134486733 -0.165053 2.260348 0.582703 -2.090604 -3.310232
644 4.2834759000 -0.875569 -1.350514 -2.142117 -0.738867 -1.208374
645 4.4297247600 -4.953112 -1.119811 0.264883 -1.318705 -2.952383
646 3.4106123693 -0.766972 -0.632791 -1.076910 -0.768394 -0.792862
647 5.0315354000 -4.767299 -2.221396 -2.450217 -4.216909 -1.675077
648 3.7536381504 2.826122 -1.993137 0.322756 -0.599371 2.941634
649 3.5453827181 0.067349 -1.503912 2.435657 -0.399493 -3.005345
650 3.4727199379 -2.527047 1.912134 0.658485 -4.166815 -2.272522
651 4.4821097200 2.261220 -0.987219 -4.811905 -0.771762 -4.072174
652 3.5693308109 -0.681558 1.222140 -1.532637 -2.044097 3.000790
653 4.5413782600 -1.752297 -2.565277 -1.160073 0.219640 -3.611095
654 3.4941683578 -4.384894 1.451352 1.194461 -0.819737 -1.983260
655 4.3091360600 -1.210985 -2.006575 1.196816 -1.737091 -4.103172
656 4.3969740000 -0.883422 -1.109356 -1.245017 -0.076880 -3.614786
657 4.2720958600 -0.835259 -2.850373 -0.847532 1.562119 -3.560992
658 3.5376153062 -1.679537 -0.694883 0.102537 -3.571215 1.721355
659 3.5245342426 0.483694 0.519185 0.367384 -1.086742 -2.613955
660 3.5797838803 -0.851629 2.496780 2.551125 -0.537080 -3.910147
661 3.5288409888 -0.764331 -0.629372 2.709221 -4.040048 -0.550087
662 3.6102536870 4.450471 0.569667 -2.664501 -1.282742 0.069225
663 3.4892802950 -2.589753 0.949050 1.847571 -2.912695 -2.252696
664 3.4129262304 -0.862739 -2.123032 -0.513706 0.407096 -2.785916
665 3.7715763110 -3.767472 4.020432 2.855189 -0.081408 1.428837
666 3.4381465114 -4.148008 -1.290553 1.411360 0.764126 -3.579710
667 3.6119530541 3.021039 -1.542442 2.067315 -3.229268 -0.645100
668 3.6609368429 -0.319181 2.035935 4.135474 -0.578202 -3.852557
669 4.3174877000 -0.123168 -2.010806 0.782643 -3.358933 -4.537804
670 3.4646745254 0.030560 1.782518 -1.471565 -2.616368 -0.278152
671 3.3614367898 0.168220 -0.780714 -1.499158 -2.501764 -1.091953
672 3.4316875066 0.250341 -2.379312 -1.641636 -0.880312 0.876146
673 3.5520290381 0.405776 3.548490 -0.982237 -2.227046 -0.027939
674 3.5418821530 -2.631084 -0.961983 1.798850 2.583252 -2.842711
675 3.4479684461 2.901273 -1.215143 -2.884481 0.936591 -4.265649
676 3.6230878886 -0.561795 -2.854292 1.798889 -0.207110 1.674126
677 4.3580010800 -0.685106 -2.528280 0.431570 -3.059997 -2.722161
678 3.4412787706 -2.537738 -1.824597 1.577123 -1.028083 -0.435710
679 3.4753632768 0.398953 -1.271045 0.158174 -1.929652 -1.108379
680 4.7082474200 -1.692442 -3.956127 -0.441470 -0.074734 -3.919950
681 4.2762123400 0.206822 -1.023619 -0.474801 -0.778492 -3.953335
682 4.2671904800 -4.326522 -1.845843 1.083144 -1.630183 -1.022301
683 4.4993146800 2.864241 -4.669502 -2.425833 -1.721855 -2.954939
684 3.4765525037 0.008846 -1.712597 1.088871 -2.940357 -2.115216
685 4.3161306200 -2.014663 -0.067307 0.176706 -0.507947 -3.934020
686 4.3724468400 -0.152791 0.058700 -2.583818 -0.220696 -4.165450
687 4.6411791200 -2.462764 -2.921053 -0.842958 0.197093 -4.910015
688 3.4454561587 -3.402894 0.739438 -0.786997 -0.218514 -1.684471
689 4.4485727600 -3.030808 -3.267371 1.716959 -1.378195 -2.442095
690 4.6617405600 -3.570975 -4.494841 -0.251814 -2.259371 1.052647
691 3.4139223706 -1.850744 -0.219598 -2.201841 0.424737 -2.002334
692 4.2976932200 0.522374 0.875740 -2.901350 -0.213525 -4.890416
693 3.4127649734 -0.474209 -0.257268 -3.011970 0.586139 -1.815736
694 3.3966808358 0.374462 -1.845840 0.438974 -1.078482 -4.727859
695 3.3992413171 -0.908316 -0.569970 0.478930 -1.190077 -4.299783
696 4.4107149800 -0.133931 -3.903243 0.048016 -0.808915 -1.750504
697 4.2898654000 -3.430142 -1.384043 -0.392216 -1.305272 -0.354709
698 3.5451767059 -1.535730 1.910383 -0.721416 1.137857 -3.280232
699 3.4004899008 -0.524153 -1.421399 0.005202 -2.312538 -2.265206
700 3.4443847987 -3.475570 -0.610327 0.506862 0.243889 -0.781429
701 4.4867525400 -1.993318 -4.327233 1.995256 -0.409590 -2.241822
702 4.3350244600 -1.090903 -4.486804 0.155978 -1.698468 1.204588
703 3.4261073626 -2.024440 -3.136047 0.067054 0.435465 -0.395913
704 3.6827838778 -1.455584 -3.375470 2.849739 0.981996 1.512258
705 3.4840879142 2.807394 -3.162030 -0.578161 -1.088340 -1.580204
706 4.5815737000 1.071384 -1.624149 -3.825323 -1.786549 -3.777357
707 3.4210975450 0.295145 0.235698 -1.959310 -0.325029 -2.058682
708 3.5466200525 3.950178 -1.891476 -2.060213 0.541794 -1.815073
709 4.4251827200 1.071384 -4.416152 -0.344166 -0.299857 -3.777357
710 3.6387351878 2.882846 1.252628 -1.156369 -0.457908 -0.003239
711 3.4537297363 -2.806124 0.797007 -2.177010 -1.248221 0.281105
712 3.4123920019 -4.910725 -1.835040 1.719763 -1.495799 0.253828
713 3.4819121030 4.272585 -2.938930 -3.480751 -3.220096 3.123353
714 4.2674391000 -2.397260 0.998717 -1.199764 -1.904660 -2.404207
715 4.3021163400 1.228141 -1.933393 -2.131671 -0.385973 -4.625669
716 3.5689749984 3.407908 -2.001897 1.512774 -1.934604 -3.956344
717 3.4736808787 3.614466 -1.372630 -4.349038 0.193228 -2.825889
718 3.4644330893 0.553343 -2.095024 -1.785363 -3.432106 3.071214
719 3.4116155424 -2.704677 -0.710977 0.117092 0.586924 -4.054201
720 4.3366555200 -3.261760 -1.761122 2.300615 -3.383152 -3.626369
721 3.4427492467 -3.185931 0.386660 -1.076910 -1.199036 -0.792862
722 4.3143725200 3.103174 -1.956237 -2.450217 -2.538974 -4.140141
723 3.3906927283 1.159699 -2.227485 -1.622827 -0.253659 -2.214505
724 4.2633859000 0.992976 -1.503912 -1.673370 -0.762091 -4.188082
725 3.6215281613 -0.271419 -2.129774 1.636091 2.285384 -2.902974
726 4.5712995000 -2.883184 -3.373741 -0.621182 -1.213360 -0.609832
727 4.3501579400 -2.035792 0.073475 1.020745 -2.785365 -3.461363
728 3.5794822406 0.340498 -3.491677 3.106821 -0.953151 -0.012757
729 4.6436844200 -4.294093 -2.435380 -2.972906 0.084463 -1.303347
730 4.3883014000 3.139771 -4.476142 -1.815437 -2.858758 -1.800876
731 3.5309488378 -0.883422 -0.362644 1.149115 -0.256230 -2.166462
732 3.4382694067 -3.974617 -2.083978 0.175055 1.620355 -2.452857
733 3.5439620774 -4.985119 2.605066 -2.858763 -0.134719 2.486330
734 4.4104252800 0.060326 -1.927203 -2.238736 -1.086742 -1.876379
735 3.5281399738 -4.522935 -1.425986 2.551125 1.429435 -1.955829
736 4.4194107800 -0.310176 -2.233349 -0.765681 -1.920987 -1.587347
737 4.3933750600 4.608756 -2.545652 -4.619451 0.115861 -3.152707
738 3.4140909024 -2.589753 -1.034884 1.573918 -3.422628 -2.252696
739 3.4510075315 -3.539745 1.752283 0.398535 -1.928472 -2.785916
740 3.4341015571 -0.136134 -2.886905 2.323022 -0.567445 -4.143914
741 4.3300724800 -1.781068 -1.314837 -1.179398 0.764126 -3.226984
742 4.8134038800 -2.009374 -0.802385 -3.291296 -1.752068 -3.705096
743 4.4807563800 -3.056858 -1.512935 -0.558691 -3.718987 -0.500733
744 3.5312959066 -0.485967 0.067739 -1.722904 1.883770 -1.627250
745 3.4365905856 -2.724238 -3.037514 1.160300 0.775353 -1.384945
746 4.3183417600 2.626974 -2.412746 -1.499158 -2.501764 -4.073729
747 3.5920851149 2.147954 -3.261747 -0.453780 1.665424 -1.752182
748 3.4559534477 1.511916 -0.457803 0.331722 -4.453229 -4.241821
749 4.3601224600 1.988141 -4.175523 -2.971838 0.111030 -2.264555
750 4.2835151800 -1.084776 -1.114066 -0.479029 -2.662239 -1.666431
751 4.6899267000 -0.561795 -4.955335 -2.437800 -0.491350 -2.554067
752 3.5639457408 -1.648511 0.592933 0.431570 -0.732067 -0.561731
753 4.7060815600 -3.407477 0.060281 -1.228438 -3.482386 -4.279245
754 3.6676436602 0.398953 -1.067031 0.158174 -0.770882 2.114344
755 4.2633598600 -0.551314 -1.073591 -2.318435 -0.074734 -1.089854
756 3.4080520090 -1.885857 -0.088229 2.606218 -1.580503 -4.372399
757 3.4573103078 3.436701 -1.820743 -4.555992 2.482025 -4.499910
758 4.3329969600 -0.913818 -1.245042 -1.504726 0.575866 -2.954939
759 3.4099098509 -4.325900 -1.319082 1.133933 -2.678980 -0.370592
760 3.4301817274 1.982003 -3.044846 -3.203498 1.930877 -3.673252
761 3.4446913632 0.718440 -1.258622 -0.012927 -2.424321 -3.193896
762 3.4432900243 -4.754892 -0.293787 1.812813 -4.290615 0.130763
763 4.2768050000 0.245204 -4.612053 -1.077776 0.841112 -2.364004
764 3.6409846982 0.201645 2.937546 2.161044 -4.176152 -0.727173
765 4.3997317000 -3.841494 1.080777 -1.253671 -2.568337 -2.367860
766 4.4646225000 -1.850744 -0.311719 -2.201841 -2.036800 -2.757014
767 4.4799339200 -1.963936 -4.423847 2.815349 -2.594780 -1.659535
768 4.9391952800 -2.007059 1.246152 -4.621185 -1.524069 -3.615276
769 3.5245240819 1.816240 -3.954340 0.438974 -0.219721 -1.405993
770 3.5068743936 -0.417369 -0.390718 0.869355 0.110771 -3.097491
771 3.4561334016 -3.642048 -1.635083 -0.044620 2.955361 -3.923632
772 3.4460333453 -2.128833 -4.285390 0.917066 2.229429 -3.077631
773 4.2842299800 -0.989183 -2.165899 0.725929 -3.206686 -2.027912
774 3.3717237984 -0.524153 -2.434606 0.005202 -2.143887 -0.241095
775 4.3525587200 -0.978173 -3.394426 -0.821093 0.243889 -0.781429
776 4.7587992400 -0.684797 -4.169279 -1.906430 -0.619255 -3.240958
777 3.5106587482 4.046854 -2.186970 -1.281436 -1.412897 -0.254705
778 3.3932593958 0.160080 -2.156453 -1.035089 0.435465 -2.732921
779 4.2766787400 -0.579565 -2.238720 -1.216772 0.963580 -2.505039
780 3.4419624710 -2.620451 -1.041817 1.419313 -1.701590 -1.013324
781 3.4385255309 0.839851 -1.771745 -2.780120 0.727726 -1.617313
782 4.9891967600 -2.099303 -4.150968 -1.959310 -1.846655 -3.003381
783 4.3675171000 -2.604857 -0.399930 0.155534 -0.218278 -4.760046
784 3.5085059194 1.193683 -3.342312 0.814203 -0.223812 -1.477950
785 4.7263932000 -1.860398 -4.990065 1.217154 -1.346160 -3.490907
786 3.5300533709 -0.447332 -2.331335 -2.696128 0.617832 1.501324
787 3.5369155008 1.387832 -2.230815 2.672366 -1.331535 -3.065186
788 3.3856796275 -0.046100 -2.938930 1.053636 -0.688883 -4.252972
789 3.4862846515 -2.457401 -1.028929 -0.336861 0.574025 0.222031
790 4.6903021800 -1.246629 -0.670003 -3.544863 -2.617808 -1.844836
791 4.4195368400 3.279581 -1.111575 -4.196449 -1.934604 -3.356951
792 3.4896042950 3.670126 -1.815753 -3.110146 0.375701 -3.036164
793 3.4197152659 0.221796 -4.354369 -1.301557 -3.432106 3.071214
794 3.7424207347 -1.221255 -0.710977 0.117092 0.586924 4.691826
795 4.4429895000 -2.620806 -0.679225 -2.025879 -3.383152 -0.238088
796 3.4144683149 -2.970051 -0.632791 0.940922 -0.768394 -2.371674
797 3.6234888365 0.706042 -0.669817 0.027116 -2.538974 2.528462
798 3.3818876525 1.345259 -2.227485 -1.622827 -0.253659 -3.620389
799 3.3920681126 -3.095749 -1.503912 -1.079571 0.839308 -1.933772
800 3.3920128512 -1.041840 -2.774461 -0.471073 -0.083798 0.320926
801 3.4379439552 3.074680 -0.987219 -3.443184 -0.270978 -3.328185
802 3.3644958682 -0.189535 -0.517219 -1.634259 -1.793192 -0.442239
803 4.2795869800 -1.752297 -2.565277 -0.664267 0.764399 -2.999890
804 4.3189471400 -2.385574 -3.167593 2.284752 -2.439639 0.324255
805 3.4582724237 -2.657340 -2.006575 4.144009 -3.215262 -0.415005
806 3.4855100755 -0.883422 -0.913205 1.149115 -1.386703 -1.740093
807 4.4733893200 -0.231168 -2.040093 -1.062075 -2.515012 -1.360279
808 3.4925917997 -0.321467 -0.694883 -0.424959 0.924153 -4.475514
809 3.6655778707 0.520727 -0.937087 -1.709367 -0.017443 4.144734
810 4.8497876000 -4.522935 -0.135939 -2.132343 -2.886625 -3.233027
811 3.4096296557 -2.131354 -0.214435 2.307884 -1.054886 -4.139955
812 3.7474766726 4.608756 -2.346089 0.041634 0.653106 0.975404
813 4.3113414000 -0.153659 -4.957499 -2.601915 1.983322 -2.252696
814 3.3912095731 -3.915656 -0.516315 0.649998 -0.499357 -2.785916
815 3.4184446502 -0.136134 -1.016229 -1.281436 -0.567445 -0.254705
816 4.6421861000 -4.148008 -0.822942 -3.025651 0.764126 -4.778039
817 4.2994738200 -2.009374 -2.449376 2.067315 -0.508895 -3.135593
818 3.4351969018 -3.302678 -1.340993 1.739895 -3.718987 -0.425685
819 4.9620734600 -1.628167 -2.546709 -3.429877 -2.982134 -1.469498
820 3.6069007968 1.370439 -3.037514 1.160300 0.775353 -1.384945
821 3.4423250227 -1.011123 0.733957 -0.582463 -2.501764 -1.091953
822 4.3625763200 -2.597419 -2.687305 0.196558 -0.880312 -1.559696
823 3.4575428275 1.575666 -0.457803 -0.646370 -4.453229 -1.357862
824 4.4847839400 -2.631084 -3.231158 -3.862975 0.376018 -0.702155
825 3.4300515571 1.612214 -1.797547 -1.414363 -3.473210 -0.905441
826 3.3581281018 -0.561795 -1.641375 -0.831632 -0.845502 -2.554067
827 3.3581281018 -0.561795 -1.641375 -0.831632 -0.845502 -2.554067
828 3.3581281018 -0.561795 -1.641375 -0.831632 -0.845502 -2.554067
829 3.3581281018 -0.561795 -1.641375 -0.831632 -0.845502 -2.554067
830 3.3581281018 -0.561795 -1.641375 -0.831632 -0.845502 -2.554067
831 3.3581281018 -0.561795 -1.641375 -0.831632 -0.845502 -2.554067
