evaluations raw_y x0 x1 x2 x3 x4
1 5609.4393202488 0.007462 0.375648 -1.835658 -4.036007 -4.435978
2 -7749.9190003535 -2.564691 1.219380 -3.022218 2.103552 1.140926
3 5032.0711246691 3.718315 1.141656 0.248334 2.275550 -4.555275
4 -7656.7420842147 -0.681131 -3.442844 -0.996129 -4.975070 3.924388
5 -7557.6570571849 -1.094446 -3.386881 2.766943 2.505569 1.434728
6 42.1399136308 3.374352 -3.591092 1.127398 3.784798 -0.006067
7 -6350.8577464344 -0.779673 0.053365 2.640167 3.962553 4.570697
8 -6486.1411930118 -1.593167 0.798730 3.846316 0.553241 2.111807
9 -5520.0919001365 3.791152 0.247049 -2.149181 4.808408 3.075381
10 -5932.2278567365 2.745610 1.831579 -3.134121 -1.975324 3.939463
11 2627.0514185026 1.139120 -3.072387 0.638788 3.728639 -2.297845
12 2317.1314179122 2.824164 0.675966 4.138155 -4.587775 -1.605243
13 3154.6920366778 1.943004 1.970762 4.797291 -0.044369 -3.033141
14 6032.3664151739 -0.506337 4.612841 0.947943 -4.378281 -4.960028
15 -7802.5510227545 2.309288 -4.906905 -4.871937 -0.880401 2.829392
16 -7873.4346762979 -2.742141 -5.000000 -5.000000 5.000000 2.449130
17 -6824.3601537379 -0.179456 -5.000000 -5.000000 5.000000 2.877544
18 455.9041663646 -5.000000 -5.000000 -3.445330 -5.000000 1.220574
19 -8788.5229714826 1.496813 -5.000000 -5.000000 -5.000000 5.000000
20 -9950.1831258787 -5.000000 -5.000000 -5.000000 2.657018 2.169764
21 -9156.3102065978 -2.822608 -5.000000 -5.000000 -1.700206 5.000000
22 -8787.3692809751 -3.436445 -5.000000 -5.000000 1.705879 3.107396
23 -7189.3554014714 -5.000000 5.000000 5.000000 4.975971 1.260668
24 379.0100380753 -5.000000 -5.000000 -5.000000 2.999694 1.126267
25 -5831.5344620623 5.000000 -1.264349 -4.890213 5.000000 1.744631
26 -10298.0983444932 -5.000000 -2.157312 -5.000000 -2.600288 2.505533
27 -5848.3990372709 -5.000000 4.585989 -4.934199 5.000000 1.744368
28 -10814.4426054103 -5.000000 -5.000000 -1.173687 -5.000000 2.469797
29 -8247.0639583202 -5.000000 -5.000000 5.000000 -0.108208 2.136723
30 -6283.0867741630 5.000000 -5.000000 -5.000000 5.000000 4.553391
31 -12242.8005112711 -5.000000 -5.000000 -5.000000 -5.000000 2.582013
32 -6763.1648150438 5.000000 2.401649 5.000000 5.000000 0.943482
33 -8799.1997461989 -5.000000 0.820102 -5.000000 -5.000000 5.000000
34 -7258.6194756236 -5.000000 -4.959417 5.000000 -5.000000 5.000000
35 1163.1521530759 -5.000000 5.000000 -5.000000 -5.000000 0.161615
36 -12021.1607857850 -5.000000 -5.000000 -5.000000 -5.000000 2.802620
37 -6792.3087993600 -5.000000 -0.161013 5.000000 -5.000000 3.322731
38 -5602.1842285757 5.000000 5.000000 -5.000000 5.000000 5.000000
39 -5442.2759472013 1.935451 2.449099 5.000000 -5.000000 1.400579
40 -5944.6072456844 -5.000000 5.000000 5.000000 -5.000000 5.000000
41 -4854.6915322761 -5.000000 5.000000 -5.000000 5.000000 3.464131
42 -5824.4066827858 5.000000 0.174276 5.000000 -5.000000 5.000000
43 -11007.3604566667 -5.000000 -5.000000 -5.000000 -5.000000 4.497086
44 -12279.9549199293 -5.000000 -5.000000 -5.000000 -5.000000 2.546927
45 -7770.4050105305 -5.000000 -5.000000 -5.000000 5.000000 4.153676
46 1555.2867095545 -5.000000 -5.000000 5.000000 5.000000 -1.000897
47 1517.5218662920 5.000000 5.000000 -5.000000 5.000000 -0.896856
48 -4929.9881686869 5.000000 5.000000 -5.000000 -5.000000 3.010582
49 -12295.6527975990 -5.000000 -5.000000 -5.000000 -5.000000 2.532249
50 -10513.0822833826 -5.000000 -2.270491 -5.000000 -5.000000 3.194066
51 -4603.7551620842 5.000000 5.000000 -5.000000 5.000000 1.003794
52 7193.1822385270 -5.000000 -5.000000 -5.000000 5.000000 -5.000000
53 -9760.5853325589 -5.000000 -1.683295 -5.000000 -5.000000 4.485091
54 -6916.2550392783 -5.000000 5.000000 -5.000000 -5.000000 4.516967
55 -7856.6552866676 -5.000000 -0.216428 5.000000 5.000000 1.492764
56 3240.6058937084 -5.000000 5.000000 -5.000000 5.000000 -2.016130
57 -6805.7979419303 -5.000000 1.824091 5.000000 -5.000000 2.442760
58 5151.4542980802 -5.000000 -5.000000 -5.000000 5.000000 -3.356989
59 -12095.3974273199 -5.000000 -5.000000 -5.000000 -5.000000 2.726405
60 -5195.6852452791 -5.000000 5.000000 -5.000000 5.000000 5.000000
61 493.1202387100 5.000000 5.000000 5.000000 -5.000000 0.175005
62 -5466.3236578067 5.000000 -5.000000 5.000000 -5.000000 1.934623
63 2041.7078003587 5.000000 -5.000000 -5.000000 5.000000 -1.187175
64 -12126.1692176312 -5.000000 -5.000000 -5.000000 -5.000000 2.695534
65 -12342.6898929601 -5.000000 -5.000000 -5.000000 -5.000000 2.488770
66 -11980.4794944857 -5.000000 -5.000000 -5.000000 -5.000000 2.845498
67 -5600.3546203900 -5.000000 5.000000 5.000000 -5.000000 3.827158
68 6986.0010851728 5.000000 -5.000000 5.000000 -5.000000 -5.000000
69 -11520.6650402271 -5.000000 -2.236703 -5.000000 -5.000000 2.076632
70 -6948.1451407122 5.000000 5.000000 5.000000 5.000000 3.656871
71 -7283.2038188796 -5.000000 -5.000000 5.000000 -5.000000 4.251571
72 -8133.5344586080 -5.000000 5.000000 5.000000 5.000000 0.378784
73 -11396.0199890566 -5.000000 -5.000000 -5.000000 -5.000000 3.594001
74 -12484.3544743105 -5.000000 -5.000000 -5.000000 -5.000000 2.362053
75 5044.2364440336 5.000000 -5.000000 5.000000 -5.000000 -3.445455
76 -12533.1728220143 -5.000000 -5.000000 -5.000000 -5.000000 2.319743
77 -12561.1401678534 -5.000000 -5.000000 -5.000000 -5.000000 2.295796
78 -12597.2263583554 -5.000000 -5.000000 -5.000000 -5.000000 2.265201
79 -6623.8422606327 5.000000 -5.000000 5.000000 5.000000 5.000000
80 269.1678512638 -5.000000 5.000000 5.000000 5.000000 -0.508533
81 -5673.2221978802 2.346519 5.000000 -5.000000 -5.000000 1.587543
82 -7139.7182172319 -5.000000 5.000000 -1.455315 5.000000 0.686058
83 3628.0298181240 -5.000000 -5.000000 -5.000000 -5.000000 -2.002733
84 -5953.3965228894 5.000000 5.000000 -5.000000 -5.000000 5.000000
85 -11466.8048875415 -2.894679 -5.000000 -5.000000 -5.000000 2.221338
86 3776.5975142997 5.000000 5.000000 -5.000000 -5.000000 -2.537690
87 4033.7581622292 -5.000000 5.000000 5.000000 5.000000 -3.929666
88 -5024.4987746398 5.000000 -5.000000 5.000000 -5.000000 3.159730
89 -4596.6857688135 5.000000 5.000000 5.000000 -5.000000 3.318479
90 -7341.8096185209 -5.000000 5.000000 5.000000 -5.000000 0.855323
91 -8728.3695129057 -5.000000 0.490328 5.000000 5.000000 0.647138
92 4632.9724793175 5.000000 5.000000 -5.000000 5.000000 -3.628327
93 -7538.0942362401 -5.000000 5.000000 -5.000000 -5.000000 2.324348
94 -5904.3080983352 5.000000 -5.000000 5.000000 5.000000 3.752912
95 -6944.6518733539 -5.000000 -5.000000 5.000000 5.000000 3.286217
96 1983.7155154874 -5.000000 -5.000000 5.000000 -5.000000 -0.490877
97 3037.0674225922 -5.000000 5.000000 5.000000 -5.000000 -2.352445
98 -7584.7428576537 -5.000000 5.000000 -0.867582 -5.000000 1.540066
99 -8249.0433342431 5.000000 5.000000 5.000000 5.000000 5.000000
100 -6298.2861735352 -5.000000 5.000000 5.000000 5.000000 2.978633
101 -4427.8386169430 5.000000 5.000000 5.000000 -5.000000 2.406408
102 2329.8806942507 -5.000000 5.000000 -5.000000 -5.000000 -1.099188
103 1997.0851989150 -5.000000 -5.000000 -5.000000 5.000000 -0.472550
104 -5314.6889911446 5.000000 5.000000 5.000000 -5.000000 4.470669
105 -6821.3050903762 -5.000000 -5.000000 5.000000 5.000000 5.000000
106 -6760.7564136584 5.000000 -5.000000 5.000000 5.000000 0.877427
107 -6112.1398947432 5.000000 -5.000000 5.000000 5.000000 1.783669
108 6703.5164872930 5.000000 5.000000 -5.000000 -5.000000 -5.000000
109 -8951.3359661496 5.000000 -5.000000 -5.000000 -5.000000 1.563244
110 -6595.0771053826 5.000000 -1.692449 -5.000000 5.000000 0.841630
111 -6442.5883380488 -5.000000 5.000000 5.000000 5.000000 4.243143
112 4988.2053461705 5.000000 5.000000 5.000000 -5.000000 -4.005517
113 326.9554839216 5.000000 1.945989 -5.000000 -5.000000 0.850696
114 -7937.7371096513 5.000000 -5.000000 -5.000000 -5.000000 3.506636
115 -11007.8097689468 -5.000000 -3.984804 -3.608575 -5.000000 2.863487
116 1475.6576714884 5.000000 5.000000 5.000000 5.000000 -2.096706
117 4229.6365654163 5.000000 -5.000000 -5.000000 -5.000000 -2.701187
118 1517.0155511435 5.000000 5.000000 5.000000 -5.000000 -0.878107
119 -8015.3668853467 5.000000 -5.000000 -5.000000 -5.000000 4.421138
120 4668.2917994133 -5.000000 5.000000 -5.000000 -5.000000 -3.345748
121 -4909.6272147875 5.000000 5.000000 -5.000000 5.000000 4.264647
122 -8524.6743041225 5.000000 -5.000000 -5.000000 -5.000000 2.080983
123 2105.8318325712 5.000000 -5.000000 -5.000000 -5.000000 -0.725909
124 3498.3049773098 -5.000000 -5.000000 5.000000 5.000000 -2.766975
125 5369.8567624640 -5.000000 5.000000 5.000000 5.000000 -5.000000
126 -6730.3042621521 -5.000000 -5.000000 5.000000 5.000000 4.104021
127 581.7695381205 -5.000000 1.454903 5.000000 -5.000000 0.316169
128 -6853.6029566349 -5.000000 5.000000 5.000000 5.000000 5.000000
129 -10940.9688625105 -5.000000 -5.000000 -5.000000 -5.000000 5.000000
130 -7196.7781431681 5.000000 5.000000 5.000000 5.000000 0.105724
131 -6504.2967099993 5.000000 5.000000 5.000000 5.000000 2.755071
132 -5332.4775013913 5.000000 -5.000000 5.000000 -5.000000 4.624791
133 4876.5239675713 5.000000 -5.000000 -0.375617 5.000000 -4.101377
134 -7078.6790640111 -0.675818 3.954855 5.000000 5.000000 0.673746
135 -7077.4274166069 -5.000000 5.000000 -5.000000 -5.000000 3.117943
136 671.5837061813 5.000000 5.000000 -5.000000 5.000000 -0.070265
137 516.8894142682 5.000000 -5.000000 5.000000 5.000000 -0.628169
138 -5801.1009247263 5.000000 -5.000000 5.000000 5.000000 2.781910
139 -6519.6796039090 -5.000000 5.000000 5.000000 5.000000 2.257863
140 -9790.7370470664 -5.000000 -5.000000 -1.831751 -5.000000 4.756636
141 -6650.7332824407 -5.000000 0.412293 5.000000 5.000000 3.728068
142 -12650.2710317493 -5.000000 -5.000000 -5.000000 -5.000000 2.220825
143 -11587.5346537190 -3.787258 -5.000000 -5.000000 -5.000000 2.560581
144 -8008.8815167004 -5.000000 1.541782 5.000000 -0.728209 1.230103
145 5377.6547171352 -5.000000 -5.000000 5.000000 5.000000 -4.320780
146 -11156.3181953563 -5.000000 -5.000000 -5.000000 -5.000000 4.050449
147 -7733.4849166063 -5.000000 -5.000000 -5.000000 5.000000 5.000000
148 -6408.6791441080 5.000000 5.000000 5.000000 5.000000 1.818670
149 -6559.3576527822 5.000000 -1.227963 -0.606228 0.322108 1.419051
150 -12345.3934338075 -5.000000 -5.000000 -5.000000 -5.000000 2.486294
