evaluations raw_y x0 x1 x2 x3 x4 x5 x6 x7 x8 x9 x10 x11 x12 x13 x14
1 131.4882757989 4.219859 0.230859 -1.587737 4.561917 1.264138 2.154603 0.449035 2.085917 3.469058 -3.440685 -4.510870 -2.879903 4.688591 -3.166761 -3.550590
2 268.9672912319 -4.201750 2.841230 1.578965 -0.527164 -2.499510 -3.239444 4.519452 4.993459 0.439460 -4.561813 1.795682 -2.135333 -4.676081 3.518264 2.456331
3 267.5610957426 -3.675528 -1.368006 -1.789337 2.502269 3.899621 -4.924377 -2.394049 -1.758999 1.916454 3.344470 -4.550888 -4.092491 -4.185097 4.284922 -4.804773
4 241.6735559664 4.385751 4.785452 3.594831 -3.835683 0.075341 -3.785874 -4.060612 -4.620709 -2.247622 3.079652 -2.912155 -1.359177 4.180067 -0.196754 -0.087547
5 159.3347405673 -1.632321 3.499890 0.056000 1.243159 -3.284379 4.655985 -0.604634 -4.229958 -3.606393 -4.691310 0.180964 -0.617785 -0.233703 -0.479107 -0.611805
6 118.6793082739 -3.767391 3.146395 1.288540 -1.333351 1.342028 3.482899 1.631836 0.979024 3.300523 2.244923 -2.030855 -0.203113 0.676075 1.247468 -2.417133
7 146.4408298426 -1.238759 -3.462273 -0.996879 -4.215135 -4.373640 1.223370 -3.932776 3.873239 -1.146226 -2.348467 -0.423757 4.037195 -0.281837 0.493452 -0.818700
8 252.8433235643 4.484282 -4.666774 -0.706758 0.833609 -1.862740 -3.432667 -1.662109 3.736614 3.974545 4.664541 4.623116 -4.209723 -3.291184 -2.864733 -3.264446
9 199.8882570264 1.100893 0.254163 -2.740022 4.786106 -2.192290 1.032910 -3.435653 3.837169 1.555175 -3.814001 4.906773 -0.893429 -4.428337 2.581720 3.346320
10 189.2062061640 -1.283686 0.386453 -1.323802 0.969523 4.718104 4.375058 1.638300 1.408157 -2.585972 -2.044744 -4.695103 -3.649463 -2.499512 3.809387 -1.002896
11 154.2912453592 4.171969 -1.035285 -4.859555 3.755618 3.193964 1.870358 -0.847110 2.466539 -0.260522 -2.498155 2.720671 2.340925 0.032661 -3.399656 -1.691028
12 240.1162549514 -3.114113 4.650564 3.362442 1.962982 -0.808921 3.483566 3.942131 -1.379006 2.165151 -4.861705 -4.906771 -2.991433 0.479095 3.657028 -0.957265
13 240.6504407828 4.330971 -2.175879 3.987367 4.990605 1.360975 -0.851051 -3.513611 -4.108063 1.018364 -2.437248 -0.104274 -1.517760 4.973920 4.718968 -4.956079
14 189.5407237144 -2.231829 -0.878148 -2.595345 4.858254 -1.742125 -4.390702 2.521570 2.800872 -3.101470 -4.769738 0.488085 -0.274799 4.136072 2.928934 0.708524
15 175.0342310850 0.275144 -1.303291 -3.778044 -4.734743 -3.082521 2.594051 -2.772986 3.936522 -3.886418 0.621644 -3.661354 -0.665942 -1.273348 -0.977778 -1.923132
16 187.5489601706 -1.868135 -3.743391 -0.282995 -1.476811 2.484046 1.768644 4.530410 -3.958537 -1.633877 -1.444476 -2.887167 4.429499 -4.235403 0.142803 4.637197
17 227.4873868558 -2.290614 -4.732161 1.806403 0.812629 3.658935 0.319583 -4.331106 -2.039384 -1.333082 4.217587 3.584419 -4.921923 2.161356 0.104437 1.565201
18 171.7338659866 0.586269 -3.302221 -3.431709 -1.208516 -4.930802 -2.324350 0.043633 1.174489 4.632638 -0.346426 0.436430 -0.212183 -3.522853 1.480469 0.271986
19 191.6385934371 -4.317069 3.316940 1.276500 3.545003 3.041128 0.437866 -0.933517 0.263565 -1.865363 -4.455912 -1.978535 -3.424391 1.242009 -1.450152 -3.370045
20 201.3776728962 0.127979 0.104864 3.502652 -1.226137 2.656045 4.888396 3.958900 1.900213 1.037199 4.566594 -4.387596 2.656816 1.105441 -4.361501 -3.348134
21 170.4119156484 -0.680153 2.017573 -2.571025 4.100243 -3.608286 2.752386 0.276859 0.941226 4.616405 2.398872 -3.270015 0.186644 -1.186809 3.709905 2.624133
22 191.2917022426 0.761176 -1.187425 -4.196533 0.709291 3.832771 -1.790036 4.776844 3.966719 -3.022795 -3.515034 0.387292 -2.003516 -0.154771 4.171289 -1.225781
23 114.9384735235 3.185364 -0.108596 -3.377901 -3.880119 -1.431613 -0.822724 -0.719959 1.801314 1.364303 0.347275 -4.667186 2.434405 1.422252 1.937290 -1.871078
24 127.1348497247 2.203143 -3.070093 -1.003844 -3.672415 2.310654 3.644886 -2.328701 -2.029061 -0.366438 -3.057270 -3.979323 1.258237 2.118983 -3.740689 -4.068128
25 208.4941986980 2.660243 1.773384 -4.681017 4.516459 2.188620 2.634797 0.367326 -3.528993 2.641212 -4.757392 -0.578719 -3.013067 3.496168 2.957129 3.504685
26 161.4644661883 2.054827 -3.697612 0.447954 -0.498569 2.380291 -2.855483 1.246214 -0.064756 1.703264 4.581291 1.596460 -2.395208 -3.920113 -1.314878 -1.063512
27 152.0402352062 -0.896506 2.191016 -4.984637 4.286915 1.665113 -2.239370 -1.642809 -1.895179 -3.372440 1.457016 3.220127 -0.633430 -4.804663 -2.127752 -1.593996
28 169.9635168567 4.503013 1.128759 -1.970992 2.582851 1.478679 1.237423 -3.721282 -0.698784 3.558214 4.165428 -1.642162 -0.584612 -4.858447 4.350950 0.188959
29 197.8582533796 -1.960383 -3.754891 -3.168304 -4.740557 1.437516 -3.859469 1.125877 2.828184 0.445198 4.511621 0.076613 2.310455 3.736832 0.651386 -0.136278
30 190.6130880727 -4.944783 4.274418 4.448174 0.968648 -2.898330 -1.496665 2.574818 -1.722126 -3.456738 3.878135 -1.889805 0.000686 -2.063861 -1.186157 -0.291145
31 279.0131600206 2.000549 3.208283 -3.562874 -2.924741 4.962997 -3.069782 1.124857 -4.082084 -4.303030 1.459618 3.969229 -2.781043 4.955682 3.704395 -4.851812
32 181.7966979186 2.640199 -1.048830 3.348992 2.265155 2.855566 0.233502 -2.497444 0.136300 3.065011 -3.319337 3.815042 2.465484 -3.842537 1.551537 -0.758719
33 176.7061111491 -2.257634 -2.469755 0.917543 2.823670 -3.179610 -2.952804 2.312289 2.839171 1.237522 -2.646220 -4.837774 4.662276 0.816743 1.194841 -2.685030
34 217.1060510337 2.807758 3.116346 -1.704823 -4.770879 -3.949900 3.438002 4.255142 2.282848 2.594631 1.571952 4.567649 0.020731 -0.582470 -3.428524 0.212662
35 233.4315328416 3.372286 4.145830 4.378716 0.580416 -4.973927 3.219616 0.280488 3.963764 -0.054934 -3.777127 -2.858331 4.949361 -4.466594 -2.860845 1.150405
36 212.6472298429 1.519509 -2.530637 -2.498005 1.355286 3.922579 3.087240 -2.972494 0.475559 2.622907 2.036319 -1.172785 -3.554243 1.465828 -4.934799 3.264887
37 128.5694587253 -1.132632 -0.067832 -1.222487 4.045091 2.076552 -0.906379 3.480439 4.192504 -0.159300 3.197385 2.907876 -4.189683 -2.546449 -2.978354 1.354116
38 195.8965369043 2.610894 -4.992698 -1.815895 0.404013 1.689133 -2.581141 -0.023778 4.295894 -3.988480 0.738573 0.425033 3.448199 -1.910986 4.597984 3.707096
39 153.2380433774 2.948035 3.066735 -1.174650 -1.908224 2.560688 4.807409 2.188496 -3.296084 -1.150093 -1.732326 0.086258 -0.426744 -2.142536 -3.380218 -0.129986
40 179.0563427671 4.991022 -1.214865 4.619303 -0.816443 2.139124 -3.231459 4.217332 4.610926 1.069010 1.064915 -2.996743 -2.378196 0.976720 -0.636179 -1.441220
41 144.4199434411 1.305367 -1.736057 -1.946155 -3.757150 -3.255951 -2.854484 3.142355 3.936741 0.471064 3.768431 0.761309 -4.285871 1.839231 -3.047697 -1.671610
42 168.3469968085 1.195353 1.073002 -4.643498 -3.669531 2.054421 -0.298630 -3.799542 3.853811 4.254189 2.222741 -2.312095 -3.057253 1.569130 -1.945410 -4.838779
43 200.9088940825 1.195617 -3.033068 2.919738 -2.669811 2.554364 -4.373378 2.867367 -0.979876 -4.204803 0.454826 1.699647 2.511992 -4.324223 2.645457 -3.506880
44 205.2432863821 -3.424577 3.937584 -0.244835 3.735929 1.499833 1.473298 4.015223 3.355940 4.349911 -0.368353 -1.806412 -1.546917 0.337376 4.600765 -1.649213
45 206.1621600033 -1.583040 0.473938 4.342898 -4.310105 0.975517 0.975441 1.227189 -0.234348 -4.128487 4.997929 -3.054013 0.114760 -4.581232 -1.886294 1.324468
46 114.4347927988 -0.539242 1.314378 -2.140769 0.293582 1.530939 3.607228 -0.221735 0.040742 3.222620 -0.122453 -4.101880 0.493678 0.284022 -0.537576 -2.780470
47 33.0681795048 1.835658 -0.691139 -2.314245 -0.873405 1.406426 1.803951 0.291286 -0.328600 0.927591 -0.644146 -2.713521 0.418732 0.349722 -0.387723 -2.558264
48 29.8027451162 2.162194 -1.479088 -2.696995 0.729101 0.708004 1.349831 2.162479 -0.738464 0.551396 -0.313008 -2.058653 -0.148336 -0.421871 -0.506287 -3.340511
49 84.4024553924 3.151731 -2.802948 -3.622632 0.545234 3.972345 1.674904 2.678711 1.858479 0.590639 -0.838144 -2.983974 0.040377 1.675475 -0.290739 -4.098782
50 29.5012611530 2.659685 -0.586842 -1.754674 -0.323657 -1.019507 1.105809 1.905141 -1.664783 0.626405 0.116642 -1.342711 0.318133 -0.840336 -0.680643 -2.440434
51 32.1944568010 1.855462 -0.750878 -2.315927 -1.942138 -0.731646 1.082125 2.293018 -0.984333 0.569850 -0.447610 -1.609203 -1.880939 -3.277104 -0.716744 -2.736111
52 65.5622038738 2.142086 -0.606894 -2.259090 3.526374 -2.645953 1.205153 2.751460 -1.014208 0.464552 0.119956 -1.621968 0.167060 2.476900 -0.619281 -2.711462
53 31.6060839649 2.490505 -1.329823 -1.758797 -1.079068 0.333308 1.282485 1.237901 -1.780211 0.521614 -0.789983 -1.268043 0.469858 -0.301679 -0.528987 -2.654866
54 38.9386957397 3.075936 -0.903536 -2.510296 -0.291830 0.154460 1.019232 1.360153 -1.296096 0.369792 -0.092715 -1.571630 0.824470 -3.243975 -0.748285 -2.680779
55 41.4773116523 1.471397 -1.277956 -1.886468 -1.244181 -0.132541 1.515938 1.929020 -1.736435 0.765627 -0.631868 -1.477990 -3.763641 1.211694 -0.505539 -2.824653
56 18.7685211590 1.234047 -0.811961 -1.536593 -1.660748 0.018711 1.549903 1.851341 -0.492725 0.549486 -0.484510 -1.120264 0.701970 -1.153416 -0.210885 -3.582182
57 66.4515910115 0.827877 -0.134943 -3.212213 -3.536626 -1.324840 1.880642 1.227200 -2.033755 0.647389 0.502315 -1.064873 2.861644 -1.639989 -0.142391 -4.867759
58 15.5143234204 2.067165 -0.783390 -0.780248 -0.906749 0.141306 1.406300 2.046897 1.130149 0.132100 -0.749436 -1.099810 -0.253929 -0.811764 -0.233201 -3.707817
59 10.9351546068 1.828893 -0.614069 -1.040949 -1.080436 0.167805 0.821017 2.066103 0.856784 -0.033996 -1.515210 -1.192278 -0.090322 -0.511128 -0.747051 -3.737473
60 29.6708624747 2.162050 -0.396124 -1.169921 -1.059087 0.120899 0.658985 3.577550 0.499414 -0.461953 -1.569063 -1.382943 1.142610 0.862056 -0.923661 -3.373634
61 20.0658617817 1.269413 -0.619502 -0.915777 -0.213364 -0.155815 0.727340 1.054166 0.858869 -0.070297 -1.019160 -1.048664 -0.613092 -0.971010 -0.721878 -5.000000
62 27.2215761212 2.772440 -1.637645 -0.951932 -1.630341 -0.182006 1.819455 1.512342 1.461035 0.767398 -2.758603 -1.448919 -0.407589 -0.830998 -0.159170 -3.897206
63 2.2489840393 1.195886 -0.679632 -0.804103 -0.106206 -0.052495 1.241303 1.427912 1.328664 -0.535888 -0.102607 -0.641139 -0.319787 -0.740464 -0.053515 -2.677363
64 0.3924828610 0.344257 -1.118937 -0.823795 0.545494 -0.345438 1.405603 1.394213 1.288106 -0.718543 -0.471937 -0.362321 -0.096326 -1.183095 -0.424864 -1.974508
65 -2.8719913387 0.340395 -1.290554 -1.001011 0.323259 -0.285471 1.198782 1.224728 1.711854 -0.385159 -0.679456 -0.536475 -0.118843 -0.640621 -0.733492 -1.881601
66 -4.7952753079 0.120371 -1.083608 -1.338825 -0.008865 -0.350476 1.042892 1.261496 2.160539 -0.195934 -0.863627 -0.656326 -0.061806 -0.295376 -1.391237 -1.877301
67 1.2006314599 -0.067174 -0.765578 -1.791377 -0.043898 -0.470076 1.177311 1.344293 2.952559 -0.294849 -0.436952 -0.568872 0.016409 -0.101128 -1.053689 -2.052705
68 -5.6899642904 -0.059391 -1.486013 -1.386979 -0.165933 -0.688676 0.885225 1.352456 1.373381 -0.676528 -1.317086 -0.835205 -0.572548 -0.414206 -1.693239 -1.912186
69 4.5308185170 -0.049900 -1.948257 -1.064495 -0.261992 -0.583692 0.943449 1.329273 1.500595 -0.586723 -0.828224 -0.715005 -0.204214 0.383790 -2.200911 -2.104526
70 -0.8221554818 0.289658 -0.723833 -1.725210 0.054428 -0.533473 0.633788 1.006499 1.466448 -0.502393 -1.767479 -0.822792 -0.640948 -0.852299 -1.181532 -1.273853
71 -0.2659979146 -1.141237 -1.244055 -1.619919 -0.047155 -0.590751 1.189494 1.716982 1.477331 -0.556881 -1.464843 -0.252278 -0.173058 -1.728627 -1.200324 -2.087884
72 1.8910454689 0.106718 -1.417676 -1.230266 0.633829 -0.741503 1.096550 1.717068 2.350130 -0.573119 -1.360702 -1.314499 -1.165057 -1.271092 -1.336797 -1.618093
73 -10.1514765698 -0.627339 -0.718096 -0.962893 -0.726298 -0.702123 1.230808 1.280755 1.362250 -0.394775 -1.225969 -0.547488 -0.467308 0.239367 -0.742628 -1.506692
74 -9.3089803098 -1.539147 -0.947009 -0.649771 -0.985488 -1.101309 1.205792 1.493551 1.526318 -0.199441 -1.184945 -0.461917 -0.815667 1.133347 -0.543016 -1.163805
75 -9.6993997544 -1.651079 -0.814738 -1.322916 -0.799193 -0.788032 1.486023 1.287693 1.163986 -0.609642 -1.139602 -0.590506 -0.473419 1.180194 -0.451060 -1.066361
76 -8.4318407552 -1.806580 -0.766118 -1.269615 -0.660879 -1.041233 0.986862 1.319697 1.145448 -0.368338 -0.567444 -0.615852 -0.588208 0.542907 -0.466749 -1.115849
77 -8.3577987618 -1.755332 -0.845949 -0.590602 -0.805445 -0.590481 1.507098 1.164847 1.390883 -0.309246 -1.510106 -0.650456 -0.464776 1.098265 -0.812684 -1.121312
78 -10.4065564086 -1.076244 -0.877485 -1.264328 -0.899308 -0.959276 1.410139 1.452881 1.458832 -0.734379 -1.236374 -0.242128 -0.830715 1.050353 -0.609846 -0.831009
79 -7.2677765846 -1.244268 -1.101975 -1.163404 -1.339781 -0.482884 1.172229 1.607440 1.592379 -0.674844 -1.553827 -0.368110 -0.625321 1.065697 -0.667430 -0.954653
80 -8.6373958670 -1.068284 -0.784725 -1.138524 -0.935673 -1.512252 1.386871 1.584231 1.361328 -0.285237 -1.235916 -0.583566 -0.706620 0.954857 -0.955487 -0.866603
81 -6.9893613966 -1.429553 -0.672069 -0.753691 -0.514915 -1.305008 1.145508 1.174230 1.451122 -0.820798 -0.965179 0.100858 -0.573158 1.171492 -0.674771 -1.134047
82 -6.4847706823 -1.430966 -1.092303 -1.618778 -0.462176 -1.001361 1.502512 1.358024 1.527029 -0.281484 -1.362989 -0.590819 -1.035021 1.167840 -0.571328 -1.338529
83 -13.9714005815 -1.209759 -0.627027 -0.843029 -0.886313 -0.803464 1.405922 1.184214 1.188505 -0.442572 -0.799857 -0.403372 -0.596265 0.508468 -0.570384 -0.263841
84 -12.0476146896 -1.457837 -0.624125 -0.681557 -0.953168 -0.980246 1.701238 1.157067 1.314474 -0.561554 -0.575665 -0.213552 -0.692301 0.248578 -0.315605 1.209367
85 -10.1087497267 -1.209885 -0.579297 -0.859513 -0.558917 -0.724918 1.543318 1.576518 1.203036 -0.572827 -0.904045 -0.587835 -0.402361 0.717481 -1.022523 1.199082
86 -4.0502507822 -1.697186 -0.511728 -0.631793 -1.807344 -0.869596 1.634202 0.804688 1.221734 -0.347985 -0.685275 -0.045337 -1.141145 0.023537 -0.837147 0.216857
87 -0.7410693142 -1.249756 -0.769053 -0.179149 -0.375253 -1.110969 2.147264 1.395079 1.332051 -0.800321 -0.721666 -0.317016 0.110467 1.115907 0.385553 0.961681
88 -9.3530492941 -1.046081 -0.730017 -1.517311 -0.431868 -0.855770 0.757368 1.309539 1.332341 -0.513087 -0.691458 -0.609609 -0.794507 0.492811 -0.574898 1.593282
89 -3.9353804457 -2.408969 -0.507209 -1.812819 -0.448161 -0.859651 1.362272 2.085803 0.921046 -0.933056 -0.216143 -0.338672 -0.813838 0.031362 -0.829280 0.530991
90 3.2996464871 -0.539111 -0.766306 -0.811371 -1.404655 -0.959272 1.124866 1.237689 1.709738 -0.246893 -1.863548 -1.348986 -0.665761 1.546601 -1.195791 1.454053
91 6.7108215758 -1.846567 -0.588417 -0.980462 -0.401851 -0.611027 0.839209 0.980059 0.642682 -0.297782 -0.500531 0.722547 0.029174 0.287302 -0.267011 0.777916
92 -3.0339659196 -0.617534 -0.477214 -1.574392 -0.182395 -0.935456 2.048037 1.341805 1.668757 -1.196988 -0.483025 -0.441046 -1.859666 0.633826 -0.721859 0.113339
93 -1.5719545627 -2.475006 -1.408817 0.039477 -0.251733 -1.136176 1.563300 1.558573 1.862911 -0.347405 -0.544798 -0.767327 -1.433678 -0.011132 -0.294187 0.111556
94 -9.5297103395 -0.333900 -1.144698 -1.272915 -0.941261 -1.125664 1.382600 1.448870 1.121920 -0.861894 -0.373238 -1.154032 -0.334192 -0.195560 -0.513986 0.078941
95 -3.5723845163 -1.190930 -0.972367 -2.081223 -1.525327 -1.347557 1.773072 1.483355 0.781620 -1.093544 -1.334258 -0.804594 -0.432408 -0.039026 -0.279196 -0.139620
96 -6.2153386167 -1.084209 -0.073598 -0.899800 -0.999076 -1.290549 1.079787 1.481305 1.540764 -0.706283 -0.000053 -0.976298 -0.815559 0.761530 -0.422698 -0.167919
97 -9.3722228590 -1.140742 -0.855273 -1.559202 -1.130207 -0.713562 2.246813 2.407749 1.750522 0.174371 -0.416499 -0.803434 -0.944777 0.810932 -0.857868 -0.110778
98 -2.1485139938 -0.550847 -0.862630 -2.123778 -0.864438 -0.606465 1.690012 1.233701 1.547939 -0.089040 -0.176531 -0.734261 -1.080337 0.831941 -0.079441 0.053863
99 1.7838268797 -2.917103 -0.979738 -0.650118 -1.447865 -1.351653 2.669780 2.323653 1.886086 -0.862661 -0.891599 -0.487089 -0.293607 0.777019 -1.331342 -1.269270
100 -12.1777038999 -0.226913 -0.985135 -0.723975 -0.577694 -0.680957 1.576849 2.323126 1.429311 -0.417896 -0.849885 -0.405872 -1.146143 -0.084488 -0.810989 0.668449
101 125.9841493398 -2.215967 -2.662884 -1.832772 3.699616 -2.058231 -0.609009 1.061722 -0.955064 -1.993065 5.000000 0.349860 -5.000000 -2.941821 -1.360401 2.013115
102 20.9662892624 -0.642783 -0.689938 -0.493407 -0.175251 -1.389049 1.731273 2.378785 1.286267 -0.072237 -1.026802 -0.584725 -1.196015 0.080179 -1.105019 0.431254
103 4.0227226795 -2.194900 -1.513895 -1.569021 -1.986361 -0.164558 1.516859 1.568658 1.971611 -1.223971 -0.770061 -0.526881 -0.845964 1.868723 -0.508198 -0.396837
104 8.5218359470 -3.312265 -0.893279 -2.187577 -0.056592 -0.774774 1.568661 0.967073 1.657316 -0.672956 -0.787943 -1.095647 -0.359073 1.246335 -0.908916 -0.230321
105 2.4543435655 -0.553296 -1.067893 -1.188576 -2.338224 -0.600888 1.601843 0.974424 1.614770 -0.758727 -0.628132 0.145935 -0.956454 -0.701014 -0.053939 -0.054803
106 1.0445418671 0.158847 -1.069131 -0.717111 -0.701963 -0.769432 1.726075 1.143727 1.349466 -1.255406 -0.538274 -0.413410 -0.511677 2.973361 -0.742777 -0.237631
107 7.7706166129 -0.910501 -1.053846 -2.055486 -0.469651 -1.643526 1.365190 1.996068 2.200645 -1.397642 -0.184034 0.297559 0.044011 -0.189257 -0.423772 0.567258
108 2.6837130697 -2.043669 -1.716768 -0.574057 -1.566680 -1.242378 1.519870 0.807459 0.010078 -0.915511 -1.055721 -0.720930 -0.888489 0.695792 0.392788 -0.674110
109 -4.4208028382 -0.843230 0.439732 -1.370147 -1.531807 -0.602600 1.170595 1.148769 1.573926 -0.584412 -0.582003 -0.809834 -0.695185 1.687299 -0.810882 -0.490461
110 4.8976971505 -0.601820 -1.393237 -0.356205 -0.793458 -0.097815 2.513135 0.924745 3.479318 0.043404 -1.251424 -0.700934 -0.880629 2.282838 -0.357598 0.601367
111 107.2372941656 -1.992958 -1.026044 -2.603552 -3.704524 0.269243 1.454862 2.802443 3.037574 0.772398 -2.602767 -2.101803 -1.981155 3.875071 -3.610046 -3.191250
112 10.1511958287 -1.082235 -0.673322 -1.019627 -0.773519 -0.446369 1.265670 1.694362 2.100995 -0.823832 0.410433 -1.448728 -0.708598 0.235918 -0.320060 0.028023
113 -11.4220237078 -0.316178 -1.273088 -1.444723 -0.454509 -0.672280 2.464859 0.062985 1.145222 -0.473208 -1.313429 -0.453928 -0.603278 0.504639 -0.498809 -0.267472
114 -11.3423004684 -0.386161 -1.205269 -1.384343 -0.519269 -0.631270 2.749071 0.121022 1.196228 -0.464692 -1.176228 -0.446400 -0.505262 0.446711 -0.532603 -0.290175
115 -5.9629783540 0.796555 -1.325217 -1.582561 -0.408546 -0.892898 1.627548 -0.059279 1.219050 -0.465654 -1.422575 -0.692308 -1.000111 0.503029 -0.516940 0.969445
116 -1.4055032080 -0.742884 -1.148408 -1.113125 -0.613322 -0.526468 3.416125 0.559416 1.255567 -0.583819 -1.122110 -0.373321 -0.256105 0.383119 -0.506974 -0.491198
117 -14.0273379389 -0.187047 -0.722551 -1.671834 -0.444533 -0.779726 0.906417 -0.507312 1.246855 -0.420644 -1.152372 -0.379157 -1.082611 0.650670 -0.508734 -0.318601
118 -18.0028640668 -0.506065 -0.819492 -1.272424 -0.598425 -0.868057 1.179432 -1.065002 1.186256 -0.544816 -1.052187 -0.259763 -0.986319 0.720297 -0.620507 -0.258089
119 -7.6316069327 -0.875676 -0.666265 -0.951413 -0.287917 -0.721226 0.963065 -2.995625 1.436249 -0.570799 -1.101792 -0.273868 -0.822394 0.238055 -0.720027 0.245539
120 11.9495062041 -0.398600 0.308963 -1.434817 -1.390492 -1.287915 2.102535 -3.635096 0.902257 0.126947 -1.237769 -0.543706 -0.799731 2.481827 0.335356 -0.148230
121 23.4115947234 0.241312 -2.373782 -1.514299 0.267563 -0.192064 0.550551 -2.124098 1.383460 -0.776451 -2.033913 -0.525047 -1.588807 0.456568 -0.471832 -0.236531
122 1.7327380416 -1.885880 -0.016401 -0.371127 -0.804600 -1.381287 1.429040 -1.410543 1.432348 -0.705536 0.032364 0.534814 -0.704093 -0.061680 -1.503763 -0.700775
123 41.0901721523 -0.587090 0.298416 -2.614383 -2.234755 -1.675421 -1.253622 -2.360067 -0.921531 -1.782729 -2.086150 -0.053147 0.289655 -0.383858 -2.010059 1.591099
124 129.9538844962 -5.000000 -0.603610 3.758752 -2.928237 0.574667 3.671230 -2.874226 0.644607 -0.796739 -1.784105 0.253247 1.945969 3.455048 -0.632901 -2.724916
125 146.6005217626 4.405445 1.199522 -0.690456 1.212995 -0.025726 -0.070116 -4.285079 4.391032 0.874999 -0.336637 -0.783800 1.674692 1.820272 -0.663238 4.974837
126 30.7411087914 -1.125131 -0.505793 -0.880854 -0.986560 -0.182552 1.962083 -1.515683 2.244118 -1.867737 -2.034830 -0.188692 -0.951850 -1.898878 -1.271001 0.416371
127 19.7640279883 -1.991486 -0.187131 -2.015394 -0.501900 -2.042486 2.044461 -1.505738 0.552600 -0.091523 0.269714 -0.102772 -1.988490 -0.360477 -0.251293 -1.551015
128 116.4952324795 0.682429 -1.291916 -1.646555 -3.590916 -0.632969 5.000000 3.884690 0.702803 0.246772 -1.468660 -1.063158 -1.613920 4.369096 3.379374 2.659726
129 23.2274432511 -1.322272 -0.540613 -0.516626 0.859341 -1.635566 1.402252 -0.603913 0.982769 -0.052810 -0.715556 -0.175158 -0.936710 2.505056 -1.193920 0.514744
130 187.9212924960 4.548133 -1.834043 -4.928791 5.000000 -0.676871 0.836605 5.000000 2.054945 -1.066920 -0.063382 -3.041428 -1.588726 -3.277259 -1.681730 -5.000000
131 154.8524410393 2.711791 0.464264 -2.239589 -1.333458 -3.763722 1.996593 -5.000000 -2.612698 -0.837234 -2.286028 -4.644688 -1.602683 0.714816 -0.714531 -0.025978
132 12.7854937857 -0.462797 0.054713 -1.600238 -0.794382 -0.321604 0.745426 -0.308417 0.851413 -0.197273 -0.911991 -0.320184 0.220477 -0.196587 0.119929 -0.760406
133 14.5306253875 -1.143590 -1.496993 -2.224335 -1.087948 -0.935377 1.411837 2.959562 -0.960417 -1.642751 -0.372095 0.910056 -0.766762 0.233182 -1.663159 -0.814350
134 179.6533153753 0.690073 -1.118690 0.229458 -0.363671 0.415887 4.788242 -5.000000 4.785683 1.299082 -0.128174 -2.853314 -2.691027 3.006214 1.266402 -5.000000
135 38.0416450786 0.730733 -0.412325 -1.536859 -1.311973 -1.296015 1.260869 -0.369708 0.889367 -0.455463 -2.487495 0.634523 -1.326806 1.211106 -1.026440 -1.187988
136 189.6728947257 1.004311 -5.000000 -5.000000 -1.606281 -3.955767 -5.000000 5.000000 1.214337 -1.365557 -0.703059 -0.076489 -5.000000 1.321217 -0.181567 2.334643
137 28.5626506764 -1.173854 -0.896454 -1.439657 -1.445562 -0.457308 1.311642 -0.405364 -0.356967 -1.324857 0.363405 -0.515596 -0.578061 0.470623 -0.850120 0.122977
138 86.8538961378 1.808470 -4.364953 -2.470767 -1.566403 1.134942 2.858727 2.980023 2.321510 1.809577 -2.185239 -2.983988 0.535947 -2.042300 -0.821929 0.343798
139 125.0778030294 -3.426530 0.341012 -0.021520 -3.084459 -2.132873 -2.559199 -4.498772 3.447546 -1.128139 -0.719753 -0.734110 -2.348729 1.329359 -1.080647 2.557016
140 40.4320804826 -1.595505 -1.985673 -0.615402 1.486140 -0.362500 2.335422 2.304452 1.515185 -0.427261 -0.709009 -0.082596 0.447444 0.142211 -0.344403 -0.484022
141 204.2834432357 -0.354802 0.954805 3.168978 0.939488 -0.851344 1.563961 5.000000 5.000000 5.000000 -2.511397 -3.426388 4.593884 5.000000 -2.171428 3.740806
142 161.3602479681 0.316181 -0.489489 -4.970718 -0.579579 -2.584933 1.701006 -4.818670 -0.279068 0.075439 -1.291000 -0.342536 1.522178 0.149737 -3.025058 -2.051681
143 128.2908895423 1.019763 0.594009 -2.584107 -0.306825 -2.068055 -2.436714 4.365383 -1.595975 -3.027576 -1.195871 1.470854 0.041205 -3.973643 -2.967333 3.152049
144 91.8382375186 0.169316 -1.374055 1.301554 -0.274281 -3.054910 2.309185 -4.874904 1.863552 -0.951044 -0.197510 1.310825 -1.209315 -0.255250 1.270546 0.879598
145 1.7746630437 -1.167231 -1.258651 -1.182136 -1.246261 -0.670067 1.576896 0.223448 2.117447 -0.359346 -1.101325 -1.179343 -0.633711 -0.683278 -0.749061 -0.220530
146 16.8646312784 -0.658290 0.383160 -1.610571 -0.184531 -1.202718 0.841497 0.472876 1.329312 -1.210166 -0.021382 -0.312460 -2.383388 1.422837 0.387862 -0.068412
147 21.0389504450 -2.997341 -0.271615 -1.261314 -1.535356 -0.774673 1.270036 0.030617 0.272108 -0.085467 -1.161392 -0.268374 -0.381381 -3.860197 -0.078044 0.096316
148 97.7402154337 -3.337397 -1.764122 -0.565239 -0.762635 -0.908678 1.677516 5.000000 3.071421 -0.926986 1.699646 1.642688 -2.995720 -4.546018 -1.281362 -3.749561
149 174.9354277099 -5.000000 1.823646 -0.755604 -3.118947 -3.108956 3.284957 -3.300102 -1.190284 -2.570815 -1.667282 0.189183 2.672362 4.204638 -1.284400 2.298320
150 198.3063796257 4.441174 -2.293311 -2.091240 -1.411640 -3.270145 2.850120 5.000000 0.775719 -0.487842 -1.080673 -2.740252 1.637813 -2.363588 1.491256 -5.000000
151 65.7706255446 -0.270981 -1.463601 -0.378596 0.812012 -1.710576 0.292743 -4.265767 0.944800 -1.340534 -0.785735 -0.848803 0.252447 -2.386528 0.723398 -1.471849
152 4.2819117978 -0.253688 -0.658848 -0.802299 -1.241805 -0.430444 -2.244945 0.506754 0.103311 0.005267 -1.255884 -0.883647 -0.461755 0.197006 -0.640494 -0.889380
153 108.7890120770 5.000000 -0.669581 -4.051997 -1.932816 2.096843 -0.114441 2.277124 -1.474269 2.656721 -2.901203 -4.196674 -1.111544 1.321926 -0.481035 -4.364342
154 126.1987402438 -4.151771 -2.888769 -2.700799 -3.694335 -1.795976 -2.691378 4.851334 0.187490 -1.027969 -0.761118 0.021556 1.296195 0.188005 -1.720805 -1.180223
155 18.7055921693 -0.176368 -0.678532 0.125498 -1.637553 -0.739122 0.753227 0.327561 0.074998 0.228116 -1.345479 -0.934984 -0.579318 0.150209 -0.504098 -0.511270
156 119.6418677249 2.408653 1.344931 -2.971236 0.778182 -1.437664 0.203305 5.000000 -1.606488 1.311234 3.509126 -0.685868 0.491244 1.090811 -1.905558 -5.000000
157 62.3832447300 -1.528309 -0.217260 -1.518209 1.562827 -0.850721 -4.554808 -1.895343 1.294996 -1.521601 -0.083776 -0.392161 -1.179954 -0.796758 -2.527745 -1.343949
158 16.9019304958 -0.395321 -0.445516 -1.961104 -1.364020 0.339523 0.804936 0.194094 2.251024 -0.195736 -0.876194 0.316336 -0.451532 -0.102513 -0.054358 -0.712256
159 9.2370160485 -1.579249 -1.483933 -1.009968 -0.481542 -1.053666 1.135192 0.508331 3.429515 -1.045376 -0.374916 0.383923 -0.900787 0.051251 2.035196 0.343436
160 80.0975059457 -3.809341 -0.560650 2.289318 -1.867075 -0.004850 0.869148 3.727698 5.000000 -0.786603 0.938667 0.657395 0.015035 2.028560 0.855300 0.748830
161 84.9686358656 -3.506886 -2.142425 -0.379784 -1.820144 -1.150805 2.308382 -5.000000 2.844120 2.511161 -0.969370 1.869295 -0.373637 0.631361 -0.492402 1.326011
162 150.9501374870 4.727949 -2.357517 -0.426401 0.974008 2.791458 -0.996535 2.915956 3.422597 0.891940 -4.038352 -3.638467 0.798019 -0.782019 -0.876061 -3.549252
163 67.1969767317 0.666993 -1.035071 -0.947138 -0.921294 -1.153848 3.359117 -2.661973 0.284044 0.279414 -0.637091 0.811613 -0.610570 -1.354881 1.105722 1.647050
164 39.2710015208 -2.688174 -0.673516 -0.758961 -0.737920 -1.702229 -1.805723 -2.633183 1.519799 -0.312988 -1.509115 -0.360350 -0.582441 3.468488 -0.636255 -1.817193
165 11.2557463161 -0.256725 -1.165720 -0.997380 -0.164388 -0.514566 0.623411 0.861383 0.889391 -3.247898 -1.057229 -1.005310 -0.955293 1.215415 -0.754232 -0.900063
166 63.3460605336 1.957656 0.125528 -2.888164 -0.735484 -0.428233 -1.618656 -1.969642 -0.630304 0.392774 -2.910055 -2.647652 -0.257461 5.000000 -0.773409 1.775089
167 160.8000143392 5.000000 0.211832 -2.955754 -5.000000 0.301689 3.668356 0.317301 1.370001 3.512524 -0.542743 -2.115044 1.926955 2.057757 -2.222077 -4.334241
168 22.8101544558 -0.810282 -1.568453 -1.123319 -0.810439 -1.069948 0.554936 0.526110 2.272813 -0.660289 -0.656985 -0.283127 -0.882585 0.339469 -0.556276 0.000418
169 8.3130189120 -0.628991 0.056048 -0.201233 0.356564 -1.094686 0.313740 0.495113 1.027492 0.699352 -0.439690 -0.248341 -1.418293 0.884199 -0.799642 -1.226579
170 15.8525299998 -1.100314 -1.788215 -2.444837 -0.798914 -0.213080 0.798399 0.277054 -0.489261 -1.121657 -2.467814 -0.836428 -0.467052 0.643113 0.278421 -1.652583
171 20.6751302959 -0.829547 0.689262 -1.030471 0.170110 -0.611584 0.971699 0.537784 2.357034 -0.861490 -0.139848 0.346156 0.268260 1.136909 -0.231171 -1.849056
172 11.6777406309 -0.612838 -1.691601 0.491342 0.020483 -1.370470 0.626745 0.956870 -0.196380 -0.741616 -1.558760 -1.547748 -1.344890 1.164529 -1.804558 -0.617129
173 125.6967348384 -3.609273 -2.270918 -2.484255 1.124723 -1.928666 4.264371 1.770947 4.823095 -1.278290 -1.134007 0.459561 -3.622942 1.662772 -0.517224 3.971653
174 19.4107458738 -0.415713 -0.459011 -1.237645 -0.094775 -0.479807 0.221110 0.985664 0.513611 -0.545053 -0.209693 -1.695806 -1.021842 0.833995 -0.180215 -0.504395
175 3.4476497396 -0.654667 -1.218941 -0.624531 -0.687826 -0.264739 0.977526 0.889645 0.660948 0.659169 -1.056848 0.438319 -0.691931 1.246726 -0.502937 -1.370992
176 70.2288794567 -1.279137 -2.024324 -1.192954 -3.812407 1.412482 3.916336 1.849087 1.770674 -1.990678 -2.023614 1.073749 1.307940 -1.521884 0.105321 -2.188812
177 17.3491577998 -0.949603 -0.749321 0.590535 -1.507645 -1.694416 1.195266 0.721242 0.949266 0.654597 -0.514478 -0.792587 -0.245710 0.207609 -0.667841 -1.327134
178 22.3099570484 0.705988 -1.403485 -0.225194 0.463048 -0.037001 0.541736 1.229693 0.881910 -1.773304 -0.896536 -0.280038 -0.580408 3.037458 -1.905697 -0.767346
179 17.0121594371 -0.911343 -0.430498 -1.344549 -0.878251 -0.826523 1.135672 0.292302 1.135339 0.027633 -2.896944 -1.285140 0.187304 0.281256 0.169022 -0.326992
180 3.9865881916 -0.584015 0.396334 -2.900971 -0.527114 -0.587948 0.079434 0.990405 0.585344 -0.335688 -0.005750 -0.887782 -1.613714 -0.302532 0.005409 -0.501673
181 21.3741481854 -0.608392 -1.273191 -1.956866 0.108262 -0.417897 0.650257 0.637907 1.224413 0.532626 0.118401 0.186791 -1.071692 1.812645 0.174426 -1.293005
182 40.2359018671 -1.847994 0.790407 -0.179823 0.920320 -1.551917 1.252741 0.848130 3.006981 0.884961 0.449608 -0.359570 -0.551912 -2.356899 -2.235218 -0.756223
183 11.1007602557 -0.997867 -0.165597 -1.045565 -1.836828 -1.034144 0.457150 1.004441 -0.292822 -1.789403 -0.732701 -0.964486 -1.217386 -0.097518 -0.550690 -2.658616
184 186.0970372794 3.577515 -0.797943 -4.600904 -5.000000 3.146681 -4.547000 -5.000000 -2.592721 -0.139308 -3.088712 -0.541491 -0.140036 -3.890423 1.229615 -2.197350
185 151.9834185104 0.631170 -1.897323 -2.132172 0.996794 -0.392130 2.575923 3.202352 -1.456690 -2.468739 -3.564141 -4.192792 -0.628777 3.196107 -2.902848 1.529085
186 124.5843698825 -1.970806 1.520223 -4.709188 -1.503621 0.484617 3.319988 3.820697 1.176329 -1.565573 3.208189 -0.454533 -0.372434 -3.100313 1.402586 0.581032
187 21.6062810303 -0.759083 -1.476005 -0.831368 -1.090139 0.309132 0.665079 0.516870 0.748109 -0.286193 -1.204472 -0.147358 -1.969504 -0.879241 -1.106212 -0.757262
188 210.7717846420 5.000000 2.836128 -5.000000 5.000000 -0.453917 -5.000000 -2.010262 -0.434281 0.821985 0.181114 -1.501499 -5.000000 3.203744 -1.264320 -3.363823
189 213.6053456113 -3.491832 -1.853567 -1.816710 -2.393217 0.123745 0.825973 -3.080087 2.554211 2.260850 -2.954686 -2.172437 1.164789 3.546606 4.629426 4.755807
190 62.2961970397 -0.922125 -0.053693 -0.351767 -2.363479 -2.632979 1.300272 1.664054 0.783286 -0.176567 -0.371284 -1.044326 -0.336879 3.793749 0.016823 -1.867334
191 216.1934123658 0.244111 2.405110 -1.509865 -4.037454 -0.182532 -5.000000 -0.430743 -5.000000 1.785198 -0.477326 -3.868403 5.000000 -5.000000 -0.828003 -5.000000
192 147.3598693308 -2.185003 0.340046 -0.366285 -2.266718 -0.523936 5.000000 2.985430 5.000000 -1.284810 -1.300794 -0.963678 0.380591 -1.191036 -0.083672 -2.362426
193 201.9503766930 -3.088279 -5.000000 -5.000000 -0.000478 -1.011039 5.000000 -1.850099 -0.267140 -2.994424 -5.000000 1.232936 -0.316702 1.021135 -1.609247 5.000000
194 40.9021889656 0.562107 -1.268178 -0.741621 -0.871239 -0.063123 0.847908 0.797709 1.292106 -0.752939 -0.754633 0.366659 -1.738030 0.463735 -0.430065 -0.365076
195 93.7091628956 -3.865218 0.376658 -3.763011 -1.459111 -1.289766 1.625466 4.597055 -1.863541 -1.317707 0.805934 -0.758441 -4.000721 -1.753901 -2.412947 -1.677748
196 88.3320661128 -5.000000 1.005174 -1.750104 -0.336543 -2.082580 3.010070 -0.528476 2.155689 -3.966630 -0.259071 1.145486 -1.110110 1.746337 0.919638 1.610894
197 26.4295307330 -1.546248 -1.749617 -0.552344 0.720528 -0.337845 0.604751 0.494593 1.382091 -0.466350 0.242170 -0.065301 0.754486 0.045084 -1.131705 -0.802524
198 110.5087881031 -2.958425 -2.458389 -1.355371 -1.967741 0.635290 5.000000 4.711035 -2.475196 2.470796 -1.110076 -0.381890 -0.686911 -1.396604 -2.409882 -4.242069
199 63.9648430626 -0.676498 0.424328 -2.102635 0.699124 -0.812073 -2.344313 0.485938 -0.858026 0.646103 -1.625215 -1.496379 -1.317742 1.002889 -3.309869 -1.735191
200 32.1936593935 -1.200696 -2.199271 -0.491834 0.378259 -0.657160 0.871168 1.010979 1.793883 1.034403 0.358623 -1.368992 -2.130862 1.300739 -0.444556 -0.825005
201 17.8466234530 0.075052 0.303152 -0.905627 -0.039871 -0.013452 0.420603 0.695890 0.634880 -1.129317 -1.132663 -0.350955 0.845819 0.271460 -0.046055 -0.379937
202 37.3841145942 -2.596224 -1.665075 -0.041811 0.500512 -2.147201 0.538838 0.317138 1.215216 -1.162082 -2.495862 1.492259 -0.617388 -1.270326 -1.667229 -1.457615
203 80.7937650210 -3.044158 -0.164079 -0.997249 1.461490 -0.358462 3.146503 1.397756 -3.527415 0.404409 0.746354 1.961337 -1.742662 -3.431811 2.507458 -3.698872
204 23.3862340491 -0.147977 -0.130375 0.150235 1.205021 -0.221974 1.960633 1.803824 0.467385 -0.061931 -0.014192 0.373839 -1.321696 -0.020275 -0.214083 0.058147
205 71.7945519738 -0.535326 -0.680558 -1.027840 2.318578 -2.924530 -1.577935 1.577121 5.000000 -2.460163 0.686362 -1.164336 0.326077 2.261630 -2.740557 1.740238
206 115.0249733384 2.572510 -0.219587 -1.946796 -1.865437 0.581850 -2.713524 -1.930376 2.229716 -4.741042 -2.356343 -1.686804 1.897884 3.808209 -1.490452 -3.587138
207 84.6737035325 0.374211 -3.149720 0.916528 -2.898007 -0.503951 0.902246 1.223989 2.995991 -0.526385 -1.719414 0.824354 0.562517 0.434835 -2.617574 2.118208
208 78.5398174652 -3.295907 -2.245210 -2.140278 -0.591576 1.969155 1.077870 -0.463820 -0.578003 -1.739227 -0.080321 0.355618 -0.142441 -1.843067 -0.691659 -4.997339
209 125.3259937341 -5.000000 1.327626 0.997224 0.434767 -0.374668 -0.500716 -2.714917 1.536994 1.531103 4.681400 4.158403 -1.206836 -2.699034 0.706943 -1.817120
210 252.3583307450 3.565950 -2.675384 0.861541 -5.000000 5.000000 4.501104 2.204124 -5.000000 1.471340 0.191577 -1.047898 1.052020 -1.290413 3.123577 -5.000000
211 60.2719297707 -0.949464 -0.288765 -2.137156 -0.608279 -0.405860 1.324737 1.323461 0.453499 0.987615 -2.322323 0.497926 -1.356112 -0.274752 -0.328506 -0.981111
212 19.5062174527 2.295845 -0.905664 -2.594454 -0.456973 -0.044889 2.269001 -0.089553 1.410669 -0.972420 -2.132291 -1.652580 -1.272528 2.448418 -0.965905 -0.472529
213 120.9717168374 -5.000000 0.468580 1.061314 -0.235032 -1.651848 2.312363 2.695655 -3.057982 -2.139351 2.046967 2.149230 -1.100424 -3.290270 -3.641418 -1.511892
214 118.2008656471 -1.100264 -2.008110 0.595590 0.428459 -1.674903 3.224560 -3.736631 1.246683 -1.418296 -4.381000 -0.604783 -0.871752 3.362519 -1.619515 -3.822583
215 192.3191337309 -2.758364 0.780339 1.095431 -0.038410 -0.858729 -0.229412 5.000000 2.214215 2.920212 5.000000 0.361300 -3.546750 -3.740302 1.563969 3.358707
216 179.5085802760 -5.000000 -1.988673 0.500734 -1.645271 -1.672128 0.570048 -2.980281 3.306932 -0.451104 -0.512165 4.570931 1.183253 -1.056334 3.930456 -4.735046
217 40.2477244405 -0.285508 -0.363914 -0.982729 0.566326 -0.525123 0.465971 0.533275 0.728205 -1.068412 0.402938 -0.261000 0.932615 0.344442 0.002456 -0.446697
218 118.6304495476 -0.279563 -3.049478 -2.202771 1.914244 -2.872335 4.197434 4.564509 -2.996373 -2.275643 0.244540 -0.287037 -3.508985 -1.048861 0.887113 -3.731410
219 74.2334817610 2.862535 -1.622957 -3.135004 -1.709914 -1.668136 -2.885076 -0.225277 3.250794 -0.534171 -1.643757 -1.869101 -0.245060 -0.292607 -0.102710 -0.808484
220 148.2230656236 -4.521561 -0.845683 -0.964451 5.000000 -3.506796 -3.650920 1.388169 3.626765 -3.255051 2.314275 2.615478 -2.464623 -2.587573 -1.029165 -0.851667
221 180.4805298064 -0.749961 3.070102 -2.607899 2.765101 -0.058494 1.651341 -0.775453 -2.882396 0.785840 5.000000 1.991233 -4.787227 -5.000000 -1.023448 -5.000000
222 165.9324401712 -2.544615 0.996401 3.407565 1.237595 -1.704004 -4.548197 -1.959983 1.073471 -2.586221 -3.744737 -0.820427 1.461082 -0.791699 -3.508585 1.069813
223 251.4238435023 2.640765 -1.451892 -3.758461 -4.552443 1.189007 1.431628 4.030432 -3.825322 -1.900259 -2.407833 1.703637 5.000000 -5.000000 -1.814846 -5.000000
224 187.2542629402 2.280389 -1.533753 0.287754 4.386224 -4.105315 2.397611 -0.207685 2.264254 0.108604 1.401429 0.759860 -4.652257 -4.697339 -1.888994 -0.780642
225 221.8780586459 -0.391908 -0.344118 -3.613568 -3.719117 -0.946959 1.181606 1.747503 -0.924616 4.530932 4.944820 -2.783209 5.000000 -5.000000 3.027580 -4.122828
226 251.7692458393 5.000000 -4.424191 -0.559873 -2.058045 2.172890 4.060153 5.000000 -0.784715 2.363999 -1.989053 -3.876117 -5.000000 0.346855 -2.394778 -5.000000
227 44.1197214828 -1.317176 -2.509295 -1.251725 -1.733736 -0.981206 0.743728 0.516876 -0.304076 -1.065269 0.012452 -1.254224 -0.986365 -0.361572 0.311122 -0.894933
228 97.3524618461 -1.023477 1.109299 -1.943708 -3.061814 0.166559 -1.123919 1.395143 -0.057860 1.484280 2.061679 0.559696 0.202238 -5.000000 -0.940379 -4.866749
229 203.8144763477 0.747224 5.000000 -5.000000 -2.526075 -2.515207 5.000000 1.417760 -3.677091 0.946158 -0.447040 -1.341612 -3.020753 3.968290 3.655285 -0.797732
230 158.1220481139 -5.000000 1.973011 2.082742 2.503696 1.904435 2.329296 -5.000000 2.374261 1.156335 1.023126 2.103445 -2.061722 0.949990 -0.349629 -1.075025
231 128.8278663630 -4.665148 -0.262069 -1.344137 -1.385718 -0.501104 2.454282 0.697902 5.000000 0.074843 3.550894 1.400973 -1.160391 3.195305 -4.976390 0.553847
232 186.9807482683 1.025465 -0.614298 -1.560160 1.732142 1.809113 -5.000000 2.001926 5.000000 -4.770403 5.000000 0.196852 -2.149571 -2.171185 -4.810381 -1.230276
233 126.0075129944 1.553658 -0.572657 -3.104462 0.325282 0.610430 -0.414560 5.000000 4.091374 1.766044 0.443973 -2.499557 -0.775310 3.483364 -1.251149 2.557126
234 196.9932432521 -3.385648 -2.263932 -5.000000 1.782948 0.314084 -0.070462 5.000000 -1.964098 -0.684062 5.000000 4.795741 -3.418953 -3.196157 0.118285 -0.061868
235 173.2855145153 2.327626 1.378216 -3.703161 2.746356 0.424075 4.758644 3.847964 -5.000000 -0.665114 0.467416 -1.005730 -1.738970 1.247880 0.401201 -5.000000
236 91.0503919157 -2.718173 -1.680152 -0.432139 -1.564425 -2.070508 1.381978 1.151451 1.261606 -0.439327 1.656718 2.129476 0.010588 1.807840 0.714760 -5.000000
237 15.4921052846 0.462207 0.125652 -0.957205 -0.360952 -0.481754 0.156186 0.496285 0.335095 -1.726212 -0.762087 -0.705142 -1.341204 -0.906036 0.560406 -0.363203
238 40.2178083006 0.943883 0.082523 -0.147404 -0.128749 0.632578 0.309993 0.176902 2.113492 0.262052 -0.558384 0.224239 -0.474483 4.495193 -1.025706 -1.503085
239 149.0527878006 -1.149663 -2.087222 -1.141348 2.564406 -2.785313 -3.396157 2.875274 -5.000000 0.401552 0.260742 -0.319216 -3.661828 -2.461067 -0.401440 -5.000000
240 43.3442980689 -0.742631 -0.826087 -0.809017 -2.970275 -0.850824 0.626378 0.616852 -0.505119 -2.332653 -1.681584 -0.187623 -2.434514 -0.712058 0.543357 -0.214054
241 118.0980378356 -5.000000 -2.592079 2.580215 0.405563 -3.868131 4.482783 2.207731 -1.342050 2.450477 -0.693555 -0.287211 2.435105 -3.047114 0.289822 0.652509
242 25.3004884012 -1.152570 -0.832977 -0.898392 1.188990 0.237676 0.689186 0.497050 0.939603 -0.381853 -0.327412 -0.993264 0.295803 -1.010130 -0.562143 -0.362541
243 55.0676314477 -1.710589 -2.144525 -1.746646 1.672067 -0.230175 -2.879086 -1.894019 -0.045544 -1.877839 -0.317084 1.514004 -1.446591 3.276162 -1.867847 2.754295
244 28.8694613708 -2.509733 -1.573124 -0.438775 -2.220959 -0.427952 3.107014 1.481598 -0.508572 -0.850234 -0.742443 -0.543336 -1.593572 -0.108543 -0.029965 0.542973
245 79.2587963526 -0.495187 0.814760 -3.522243 0.188813 -2.632900 -3.367138 -1.581232 -2.519639 -2.005860 0.116269 -0.902385 0.482445 1.602787 0.531270 0.588273
246 20.2583374965 -0.164302 0.600554 -1.356719 -1.028736 0.085006 1.885031 0.788030 1.993976 -0.959173 -1.303225 -1.130148 -0.781631 0.417173 -0.421463 -1.499410
247 125.0754436688 2.214658 -4.254550 0.004061 -0.873112 -2.116958 -4.369491 -2.347992 -2.132216 0.331066 -1.129791 -1.600943 0.200679 5.000000 -2.103935 -2.815638
248 140.1916312633 -3.392213 -1.610953 -4.229928 0.617338 -1.218972 -0.868727 -0.003733 4.559315 -4.493240 -0.559181 0.940654 -2.725758 0.905408 -1.863274 1.903707
249 36.1454674608 1.430827 -0.982374 -1.655654 0.106572 -0.557916 0.352959 0.263751 0.705288 -1.476442 0.765638 0.267358 -0.988126 1.742960 0.020042 -0.103104
250 72.3904263170 -1.040504 1.034130 0.035399 1.609329 1.191957 -4.256333 -3.115108 0.505411 1.289439 0.412466 2.783629 1.296439 1.184816 -1.191248 -0.227131
251 118.1571567456 -3.619973 1.687124 -0.200011 1.995587 -0.155352 -3.472649 -3.865573 -2.802066 0.237419 3.496239 2.921195 -3.014255 -1.600004 -4.049386 3.723775
252 162.3222512183 -4.586746 -2.706632 -2.522278 -1.716054 -2.606290 3.380886 5.000000 0.065795 0.641204 -0.426858 1.243940 0.308271 0.449566 1.105942 1.849850
253 62.1284307028 -0.590021 0.528111 -0.682668 -0.630979 0.347496 -0.946194 -3.568250 -0.886543 -0.063472 -0.956096 0.771595 -2.838101 1.572259 -1.710312 -0.140818
254 126.0506097374 -4.991724 -0.049803 -0.190783 2.235558 -0.734297 -5.000000 -5.000000 -2.177116 -1.616812 -1.038553 4.220376 -0.408737 -1.099974 -1.041759 2.959854
255 64.0080794481 -1.002465 -0.486011 -0.927661 -1.484037 1.432037 -0.952061 3.429179 1.028493 -0.930462 0.610206 -0.297426 -1.451167 0.951204 -2.324801 -0.503999
256 -3.1939190417 -1.004360 -0.876218 -1.536569 -0.856703 -1.135525 1.981167 1.042584 0.577485 -1.138689 -1.029848 -0.844562 -0.662634 -0.131154 -2.140448 -0.525289
257 161.1437805033 -0.844706 0.739460 -2.166545 1.133871 -0.944490 -5.000000 -5.000000 2.944873 -0.084027 2.578730 3.937868 -0.508913 1.463392 -1.622424 5.000000
258 95.9513055034 -1.606272 -1.494401 1.459222 1.299794 -0.280209 -4.951063 3.036777 0.713874 0.389976 0.753062 0.485525 -0.421680 3.619698 -0.991904 2.245991
259 72.7678010666 -0.152418 -2.023418 -2.844728 -0.969137 0.703956 2.800387 1.140805 1.987391 -1.242811 -1.072561 -0.378031 -1.209977 3.422156 0.512917 -3.494421
260 166.2765367675 -2.848296 -1.104677 0.120690 4.926569 2.007788 -5.000000 -0.638408 -0.735810 0.604303 1.906422 4.419804 -1.080230 -0.042168 -5.000000 -2.829668
261 187.3354973354 -1.067041 -0.696819 -2.049377 0.616024 -0.969667 -3.812672 -3.493501 -5.000000 -4.722664 -2.840478 0.456081 -2.113807 5.000000 -2.677613 3.445355
262 133.2616432804 0.195009 -1.433872 0.679157 1.127268 -2.488482 2.314227 1.476189 4.426247 1.263207 0.716069 0.447030 0.230800 2.189386 0.973866 0.286661
263 47.5344645842 0.366956 -0.757705 0.328991 0.508750 -0.559940 0.308964 0.838473 -0.284838 -1.708729 0.482753 -1.612555 -3.506452 -0.788894 -2.209122 1.141913
264 91.5169413255 -1.355981 -0.434364 -0.035029 1.849447 -3.085222 1.185448 2.553441 -3.634835 2.510728 0.097522 -0.544946 1.773483 -1.327901 2.385211 -5.000000
265 76.7262085755 0.688749 -1.489430 -3.499274 1.786981 -2.020736 -1.547163 -0.780819 -2.350150 0.746089 0.346822 -0.533666 -3.582218 2.037853 -0.256593 1.801805
266 100.9222510280 -2.428856 -1.462305 0.999506 -0.027165 -1.005995 2.668099 2.814425 -1.736871 -1.899141 -1.628868 0.029120 -0.316643 -3.666121 -0.967341 -5.000000
267 205.3317719896 5.000000 5.000000 5.000000 0.688637 -0.766429 0.139608 2.774189 1.366226 -4.184300 0.301007 -1.412991 5.000000 -5.000000 -0.537827 -3.555489
268 117.7374640922 -0.342580 -1.878356 -2.371030 -0.435023 3.468212 1.156829 2.284501 2.499371 0.753055 0.728220 -0.013943 1.726357 -5.000000 -0.691687 -2.137761
269 152.7611700894 4.122069 -0.428504 -4.364050 -0.850240 -1.525560 -2.861175 -0.506371 -3.124289 3.099260 -0.035959 -1.910012 0.141030 1.414489 3.862649 -5.000000
270 123.2683488558 0.484639 -1.656321 -1.264295 3.597964 -0.659256 -4.396581 -3.642272 -2.429809 1.224256 -1.162753 0.642091 1.560650 -2.403443 -0.687176 3.653424
271 26.8958513841 -0.623925 0.909330 -0.704603 0.180214 -1.005979 0.561433 0.481284 0.080030 0.217706 -0.491822 -0.620993 0.060683 -0.299933 -0.983003 0.366546
272 1.1873804624 -1.392413 -1.228737 -0.720820 -1.174515 -1.414868 0.690018 0.198326 0.098792 0.642019 0.145768 -1.616488 -0.243839 -0.353444 -1.599350 -0.318305
273 95.7718856952 -3.874489 -1.807223 0.654336 -2.623952 -0.796139 2.275064 -1.441298 0.068474 3.674498 -0.742641 -1.559577 1.671315 -2.150902 -3.783449 -4.999989
274 151.7273788838 -2.011385 4.851743 0.299953 1.774282 -0.757717 -0.678304 -5.000000 -3.344384 3.329724 2.220631 3.923180 1.967028 -2.751909 1.831351 -1.376679
275 162.3923477143 -0.715593 4.010340 1.397513 5.000000 1.180407 0.040208 1.266622 0.512553 -4.086482 1.387772 3.488307 1.801610 0.998013 -0.819894 5.000000
276 138.1731204420 -4.431896 -1.523327 2.772121 2.107819 -1.415970 0.220504 3.753065 3.963751 -4.836180 -0.452750 -0.550717 -1.792244 1.321317 -0.483207 5.000000
277 30.2861782401 -1.258107 -0.912784 -0.561038 0.438043 -0.680391 0.644511 -0.017663 -0.049021 -0.053618 0.115340 -1.108722 0.381055 0.066505 -0.974481 -0.344348
278 0.9109480851 -1.469864 -1.009460 -1.314439 -1.151265 -1.544199 2.629009 0.182358 1.758121 -0.442404 -1.166924 -2.010529 -0.965084 -0.330124 -1.079824 0.389869
279 49.6244779507 -1.453416 -0.406933 0.262008 -3.660655 0.305373 3.611098 0.177755 2.501705 -0.775204 -0.990642 -1.524760 -0.341769 0.733903 -1.851680 3.812796
280 87.6451132802 -5.000000 -2.038373 -1.383383 -2.125103 -2.828897 3.117984 -1.038586 -0.803889 1.486348 -1.011729 -1.163715 -3.654791 -3.387141 -0.825828 -0.736555
281 84.7175435618 -0.836790 -1.642375 0.747172 0.954641 -2.723741 3.629378 1.119740 -3.326810 3.586143 2.814173 -0.392841 -1.920153 -0.660193 -1.875946 -2.317992
282 136.6942310546 -3.789957 0.343945 -0.949814 -2.956203 -2.418291 4.577277 0.742497 -4.770207 2.472617 1.054677 -1.608081 1.153517 -5.000000 0.484172 1.115538
283 118.8440304601 -5.000000 1.741965 -0.583315 3.608650 -3.130244 0.413478 0.850125 -0.452798 3.334499 -0.517034 1.188863 -1.077119 1.231998 -3.278005 0.230182
284 48.5061805288 -1.763990 -1.022953 -1.349582 -0.877893 -1.717095 3.511069 0.987097 1.044094 -1.358955 -0.246514 -0.309011 -2.529623 0.312214 -2.418346 0.738843
285 20.6761790399 1.021978 0.928016 -0.468432 -1.555811 -0.443828 0.148664 0.487048 0.525948 -0.754234 -1.476745 -1.161514 0.075657 0.049643 0.449890 0.731634
286 125.1623782549 2.180090 0.057802 -0.869751 -1.030434 3.062222 3.662413 1.566892 4.069275 -4.211981 -3.808936 0.096955 0.506831 2.621156 1.554301 5.000000
287 166.2583769369 0.947825 4.160127 0.277108 -1.322593 -3.362881 -5.000000 0.694066 1.314392 -0.989717 0.485136 1.216516 2.563480 2.355425 -1.914433 -3.402439
288 157.4696932094 -5.000000 -3.814537 0.242692 1.455044 -2.149202 0.036235 2.688566 2.020396 1.800447 2.157640 -4.086776 -1.936799 1.671734 -3.241835 -3.615387
289 214.2363343678 0.159255 2.363211 2.005325 5.000000 3.441348 -5.000000 -3.052154 0.038619 -1.698315 2.673980 3.638473 -2.787649 -2.971468 2.770444 1.767236
290 244.7208386187 0.433877 1.251543 3.554480 2.144543 -0.927858 5.000000 1.230715 -5.000000 5.000000 -1.935374 0.341263 4.915670 0.017686 -2.483987 -2.932999
291 37.0179092468 -0.129602 -0.531511 -0.079063 -2.211954 -0.768037 0.368416 -0.294860 0.281875 1.518094 -1.687290 -1.279457 -0.742612 -0.184946 -0.559781 -0.718548
292 280.8523361350 -5.000000 -0.919191 1.071920 3.881942 -5.000000 4.332108 -3.667394 -5.000000 5.000000 2.134730 -0.516545 -2.439960 -3.233611 5.000000 -5.000000
293 234.7553221498 2.241519 5.000000 0.190347 -1.538302 -0.833332 1.421936 3.202438 3.813508 -2.752770 -0.438485 -2.564548 -3.168573 3.783375 -1.581055 2.457361
294 281.1859817644 2.941203 3.208584 0.764342 2.615501 -3.839138 0.228751 -1.908881 -5.000000 -4.271168 2.874635 1.299044 5.000000 -5.000000 5.000000 3.441534
295 85.6749246475 -1.666683 -1.183546 -0.781715 -1.552685 -0.302180 1.567216 0.165478 2.813376 -1.087704 -1.629867 -1.588145 0.200971 0.289804 -0.832233 -0.477261
296 -6.3731942202 -0.384413 -0.719674 -0.633948 -1.161278 -0.821634 0.479786 -0.040557 -0.377022 -0.243843 0.582738 0.150493 -0.147686 -0.019281 -0.899436 0.227371
297 -13.4477798761 -0.377820 -0.709614 -0.634549 -1.232552 -0.820615 0.469832 -0.041509 -0.375408 -0.236984 0.519261 0.211244 -0.225425 -0.033794 -0.912368 0.244731
298 297.5417120544 -5.000000 -0.860689 4.048673 -5.000000 -5.000000 -4.011169 -5.000000 -5.000000 4.164441 4.639875 5.000000 -0.641455 1.842382 -3.410169 1.553851
299 66.9894551967 -0.735213 -0.564562 -0.592276 0.472812 -0.121079 0.603158 0.039230 -0.279956 -0.470832 0.400090 -0.669911 0.030055 0.223078 -0.352208 -0.064154
300 171.3630626625 -2.042591 -0.355343 -2.858823 -1.747054 -1.053307 5.000000 -0.060321 1.237135 -1.375771 -5.000000 4.538441 -1.585239 -5.000000 -0.396616 -5.000000
301 119.4968099707 -2.488945 -0.713647 -0.133432 0.608287 -0.613282 2.021877 -0.388790 1.638977 -0.533313 1.005885 2.147940 1.684255 -5.000000 -2.680099 5.000000
302 24.9630865034 -0.582650 -0.460660 -1.031383 -1.463840 -0.293697 0.284881 0.200759 -0.221968 0.744537 -1.451372 1.052906 -1.414344 0.496959 -0.705963 -0.394210
303 256.3629075593 5.000000 -2.969875 5.000000 -4.601241 -0.526124 0.434033 0.446306 0.627158 -4.736082 -2.798308 -3.515855 5.000000 4.754854 0.896843 4.843924
304 304.1740541267 5.000000 5.000000 -1.766652 5.000000 3.605240 -0.707437 -3.820609 0.498877 -0.618923 -4.465309 -2.010638 5.000000 -0.907344 4.969641 -5.000000
305 62.0151083775 1.043310 -0.669478 -0.813699 -1.109270 -0.734731 0.284991 -0.115322 -0.044704 -1.380180 -0.265458 1.590415 -1.026158 0.430826 -0.701921 -0.421341
306 7.5808419325 -0.652231 -0.841739 -1.295152 0.081533 -0.283259 0.784826 0.264167 0.396322 1.934004 -2.811701 -0.961695 -1.133022 -0.909414 -0.711603 -0.498280
307 15.3935345956 0.112895 -0.334044 -0.747610 -1.821534 -1.200137 1.026000 -0.017476 0.336105 2.898242 -3.349248 -1.287414 -1.400586 -0.799621 -1.172772 0.194358
308 24.6380629192 -0.282210 -0.523271 -0.058039 -3.515107 -2.984168 0.140098 1.691918 -0.347938 2.265225 -1.033593 -2.672673 -0.688449 -0.434438 -1.959288 0.217237
309 304.2610733314 -5.000000 5.000000 -4.674791 -5.000000 0.471259 -0.592767 -5.000000 -3.723053 2.846895 -0.816272 5.000000 -5.000000 -3.581117 0.241751 5.000000
310 131.3753763605 -0.560249 -1.280516 0.189807 -4.984263 -1.681864 0.923308 0.444007 -0.582830 1.037935 -5.000000 -1.753484 -0.768934 -0.597305 -0.364042 -0.682033
311 3.7793803516 0.123975 -0.209916 -0.570303 -0.313022 -1.041804 -0.462287 0.225689 0.637372 2.505473 -0.078685 -1.589503 -0.722625 -0.943660 -1.549793 -0.532138
312 12.3169908324 0.085796 -0.801397 -1.200657 -1.137286 -1.593264 -0.514011 0.594308 0.412134 1.771333 0.645298 -2.149013 -0.171233 -0.741421 -2.321495 0.616667
313 7.9811935083 -0.432649 -0.706618 -1.450759 0.236203 -0.407652 -0.040502 0.420844 0.898787 2.950815 -1.076149 -0.510671 -1.287457 0.071078 -1.009880 -1.789057
314 316.1274991816 4.936236 -4.950709 -4.524616 2.268281 4.679977 -5.000000 -5.000000 3.619576 5.000000 -5.000000 -1.021851 -1.707385 5.000000 -1.192797 -5.000000
315 127.7899570099 1.224938 1.225565 1.243093 -0.194562 -2.073140 -1.483850 -1.240103 0.453912 5.000000 0.130887 -2.418599 -1.072072 -2.036103 -1.273058 -2.556568
316 138.6263655235 -5.000000 -5.000000 5.000000 -0.900318 1.662350 1.220333 0.322338 -3.676013 0.829418 -0.894707 -0.963495 -1.185434 -0.001444 -1.425654 0.105731
317 152.6860667656 0.322519 -2.193991 -4.467276 -5.000000 -1.098827 -1.058433 0.030768 -3.309055 1.593006 2.298042 -4.249200 -1.910818 -0.459610 -1.634783 3.929895
318 26.9662650602 -1.269402 -0.494585 -0.786216 0.252050 0.203361 0.364534 0.542119 -0.427317 0.245146 -0.504432 -0.799380 -0.405333 0.084947 -0.353251 0.210139
319 32.9600232699 -0.497667 -0.028328 -3.823942 0.258593 -0.750778 1.513059 0.907588 0.729273 1.300796 -1.922807 -1.286314 -1.128559 -2.038426 -0.917518 0.300731
320 5.6090309351 -1.275091 -0.559831 -0.532883 0.083074 -0.013912 0.407471 0.363712 -0.724921 0.070219 -0.029548 -1.136428 -0.313100 0.904294 -0.184292 -0.166947
321 286.0017377658 -3.852071 -1.334581 4.696410 2.193891 5.000000 5.000000 4.051825 4.393459 1.001552 -5.000000 5.000000 -1.989747 5.000000 -3.971943 3.074983
322 356.0181802811 -3.818031 -5.000000 4.974832 -5.000000 -5.000000 5.000000 -0.394622 1.086969 4.735070 -0.387989 -5.000000 0.221089 3.965938 -5.000000 5.000000
323 324.0756159487 -0.228598 -4.999241 5.000000 5.000000 5.000000 0.538262 1.572407 5.000000 -5.000000 -0.780944 -0.746601 5.000000 5.000000 -2.234880 -1.539828
324 53.1305758468 -0.638710 -0.680053 -0.282054 0.804508 -0.124156 0.609619 0.676049 -0.317766 -0.053635 -0.898566 -1.036573 -0.693823 -0.902981 -0.032737 0.758394
325 54.8788927955 -0.087077 -1.110836 -2.586381 -0.795442 -0.501272 -0.828763 1.020535 2.294302 2.147131 -2.256324 0.438118 -1.506450 -2.104483 -5.000000 -0.106458
326 145.3343620618 -5.000000 -0.479598 0.946297 0.086462 -1.456079 0.695771 1.581279 -1.614025 -0.370637 0.166333 1.417712 -5.000000 5.000000 0.265101 -2.326199
327 318.3267088859 3.903808 3.963315 2.795823 -5.000000 5.000000 -0.897581 -5.000000 3.571993 -3.429257 2.950650 5.000000 5.000000 -1.742233 -2.193347 -1.151153
328 247.9605361265 -5.000000 -1.499604 1.644365 1.371561 -0.411312 -3.872709 -5.000000 -5.000000 -2.341560 5.000000 -0.432911 3.950447 1.249396 0.804325 -3.054332
329 246.5094321001 -5.000000 -4.848917 -1.158171 -2.963176 0.052314 -3.961271 -1.110821 1.054279 0.179953 -0.550571 2.228894 -5.000000 -5.000000 -5.000000 0.784198
330 355.1172967298 0.849008 5.000000 0.229859 5.000000 0.305863 -5.000000 4.107671 3.939288 5.000000 4.635621 1.162348 5.000000 -5.000000 -5.000000 0.299760
331 74.0229985031 -0.783445 -0.424449 -1.585787 -0.704217 0.272548 0.333207 0.383868 -0.397753 0.946624 -0.705290 0.425144 -0.124175 0.714380 -1.049620 -0.287444
332 222.8852575835 5.000000 -4.105354 -3.523166 -0.946869 1.200781 -1.468383 -0.608034 -1.800127 -5.000000 2.611785 -5.000000 -3.608305 5.000000 5.000000 2.102554
333 64.4545020181 3.543071 -0.989222 -0.550387 0.244163 -0.759852 -0.021633 0.339402 0.232510 -1.753986 -0.863582 1.522022 -1.015903 0.949736 -1.184336 0.299633
334 254.8289918793 -2.144921 0.978239 -5.000000 1.007707 -5.000000 3.752116 4.443242 2.120727 5.000000 -4.017320 -3.443951 -1.959107 -1.495476 -3.425696 -5.000000
335 59.3420217796 -0.209149 -1.119102 0.363703 1.573167 -0.392634 1.338889 0.618033 -0.002336 -0.332932 -1.068800 -1.892741 -0.531964 -1.554128 0.301197 1.095454
336 250.4454427160 -4.417625 -4.126630 0.771000 -3.033396 -5.000000 -1.624993 4.773873 -3.897108 -4.993472 3.988883 -5.000000 -1.228308 -0.565027 5.000000 -0.359179
337 450.9132534325 -5.000000 5.000000 -4.664757 5.000000 -5.000000 -4.001270 -5.000000 -5.000000 -3.949184 5.000000 5.000000 -4.876012 1.898562 5.000000 5.000000
338 453.2100909366 -5.000000 3.136822 5.000000 -0.160431 4.579997 5.000000 -5.000000 -5.000000 -5.000000 -5.000000 5.000000 2.239251 -5.000000 5.000000 5.000000
339 467.9676419199 4.247949 -4.043289 3.662666 -0.765075 -5.000000 -5.000000 5.000000 -1.743256 -3.011213 5.000000 -5.000000 5.000000 -3.524508 -5.000000 -0.151099
340 68.7893818712 -0.856975 -0.354404 -0.734217 -0.199791 0.121659 -0.090232 0.735515 -0.494441 -0.544255 0.016666 -2.219780 -0.376980 0.911634 0.217222 -1.027816
341 36.5536115862 0.354856 0.237618 1.247277 -0.626340 -0.425997 0.652520 -0.455942 1.277024 -0.158240 -0.500382 1.469437 -1.172211 0.517622 -2.952440 -3.653511
342 209.0869276316 5.000000 2.695362 0.379658 -0.398068 -0.062780 -2.733115 -2.999235 -0.319094 4.494685 -5.000000 5.000000 -2.081001 5.000000 -5.000000 0.667906
343 378.6763544164 -2.860385 5.000000 3.555353 -3.245579 3.625301 -4.949717 -3.499363 3.214779 -3.057334 5.000000 1.743584 1.581604 -5.000000 5.000000 -5.000000
344 252.6995429884 5.000000 -2.049955 -4.568792 -5.000000 -0.332571 0.130417 -1.147773 1.603217 -1.989470 -1.696061 3.372452 -1.956353 5.000000 -0.451764 0.142727
345 303.4129154593 4.681619 3.497390 2.225489 5.000000 0.303578 -0.136163 5.000000 5.000000 -2.158830 -5.000000 5.000000 -0.092394 0.530923 -5.000000 -5.000000
346 404.3323151265 -5.000000 5.000000 3.528077 1.747544 -5.000000 5.000000 -5.000000 3.971663 -1.964781 2.656839 5.000000 5.000000 -5.000000 -5.000000 -5.000000
347 346.5277629048 0.889275 -1.262177 -5.000000 0.112736 -2.305878 1.754050 1.209341 -0.147559 -5.000000 -4.056245 -4.708684 -0.133269 -5.000000 4.479421 5.000000
348 356.9171926181 -5.000000 -5.000000 1.291833 -4.810363 4.990098 5.000000 5.000000 0.844646 -5.000000 3.534894 -4.576016 -2.061540 5.000000 2.357857 1.483211
349 526.2804673028 -4.880181 5.000000 -4.885086 5.000000 4.625388 -3.373423 -5.000000 3.792181 5.000000 -5.000000 5.000000 0.591559 -0.272898 -5.000000 5.000000
350 198.6971746278 -1.446023 1.137523 5.000000 -3.302268 1.203124 -0.454235 5.000000 -0.591109 1.436639 -0.121158 0.582617 1.094614 1.644371 -0.049181 0.034341
351 289.6263284389 5.000000 5.000000 0.063473 -1.045081 -3.354795 -5.000000 -5.000000 -5.000000 2.120423 -1.607278 5.000000 -1.627558 -5.000000 -1.600227 -2.013927
352 332.9698445729 5.000000 1.473431 -5.000000 -2.711757 5.000000 -4.353105 0.344313 -3.039082 -5.000000 5.000000 -5.000000 1.488242 -1.666595 0.809107 -5.000000
353 109.2589156103 -0.481224 -0.863263 -0.468777 1.644790 0.016558 5.000000 0.369950 0.851193 -0.468886 0.002822 0.232231 -0.112183 -0.580011 -0.801692 -0.381755
354 309.8253634910 -3.604405 -5.000000 5.000000 5.000000 -4.451867 -2.807825 -3.605380 1.887156 2.330937 -5.000000 5.000000 -0.934170 5.000000 -3.169669 5.000000
355 446.6788277320 5.000000 2.447705 5.000000 -4.430380 3.761659 -1.559853 -5.000000 4.192027 3.278215 -5.000000 -5.000000 4.905506 5.000000 -5.000000 -5.000000
356 106.7295190055 -1.764257 -0.276520 -1.519435 -1.995383 -1.233484 0.163756 -0.894697 -1.266819 0.162314 0.426844 -0.944244 -1.563126 0.309701 -0.587722 -3.813700
357 14.4625857937 -0.507130 -1.090293 -1.166391 0.017569 -0.251755 0.112054 0.447134 -0.694816 1.043763 -1.616061 0.687614 0.368975 0.742037 -0.782311 -0.391109
358 170.2975991668 3.520543 -4.472542 -0.531112 5.000000 3.712013 -1.077276 -0.325002 -1.207675 -5.000000 -5.000000 2.691863 -3.744344 -2.074650 -1.026335 -0.269703
359 181.9796843449 -0.798528 -5.000000 2.176335 1.269299 -0.452502 -1.389521 0.659022 5.000000 -5.000000 -3.900119 -0.961679 -4.877317 0.638887 2.857151 -4.191466
360 59.0071421131 -0.786229 -2.034268 -1.076357 1.255957 0.007027 0.279303 0.713498 0.239402 1.272740 -2.123736 0.269134 -1.264116 0.199317 -0.416271 -1.149900
361 380.4472640039 5.000000 -2.347252 -4.950906 5.000000 5.000000 1.905256 -3.873391 5.000000 -5.000000 1.705392 5.000000 -5.000000 -5.000000 5.000000 -5.000000
362 283.2780929416 5.000000 -0.955948 1.039483 -1.269501 -0.177834 -3.088065 -2.226923 -4.137417 5.000000 -1.161459 -1.505486 -5.000000 2.007548 2.893231 5.000000
363 357.4846140070 5.000000 -2.584405 0.213471 2.466471 5.000000 -5.000000 -1.844566 -5.000000 -5.000000 -5.000000 5.000000 5.000000 5.000000 -0.679588 4.856713
364 424.1200789354 2.288849 5.000000 5.000000 -2.139106 -5.000000 5.000000 1.438886 -0.295286 1.079610 5.000000 -5.000000 5.000000 5.000000 5.000000 -1.646362
365 349.3399152053 2.748471 -3.539079 3.989515 -0.830316 1.578546 5.000000 -1.841567 5.000000 -5.000000 -5.000000 0.977730 0.309562 -5.000000 -4.132685 1.671203
366 361.6920348686 -2.308952 5.000000 -2.376401 -5.000000 -5.000000 2.602230 -4.379869 1.518852 5.000000 5.000000 -1.976336 -0.691296 -5.000000 -4.625708 4.807372
367 372.9081998509 -0.752236 -2.767390 -2.089065 4.983929 0.785132 2.633932 -5.000000 -5.000000 4.151361 -4.879671 5.000000 -5.000000 -0.909177 -2.843150 -5.000000
368 315.7290697511 5.000000 -3.281950 -3.944860 2.756753 -4.155452 -1.376530 2.631322 5.000000 4.740119 -5.000000 -0.924277 2.128420 5.000000 -5.000000 2.591190
369 515.3833807366 5.000000 -5.000000 0.877884 5.000000 5.000000 -5.000000 5.000000 -5.000000 -5.000000 -5.000000 -5.000000 -5.000000 5.000000 4.350401 -5.000000
370 396.7871468558 5.000000 1.258808 5.000000 5.000000 -0.668930 -5.000000 -5.000000 -0.969766 -4.050835 5.000000 5.000000 -3.011828 5.000000 -5.000000 0.670173
371 360.5697434037 5.000000 5.000000 -1.957155 -0.555147 2.763846 4.666020 0.372275 4.235067 5.000000 -4.303692 1.684715 -5.000000 -0.865095 3.337390 -4.648786
372 310.2104490984 1.564308 -5.000000 -5.000000 1.197736 -2.209787 -0.094604 1.688875 5.000000 2.057023 5.000000 -5.000000 -5.000000 1.793875 4.097086 -5.000000
373 491.2651688975 -5.000000 -5.000000 5.000000 5.000000 -3.765411 0.201072 4.504898 -5.000000 -5.000000 -1.486854 5.000000 -5.000000 -5.000000 5.000000 5.000000
374 427.3783797680 5.000000 -1.633724 0.046294 5.000000 -2.904756 -5.000000 -3.414650 5.000000 -5.000000 -5.000000 5.000000 5.000000 -4.659101 1.682473 -5.000000
375 424.8265380292 5.000000 2.093029 5.000000 5.000000 4.207174 5.000000 5.000000 2.642076 2.720590 -0.560922 -5.000000 5.000000 -5.000000 4.371251 5.000000
376 440.3538875693 5.000000 2.825283 -5.000000 -1.243469 5.000000 -4.133018 -5.000000 -5.000000 4.041229 5.000000 5.000000 5.000000 -2.864333 4.934044 5.000000
377 292.0482336450 0.007643 -5.000000 3.062063 -5.000000 -0.462171 -0.249635 -5.000000 -1.627885 0.493708 0.578114 -5.000000 1.732427 -3.996081 3.834977 -3.677104
378 306.6389965952 5.000000 0.272110 -5.000000 -3.384853 5.000000 3.556581 -5.000000 -0.168874 0.666053 -1.781496 -5.000000 -5.000000 5.000000 2.415816 0.605941
379 44.3809132650 -0.200397 -0.236769 -0.661521 0.280088 0.118982 -0.337329 0.062552 0.121445 -0.260721 -0.142183 -0.293662 -0.419029 -0.186105 -0.403566 -0.321338
380 -18.1547753478 -0.262194 -0.300868 -0.716957 0.208174 0.141132 -0.313226 0.087962 0.056326 -0.267139 -0.132913 -0.265679 -0.354280 -0.109611 -0.354266 -0.292167
381 -19.0058660333 -0.283885 -0.266732 -0.707928 0.192341 0.124881 -0.302340 0.075714 0.052464 -0.265891 -0.130366 -0.249550 -0.356345 -0.163748 -0.378988 -0.287451
382 183.8132530784 -5.000000 -4.152760 0.552344 5.000000 0.861884 3.736289 1.070076 5.000000 1.581362 -5.000000 -1.665088 -0.428687 0.527996 0.468514 -1.191252
383 354.6452057951 -2.653097 -5.000000 2.978721 -3.233776 5.000000 -5.000000 -4.107651 5.000000 -5.000000 -5.000000 4.252514 -2.612677 5.000000 2.166753 3.922506
384 390.0875938436 -0.214916 5.000000 5.000000 3.584134 -5.000000 -2.762542 -5.000000 -1.439527 4.417867 -5.000000 2.665660 5.000000 5.000000 4.132419 5.000000
385 386.7245357961 4.402462 -5.000000 -4.939630 5.000000 1.405935 5.000000 -3.699543 -5.000000 1.799852 0.382014 -5.000000 5.000000 5.000000 3.665585 0.879382
386 57.3123979580 -0.213111 -0.146869 -0.683958 0.141153 0.118976 -0.320877 0.121414 -0.094555 -0.265850 -0.067955 -0.208639 -0.321449 -0.186403 -0.356237 -0.255427
387 -18.4482756683 -0.222500 -0.165985 -0.686857 0.199401 0.103451 -0.309489 0.112522 -0.044790 -0.264900 -0.047698 -0.231520 -0.340283 -0.179008 -0.334206 -0.277873
388 261.5962696752 -5.000000 -4.137190 0.603179 -5.000000 2.660081 2.595031 -1.014046 -2.366379 3.623143 0.267042 5.000000 5.000000 0.945456 -5.000000 5.000000
389 129.8865313852 -2.651186 0.996819 -1.484823 -1.160814 -2.155228 -0.464054 -0.110670 0.113815 -0.767656 -0.773986 -1.929427 -1.208930 -0.536465 0.751620 -4.980636
390 354.0587135401 -5.000000 -2.175737 5.000000 -1.469448 -5.000000 5.000000 5.000000 5.000000 -5.000000 -5.000000 -5.000000 -0.059760 5.000000 -3.094568 -4.905287
391 356.3590237938 -2.171082 0.611573 1.233846 5.000000 1.435513 -3.289751 -5.000000 3.222734 -0.823263 -0.169823 5.000000 4.447885 -4.734192 -0.572073 4.901050
392 45.3273314945 -0.029657 -0.233341 -0.811977 -0.109798 0.204210 -0.131211 0.235406 -0.469338 -0.035868 0.025921 0.104627 -0.220693 0.119693 -0.590947 -0.054278
393 243.5875941599 0.876350 5.000000 -1.541775 5.000000 3.414055 -5.000000 5.000000 5.000000 0.754099 -2.079359 -1.075087 -0.788821 0.664658 -5.000000 5.000000
394 287.4188818644 5.000000 1.925851 -0.572034 5.000000 5.000000 5.000000 5.000000 -0.633492 -0.674328 -3.102530 5.000000 0.255250 1.783046 -5.000000 -5.000000
395 50.2698349865 -0.156790 -0.075368 -0.866001 -0.089455 0.451777 -0.294854 0.440926 -0.457257 0.062641 -0.169421 -0.050033 -0.243379 0.180284 -0.770938 0.088680
396 -12.1040296224 -0.183301 -0.074375 -0.860887 -0.096188 0.432817 -0.295247 0.462503 -0.428178 0.074723 -0.194646 -0.046357 -0.239440 0.172226 -0.753837 0.109515
397 285.3557555921 -5.000000 1.013752 -1.222269 -5.000000 1.954041 5.000000 5.000000 2.932239 1.563169 -5.000000 -5.000000 5.000000 -2.163735 -5.000000 1.922111
398 209.7078507966 0.491238 -0.014156 -5.000000 0.073779 -0.669152 0.591938 0.109908 5.000000 -0.217413 -5.000000 -0.561089 5.000000 5.000000 -5.000000 -0.335720
399 30.0354794131 -0.301694 -0.034206 -0.909354 -0.149262 0.481519 -0.251674 0.488020 -0.560891 0.109969 -0.234014 -0.084932 -0.143990 0.295876 -0.897940 0.103335
400 172.9991766007 -3.364738 -2.119151 -2.641537 -5.000000 -1.190309 3.512573 -2.844932 -5.000000 -2.926000 5.000000 2.888180 -0.240392 -2.873717 -0.223805 -0.626909
401 34.9200746433 0.019156 -0.121042 -0.849584 -0.078130 0.202875 -0.140857 0.323893 -0.443218 -0.014145 -0.051260 0.116146 -0.205120 0.141546 -0.658574 0.015626
402 101.8185266284 -1.590630 0.919932 -2.756656 -2.605881 1.678500 -1.787052 0.505372 -5.000000 1.908093 0.890733 0.022151 -0.270123 1.839269 -5.000000 -1.149977
403 14.0021332087 0.095464 -0.109148 -0.800425 0.034640 0.135617 -0.193104 0.368273 -0.440968 -0.072547 -0.083832 0.132730 -0.279990 0.059027 -0.514510 -0.005975
404 -5.1283276899 -0.813522 -0.427062 -0.954304 0.540336 0.628539 0.084309 0.175915 -0.536630 -0.379157 0.116458 -0.914145 -0.219202 0.643830 -0.759600 0.117994
405 345.9502114727 -5.000000 5.000000 -0.588231 -5.000000 3.566435 -5.000000 2.632820 -5.000000 -5.000000 5.000000 5.000000 0.136123 -0.412885 -5.000000 5.000000
406 346.0052318391 5.000000 5.000000 -2.556503 -3.024747 -1.965696 -2.690021 5.000000 -5.000000 3.323668 -5.000000 -2.914088 5.000000 1.481399 0.112552 4.950719
407 237.8455019645 2.047564 -2.930593 0.149517 5.000000 0.144886 -3.039307 -1.733120 5.000000 -1.318621 -2.318920 -4.422085 -3.759320 2.549551 -0.643277 3.992465
408 280.7921635742 -5.000000 -3.167830 -5.000000 5.000000 5.000000 0.756880 5.000000 -1.658204 -5.000000 0.186845 -0.121528 -1.968661 0.561064 -5.000000 1.623076
409 183.7147831786 -5.000000 -3.481343 -1.182011 -2.544091 -0.764237 -1.281848 -0.552459 -5.000000 1.926227 -5.000000 0.052072 1.340169 2.100494 0.379797 -1.632809
410 393.4122030299 5.000000 5.000000 0.017266 5.000000 5.000000 -2.795906 0.766404 -5.000000 5.000000 0.211546 -5.000000 -1.858364 -5.000000 -5.000000 -5.000000
411 72.6125294309 0.287823 -0.551303 -0.860756 -0.260856 -0.294291 0.527417 -0.065640 -0.285353 -0.270788 0.692405 0.412000 -0.060291 0.210498 -0.944478 -0.265756
412 207.7539310776 -5.000000 -0.258603 2.578797 -5.000000 -5.000000 5.000000 1.008013 5.000000 0.202673 -0.558370 -1.609028 -0.240294 -5.000000 -1.597496 -1.814299
413 397.4496082084 -5.000000 2.521513 1.307305 -0.142957 -5.000000 -5.000000 5.000000 5.000000 5.000000 -1.567542 5.000000 -5.000000 5.000000 -5.000000 5.000000
414 218.1436380668 -5.000000 0.877243 0.543523 1.716481 -0.321050 5.000000 -0.368634 -5.000000 -0.038576 2.400022 -1.546493 -1.080877 2.620092 -0.999673 5.000000
415 270.5365423247 3.859991 0.647911 1.497719 4.123884 -0.873659 5.000000 0.538076 3.349563 -4.896900 -5.000000 1.170362 0.618303 5.000000 5.000000 -0.632417
416 472.0242749520 5.000000 -5.000000 -5.000000 5.000000 5.000000 -5.000000 5.000000 5.000000 -5.000000 -0.904788 5.000000 -5.000000 5.000000 -5.000000 5.000000
417 365.7448873802 0.792769 -0.891234 -3.098138 -5.000000 -3.045658 -5.000000 -2.094287 -1.157630 -5.000000 5.000000 1.760917 -5.000000 -5.000000 4.381574 -1.105649
418 295.8088408478 -4.543923 -5.000000 -5.000000 -1.262390 -2.237920 5.000000 1.158045 1.395638 2.775509 5.000000 1.230715 0.193579 -3.387323 -5.000000 -3.209639
419 144.3563546682 -0.824118 0.396617 0.720908 5.000000 0.727484 0.617767 3.401054 2.441762 -1.721359 3.047778 -0.388378 -0.998389 -0.568861 1.154438 -5.000000
420 407.3886542264 -5.000000 -5.000000 5.000000 -5.000000 -4.807661 2.295513 1.633922 5.000000 -5.000000 2.974396 5.000000 5.000000 5.000000 -0.961037 5.000000
421 575.1661603915 -5.000000 5.000000 -5.000000 -5.000000 -5.000000 5.000000 -5.000000 -5.000000 5.000000 -2.240727 5.000000 5.000000 -5.000000 5.000000 -5.000000
422 511.1018029469 -3.296184 -5.000000 -3.580567 -5.000000 5.000000 -3.859894 -5.000000 0.553976 -5.000000 -0.463041 -5.000000 5.000000 3.523132 -5.000000 5.000000
423 263.7856881902 -1.396518 -5.000000 2.099412 -2.417421 0.019121 -0.294569 3.143803 5.000000 5.000000 -2.623015 1.405796 1.002293 2.140595 -1.920156 -5.000000
424 30.8428927724 0.441592 -0.071633 -0.718723 -0.272931 -0.103085 0.063549 -0.012519 -0.333570 -0.098624 0.073086 0.396843 -0.166678 -0.083988 -1.098341 -0.284740
425 338.5698560280 -5.000000 3.356936 5.000000 -5.000000 -3.349862 5.000000 -5.000000 -1.212367 0.292915 -5.000000 5.000000 -3.637312 2.176755 -5.000000 5.000000
426 360.4051116879 5.000000 1.853552 -2.512115 -0.872320 0.826495 -1.829023 -5.000000 -5.000000 5.000000 5.000000 0.796319 0.843179 5.000000 -3.071344 -5.000000
427 93.3402314382 0.363666 0.915739 -1.341801 -1.094644 -0.407162 0.344722 0.403604 1.163867 -0.809902 -0.945534 -0.166308 -1.770947 -0.344478 -4.841161 -1.830177
428 461.2475925448 -5.000000 -5.000000 -5.000000 -5.000000 -3.592430 5.000000 -1.683123 -5.000000 -5.000000 -4.975573 -5.000000 -5.000000 5.000000 5.000000 -5.000000
429 443.5239019426 1.911590 2.047006 -5.000000 -5.000000 2.011705 -5.000000 5.000000 5.000000 4.968452 1.330364 -5.000000 -4.407579 -5.000000 -2.762908 -0.509235
430 466.4165911340 -5.000000 2.170619 5.000000 -5.000000 5.000000 1.302328 -5.000000 -5.000000 4.587170 5.000000 5.000000 -1.509030 -5.000000 -5.000000 -5.000000
431 437.4373498066 -5.000000 5.000000 -1.240747 5.000000 5.000000 2.117287 5.000000 -5.000000 -5.000000 5.000000 4.316934 5.000000 -5.000000 3.508462 -5.000000
432 74.7262387121 -0.137203 -0.134677 -0.631065 0.062738 -0.194258 -0.246189 0.429732 -0.260644 -0.211229 -0.558361 0.544528 -0.414308 -0.233483 -0.269139 0.083415
433 -18.1316945805 -0.105177 -0.156379 -0.623047 0.080095 -0.159611 -0.231451 0.432712 -0.274250 -0.208210 -0.516509 0.491422 -0.386274 -0.218684 -0.255129 0.048179
434 286.5558012020 -3.642908 1.086449 5.000000 5.000000 -5.000000 -5.000000 -5.000000 5.000000 4.491150 -0.744562 -0.747530 -3.910482 -0.142981 0.685031 -5.000000
435 444.9006498965 -5.000000 2.761460 -5.000000 -3.471553 5.000000 5.000000 1.950042 5.000000 -5.000000 -1.172890 5.000000 -5.000000 1.305773 -5.000000 -5.000000
436 63.4616877715 -0.041422 -0.133673 -0.573916 0.147635 -0.260552 -0.235691 0.428726 -0.239931 -0.179236 -0.512384 0.426930 -0.409722 -0.234936 -0.228852 0.028011
437 173.8806566901 -0.492174 -0.720513 -0.558310 0.463543 -0.906053 2.506381 5.000000 -4.603800 2.501030 -4.999282 1.710295 -2.181252 -3.022823 -5.000000 5.000000
438 24.7728874361 -0.194142 -0.375336 -0.212236 -0.077063 -1.311188 0.132806 0.617169 -0.641101 -0.057354 -0.426395 0.737567 -0.142015 -0.094086 -1.206524 0.453404
439 265.5831521998 5.000000 1.158226 -4.109424 -1.351088 1.091820 5.000000 5.000000 5.000000 -5.000000 5.000000 -1.689726 5.000000 2.981485 -0.762039 3.245407
440 56.3257513761 -0.146277 -0.064333 -0.779006 0.346666 0.037738 -0.265366 0.665018 -0.276400 -0.094037 -0.749068 0.324520 -0.454921 -0.301033 -0.269673 -0.016171
441 255.8687765499 -0.612623 -1.645138 -2.782671 -5.000000 -5.000000 3.477526 5.000000 -5.000000 -1.881550 2.156019 -0.463254 -1.599366 5.000000 -5.000000 5.000000
442 94.4522097186 -5.000000 -0.008224 -1.958673 0.390848 -1.785153 -1.076387 1.000483 -0.309456 0.337598 0.534353 -0.922999 -0.321580 -1.176043 -0.698174 0.561523
443 40.7161899989 -0.962979 0.787986 -0.402779 0.551249 -0.326902 0.950686 -0.192922 -2.174323 -0.467819 -0.519652 4.427806 -0.129482 1.412993 -0.898071 0.629983
444 232.3946192572 -1.760440 4.558365 -3.388674 5.000000 0.020460 0.107009 1.123071 5.000000 -1.469198 2.057489 -5.000000 1.570797 5.000000 -1.605625 -5.000000
445 84.7811711759 0.300045 -0.460709 -0.181201 -0.032255 -0.575298 0.197275 1.203273 -0.081636 -0.061102 -5.000000 -0.130111 -0.186426 0.970478 -1.190957 -0.585597
446 6.9291929422 0.897115 -0.940477 -0.618087 -0.587333 -0.373229 0.942174 0.416710 -0.780013 -0.349954 0.377780 0.730981 -0.204300 -0.207707 -0.487297 0.821481
447 212.3444271790 5.000000 -3.022015 -5.000000 -1.371431 0.316291 5.000000 0.559596 -5.000000 0.719669 0.739545 2.312195 -1.906836 -5.000000 -0.418958 5.000000
448 325.4424392676 5.000000 -1.926345 1.137382 0.714371 5.000000 5.000000 1.303808 5.000000 2.007114 5.000000 5.000000 1.489982 5.000000 5.000000 5.000000
449 492.6021924938 5.000000 5.000000 5.000000 -5.000000 3.132720 5.000000 5.000000 -5.000000 -5.000000 -5.000000 5.000000 5.000000 5.000000 -5.000000 5.000000
450 526.3230854465 -5.000000 4.015995 -1.442384 -1.011467 -5.000000 -5.000000 -5.000000 -5.000000 5.000000 -5.000000 -5.000000 -5.000000 5.000000 -5.000000 -0.177935
