evaluations raw_y x0 x1 x2 x3 x4 x5 x6 x7 x8 x9 x10 x11 x12 x13 x14
1 2.2902925014 0.284766 -2.298073 -1.181515 4.527390 -3.284133 1.606325 -3.339992 -4.323246 3.298006 4.167903 0.931765 0.491432 1.572574 4.849996 4.908715
2 1.4630390406 -8.166937 -4.364440 36.714726 8.836086 -12.690080 -4.504210 -7.032481 0.212223 2.539674 8.877837 9.971379 3.102175 9.641711 5.430651 27.597325
3 1.4630327225 -11.329095 -5.469520 29.502605 -9.410209 -8.724802 -3.894080 -1.069825 2.079170 11.499903 1.874285 -4.183276 9.001085 -1.531133 -2.922244 28.011462
4 1.4630362988 -28.530617 1.679103 13.324495 -5.010466 -5.086542 -9.675695 -20.289676 4.886056 14.052881 12.680468 -4.594329 29.385366 -4.588688 -3.092329 50.222496
5 1.4630362988 -25.529505 -21.505703 22.759330 -15.960147 -14.497881 -3.631985 4.670747 -0.448158 11.441120 5.852173 -8.834816 -4.051961 4.991655 6.702907 35.761126
6 1.4630357027 -12.378157 -4.196867 28.454097 -21.949876 -7.631110 -2.846363 3.056211 4.217037 8.668000 -13.047776 -9.862345 11.095306 -18.136896 -9.660501 22.829408
7 1.4630362988 -1.397476 -6.592746 30.892331 23.673525 -12.608356 1.897838 -17.051919 -0.001892 20.917124 -2.385212 -6.889298 26.557363 15.881108 -31.920768 22.130075
8 1.4630362988 -2.035488 15.658721 31.002916 5.671366 -28.221811 6.242024 -21.606633 -0.119721 15.566246 10.649207 -3.790757 14.976727 -11.447524 -8.832175 24.962684
9 1.4630362988 -1.370503 11.417169 35.544648 -7.735016 -11.524459 12.240390 5.721383 19.334099 22.051459 -3.964636 14.855060 16.484142 -13.975667 8.013882 18.685770
10 1.4630362988 10.441871 10.696501 39.364201 -5.578050 -12.659147 -8.693271 6.285693 14.592125 16.395832 7.500183 -4.372277 16.141615 5.814201 -12.360044 36.549279
11 1.4637188911 2.071563 6.451080 23.338155 0.809443 4.833156 -9.969000 1.717563 6.223082 2.625574 -5.386711 -0.200342 13.123423 1.305863 10.139314 25.812047
12 1.4630361795 -21.180548 5.420306 23.428096 -7.247682 -2.047652 5.001998 0.170516 7.403155 -3.299624 -5.501922 -10.926818 23.962597 20.151188 9.278232 29.716326
13 1.4630364180 1.634611 -1.056906 29.414255 -8.582590 -12.988690 1.638089 -1.334291 -5.024912 15.460905 12.603268 2.317501 11.917021 4.644631 6.026554 36.147909
14 1.4630362988 -13.560065 14.559284 27.571247 -20.163214 -3.866112 -23.882620 8.975554 7.342043 10.733991 -13.486737 -1.456021 11.043174 2.657157 -14.696656 38.568667
15 1.4630362988 -18.256584 -10.145809 29.419750 -19.556447 -29.499997 -5.686442 -2.633064 14.916136 7.205665 -0.215329 -5.265622 -1.590882 8.910648 -19.272135 28.321929
16 1.4630360603 0.672945 0.418447 21.441064 -11.947889 -12.763881 -8.491863 -5.052350 7.483198 28.380249 9.162974 -8.106671 14.835354 -9.604280 -8.291744 31.067256
17 1.4630362988 -15.011437 -1.414873 39.912739 -18.433746 -13.211224 -14.405250 7.287123 15.815473 15.216386 11.231511 -16.429085 14.347543 5.896432 2.215269 31.269684
18 1.4630383253 -0.606773 -14.295941 23.590814 -12.176581 -17.892446 -6.505823 -5.527830 0.676893 12.271685 -9.020229 2.886433 22.665953 -2.061680 -6.401634 26.110635
19 1.4630355835 -6.369666 -17.550580 28.485127 -11.011430 -9.871319 5.505784 -1.126396 -6.874787 15.976476 -4.686384 14.264302 14.550227 1.000494 0.276867 19.760288
20 1.4630341530 -12.603411 -29.939007 25.557440 -6.009145 -6.225658 -4.933974 -16.788841 2.533170 0.827796 -6.066466 3.508810 0.299790 9.668809 9.437961 11.467236
21 1.4630362988 -22.721467 -11.367009 33.852174 -5.842885 -22.201561 -7.045845 5.149156 -3.076362 1.955795 13.535271 -10.587815 17.602880 11.528253 -2.597531 39.677844
22 1.4630362988 -15.563024 -5.535077 29.421821 -11.335032 -12.928958 -10.019958 -9.329064 14.552011 29.681405 -10.160930 -12.798478 5.349638 0.743246 -13.788140 19.664725
23 1.4631046057 -2.930227 -14.241773 31.300802 -10.133431 -5.145238 -6.048870 -9.756077 -0.490815 -0.169660 -6.747430 -7.048530 0.917917 -13.141050 0.790830 24.574176
24 1.4630364180 -18.078920 -6.046289 31.120475 -11.402197 -9.319713 -12.498699 14.544449 10.362232 5.128875 0.514586 2.108293 -8.256519 1.587743 -10.142744 34.406745
25 1.4630362988 -1.453610 4.270772 35.851607 -13.333092 -14.097920 -17.424213 3.629070 -6.156412 7.646659 8.224312 -13.813881 -0.237642 3.710030 0.985371 37.320027
26 1.4630362988 -11.879828 0.774855 31.147285 -5.792865 -8.460242 -16.174807 8.184081 9.342760 9.403512 -0.709362 2.706868 11.457877 -1.331121 -12.230420 27.851317
27 1.4630362988 -8.597041 -2.888177 31.787245 -30.766087 -9.964275 -3.613873 11.654226 -0.948799 20.011182 19.860933 -1.812259 0.947345 -10.154577 -9.061756 20.492205
28 1.4630362988 -10.423691 16.326876 25.181289 -18.525395 -10.725102 5.143671 0.842885 10.941662 8.538046 4.171657 14.829672 -0.310897 -16.087551 -13.430784 39.474147
29 1.4630277157 -20.771892 -9.307221 22.625267 0.488894 -2.125624 -2.361197 -1.226587 4.057115 15.046830 2.265062 4.528292 3.298977 -7.533541 1.961989 33.784021
30 1.4630362988 -0.461411 -11.104771 24.444019 11.990846 -12.753546 0.373905 8.199385 1.183394 14.382769 -1.693180 2.165529 -11.715792 -9.394190 26.112773 45.098518
31 1.4630324841 -26.516704 -3.068259 20.409965 2.261062 10.316822 -1.110750 -4.636031 11.920464 5.834755 -4.032024 -0.824165 19.362527 -15.316650 3.610799 28.403431
32 1.4630362988 -15.056225 -13.246299 31.703842 7.770358 -9.814459 2.704002 -9.640563 0.573499 13.738581 -8.528601 7.305982 2.040494 1.066714 -9.002448 40.436196
33 1.4630361795 -23.974091 -14.780353 26.009791 -7.831178 5.846895 0.719309 -7.284871 -0.002248 15.108908 0.070559 4.574808 4.547415 -8.072273 11.215064 36.710647
34 1.4630362988 -34.146166 -6.310914 17.637201 4.344764 0.603134 -0.664784 -13.531984 1.401615 21.039017 13.954102 0.202338 -0.046992 -13.171951 -8.109841 39.266043
35 1.4630326033 -18.984764 -4.831666 26.409263 -0.000896 -9.243368 -4.590691 -15.419966 0.690767 14.576901 14.156254 1.424799 10.185631 -7.147569 8.479562 26.187711
36 1.4630357027 -31.594351 -12.575112 16.055675 -3.103048 -10.753512 1.224966 4.722401 -7.054738 21.044966 5.917139 9.934909 3.073198 -7.487999 -4.049810 31.488926
37 1.4630215168 -21.598625 -5.509408 15.861166 -1.710945 -2.862135 -4.192426 -3.926169 -0.770940 7.700334 -0.788211 8.155202 -6.149826 -11.740345 8.288865 34.709788
38 1.4630362988 -23.845739 -12.030193 25.316147 -8.610671 -4.632864 -7.265168 3.571692 -4.711881 10.261064 -0.236574 14.586759 -0.309349 -23.068329 -0.761408 43.336577
39 1.4626197815 -24.881248 -3.912357 9.818894 5.517423 -3.209027 -9.384594 -3.535058 0.274463 4.536175 0.355753 1.064345 -6.217949 0.585156 -0.344413 31.647421
40 1.4630361795 -35.765541 12.349620 14.523623 -5.932804 2.738156 -3.368893 -3.070284 -2.915008 8.451663 1.554300 -1.211516 6.007399 -18.309771 -0.125689 36.911025
41 1.4630079269 -29.802573 2.131447 4.946817 10.122078 -8.033538 -5.341934 -0.641023 10.326106 -12.036311 4.926893 -7.042057 -11.745775 4.904424 -0.485356 30.505746
42 1.4630360603 -37.331096 2.182434 5.646410 15.871422 -9.068378 -4.780779 -11.833536 3.898726 0.481898 -7.250519 0.655957 -10.329271 -5.423014 -0.066236 35.632301
43 1.4629155397 -14.107176 -5.853382 1.743329 10.796189 -2.642286 -19.978743 7.285780 -5.440523 -4.212593 10.145418 2.468280 -12.225876 2.105751 9.240005 28.771773
44 1.4630482197 -15.785425 -1.696864 21.183849 9.128740 -2.136297 -6.329473 4.785243 -3.095431 8.458293 1.249305 -1.507534 4.154217 7.313912 4.582094 32.932246
45 1.4630362988 -28.943853 -10.279011 12.466925 10.439886 4.164812 -8.088470 -4.113297 -10.953912 -7.476324 7.443908 5.491933 -4.617668 -7.214866 6.801644 41.683549
46 1.4631341696 -16.457918 -9.264995 20.951505 4.888470 2.022071 1.168207 0.363970 -6.703496 5.926082 15.795868 7.486062 -5.777199 -0.219208 -7.570832 26.086756
47 1.4630358219 -26.004816 -6.103397 11.912177 -4.121550 -1.135337 -21.615766 -6.149222 3.718130 6.815688 -2.031633 -3.483539 -8.147475 3.404805 -3.082875 38.484230
48 1.4629812241 -33.121422 -12.666004 9.306331 4.896136 -4.384955 -11.264548 4.705182 0.955281 -0.677913 -3.706618 -8.491087 -0.783515 -1.735190 -0.025513 28.366082
49 1.4629588127 -15.452271 -10.370085 5.780705 7.177411 -8.535657 -19.434913 -4.305937 -1.374495 5.749290 -5.122271 -2.828447 1.052091 -1.438510 7.567282 33.655912
50 1.4608236551 -28.239227 2.309120 16.240073 1.718596 -0.488884 -0.958189 3.757223 -3.239832 4.100756 -3.717902 3.220923 -5.109116 -1.992534 0.598858 22.000413
51 1.4623860121 -27.576299 -2.598280 11.304755 -2.429498 -4.036940 -2.407112 8.860012 -0.427426 2.461697 -0.906678 -0.302159 -18.016707 -6.646138 6.774379 22.884716
52 1.4620729685 -25.446004 7.836148 14.847036 -1.209296 2.660121 1.429311 -0.502925 2.914719 5.810177 8.352323 5.819069 -10.246231 5.123912 -2.248176 21.496456
53 1.4574276209 -23.133157 -1.025449 12.548403 1.121842 2.182532 -1.658973 -4.742426 0.196866 -1.790257 -1.724368 3.673563 5.631401 -5.581136 7.380851 24.639430
54 1.4630335569 -20.737248 -12.096653 16.351547 -3.814098 0.004401 6.021325 -3.684235 -11.757870 0.249183 -4.025032 8.355743 8.272607 -16.876596 14.387289 33.675308
55 1.4593892097 -17.952277 1.862084 9.324223 -2.782409 5.265758 -1.811400 -3.599944 2.921965 -9.961550 1.656601 11.199332 0.197804 -4.035002 12.970762 21.074017
56 1.4626072645 -27.112805 -6.704474 11.860220 -1.107863 7.899813 -10.839686 -4.213337 0.613481 -4.869429 -5.211117 7.163495 11.846247 -8.529766 13.212035 20.933202
57 1.4628641605 -30.258771 -0.718038 11.050093 10.321360 2.492392 2.390977 -3.690391 2.561446 -5.968335 -4.585196 13.521670 5.898728 -2.249777 2.204107 26.285953
58 1.4630765915 -18.230463 12.070390 20.085749 -2.055103 2.529492 7.707123 -14.718455 2.675937 3.476320 2.067735 4.049854 5.426002 1.139969 11.849453 28.748467
59 1.4630321264 -23.966492 -11.036663 19.134791 -5.425221 9.723687 -11.744354 -5.544191 -3.612249 -2.097483 -0.618811 5.447787 6.672932 -3.146405 2.047417 34.094865
60 1.4630310535 -29.282656 -7.094395 5.403430 5.746858 8.566244 0.737859 0.865827 16.701775 2.915882 1.261705 11.154296 1.426104 -0.220002 16.547501 31.957837
61 1.4621828794 -25.624570 3.263934 12.055341 -3.112595 -8.568050 -8.248450 -4.278829 -1.460790 4.295484 5.157148 -4.402422 5.489761 -5.767305 12.105133 25.112770
62 1.4598048925 -20.123688 -5.148468 10.140633 4.340160 -5.212082 3.425247 -6.651521 -3.146106 1.637181 1.111127 4.349734 5.952906 -3.568511 4.616520 28.363337
63 1.4600577354 -24.343638 2.983898 10.867977 -2.138559 -1.225695 -1.967706 -4.618288 -3.131190 -3.751935 1.273643 5.936120 4.015531 -3.603050 1.958085 26.838562
64 1.4608645439 -24.010870 -5.086576 6.510265 2.777939 -3.853735 5.848577 -1.843997 12.666132 9.749488 -4.545103 1.166147 -1.719520 -5.005257 9.376031 23.691754
65 1.4525444508 -22.068030 3.244590 11.192620 -4.150713 -1.653552 2.163113 -0.820461 2.617865 1.088142 1.856330 2.750562 1.827327 -5.919802 9.422196 23.652532
66 1.4621564150 -20.818525 4.988855 16.426104 -16.500831 -4.334703 7.058531 2.676092 4.795068 5.443507 -1.066314 2.495477 7.139596 -5.006880 8.067399 22.915120
67 1.4607214928 -18.979396 3.960245 9.894888 -7.649892 -8.420100 2.012329 -0.975177 -5.063869 -6.254663 2.877302 7.576002 -1.866487 -11.263765 8.045981 23.939744
68 1.4629225731 -23.794761 6.625881 18.745320 -9.738913 7.946322 3.010970 0.832730 -2.786221 5.376698 7.279184 5.125014 3.675210 -9.934152 6.984953 26.013812
69 1.4641450644 -11.670271 -3.264955 13.526256 0.088291 0.744193 -0.831101 2.575983 -4.498645 0.629939 3.861671 8.505390 1.384113 -9.795847 4.140287 27.336345
70 1.4593583345 -20.358225 5.455629 16.443388 -8.547989 -9.318695 0.094524 -8.262122 3.160148 6.513593 -0.384067 -2.447770 3.326632 -5.742467 16.381147 15.485710
71 1.4543751478 -16.076379 4.127529 13.168530 -10.200474 3.777915 -0.521871 -4.454068 6.858001 5.692568 -2.305200 -2.698602 0.289025 -10.031036 6.460790 21.630088
72 1.4630315304 -18.085349 9.886606 5.875925 -9.655497 -6.183429 -3.251868 7.722932 0.447631 -8.750404 6.055786 2.165800 11.947044 -11.933878 15.987993 27.329139
73 1.4572309256 -19.066582 -0.062158 7.886380 -0.073989 2.872424 8.220385 1.634199 -0.618075 3.178357 3.540218 -1.889427 -1.534599 -8.383700 13.134213 24.983790
74 1.4550040960 -17.236216 4.371159 13.978971 -5.530511 -2.748086 7.064467 -8.819982 -0.919163 8.330231 -1.398511 5.658002 4.223149 -0.058281 1.952151 21.642575
75 1.4630641937 -17.047267 8.823797 18.774086 -2.326888 6.994221 2.347257 -10.146979 8.350627 -5.657802 0.286888 -0.930430 -0.111116 -13.732945 9.246164 29.868525
76 1.4625873566 -24.912861 6.696375 7.666603 0.181686 2.745776 2.945501 3.831394 1.755089 -8.530716 3.410956 4.622767 7.783748 -8.408636 10.385169 28.544853
77 1.4586790800 -21.602715 2.001597 20.590263 -3.075412 1.868689 4.714774 2.339594 2.318912 0.619772 1.691581 -6.239345 -2.928313 -7.543615 14.013230 15.586952
78 1.4600296021 -26.728748 4.504324 13.043918 0.421884 -0.500501 -0.341152 -6.471083 -5.935100 -3.510166 -1.671731 7.281806 -4.357515 -2.077279 6.128426 21.417214
79 1.4602537155 -20.433906 5.444255 13.176367 5.913345 -5.028893 2.187677 3.201871 5.006739 -1.744960 3.131725 4.025264 0.230298 -1.221662 3.500975 27.134075
80 1.4546904564 -25.481355 0.837015 6.578067 1.832829 -6.287054 -0.184122 2.151921 -1.851169 0.443497 -4.686077 6.191255 -0.757706 -5.936207 9.728403 22.972395
81 1.4305471182 -19.516474 5.125626 10.506355 -6.399913 -7.111659 5.559024 -2.911981 5.516118 -0.393377 -4.631973 6.389069 4.239224 -2.698444 2.746132 17.537112
82 1.4187458754 -21.958964 0.515658 11.995660 -0.580679 -10.090652 0.730991 -5.112539 2.311383 -4.157118 -1.910591 1.111776 3.098004 -5.495061 4.500456 16.412836
83 1.4230374098 -21.072931 -5.302529 11.417385 -3.725916 -7.141430 4.625713 -5.034266 0.785739 -3.168709 2.008438 -0.971848 5.555442 -2.003190 -3.876070 17.868492
84 1.4230504036 -23.492781 -2.874629 10.905065 1.098060 -8.653651 6.743226 0.993808 2.299251 -5.469693 -4.433255 -0.170188 7.302786 -5.333102 -6.207588 12.912180
85 1.4368778467 -23.384250 1.202905 11.425228 -4.284414 -5.920066 -0.081446 -2.449111 9.403893 -5.275631 3.218543 5.498072 5.690149 -8.329117 3.434526 14.136475
86 1.4585610628 -23.118726 0.647254 12.104815 5.082673 -11.116660 4.269698 -3.428856 2.625804 -12.088645 4.229365 0.626697 6.194658 -0.944260 1.485071 20.503214
87 1.4496017694 -22.617945 2.155379 11.068055 5.658177 -9.129468 -6.043558 -7.136898 6.389042 -0.121253 -1.830380 5.989284 0.948087 -6.044496 7.293721 18.227486
88 1.2758860588 -20.807592 -0.544332 9.932924 4.382303 -12.212962 1.831614 -8.505406 2.989059 -0.833446 -0.764280 -2.081389 -0.174383 -3.228220 -0.244180 7.811939
89 1.4348123074 -19.355574 -1.873633 12.522250 4.098386 -15.217876 9.099403 -9.302171 6.764207 5.598919 -1.337258 -0.552127 4.864935 0.678063 3.642672 10.775182
90 1.4195036888 -18.846622 -5.571066 12.270160 3.014565 -11.848158 5.974390 -14.814077 5.737857 0.357312 2.696356 0.771051 -5.757412 -4.615970 -0.421843 7.641424
91 1.4358855486 -25.932969 3.696845 9.181601 1.498716 -14.621242 0.213429 -12.527178 -3.176694 1.454333 -0.167186 -5.453927 3.581652 -5.211740 -3.264651 7.484424
92 1.1867072582 -20.876651 1.033654 7.148931 2.547570 -10.089847 5.332244 -9.406768 -3.760922 -4.830047 -2.044084 -2.942673 -0.800055 -0.111248 -0.258283 4.691526
93 1.2817786932 -17.553933 -6.948723 6.268659 -1.583293 -12.216827 5.890312 -3.859438 -0.296464 -0.401014 5.411554 -5.902487 -5.559462 1.935444 3.430345 10.806976
94 1.3867377043 -15.278170 8.774113 10.578636 3.707336 -12.884347 2.292935 -9.452131 1.944176 -7.737714 -0.004895 -6.885455 -1.858316 0.065315 2.892875 7.456843
95 1.4473270178 -27.368865 4.678274 11.923023 0.969186 -9.928996 7.577012 -12.595382 -2.941748 -5.504749 -1.972944 -1.731502 -6.055203 -2.369156 2.605932 7.048763
96 1.4292675257 -25.253752 -3.233304 7.339197 -0.689782 -13.329976 5.592730 -16.489692 -4.575756 0.222706 -1.253411 -4.898679 1.633787 -2.649985 0.383766 2.121941
97 0.8652987480 -19.179233 1.827361 7.249919 -0.033002 -6.428224 6.334722 -8.084075 0.060932 -4.062427 -0.740964 -2.892143 -2.391665 -4.038988 1.556554 0.310535
98 1.3374342918 -23.742988 -5.058260 8.373449 -0.108993 -10.369229 4.538117 -7.849443 3.432100 -1.460351 -4.702092 1.928686 -1.925131 -0.622015 5.025014 7.174048
99 0.8445696235 -18.751648 1.362166 6.902432 3.372436 -4.312724 6.149667 -2.683993 2.346362 -6.084266 2.040673 -2.586008 -5.504007 -6.419595 -2.450709 1.803691
100 1.1721296310 -25.100697 1.546059 7.109240 1.966818 -5.897917 -0.082780 -3.471312 -0.338502 -3.643097 3.609714 -0.514010 -1.515113 -2.364168 -7.167840 0.353438
101 1.3606055975 -19.474892 0.155457 13.025582 2.996764 0.720885 9.103787 -6.539805 -3.468475 -8.998153 5.893509 -2.348665 -2.600805 -7.114225 -7.008831 4.481042
102 1.2071907520 -20.678758 -2.816495 7.490750 11.502775 -1.635223 5.882210 -3.868144 5.293015 -3.500442 1.462351 -4.939162 -6.791431 -2.641263 2.290964 -4.775921
103 0.9879115224 -16.774796 0.629698 7.721326 6.458049 -6.231497 -1.076250 -0.173915 0.144855 -9.599115 5.813979 -3.229985 -2.580006 -2.630486 0.419563 6.305382
104 1.2672969103 -10.331447 -0.601810 5.623816 3.082183 -4.848257 9.507184 0.846162 7.166248 -7.185166 2.075080 -0.832509 -10.510186 -7.244691 -4.294006 3.434163
105 1.2463893890 -19.917000 4.083136 7.033926 3.155813 0.726560 9.054179 -8.060905 2.803790 -8.768123 0.596742 -5.205784 -5.402111 -6.260895 -3.511540 0.255602
106 1.2536224127 -18.159023 -3.409568 10.769213 5.754330 -0.691682 6.215663 -3.412391 1.295829 -11.319337 4.887130 -6.531616 -5.880120 -2.245494 -1.153295 3.502016
107 1.1573457718 -19.492216 3.004353 7.766575 3.559868 -3.851241 4.603068 -5.809211 5.561932 -2.385670 5.890059 0.439602 -8.341248 -7.969385 0.724226 4.019891
108 0.8839567304 -18.848753 -1.932352 7.707859 5.302359 -7.647647 2.954496 -1.505831 4.051794 -1.566909 -0.172764 -6.316716 -6.447820 -5.023925 0.741068 0.694117
109 0.6781228781 -20.057473 -2.263466 7.500956 3.836764 -3.541465 0.914143 -0.651808 3.164010 -7.071705 0.120176 -2.020154 -4.214158 -3.888416 -2.141407 -0.849944
110 0.8427177668 -18.698456 0.213989 8.745916 5.626972 0.794893 2.712982 0.800301 4.623492 -7.598884 0.100535 -3.301570 -4.040018 -0.004404 -4.513817 -0.683213
111 0.8621101975 -16.826444 -3.022716 4.871923 4.915118 -2.592427 0.834195 5.646123 5.872225 -9.275971 -2.809283 -1.513789 -5.866001 -5.076485 -2.893014 0.592322
112 1.1203684807 -19.524694 -3.153858 8.949972 3.328431 -3.764758 3.958133 0.797787 2.112538 -10.373262 1.386181 -1.152544 -7.911869 -7.017523 1.074341 -0.891267
113 0.6728941202 -16.397114 -8.295243 6.196598 5.106480 -2.568312 3.561688 -1.459283 5.488183 -5.948149 2.658895 -1.272841 -2.097851 -4.330305 -0.814327 -2.846702
114 0.9967020154 -15.498006 -11.687874 1.367232 2.429879 -2.986974 1.368258 -5.178247 2.880451 -2.609497 8.816237 1.078462 -6.309003 1.056540 -4.512812 -4.237920
115 1.1512434483 -15.661170 -9.504631 7.545286 5.034249 -6.885924 3.080647 -0.296488 10.862740 -2.674237 3.514975 -3.436567 -3.896524 -2.399152 -0.406856 -6.335344
116 0.9868077040 -17.868698 -7.593942 5.066865 8.329872 -3.428483 4.111262 2.269153 2.543187 -5.256853 3.086854 4.420061 1.822681 -7.054037 -3.426526 1.596318
117 0.9220820665 -15.413423 -5.645310 7.483266 7.063783 -2.868803 3.701342 -0.052150 3.359898 -7.119642 4.238279 -0.921162 -4.548242 -8.727942 -1.390648 0.528247
118 1.0868508816 -15.934864 -9.926674 6.907056 6.266791 -1.947621 1.696588 -3.467293 5.652381 -5.422193 8.343942 -1.642013 1.639979 -4.598141 -1.830092 -4.038542
119 0.7814139128 -14.329068 -9.540851 5.408523 3.491819 -8.056891 3.828929 1.738358 6.338603 -3.815842 1.618788 0.819565 -4.608595 0.575953 -2.811012 -1.027985
120 0.8806143999 -17.633198 -8.693321 5.932467 5.595567 -3.424690 2.468693 -2.417861 5.823682 -7.123585 1.337442 1.165772 -0.013122 -5.269630 0.363679 -4.212064
121 0.9905568957 -17.756555 -7.279723 4.452338 2.170765 -7.619649 5.711182 0.550742 4.773230 -7.989534 1.992944 -5.032010 1.155340 -3.879355 -1.896722 -5.394404
122 1.1310255527 -15.654596 -14.285003 5.630557 3.547138 1.385036 1.636514 -5.005328 4.177837 -3.707297 4.886431 -0.383248 -4.747160 -7.294138 -2.309836 -2.181696
123 1.1574168205 -17.302088 -9.518568 8.934316 5.985229 3.646890 5.144088 -0.901623 4.537568 -5.831107 6.281370 0.636449 0.981040 -7.233288 -2.198647 -2.463648
124 0.8526849747 -14.103092 -5.892596 6.743704 2.928320 -3.570315 3.602547 -2.021719 8.151870 -6.521362 6.336207 -1.720248 -2.040222 -3.966916 3.852948 -1.938901
125 0.9529162049 -16.199980 -9.706856 5.882201 1.753486 -4.689405 6.914935 0.467287 5.017546 -7.773914 3.904823 -2.014728 0.957622 -2.252135 1.734795 2.399703
126 0.7522022724 -19.040710 -6.558502 4.530139 4.883556 -4.264113 2.821711 -0.619874 4.228527 -6.636992 4.497992 -0.610461 -1.959380 -4.637417 -0.050466 -4.302846
127 0.6747023463 -16.679036 -7.639067 2.958653 0.250580 -4.996035 3.988630 0.779268 6.253293 -5.206122 3.220136 -2.440416 -2.725975 -7.329968 0.813682 -1.855103
128 0.8637378216 -16.758967 -5.099119 8.085994 4.111675 -1.865320 3.242796 -2.125765 7.419904 -7.059621 1.146195 1.866108 -1.664612 -6.971983 0.665846 -4.065982
129 0.7254206538 -17.994883 -10.449038 3.209583 4.136776 -1.945591 4.199204 1.338472 3.421880 -5.265272 3.694484 -2.569839 -1.343516 -3.291093 -0.429728 -4.222465
130 0.8701240420 -17.284179 -8.311778 10.451262 4.082195 -3.790598 1.540126 -0.422969 2.495770 -3.753669 4.003427 -1.325979 -5.161834 -3.938195 0.760937 -1.995563
131 1.0689424276 -16.956058 -9.689051 8.372877 3.102290 1.586398 2.080339 -1.021679 8.543523 -8.252438 2.197532 1.717811 -1.923475 -5.172834 0.459236 -4.995718
132 1.0313948393 -13.736434 -7.791437 6.862155 3.986004 -2.689896 3.223895 -0.441521 8.181971 -6.348084 8.965954 0.233896 0.901734 -6.000152 1.610663 -1.893040
133 0.6770453453 -16.822670 -8.834200 3.892717 4.435960 -1.653135 0.501345 -1.929912 6.889367 -5.494303 0.518260 -0.241383 -4.364359 -4.794010 -0.492830 -5.209901
134 1.2196571827 -17.803030 -7.625770 8.603532 3.294210 -5.035028 7.969530 -3.175959 8.799298 -6.756984 1.364493 -5.048043 -0.710984 -6.260605 2.471354 -0.649570
135 0.9540383220 -16.768773 -9.833763 4.499665 5.968615 -1.866541 4.148909 -1.412354 6.250071 -6.102493 5.400370 -4.333954 -3.046077 0.757783 -1.064968 -5.255605
136 0.7820244431 -17.870535 -9.515230 4.417287 2.372646 -2.019995 2.843869 -0.987703 2.816126 -5.712591 3.847206 -1.856152 1.778244 -5.517843 0.472362 -6.484059
137 0.5249922276 -14.791558 -6.586541 6.217997 7.410682 -2.597193 2.521259 -1.065286 5.682746 -5.359114 -0.768445 -0.985630 -3.632812 -3.693972 1.034287 -2.476026
138 0.6872233748 -14.914828 -4.325388 4.704342 9.459563 -6.001269 2.850294 0.815873 5.934021 -3.778574 -1.458593 -1.706511 -6.152752 -4.570789 0.030225 0.388836
139 0.7570784092 -15.177053 -6.149162 6.539452 8.817567 -1.999587 6.715285 -0.455287 5.019803 -5.056614 0.516036 2.201668 -3.072513 -3.018833 1.384677 -1.096935
140 0.5457140207 -15.873242 -8.476457 5.457605 4.726196 -1.837476 3.557057 0.719057 7.285369 -2.539905 -1.303104 0.598001 -3.332086 -4.625611 -0.385617 -0.681787
141 0.8014855981 -13.494722 -6.212039 9.027540 7.098636 0.719371 1.928174 2.344847 4.127549 -6.560030 1.526870 -0.356912 -1.843551 -5.081448 0.662172 -4.792258
142 0.4015026093 -14.391777 -3.318750 5.802840 6.107460 -1.669412 -0.039563 -1.158301 6.607421 -2.967422 1.524917 0.755146 -4.987124 -6.582234 0.324223 -4.551059
143 0.5593947172 -15.146814 -1.438691 4.786680 7.389967 -4.294610 0.152981 -1.906401 6.400133 -3.980578 -0.042815 -0.538057 -1.650072 -8.689386 2.417685 -3.566750
144 0.5412335396 -12.124969 -3.872640 6.870152 6.492157 -1.510166 1.974102 -0.658099 5.451737 -1.607176 3.292447 0.299982 1.100490 -5.649023 -3.897224 -3.426550
145 0.4356607199 -13.875848 -2.166447 5.331202 5.472903 -3.761488 0.947674 -2.170004 5.913787 -2.879438 -0.821247 -0.101487 -5.142646 -7.030798 -1.152275 -5.156400
146 0.2185695171 -15.194081 -3.655986 4.796947 5.644573 1.861140 -1.740559 -0.198183 5.488009 -0.989723 2.043991 0.360200 -3.895843 -6.653704 2.984363 -4.376980
147 0.1822364330 -14.984682 -0.856977 2.629348 2.079164 1.117001 -3.856058 0.182761 6.701480 -1.722110 1.231362 1.269106 -4.150175 -7.589883 4.564281 -3.152549
148 0.3725266457 -18.107787 1.264699 5.845137 1.594727 1.655026 -4.707431 -2.791113 4.370436 -1.582386 0.547287 1.710479 -5.597158 -5.780232 2.293167 -1.167003
149 0.6400316954 -12.202917 -2.444815 3.344766 2.084802 4.482790 -6.179275 2.721309 3.635148 -3.589658 3.701766 2.978739 -5.869677 -6.316848 4.626666 -5.691624
150 0.8219358921 -20.619518 -2.143718 4.502720 1.899975 1.085827 -7.353513 -2.418053 4.678531 -5.422937 -2.719034 2.011982 -4.520971 -5.323087 2.326346 -2.130074
151 0.5050005317 -13.907172 2.382985 5.617770 2.155290 -1.785547 -5.495558 1.145126 5.395081 -2.990700 1.665423 3.329700 -4.251602 -5.950540 4.716216 -5.172755
152 0.5056304336 -16.136284 0.954085 0.849476 2.199983 2.320529 -5.597847 0.947092 8.292503 -1.090267 2.759754 0.442894 -4.178189 -7.617573 3.837801 -3.526892
153 0.4797649980 -16.924198 -1.005665 4.641597 2.478029 1.530270 -2.660422 -3.052464 3.491840 -2.148065 -0.695297 4.070011 -6.135529 -6.498120 6.366831 -2.976973
154 0.2049305439 -15.580353 1.145304 2.072426 0.404869 2.771573 -4.337986 1.442475 7.297602 -3.761588 1.149891 -0.534780 -4.149392 -5.923821 1.945668 -4.046550
155 -0.0879794359 -13.710368 -0.953572 4.162114 1.137577 2.613609 -2.402631 1.629053 7.394418 -0.975615 -0.183125 1.875229 -3.702373 -3.510171 3.634894 -3.689193
156 0.1493954659 -11.640564 0.051764 3.382674 2.693149 2.102480 -4.043079 1.205607 8.569184 0.283459 1.794132 3.043515 -3.513058 -4.662036 2.384121 -1.385377
157 0.1700624228 -14.481467 1.278177 2.103092 2.810870 2.762047 -1.590569 4.317079 6.648391 -1.656717 0.428307 3.130115 -4.897740 -5.385899 2.065220 -4.281955
158 0.4497789145 -12.291452 -2.528933 2.320035 2.265888 2.129202 -1.986574 0.702377 9.263727 -1.126148 -0.454754 0.489938 -4.794649 -5.107673 6.843570 -2.891212
159 -0.2871925831 -13.080860 -1.902405 1.757853 -0.348663 0.074844 -1.951253 1.972666 7.218613 0.239218 -0.266841 1.615861 -3.432950 -4.589715 2.102872 -4.616961
160 0.0796575546 -13.180492 -2.245450 3.005566 1.052417 2.045410 -3.665408 2.844492 6.022976 0.201596 -0.543857 4.394689 -3.475442 -4.938998 1.978727 -5.519607
161 -0.0754109621 -13.426870 -0.809531 -0.208163 -2.569336 0.825537 -1.293307 3.358676 6.171433 -0.351883 -0.189373 2.853681 -4.021808 -4.981132 2.204764 -5.770734
162 0.0322279930 -15.496684 -1.751500 -0.506725 0.778601 0.103995 -4.280950 4.142714 6.293600 1.947223 -0.174964 4.041088 -2.154264 -4.096667 -1.916356 -5.083944
163 0.1724587679 -10.791989 -2.277778 2.788488 -0.071169 0.932364 -2.772017 3.422275 5.745191 0.149811 1.134745 2.072426 -5.245625 -6.303195 2.885271 -4.211702
164 -0.0690182447 -9.987405 -2.207776 2.077268 0.090829 1.140526 -0.801606 1.307459 7.523193 -2.077163 1.804726 1.325811 -2.284007 -3.830487 2.298469 -3.342515
165 0.1392506361 -9.669445 -3.704276 0.487528 -1.127505 -0.327632 -2.038421 1.464529 7.595244 1.853866 1.927964 -0.375506 -0.506513 -3.953839 1.952501 -5.382595
166 -0.0382137299 -14.229183 -2.155100 0.671918 -0.048057 0.422891 -2.090046 2.508870 8.418996 -0.567451 -0.662873 3.237495 -4.165129 -4.930033 1.930000 -2.795446
167 0.0771718025 -14.348115 -1.595389 0.477977 -1.864952 1.295456 -2.601607 3.113611 7.844386 -0.921907 0.944934 2.534054 -4.869556 -4.579889 1.587208 -5.135581
168 -0.2339673042 -12.689570 -2.889005 1.678957 -2.863973 0.235388 -1.900984 1.985222 8.237803 0.673935 1.962026 1.303244 -3.880916 -2.658746 1.888572 -2.452728
169 -0.5782046318 -13.104807 -1.187488 2.216064 -1.363946 0.004402 -2.660082 2.076267 6.247512 -0.912921 1.031032 1.810765 -0.350939 -3.399823 1.230814 -4.581778
170 -0.2500793934 -13.548093 -1.399467 2.562715 -2.860030 -0.674983 -2.938764 2.492707 7.246210 -0.435201 0.850539 1.649177 1.047528 -3.687362 2.077687 -4.401666
171 -0.3904706240 -13.090134 -0.758396 2.293461 -1.644595 1.883867 -2.186913 -1.649138 5.407789 -4.368949 0.418865 2.946088 -1.674444 -4.991995 1.884072 -2.695839
172 -0.7795593739 -12.766525 -0.082388 -0.445453 -2.405190 1.005198 -4.184060 1.885221 4.221739 1.589262 0.282994 1.725564 0.851443 -1.919049 0.330700 -4.390840
173 -0.4934542179 -12.782085 0.573282 1.768894 -2.739546 -0.443050 -3.713372 2.015874 5.952146 1.638243 -0.169693 3.531180 0.350424 -3.349375 0.657353 -3.154883
174 -0.2125862837 -12.022068 -0.694463 -3.506090 -3.870961 2.509520 -4.323317 3.064397 5.818119 1.385609 1.421071 2.137128 -0.756998 -1.817191 0.635402 -2.796827
175 -0.6222465038 -11.565047 0.088216 -0.980275 -2.172637 2.177360 -4.187470 2.447493 5.027414 0.638660 0.977335 0.222721 0.665926 -3.194041 -0.108926 -2.933212
176 -0.6268155575 -13.900945 -0.812045 0.847293 -3.720715 0.745467 -4.821433 1.971044 0.728256 1.838944 1.410933 2.341112 -0.105181 -0.812935 -2.139878 -5.422977
177 -0.2990157604 -11.773016 0.168256 -0.002829 -2.020413 1.269861 -3.263007 2.200606 5.459378 2.164789 -0.143291 4.810874 -0.389319 -3.340112 0.564712 -4.450969
178 -1.1443581581 -13.211724 0.287319 0.920196 -1.400341 1.355117 -3.611963 0.390717 1.949175 2.314438 1.431490 2.353075 0.218563 -0.442831 -0.370823 -3.972618
179 -0.7174308300 -11.249162 0.645565 3.169236 -0.571424 0.463141 -3.435807 -1.026457 3.970007 1.339401 -0.863691 1.752639 1.397604 -0.353491 -1.712363 -4.309543
180 -1.4233906269 -13.938440 0.027814 1.185097 -0.728134 0.085590 -2.247002 0.045567 1.042762 1.856980 2.179832 1.958415 -1.072652 -1.914542 1.141314 -3.296237
181 -1.4151029587 -13.827458 -0.241080 1.840487 -2.210511 0.333222 -1.879701 -0.199329 1.502075 3.229696 1.386595 1.224511 -1.166373 -1.535160 1.933452 -2.063699
182 -1.3769733906 -13.415812 0.553866 0.912538 -0.772922 0.194598 -1.615910 1.366779 0.496924 1.229951 2.438737 2.838357 -0.681850 -2.482933 0.683284 -2.877774
183 -0.9856057167 -14.222062 1.103603 0.397113 -0.504065 -1.114102 -3.625201 -0.423160 2.596217 1.785139 1.937419 3.231593 -2.555832 -1.479816 2.602949 -2.992303
184 -1.2905726433 -14.546116 -0.184710 -0.699615 -2.103286 0.811622 -2.928059 -1.134143 0.467654 2.615148 1.608175 1.390986 -0.122662 -1.285822 1.004906 -3.269390
185 -1.1577174664 -14.246697 0.178680 1.131468 -0.978916 -0.493479 -1.711539 1.425226 1.167718 1.349734 3.080544 2.433580 0.998599 -3.190848 1.152097 -3.694735
186 -1.1214027405 -13.144991 -0.085534 0.490697 0.224436 -0.369816 -1.941530 -2.004835 1.312063 1.068145 2.346975 3.434274 -1.055349 -1.840190 -0.567807 -4.519646
187 -1.2288184166 -14.427879 0.424022 3.494043 0.072612 0.062011 -2.042528 0.272142 1.012494 0.566292 1.941001 0.644225 -0.756972 -2.016624 0.639743 -4.609801
188 -0.8643641472 -14.432418 -0.308206 -2.168265 0.613647 -1.479634 -3.355062 0.571244 0.380969 0.462926 2.360766 3.748664 -0.296811 -2.470045 0.266065 -4.226228
189 -1.3370850086 -12.840328 0.273601 1.051205 -0.589181 -0.316443 -1.189280 -0.391611 0.956159 0.705679 2.340932 1.193373 -2.395922 -2.875353 1.814837 -3.897629
190 -1.1041984558 -13.151281 -0.809920 0.275114 -0.943007 0.290340 -2.957448 -0.546469 1.661116 1.488112 3.149657 1.139714 -1.318170 -3.269468 0.683330 -4.473938
191 -1.1221513748 -13.972017 -0.501357 0.919365 -0.240881 1.433844 -2.042912 0.045412 0.927957 3.106523 2.331425 3.006303 -1.169658 -2.053783 2.234918 -3.637163
192 -1.0596792698 -13.894722 0.679692 0.479987 -1.408644 0.527794 -2.768342 0.704926 -0.371744 2.302201 2.786903 1.832389 -1.796605 -2.894410 1.851024 -4.134450
193 -1.0843105316 -13.492237 0.227364 1.054328 -2.017454 0.119116 -3.667062 1.083632 0.112428 2.568044 2.275676 1.003007 -1.649246 -3.514156 0.545339 -3.455676
194 -1.1600382328 -15.615886 -0.278092 1.571873 -0.390529 0.010959 -2.192165 -0.012117 1.471522 1.554625 1.646227 2.908589 -1.792524 -2.183219 2.223608 -2.997921
195 -1.1545479298 -14.210402 0.771021 1.122600 -0.235512 0.600224 -3.749700 -0.421639 1.035671 2.559010 1.824386 1.018125 -1.861027 -2.614029 1.313482 -3.691434
196 -0.8859536648 -15.089941 1.065548 2.364782 -1.805206 -0.440291 -1.426337 1.032812 2.080796 2.981694 1.783095 0.768168 -2.676458 -3.655870 1.360500 -4.400436
197 -1.3225457668 -13.279123 -0.135636 0.602619 -0.740717 0.072048 -1.700911 0.706401 0.271360 2.651453 1.388965 1.805211 -1.117072 -3.572413 1.730842 -3.170917
198 -1.2460265160 -15.356920 -0.138407 1.087931 -0.039434 -0.973496 -2.700286 -0.303504 1.003950 2.309973 1.383103 1.335835 -0.851686 -2.281491 1.173324 -3.953149
199 -1.0949001312 -13.610449 0.697548 1.796046 -0.086536 0.881966 -2.302963 0.639282 0.771608 2.915703 2.698970 2.969467 -2.885045 -2.716813 1.423143 -2.452953
200 -1.5103831291 -13.653520 -0.098989 1.185255 -0.879670 0.841381 -1.161027 -0.648528 1.147868 1.500181 3.014798 0.614166 -1.593686 -1.821067 0.123014 -3.224304
201 -1.1207520962 -14.160216 0.300343 0.867562 -2.515902 2.181237 -0.486093 0.326538 0.451938 0.849598 3.222306 1.650359 -2.182383 -2.236967 -0.639520 -4.448360
202 -1.4323143959 -13.226809 0.281267 1.171756 0.162167 1.163644 0.009227 -1.868191 0.768177 2.050972 2.283653 -0.310093 -1.948340 -1.208111 0.543793 -4.182452
203 -1.6235997677 -13.610741 -1.053891 1.655391 0.005331 0.979801 -0.375105 -1.151325 0.215411 0.610786 1.858167 0.178603 -0.251303 -0.148834 -0.488569 -3.862576
204 -1.6201257706 -13.818439 0.369857 1.886963 1.125142 1.279237 -0.880884 -0.304135 -0.453737 -0.050224 0.696312 0.665471 0.805129 -0.433626 0.336173 -3.616397
205 -1.4039041996 -12.660364 -0.582168 1.065341 -0.281536 1.019554 -0.855778 -2.122280 -0.748866 -0.443275 1.879456 -0.293833 -0.379731 0.437902 -0.165197 -4.812599
206 -1.5574662685 -13.926964 -0.506583 1.272156 -0.611361 1.327190 -0.522179 -1.108553 0.151659 -0.183103 2.048782 0.539077 0.565477 0.326587 -0.312662 -4.046529
207 -1.4208507538 -15.021977 -2.024689 2.469688 0.747615 1.751092 0.231340 -0.490678 0.066700 1.921654 1.050652 0.686019 0.294819 0.218301 -0.038836 -3.606533
208 -1.3594563007 -13.588889 -2.557763 1.270747 0.508169 1.076298 0.482070 -1.319592 0.126651 0.671033 2.016210 0.808799 -0.017299 -0.440780 -1.377241 -4.551187
209 -1.4627277851 -12.995140 -1.671803 -0.189902 -0.432159 1.055884 0.401462 -1.199346 1.296053 0.068636 3.319917 0.421493 -0.201688 0.770903 -0.501581 -3.498024
210 -1.4054975510 -13.713922 0.423217 2.635067 -0.178261 1.872576 0.210106 0.222538 0.996376 -0.840463 0.831542 1.287437 -1.041251 0.763100 0.377583 -4.211324
211 -1.5017461777 -13.629930 -0.957114 2.132551 0.097845 1.928357 -0.350803 -0.620622 1.167458 -0.316145 1.789362 1.628995 0.530204 -1.019072 -0.827050 -3.418437
212 -1.6375868320 -14.148351 -1.472534 1.882181 0.039844 0.431033 -0.979478 -1.248643 0.329217 -0.185629 1.713267 1.400152 -0.163961 0.915965 -0.336612 -2.851007
213 -1.4170920849 -14.296179 -1.094615 3.147906 -0.256315 -1.289226 -2.121925 -0.417633 1.075381 0.061925 1.169340 1.724952 -2.159715 -0.240016 0.249122 -3.160596
214 -1.5752222538 -13.868756 -2.249765 1.363093 -0.115393 0.317707 -0.515843 -1.192220 -0.247857 0.582707 1.443456 1.260812 -0.841455 1.336277 0.079212 -3.506551
215 -1.5610511303 -13.794266 -2.390420 1.661767 -0.498677 0.954221 -1.177146 -1.068207 0.912076 -0.659613 1.449207 0.553116 -0.053576 0.870883 -1.563181 -2.860434
216 -1.4545307159 -14.084845 -0.963781 1.186066 0.196985 0.396245 -1.415604 -1.052997 0.878352 -1.193772 1.195555 1.316772 -0.998603 1.459878 -1.147202 -4.126783
217 -1.4371895790 -14.842276 -2.075123 2.613371 0.520500 0.714389 -2.467832 -0.509686 0.858607 -1.321899 1.404727 1.506501 0.802589 0.398103 -0.110264 -2.120711
218 -1.5154628754 -13.255033 -0.932119 2.151669 -0.078183 0.972188 -1.275846 -1.339080 0.490122 0.123720 2.422891 2.075714 -0.522812 1.233589 -0.406152 -2.614065
219 -1.5897941589 -14.106966 -1.630080 1.973606 -0.657407 0.710896 -1.067084 -1.255686 -0.320283 0.422976 2.392043 1.700418 0.201596 0.181858 0.055168 -2.455135
220 -1.7510082722 -14.084177 -2.163331 1.665290 -0.712983 0.306928 -0.936544 -2.184235 0.457174 0.423526 0.428362 0.208738 -0.091280 0.316448 -0.366245 -2.068140
221 -1.6760146618 -14.085446 -2.590189 1.738961 -0.303897 0.478013 -0.977832 -2.049190 -0.143391 0.810086 0.866651 0.641379 -0.319184 0.467101 -0.187312 -2.290138
222 -1.7217626572 -14.418693 -1.844249 0.819858 -0.277540 0.445289 -1.696086 -1.763460 0.099638 -0.098714 -0.266104 0.047132 -0.817621 0.493900 0.577598 -2.665665
223 -1.5889668465 -13.838084 -2.789547 2.016453 -0.402083 0.960390 -0.873272 -2.518007 0.100974 0.475326 -0.392213 0.579399 -0.242065 0.214362 -0.802689 -2.678976
224 -1.6049513817 -13.941354 -2.195167 1.945663 0.318191 0.247601 -1.673404 -2.385311 1.025840 -0.404873 0.914384 0.724517 0.013505 -0.487413 0.183546 -2.776656
225 -1.6574099064 -14.404853 -2.247509 0.939194 -1.411266 1.023376 -0.252824 -2.226032 0.215330 1.566007 1.334716 0.565511 -0.161483 0.096128 -0.455832 -1.888177
226 -1.6461670399 -13.401264 -2.674941 2.265178 -0.766125 0.394593 -1.421704 -1.406606 1.584271 0.896652 -0.030703 0.239591 0.225859 0.301785 -0.413548 -2.184260
227 -1.6811027527 -13.741483 -1.655725 1.517243 -0.168984 -0.179750 -0.371447 -2.827928 1.304081 1.292928 -0.266408 0.555891 0.298877 -0.060771 1.382456 -2.496093
228 -1.6931970119 -14.067682 -2.025766 1.892627 -0.859974 0.114358 -1.234215 -2.393129 -0.142762 0.302639 0.806405 0.946417 -0.785827 0.088029 -0.361490 -1.929178
229 -1.6692836285 -13.707749 -2.063628 1.903260 -0.910647 0.747222 0.036225 -2.942647 1.327070 0.140627 0.717735 -0.240617 0.282318 0.250090 -0.579090 -1.913702
230 -1.8328263760 -13.829392 -1.992396 1.388095 0.076162 0.247938 0.030024 -2.597381 0.426194 0.864813 -0.062168 -0.164874 0.222228 0.353094 -0.276439 -1.090503
231 -1.8190643787 -13.161929 -1.806981 1.552409 0.230378 -0.249991 0.441302 -1.681849 0.895779 1.286722 0.424490 -0.224782 0.162292 0.304212 0.020692 -2.154391
232 -1.7852962017 -12.973815 -2.430410 1.714822 -0.363682 -0.464990 -0.139084 -2.380633 0.281007 0.659531 0.461123 0.183993 0.766052 0.145566 0.672920 -0.266812
233 -1.8089437485 -13.869019 -1.944155 0.910877 -0.652451 0.843479 -0.113533 -2.598231 0.711874 1.325799 0.404376 0.161890 -0.236074 0.501945 0.250175 -0.639489
234 -1.7190659046 -13.077298 -2.521909 0.730609 -0.216964 -0.477029 -0.119236 -2.976975 0.249483 1.089945 0.019110 0.100959 -0.144957 0.955287 -0.545159 -1.336975
235 -1.8991308212 -13.659901 -1.370057 2.166781 0.209818 -0.031870 -0.403805 -1.026867 0.681382 -0.148282 0.553899 0.546262 0.670405 0.183436 0.219111 -0.518464
236 -1.8576128483 -13.092252 -1.265356 1.690035 0.512156 0.898715 -0.742169 -0.959327 1.262846 -0.451814 0.587854 0.644806 0.665467 -0.261710 -0.101269 0.062723
237 -1.8319451809 -14.327961 -1.391274 2.219835 0.365262 -0.553316 -0.665513 -1.346218 0.395932 -0.497200 0.095821 0.942509 0.451610 0.297007 0.043227 -0.932278
238 -1.7287666798 -13.448060 -1.836017 2.346169 -0.043342 1.112910 -0.239167 -0.662366 1.126526 0.899034 0.598554 1.562092 0.816961 0.689000 1.169802 -0.656526
239 -1.9049191475 -13.053465 -1.319394 1.401849 0.314556 -0.153445 -1.133769 -0.726379 1.231591 -0.555963 0.691336 -0.260791 0.231147 0.076582 0.925421 -0.689872
240 -1.8663837910 -13.452698 -1.379050 1.682674 -0.189381 0.421076 -0.906629 -0.474108 0.862949 -1.348212 0.577711 -0.320688 0.138200 0.194397 1.229944 -0.644750
241 -1.7855436802 -12.320450 -1.048366 0.990436 0.284879 -0.384491 -1.323816 -0.220919 1.982821 -1.267765 0.334027 -0.039183 -0.002028 0.471591 0.540374 -0.719628
242 -1.8943164349 -13.440347 -1.304758 1.230085 0.057303 -1.097552 -1.137317 -0.364003 1.064542 -0.621888 1.025962 -0.153322 -0.114186 0.229141 0.544565 -1.342201
243 -1.9383215904 -13.365289 -1.200040 0.739204 0.558250 -0.560081 -1.325060 -0.633290 1.245922 0.162522 1.151693 -0.367210 -0.546147 -0.079504 0.232584 -0.467653
244 -1.9036536217 -13.534708 -1.046160 0.423070 0.146146 -0.226347 -0.993332 -0.739636 1.404356 0.498778 1.730615 -0.844443 -1.034278 -0.474836 0.019450 0.225463
245 -1.8147809505 -13.867745 -1.794855 0.839364 0.824054 -0.890086 -1.773217 -0.131756 1.679592 -0.070671 1.391164 -1.064636 -0.594024 0.163353 -0.163009 -0.791674
246 -1.8851897717 -12.992839 -1.170799 0.779883 0.900045 -0.159670 -1.410054 -0.438979 1.726259 0.626485 0.735579 -0.088585 -0.408401 -0.507074 0.173841 -1.233048
247 -1.9353442192 -13.383560 -1.426799 0.723572 0.571200 -0.911764 -1.244297 -0.672839 1.190273 0.307245 0.637308 -0.822654 -0.004386 -0.027642 0.104858 -0.819285
248 -1.9637460709 -13.666134 -0.691832 0.787214 0.932403 -0.715469 -1.117567 -0.797705 0.771994 0.665943 0.997552 -0.331028 -0.590879 -0.428679 -0.106821 0.119226
249 -1.8506922722 -14.703888 -0.648616 0.328055 1.615653 -0.177626 -0.959753 -1.144483 1.322910 1.472880 0.630145 -0.159559 -0.624427 -0.260728 -0.181998 0.310306
250 -1.8988873959 -13.937234 -0.922574 0.765327 1.340471 -0.674797 -1.557278 -0.886005 1.177015 0.559206 0.527990 -0.297360 -0.668016 -0.422732 -0.593500 -0.530462
251 -1.9170506001 -13.766618 -1.093027 0.114358 1.681072 -0.637025 -0.277388 -1.147261 1.255033 0.753055 1.077055 -0.626080 -0.786736 -0.508674 0.061035 0.163572
252 -1.8726615906 -14.160248 -1.620027 0.375365 1.330320 -0.933370 -1.131465 -1.063279 0.452343 1.026626 1.257754 -0.125753 -0.887460 -0.759454 0.224982 0.195427
253 -1.9235520363 -13.826909 -0.342487 0.710679 0.931428 -0.107684 -1.130307 -1.159211 0.997608 0.365821 0.888366 -0.049750 -0.858221 0.244040 -0.474382 -0.952545
254 -1.9570088387 -13.849132 -0.262702 0.725840 0.959664 -0.270401 -1.175211 -0.460974 1.224808 0.636837 0.645359 -1.111556 -0.350095 -0.653376 0.191116 0.247924
255 -1.9365146160 -13.754873 -0.675942 1.100626 0.819076 -0.151859 -1.347004 -1.011775 0.287246 0.639429 0.442807 -1.286690 -1.053563 -0.032090 -0.065307 -0.060496
256 -1.9031460285 -14.512056 -1.018818 0.983346 0.679923 -0.915264 -1.042552 -1.170642 0.982091 1.208314 0.738018 -0.618442 0.141367 -0.001091 0.001013 -0.377067
257 -1.9404580593 -13.279014 -1.328195 1.665191 0.711401 -0.757286 -0.801859 -0.498495 0.586075 1.019287 0.922847 0.113598 -0.064190 -0.111227 0.504569 -0.181500
258 -1.9087121487 -13.373336 -0.405526 0.872916 0.888918 -0.974190 -1.184896 -1.165346 1.057729 0.176324 1.397803 -0.446549 -0.020115 -0.910611 -0.251042 -0.649015
259 -1.9201929569 -13.477378 -1.359081 0.786676 0.860901 -0.530669 -1.257602 -1.111609 0.484697 1.112262 0.452643 -0.250656 -0.333037 -1.134632 -0.315091 0.084531
260 -1.8991904259 -13.233050 -0.238408 1.470556 0.781367 -0.987195 -1.445212 -0.415338 1.147246 0.763304 1.225045 -0.785632 -0.571801 -0.099255 0.255955 -0.900882
261 -1.9285521507 -14.164858 -1.052226 0.738635 0.338672 -0.729814 -1.157783 -1.421267 0.919201 0.579258 0.918183 -0.413486 -0.740467 -0.608423 0.194143 -0.114489
262 -1.9513680935 -13.335261 -1.104227 0.834574 1.139543 -0.599116 -1.065533 -0.742710 0.490849 0.814830 0.854212 -0.281658 -0.579050 -0.901093 -0.021086 -0.055275
263 -1.9165873528 -14.042432 -1.135105 0.590398 0.867409 -1.075845 -1.093593 -0.482592 1.124135 0.646773 1.446963 0.022193 -0.434458 -0.259717 -0.014134 -0.693759
264 -1.9505937099 -13.254836 -0.978782 0.960812 1.070077 -0.779475 -0.555323 -0.824524 0.793515 0.874741 1.046137 -0.335308 -0.214551 -0.507606 -0.520409 -0.211539
265 -1.9502623081 -13.726361 -0.713524 0.690488 1.050971 -0.802798 -1.039007 -0.880810 1.012292 0.688573 0.806744 -0.375029 -0.427262 -0.714091 -0.075198 0.530931
266 -1.9023845196 -14.212681 -0.878991 1.056999 1.136439 -1.380012 -1.414280 -0.528887 0.732733 0.564443 0.899028 -0.542433 -1.021631 -0.405538 0.087553 0.156749
267 -1.9211683273 -13.474450 -0.149899 0.666178 0.955494 -0.939365 -0.817733 -0.692475 1.021105 1.399534 1.183308 0.000976 -1.004026 -0.305809 -0.482498 0.179639
268 -1.9359073639 -13.756928 -0.667083 1.139504 0.783354 -0.758861 -1.180344 -0.343062 0.409520 0.659099 1.573352 -0.538871 -0.866682 -0.697514 0.507172 0.229560
269 -1.8833730221 -13.733295 -0.518714 1.457910 1.462790 -0.803282 -1.203975 -0.945814 1.007524 0.516082 0.901986 -1.344839 -0.286627 -0.472229 -0.421112 0.455633
270 -1.9454367161 -13.448129 -0.192226 0.752777 0.928928 -1.209971 -0.990429 -0.521250 1.268143 1.054533 0.944821 -0.527397 -0.462286 -0.725017 0.233672 0.174499
271 -1.9110391140 -13.750366 -0.690231 -0.156059 1.389337 -0.331047 -1.072668 -0.254663 1.043522 1.269840 1.302215 0.027029 -0.828887 -0.281658 -0.178571 -0.201772
272 -1.9187879562 -13.895357 -0.414026 0.711637 0.931937 -0.693350 -1.400394 -1.115347 0.811079 1.041787 0.541771 -0.076376 -0.564756 -0.613063 -0.189263 0.781222
273 -1.9754145145 -13.684392 -0.666478 0.746900 0.742574 -1.172359 -0.892857 -1.020789 0.225574 1.097003 0.556711 -0.714026 -0.094529 -0.373221 0.121327 0.167625
274 -1.9383869171 -13.654818 -0.579195 0.484539 1.022602 -1.009472 -1.044159 -1.190933 0.241850 1.542603 0.681513 -0.804648 -0.256056 -0.359008 0.264221 0.429849
275 -1.9785242081 -13.521568 -0.321979 0.866724 0.969765 -0.985739 -1.012042 -0.886461 0.501982 1.167000 0.106969 -0.666691 -0.234307 -0.349862 0.116180 0.043685
276 -1.9717428684 -13.141198 -0.419571 0.778744 0.940018 -1.174841 -0.672283 -0.571310 0.003231 1.398062 0.219824 -0.883622 -0.016228 -0.454130 -0.007035 -0.186708
277 -1.9360511303 -13.609790 -0.177135 0.975563 0.907810 -0.671311 -1.167978 -0.997703 0.303141 1.571804 -0.110696 -0.853404 -0.253851 -0.451604 -0.349409 0.396789
278 -1.9489293098 -13.401169 -0.229188 0.708828 0.885591 -0.898533 -1.210270 -1.191038 0.357311 1.362416 0.536473 -0.719666 -0.371061 -0.571463 0.079069 -0.224259
279 -1.9451429844 -13.708229 -0.831563 0.817957 1.435942 -0.982325 -0.663157 -1.583188 0.363607 0.571942 0.330233 -0.514571 0.243277 -0.881897 0.062347 -0.127904
280 -1.9790685177 -13.135976 -0.244720 1.344127 0.553620 -0.657091 -0.819918 -0.886529 0.397282 1.181178 0.387976 -0.401509 -0.039519 -0.197352 0.211480 -0.008782
281 -1.9365601540 -13.239270 -0.125010 1.718857 0.076430 -0.744318 -1.076626 -0.884363 0.584410 1.370045 0.421461 -0.132286 -0.077701 0.276624 0.195239 -0.302662
282 -1.9355678558 -12.930868 -0.176851 1.578132 0.557486 -0.711143 -0.923097 -0.985456 0.501916 1.211720 0.719889 -0.556475 0.134062 -0.480930 0.266692 0.246958
283 -1.9575185776 -12.965390 0.105859 1.383170 0.463906 -0.909566 -0.677951 -1.080919 0.256437 1.105982 0.450711 -0.335258 -0.183495 -0.435091 0.208468 0.316449
284 -1.9988045692 -12.957998 -0.008807 1.015270 0.401789 -0.463197 -0.123290 -0.859800 -0.377778 0.934173 -0.084464 -0.082100 -0.195002 -0.143839 0.561521 0.059878
285 -1.9230358601 -12.266156 0.235642 0.708653 0.850589 -0.416501 0.299508 -0.900871 -0.486890 0.770192 -0.310788 -0.166271 -0.212330 0.083247 0.360023 -0.164928
286 -1.9877212048 -13.159070 -0.314931 1.441361 0.427504 -0.561952 -0.038421 -0.961195 -0.139217 1.092835 -0.170459 -0.045672 -0.369230 0.239238 0.476090 0.248728
287 -1.9479243755 -12.567817 -0.184932 1.148407 0.798769 -0.557397 -0.050839 -0.782357 -0.634135 1.041476 -0.371762 -0.252309 -0.383601 -0.359813 0.243629 0.285357
288 -1.9903323650 -12.915056 -0.245625 1.240803 0.405114 -0.522375 -0.329190 -0.669526 -0.205175 0.941258 -0.194201 0.150332 -0.045705 -0.218255 0.672467 -0.179831
289 -1.9906222820 -13.447452 -0.279380 0.839010 0.266391 -0.230038 0.050282 -0.770269 -0.828887 0.974755 -0.339736 0.324404 -0.247742 0.177794 0.651956 0.377498
290 -1.9908676147 -12.908834 -0.044784 1.060258 0.210677 -0.370401 -0.201083 -0.621154 -0.620142 1.028800 0.466593 -0.306418 -0.343885 -0.065558 0.323874 -0.173008
291 -1.9743824005 -13.139600 0.331344 1.153627 0.378297 -0.448290 -0.735234 -0.684597 -0.658467 0.704699 -0.416621 -0.083718 -0.165251 0.011607 0.617475 -0.132858
292 -2.0087788105 -13.395861 -0.128258 0.665888 -0.000599 -0.262808 -0.434069 -0.971058 -0.376838 1.056833 0.257301 -0.310650 0.007151 -0.051940 0.680423 0.194370
293 -1.9634709358 -13.194344 -0.025477 0.502227 0.033390 -0.409209 -0.307677 -1.401882 -0.320020 1.100079 0.411133 0.204238 0.094296 0.153886 0.477623 0.714199
294 -2.0024292469 -13.297596 -0.072954 0.501092 0.063763 -0.261876 -0.071676 -1.082106 -0.677322 1.081906 0.105370 -0.238022 -0.366603 -0.147704 0.660691 0.102046
295 -1.9698660374 -13.130642 -0.329028 0.909132 -0.149676 -0.119947 -0.750528 -1.139672 -0.440495 1.415043 0.295307 -0.277269 0.119614 -0.374283 0.567162 0.134907
296 -1.9914505482 -13.245356 -0.401230 0.860670 -0.463513 -0.177274 -0.476788 -0.765203 -0.585005 1.198045 0.183723 0.023819 0.092031 -0.452375 0.580591 0.174607
297 -2.0117843151 -13.228424 -0.415734 0.587838 0.198909 -0.475415 -0.236756 -0.773977 0.149716 1.421077 0.404821 -0.291706 0.007396 -0.231419 0.564187 0.063800
298 -1.9949071407 -13.048414 -0.000783 0.859495 0.562205 -0.486993 -0.187300 -0.522101 0.088085 1.549342 0.187698 -0.092976 -0.034701 -0.116772 0.204720 0.146100
299 -1.9866869450 -13.168937 -0.068501 0.431992 0.343288 -0.569713 -0.302947 -1.064722 -0.077851 1.453881 0.602976 -0.681013 0.052955 -0.301290 0.728039 -0.003095
300 -2.0204703808 -13.233133 -0.055454 0.738815 0.357538 -0.446747 -0.180636 -0.727517 -0.036474 1.128747 0.268093 -0.192281 0.200601 -0.290547 0.446711 -0.247696
301 -2.0140507221 -13.442442 -0.025424 0.793960 0.237917 -0.229920 -0.144552 -0.841205 -0.118574 1.327656 0.236718 -0.260649 0.346779 -0.228296 0.284651 -0.299814
302 -2.0029017925 -12.889055 -0.224456 0.793507 0.221255 -0.455898 0.219501 -0.669846 -0.189640 1.121324 0.212510 -0.273351 0.458202 -0.292988 0.320776 -0.180800
303 -2.0036420822 -13.163135 -0.083867 0.838625 0.253452 -0.578064 -0.302967 -1.009599 -0.218052 0.944645 0.188196 -0.262462 0.493479 -0.233334 0.547764 -0.372613
304 -2.0070424080 -13.382211 0.061012 0.832883 -0.007260 -0.706224 -0.583334 -0.770816 -0.025669 1.169330 0.371633 -0.103016 -0.087712 -0.384694 0.529995 -0.316807
305 -2.0179996490 -13.083036 -0.012292 0.471800 0.278618 -0.506387 0.184935 -0.648434 -0.458233 0.626710 0.356987 -0.266666 0.280821 -0.213794 0.322352 -0.144894
306 -2.0129683018 -13.276845 0.218522 0.629343 0.384777 -0.443619 -0.205819 -0.998152 -0.075185 0.957441 0.080366 -0.149828 -0.132258 -0.000079 0.579447 -0.448196
307 -2.0004105568 -13.158309 0.089135 0.494047 0.515438 -0.510686 -0.375412 -0.720499 -0.085587 1.358676 0.315071 -0.108040 0.021360 -0.505343 0.293381 -0.369516
308 -2.0168452263 -12.989437 -0.175953 0.468362 0.156858 -0.296710 -0.139723 -0.316405 -0.085569 1.035602 0.575856 -0.174897 -0.253783 -0.455287 0.377097 -0.233962
309 -1.9958364964 -12.932287 -0.310825 0.572187 0.092470 -0.566549 -0.322786 -0.327728 -0.256447 1.136272 0.151830 0.033490 0.325345 0.086628 0.325214 -0.591921
310 -1.9978690147 -13.101991 0.078704 1.226366 0.431669 -0.552866 -0.178702 -0.696225 -0.332898 0.718015 0.583490 -0.338034 0.383333 -0.129991 0.167008 -0.237285
311 -2.0129253864 -13.236556 -0.074183 0.562680 0.547576 -0.290060 -0.108391 -0.840396 -0.081024 1.324487 0.222724 -0.186605 0.011359 -0.051016 0.392609 -0.154783
312 -1.9946744442 -13.134524 -0.271350 1.236726 0.484318 -0.486095 -0.252314 -0.827890 -0.134647 1.162102 0.149958 -0.194794 0.270497 -0.655114 0.798403 -0.238813
313 -2.0143933296 -13.236156 0.055246 0.563401 0.490691 -0.228388 -0.081904 -0.980112 0.167993 1.151711 0.198044 -0.338348 0.113267 -0.561719 0.537028 -0.197439
314 -2.0096356869 -13.313127 0.022514 0.652525 0.509880 -0.408525 -0.582087 -0.747415 -0.156678 1.063201 0.310906 -0.092043 0.174337 -0.151889 0.509467 -0.216717
315 -2.0106828213 -13.231401 -0.093977 0.818209 0.110673 -0.719186 -0.265495 -0.797489 0.103699 1.246168 0.454725 -0.333397 0.066077 -0.567816 0.427044 -0.288434
316 -2.0138049126 -13.340296 -0.081940 0.698576 0.271708 -0.417981 0.043165 -0.607823 -0.476874 1.259542 0.421805 -0.243995 0.266989 -0.444186 0.447373 -0.320361
317 -1.9970390797 -13.004082 -0.256915 0.784307 0.534728 -0.254220 -0.274557 -0.571820 0.078156 1.257435 0.206982 0.118472 0.403503 -0.493753 0.386664 0.146196
318 -2.0162220001 -13.338158 0.034394 0.494937 0.569752 -0.436548 -0.206902 -0.682785 -0.177673 1.119173 0.252960 -0.129954 0.289922 -0.391557 0.574413 -0.064116
319 -2.0183269978 -13.245981 -0.273582 0.673984 0.172837 -0.517836 0.015900 -0.831281 0.012076 1.351470 0.233724 -0.389088 0.114587 -0.356275 0.387821 -0.325158
320 -2.0215091705 -13.348294 -0.061550 0.581457 0.348204 -0.690246 -0.153570 -0.808553 -0.013618 1.074719 0.346087 -0.082284 -0.053064 -0.125725 0.104015 -0.240846
321 -2.0137999058 -13.255284 0.019462 0.643817 0.118282 -0.729024 -0.187958 -0.775404 -0.198463 1.144433 0.373941 -0.197065 -0.082977 -0.261012 0.026288 -0.300231
322 -2.0143215656 -13.099082 -0.075431 0.568229 0.287667 -0.829293 -0.182223 -0.704764 0.171321 0.952814 0.265635 -0.074716 -0.116299 -0.216279 -0.049609 -0.423186
323 -2.0113866329 -13.400732 0.104990 0.304484 0.289725 -0.841544 -0.512641 -0.644936 0.089200 1.004781 0.306147 -0.155231 -0.228658 0.111450 -0.031974 -0.150052
324 -2.0193223953 -13.536752 -0.271130 0.612812 0.414990 -0.612506 -0.035878 -0.988130 -0.098326 1.025632 0.073984 0.210403 -0.292548 -0.096525 0.043427 -0.198094
325 -2.0077433586 -13.313890 0.015484 0.650990 0.325730 -0.662030 0.083365 -0.896049 -0.219504 1.254734 0.428734 0.000845 -0.068308 -0.030806 0.057919 -0.274710
326 -2.0273442268 -13.366989 -0.052310 0.622519 0.361565 -0.751054 -0.059419 -0.595979 0.107247 1.146938 0.124839 -0.123717 -0.098568 -0.287440 0.522690 -0.050991
327 -1.9988405704 -12.899797 -0.219201 0.692547 0.493178 -0.784281 -0.083566 -0.710116 0.268035 1.349395 0.187380 -0.295430 -0.069657 -0.238556 0.299432 -0.065125
328 -2.0134177208 -13.317320 -0.020445 0.591499 0.333909 -0.685055 -0.028153 -0.978078 0.090358 1.253149 -0.232297 -0.206176 -0.190711 -0.385759 0.572663 0.069350
329 -2.0185897350 -13.187132 -0.033233 0.587286 0.563527 -0.565371 0.026540 -0.714865 0.088132 1.174248 0.096361 -0.133807 -0.198432 -0.317153 0.673377 -0.090661
330 -2.0154919624 -13.274354 -0.071272 0.587690 0.606154 -0.869235 -0.367149 -0.422626 0.023112 1.126486 0.439127 -0.252986 -0.097320 -0.073240 0.144962 -0.239137
331 -2.0245716572 -13.269179 0.016940 0.404679 0.448446 -0.464276 -0.074226 -0.704737 -0.025400 1.108077 0.047173 -0.250806 -0.163365 -0.184643 0.564536 -0.373473
332 -2.0277442932 -13.269686 -0.130411 0.625879 0.245795 -0.762328 0.038873 -0.645671 0.182058 1.054631 0.106660 -0.045026 -0.213783 -0.434603 0.384551 -0.097303
333 -2.0259995461 -13.244907 0.159615 0.666349 0.147706 -0.640601 0.211085 -0.529562 0.116116 0.914525 -0.028850 0.079861 -0.245162 -0.435239 0.370685 -0.145801
334 -2.0237038136 -13.293099 -0.046296 0.687395 0.251433 -0.853019 -0.120027 -0.595297 0.489364 1.060812 0.236535 -0.142818 -0.206828 -0.325325 0.413427 -0.008901
335 -2.0345189571 -13.437759 -0.190674 0.501526 0.101103 -0.790076 -0.000550 -0.430070 0.103646 0.967931 -0.031510 -0.007702 0.026062 -0.479858 0.357006 -0.168034
336 -2.0288252831 -13.347109 -0.146253 0.750279 0.110508 -0.721292 0.158897 -0.544662 0.247050 1.070075 -0.016541 0.048050 -0.014856 -0.495829 0.364187 -0.176284
337 -2.0276517868 -13.329988 -0.060657 0.461352 0.131029 -0.762282 -0.016497 -0.629804 0.106067 0.930663 -0.126427 -0.039849 -0.100810 -0.679262 0.321360 -0.203309
338 -2.0268428326 -13.389503 -0.232611 0.490309 0.203842 -0.692613 0.109144 -0.730900 -0.043536 0.978133 0.259714 0.105736 -0.108744 -0.575630 0.353646 -0.063817
339 -2.0292887688 -13.319278 -0.363238 0.556490 -0.009223 -0.661769 -0.044879 -0.756339 0.173009 0.964331 0.001860 0.045595 -0.119110 -0.516667 0.364676 -0.288710
340 -2.0246036053 -13.424478 -0.108504 0.502812 0.115322 -0.984837 -0.100980 -0.484537 0.048566 0.948913 -0.028454 0.129936 -0.059300 -0.433938 0.526405 -0.134171
341 -2.0332491398 -13.351541 -0.189003 0.592046 0.065364 -0.659582 0.103707 -0.302934 0.197735 0.959105 -0.135321 0.034651 0.150682 -0.484416 0.440973 -0.274157
342 -2.0345976353 -13.567309 -0.163038 0.653909 -0.002097 -0.784458 -0.121093 -0.435740 0.258568 0.880433 -0.213588 -0.144692 -0.292639 -0.607243 0.470696 -0.087255
343 -2.0265328884 -13.359411 -0.222510 0.590513 0.085810 -0.952560 -0.251608 -0.508494 0.185618 0.960261 -0.026830 -0.272466 -0.389366 -0.600951 0.581837 -0.144974
344 -2.0365738869 -13.402610 -0.149645 0.475289 -0.025721 -0.729872 -0.139569 -0.429676 0.182610 0.652383 -0.242912 -0.143798 0.004613 -0.642151 0.370980 -0.211212
345 -2.0372197628 -13.326900 -0.293399 0.597809 -0.092472 -0.754218 0.015388 -0.447240 0.137685 0.450304 -0.153014 -0.101220 0.047550 -0.653128 0.384081 -0.233667
346 -2.0326845646 -13.255321 -0.367070 0.453373 -0.121240 -0.680220 0.210557 -0.418560 0.029714 0.381879 -0.189055 -0.308141 0.210138 -0.649307 0.697399 -0.175799
347 -2.0323498249 -13.375201 -0.266249 0.622769 -0.214099 -0.738847 -0.068576 -0.587885 0.017318 0.371800 -0.043255 -0.195891 0.112253 -0.828016 0.463870 -0.301468
348 -2.0338478088 -13.480378 -0.339802 0.630274 -0.144323 -0.895631 0.185897 -0.412659 0.205770 0.366604 -0.165984 -0.008080 0.066190 -0.610607 0.566065 -0.207287
349 -2.0339038372 -13.404792 -0.221978 0.568879 -0.017138 -0.702247 0.056246 -0.529972 0.197479 0.453728 -0.107988 0.092662 0.043472 -0.770857 0.367230 -0.291071
350 -2.0404608250 -13.521860 -0.353206 0.719713 -0.082459 -0.730586 -0.085405 -0.437146 0.116044 0.492065 -0.250041 -0.212309 0.055268 -0.656847 0.244915 -0.245512
351 -2.0387406349 -13.430477 -0.293426 0.755258 -0.148133 -0.663572 0.118455 -0.354531 -0.065309 0.477702 -0.214506 -0.082402 0.116821 -0.567301 0.295188 -0.388555
352 -2.0393023491 -13.629694 -0.470047 0.801731 -0.146679 -0.771419 0.089829 -0.360880 0.287100 0.487346 -0.329706 -0.180652 0.074104 -0.485289 0.328257 -0.393986
353 -2.0334477425 -13.334621 -0.298336 0.788395 -0.083055 -0.633715 -0.046132 -0.633984 0.118969 0.576014 -0.359066 -0.181005 0.116806 -0.658199 0.330944 -0.367810
354 -2.0372128487 -13.474648 -0.468111 0.814460 -0.096011 -0.673121 -0.021785 -0.522310 0.123925 0.534816 -0.184946 -0.192348 0.027991 -0.767937 0.087749 -0.149769
355 -2.0391008854 -13.512347 -0.293224 0.681482 -0.217654 -0.729521 -0.075041 -0.388445 0.191896 0.408944 -0.164610 -0.207395 0.092229 -0.700444 0.416985 -0.287728
356 -2.0417253971 -13.630375 -0.489965 0.672717 -0.053843 -0.718175 0.043001 -0.444094 0.110925 0.476608 -0.303420 -0.343836 -0.105496 -0.731826 0.268933 -0.299341
357 -2.0403423309 -13.502471 -0.467760 0.577325 0.077004 -0.667968 0.104543 -0.366577 0.018262 0.594669 -0.350216 -0.286267 -0.153069 -0.773751 0.197602 -0.308955
358 -2.0411703587 -13.502101 -0.621261 0.665218 -0.081278 -0.699869 0.102765 -0.437121 -0.022586 0.434366 -0.343423 -0.203868 -0.005628 -0.503000 0.201310 -0.265468
359 -2.0391700268 -13.766794 -0.598712 0.751855 0.017762 -0.786975 0.045410 -0.441076 0.089981 0.395956 -0.229548 -0.419409 -0.073572 -0.719708 0.194081 -0.332255
360 -2.0364937782 -13.774153 -0.628300 0.672364 -0.004995 -0.705318 -0.035337 -0.507335 0.124832 0.486950 -0.296360 -0.466918 -0.309232 -0.801769 0.476289 -0.394786
361 -2.0287349224 -13.598423 -0.579264 0.780145 -0.007948 -0.937923 0.218253 -0.494920 0.101654 0.473767 -0.417896 -0.193539 -0.138189 -0.835452 0.078938 -0.244840
362 -2.0409855843 -13.615912 -0.328086 0.626316 0.004812 -0.739272 -0.000962 -0.426464 0.070041 0.553932 -0.254907 -0.267004 -0.171264 -0.760495 0.362344 -0.302351
363 -2.0366716385 -13.747726 -0.414741 0.794706 -0.136577 -0.870473 0.110960 -0.442862 0.040217 0.277462 -0.302942 -0.439763 -0.165602 -0.701852 0.295086 -0.204725
364 -2.0431103706 -13.594742 -0.494898 0.542713 -0.065183 -0.688568 0.034302 -0.428113 0.120662 0.332056 -0.266035 -0.331822 -0.130371 -0.673016 0.162550 -0.372289
365 -2.0416600704 -13.666388 -0.508152 0.460307 -0.072847 -0.683722 -0.080496 -0.354640 0.024757 0.210495 -0.316624 -0.311138 -0.198945 -0.599044 0.217422 -0.363899
366 -2.0436151028 -13.673898 -0.449083 0.505415 0.041459 -0.661126 0.086891 -0.290653 0.016775 0.459821 -0.399720 -0.329346 -0.217802 -0.545682 0.115045 -0.331098
367 -2.0400373936 -13.662540 -0.393684 0.538317 0.053620 -0.744602 0.101045 -0.250108 0.094615 0.361498 -0.465754 -0.254382 -0.198034 -0.577916 0.052825 -0.321455
368 -2.0397493839 -13.652004 -0.449370 0.551934 0.052962 -0.762136 0.046579 -0.343226 0.021578 0.513813 -0.504352 -0.436523 -0.076722 -0.560595 0.073181 -0.273871
369 -2.0474786758 -13.556257 -0.407692 0.461958 0.012908 -0.600423 0.089589 -0.377077 0.052691 0.383284 -0.273190 -0.360613 -0.167133 -0.469113 0.138600 -0.356115
370 -2.0482442379 -13.557037 -0.471879 0.483896 0.054892 -0.547352 0.065781 -0.316826 0.026827 0.386366 -0.229224 -0.213822 -0.148981 -0.480509 0.270155 -0.354236
371 -2.0481715202 -13.456605 -0.469056 0.494385 0.090094 -0.542326 0.097713 -0.272443 0.159253 0.368163 -0.251999 -0.151718 -0.151851 -0.350017 0.233441 -0.235750
372 -2.0458962917 -13.455566 -0.438745 0.488782 0.098800 -0.592609 0.115188 -0.278432 0.028437 0.271089 -0.088076 -0.122954 -0.295124 -0.468390 0.293553 -0.423968
373 -2.0481410027 -13.558482 -0.550254 0.638176 0.179568 -0.409158 0.088257 -0.322293 0.100447 0.402887 -0.231819 -0.094177 -0.192049 -0.394796 0.339477 -0.413878
374 -2.0466892719 -13.625939 -0.589615 0.453079 0.035869 -0.454011 -0.032436 -0.274140 0.112948 0.418881 -0.178089 -0.057280 -0.116112 -0.516191 0.235584 -0.210479
375 -2.0434010029 -13.657368 -0.496639 0.520617 0.115461 -0.718182 0.046488 -0.279815 -0.021150 0.439453 -0.223350 -0.164559 -0.054286 -0.596743 0.322150 -0.367205
376 -2.0484490395 -13.563315 -0.640304 0.627021 -0.027802 -0.416063 0.109320 -0.247669 0.132861 0.301342 -0.110067 -0.298998 -0.144359 -0.478809 0.300238 -0.539905
377 -2.0473647118 -13.573629 -0.562444 0.633160 0.060734 -0.479440 0.140851 -0.232703 0.084869 0.389648 -0.106310 -0.308963 -0.061917 -0.600194 0.280636 -0.567387
378 -2.0448701382 -13.490645 -0.606225 0.611595 -0.033477 -0.560013 0.128137 -0.209395 0.236530 0.442925 -0.101655 -0.281121 -0.107672 -0.496904 0.253471 -0.648429
379 -2.0463507175 -13.565630 -0.771902 0.619610 0.088040 -0.254155 0.070255 -0.285085 0.124059 0.348252 -0.196847 -0.260840 -0.163243 -0.440094 0.204522 -0.552282
380 -2.0489103794 -13.630777 -0.583893 0.584160 0.019131 -0.523403 0.125987 -0.375198 0.129321 0.338795 -0.071054 -0.292757 -0.250279 -0.401959 0.342054 -0.536181
381 -2.0471425056 -13.564794 -0.680132 0.567347 -0.096323 -0.493659 0.205117 -0.398048 0.201313 0.412304 -0.039976 -0.357732 -0.139488 -0.362546 0.373860 -0.601527
382 -2.0492169857 -13.718896 -0.639110 0.548076 0.046526 -0.478395 0.137771 -0.430371 0.195350 0.427594 -0.071325 -0.301060 -0.250281 -0.381554 0.321203 -0.454617
383 -2.0490787029 -13.603787 -0.706494 0.461191 -0.021142 -0.579419 0.132146 -0.363676 0.132976 0.431533 -0.043709 -0.407851 -0.198941 -0.260997 0.324262 -0.396549
384 -2.0477719307 -13.751718 -0.651697 0.589039 0.065777 -0.453679 0.090647 -0.411026 0.232854 0.430036 0.031761 -0.252554 -0.161863 -0.496693 0.272256 -0.489067
385 -2.0482451916 -13.740296 -0.580975 0.607172 -0.067103 -0.543758 0.065342 -0.314459 0.219076 0.423452 -0.137270 -0.386211 -0.337075 -0.394139 0.266913 -0.409701
386 -2.0466437340 -13.609167 -0.626036 0.464139 -0.024344 -0.452502 0.161089 -0.488476 0.237232 0.433486 -0.161777 -0.277042 -0.363406 -0.467015 0.251347 -0.477489
387 -2.0490560532 -13.642187 -0.641965 0.584538 0.009661 -0.407107 0.126504 -0.436210 0.113664 0.418969 -0.089237 -0.299011 -0.238462 -0.369938 0.373414 -0.535333
388 -2.0473182201 -13.623038 -0.695788 0.536971 0.093902 -0.588439 0.038282 -0.477888 0.200561 0.549950 -0.150045 -0.328574 -0.226098 -0.401473 0.346841 -0.374175
389 -2.0480310917 -13.707975 -0.608548 0.581727 0.043746 -0.525712 0.092947 -0.409861 0.051536 0.304195 -0.093699 -0.254078 -0.253454 -0.318088 0.288192 -0.502049
390 -2.0503456593 -13.729919 -0.528715 0.581804 0.044721 -0.433190 0.157918 -0.368703 0.137248 0.407621 -0.099589 -0.313887 -0.223729 -0.330181 0.464828 -0.462840
391 -2.0494849682 -13.622361 -0.542994 0.619758 0.007225 -0.477773 0.194546 -0.365067 0.172121 0.524530 -0.154943 -0.402753 -0.190522 -0.394880 0.465656 -0.498951
392 -2.0512654781 -13.635137 -0.440864 0.444753 0.040306 -0.384600 0.177382 -0.311521 0.079189 0.420864 -0.124327 -0.294866 -0.112362 -0.277098 0.503495 -0.421853
393 -2.0502657890 -13.611385 -0.492574 0.466948 0.093188 -0.284332 0.230797 -0.306902 0.024982 0.434982 -0.155798 -0.328909 -0.119014 -0.234724 0.507920 -0.512931
394 -2.0473415852 -13.619292 -0.360457 0.425069 -0.068666 -0.328131 0.118481 -0.333879 -0.070647 0.325896 -0.140033 -0.271388 -0.008040 -0.298216 0.574432 -0.498107
395 -2.0518114567 -13.639792 -0.480989 0.433360 0.120882 -0.350752 0.168833 -0.276167 0.013871 0.390181 -0.130635 -0.268842 -0.064216 -0.216360 0.425288 -0.335353
396 -2.0515575409 -13.596567 -0.427095 0.467725 0.118683 -0.450668 0.124619 -0.275812 -0.026063 0.499678 -0.099577 -0.290922 -0.088951 -0.298262 0.476951 -0.283400
397 -2.0499334335 -13.649180 -0.509771 0.506659 0.204908 -0.318870 0.263156 -0.249641 -0.015290 0.410605 -0.236847 -0.258113 -0.045573 -0.181870 0.476358 -0.341416
398 -2.0506913662 -13.671809 -0.381248 0.429285 0.107414 -0.351018 0.164950 -0.261318 -0.014149 0.351324 -0.190141 -0.249888 -0.062569 -0.326952 0.410143 -0.365963
399 -2.0523402691 -13.670029 -0.593727 0.545941 0.120586 -0.305935 0.256954 -0.345470 -0.009378 0.460414 0.044871 -0.387203 -0.078194 -0.211130 0.451183 -0.184903
400 -2.0511336327 -13.688874 -0.555207 0.518295 0.086616 -0.276984 0.308638 -0.338941 0.054912 0.447308 0.022123 -0.299418 0.052848 -0.208239 0.501727 -0.210554
401 -2.0490708351 -13.809298 -0.657944 0.578609 0.071658 -0.296759 0.269520 -0.401768 -0.023748 0.464915 0.089119 -0.384459 -0.014196 -0.153759 0.398101 -0.168463
402 -2.0494387150 -13.776768 -0.622130 0.648040 0.142670 -0.285633 0.266013 -0.383637 -0.039707 0.479734 -0.077992 -0.324293 -0.081913 -0.209233 0.480746 -0.162126
403 -2.0524001122 -13.647188 -0.519835 0.516669 0.082687 -0.290112 0.204160 -0.373129 0.021576 0.549268 0.087582 -0.406767 0.008516 -0.290786 0.442970 -0.108139
404 -2.0508184433 -13.637044 -0.576342 0.443918 -0.017436 -0.317318 0.073707 -0.277261 -0.079200 0.490343 0.048216 -0.411981 0.012250 -0.304325 0.351831 -0.028041
405 -2.0523023605 -13.601853 -0.595664 0.563710 0.083429 -0.282653 0.139086 -0.366698 0.043620 0.535674 -0.019633 -0.453341 -0.007917 -0.345370 0.442472 -0.105895
406 -2.0508749485 -13.547591 -0.533221 0.526756 -0.031162 -0.249829 0.172543 -0.263674 -0.006832 0.609098 0.104151 -0.375689 0.063418 -0.322705 0.366258 -0.042228
407 -2.0515668392 -13.742292 -0.519763 0.543062 0.056749 -0.289718 0.208532 -0.349787 0.048683 0.497653 0.054792 -0.499928 0.039014 -0.266501 0.500295 -0.106302
408 -2.0530083179 -13.643949 -0.491706 0.468188 0.094040 -0.337451 0.178782 -0.356957 0.134489 0.539623 0.114893 -0.374360 -0.020081 -0.291669 0.404630 -0.081874
409 -2.0519380569 -13.614664 -0.436038 0.456578 0.041704 -0.288096 0.131824 -0.449714 0.132058 0.484175 0.158442 -0.323945 -0.028819 -0.312589 0.425872 -0.021802
410 -2.0510385036 -13.636120 -0.483574 0.436173 0.121001 -0.337688 0.186705 -0.389376 0.069926 0.555068 0.102512 -0.295345 0.070389 -0.301817 0.403871 -0.006450
411 -2.0524137020 -13.600662 -0.431087 0.558844 0.074150 -0.372629 0.178503 -0.377634 0.169392 0.537884 0.146275 -0.326501 -0.009840 -0.278415 0.477316 -0.072144
412 -2.0523955822 -13.584011 -0.486214 0.521091 0.092944 -0.425256 0.198110 -0.351368 0.145417 0.549095 0.172725 -0.423194 0.024223 -0.281289 0.363159 -0.069123
413 -2.0527410507 -13.639041 -0.537280 0.475830 0.122394 -0.372971 0.161963 -0.323706 0.139280 0.512245 0.108753 -0.315301 -0.025262 -0.264529 0.408212 -0.070932
414 -2.0525920391 -13.672746 -0.474476 0.460609 0.146196 -0.318157 0.123786 -0.357861 0.181523 0.482330 0.182924 -0.364165 -0.019817 -0.295795 0.460404 -0.048218
415 -2.0522348881 -13.591623 -0.502611 0.413772 0.063336 -0.330510 0.179381 -0.317266 0.154388 0.635867 0.143982 -0.361274 -0.027271 -0.280981 0.325512 -0.109384
416 -2.0502543449 -13.528156 -0.553905 0.427785 0.157711 -0.374740 0.212975 -0.363163 0.096936 0.576930 0.077849 -0.243194 0.018975 -0.265064 0.432546 -0.022107
417 -2.0523428917 -13.642785 -0.431661 0.507453 0.138156 -0.302007 0.172316 -0.442889 0.096121 0.608288 0.122860 -0.422253 -0.022502 -0.327475 0.407393 -0.065055
418 -2.0529313087 -13.654277 -0.519232 0.553011 0.029215 -0.406788 0.143653 -0.330706 0.171736 0.491219 0.139186 -0.353517 -0.004139 -0.297443 0.387549 -0.153078
419 -2.0513458252 -13.718803 -0.407873 0.439970 0.100138 -0.350363 0.202910 -0.326885 0.174352 0.492983 0.103417 -0.285664 0.058480 -0.308007 0.497857 -0.073297
420 -2.0514216423 -13.695386 -0.410739 0.482698 0.017251 -0.298375 0.225779 -0.382325 0.178008 0.629164 0.147582 -0.355810 0.031105 -0.298366 0.421884 -0.098888
421 -2.0518691540 -13.643086 -0.526611 0.487939 0.074932 -0.347619 0.215363 -0.405654 0.109891 0.578478 0.162819 -0.333423 -0.000228 -0.283547 0.254397 -0.119546
422 -2.0527713299 -13.582594 -0.509499 0.393706 0.085864 -0.321593 0.122841 -0.302006 0.159232 0.537856 0.137830 -0.358321 -0.059884 -0.283476 0.441250 -0.104999
423 -2.0526309013 -13.695661 -0.522958 0.514562 0.117549 -0.344905 0.208237 -0.326348 0.217400 0.532200 0.082087 -0.355994 -0.036034 -0.320195 0.451872 -0.089763
424 -2.0527620316 -13.670703 -0.520629 0.466449 0.149898 -0.323270 0.210867 -0.300713 0.122796 0.528819 0.170708 -0.335014 -0.046941 -0.285182 0.405560 -0.089393
425 -2.0514075756 -13.647460 -0.450886 0.433484 0.065737 -0.373902 0.172294 -0.411327 0.100929 0.552125 0.153902 -0.377653 0.039621 -0.243508 0.341310 -0.004527
426 -2.0532457829 -13.617418 -0.455215 0.452829 0.136008 -0.382040 0.162188 -0.305930 0.208653 0.537246 0.037651 -0.370834 -0.047714 -0.248152 0.417312 -0.051875
427 -2.0531117916 -13.629589 -0.516503 0.465658 0.148017 -0.428841 0.207496 -0.300813 0.215287 0.492843 0.016445 -0.421848 -0.058027 -0.251236 0.386744 -0.054441
428 -2.0529060364 -13.633027 -0.489751 0.473281 0.167521 -0.412628 0.208759 -0.348744 0.213519 0.504326 -0.016518 -0.391528 -0.062372 -0.212839 0.454312 -0.073016
429 -2.0516047478 -13.609612 -0.475681 0.466950 0.122811 -0.437593 0.189612 -0.298092 0.162463 0.564053 0.032887 -0.339168 0.024017 -0.265372 0.414093 0.032754
430 -2.0518472195 -13.628938 -0.443272 0.440566 0.104457 -0.405445 0.086992 -0.338394 0.258512 0.588525 0.072540 -0.357450 0.014111 -0.239554 0.470892 -0.053978
431 -2.0527737141 -13.569204 -0.515192 0.442377 0.055356 -0.387883 0.202602 -0.297781 0.228748 0.512925 0.038527 -0.320017 -0.063457 -0.248716 0.400361 -0.094486
432 -2.0524125099 -13.615227 -0.448135 0.445457 0.184374 -0.458805 0.200538 -0.307145 0.182086 0.582376 0.030161 -0.365747 -0.072633 -0.306599 0.385465 -0.025244
433 -2.0525543690 -13.631002 -0.407841 0.425289 0.160119 -0.384059 0.170973 -0.314346 0.192986 0.537515 -0.010680 -0.368275 -0.018021 -0.281117 0.486387 -0.045596
434 -2.0536363125 -13.681531 -0.435819 0.495446 0.125552 -0.373770 0.128570 -0.274761 0.189732 0.512916 0.038343 -0.391631 -0.103631 -0.279337 0.443320 -0.074936
435 -2.0534906387 -13.671161 -0.437459 0.544201 0.144310 -0.361008 0.180418 -0.262536 0.157888 0.540669 -0.007379 -0.399946 -0.102261 -0.326292 0.467302 -0.089772
436 -2.0539705753 -13.645172 -0.469801 0.486459 0.152547 -0.356235 0.102900 -0.288148 0.185687 0.472921 0.015681 -0.416117 -0.124501 -0.323016 0.444571 -0.084266
437 -2.0535018444 -13.631923 -0.473641 0.484601 0.182008 -0.388210 0.118863 -0.281287 0.207110 0.511032 0.034071 -0.378466 -0.125750 -0.331808 0.477534 -0.091550
438 -2.0531864166 -13.669378 -0.466116 0.532608 0.197617 -0.372905 0.084260 -0.364872 0.211682 0.513917 0.020465 -0.367949 -0.044759 -0.307744 0.459292 -0.099552
439 -2.0534744263 -13.685664 -0.454345 0.475983 0.194839 -0.374617 0.103323 -0.215054 0.158371 0.502158 0.032767 -0.407953 -0.115876 -0.326029 0.466381 -0.087148
440 -2.0535790920 -13.648128 -0.434487 0.477584 0.135948 -0.373332 0.103964 -0.289814 0.216531 0.471597 -0.042103 -0.381783 -0.122113 -0.314733 0.483379 -0.111917
441 -2.0537579060 -13.668240 -0.483837 0.490116 0.154975 -0.325619 0.080850 -0.300536 0.200999 0.454142 -0.004223 -0.367795 -0.127442 -0.337291 0.424727 -0.085639
442 -2.0533764362 -13.702863 -0.479950 0.505367 0.168164 -0.344760 0.079217 -0.349466 0.221091 0.491216 0.011151 -0.430888 -0.139371 -0.314151 0.455999 -0.090996
443 -2.0538527966 -13.655824 -0.424695 0.520266 0.069704 -0.352407 0.107441 -0.293008 0.188257 0.501815 0.071704 -0.418323 -0.116457 -0.302404 0.440654 -0.076517
444 -2.0541834831 -13.635853 -0.472645 0.511781 0.141107 -0.360986 0.109122 -0.272159 0.192583 0.427193 0.034758 -0.440468 -0.050150 -0.310523 0.421130 -0.092392
445 -2.0543606281 -13.612699 -0.437275 0.515142 0.159255 -0.380798 0.121490 -0.297888 0.203837 0.403974 0.017394 -0.417420 -0.073531 -0.332033 0.421347 -0.125467
446 -2.0540492535 -13.534581 -0.419732 0.483529 0.143111 -0.368587 0.109444 -0.336130 0.198622 0.444027 0.039737 -0.422893 -0.115123 -0.303727 0.419321 -0.106151
447 -2.0540497303 -13.573471 -0.447970 0.513476 0.136692 -0.346128 0.120732 -0.309861 0.227895 0.380687 -0.022492 -0.451021 -0.069020 -0.329276 0.456939 -0.115369
448 -2.0540370941 -13.627367 -0.412005 0.535657 0.151478 -0.426989 0.135099 -0.316414 0.171349 0.406273 0.040025 -0.431578 -0.031310 -0.320581 0.415953 -0.120413
449 -2.0538532734 -13.587102 -0.463727 0.565315 0.181364 -0.400141 0.096757 -0.287326 0.220781 0.363278 -0.053013 -0.445427 -0.067670 -0.392890 0.416352 -0.154276
450 -2.0544707775 -13.574135 -0.437083 0.551704 0.173033 -0.392913 0.063399 -0.269924 0.168518 0.424083 0.041996 -0.464501 -0.108294 -0.335735 0.410000 -0.145219
451 -2.0547187328 -13.559463 -0.435577 0.540753 0.151838 -0.349045 0.092720 -0.206764 0.184104 0.374991 0.078836 -0.449790 -0.102473 -0.329749 0.368116 -0.168724
