evaluations raw_y x0 x1 x2 x3 x4 x5 x6 x7 x8 x9 x10 x11 x12 x13 x14
1 1.8717708172 2.609656 0.591156 3.920075 1.340962 4.917096 -3.683521 -4.967673 0.961425 -0.192296 -2.729099 0.766049 -1.937912 -0.441499 4.579549 3.923029
2 -23.3779594094 24.047463 -9.928332 21.811083 -4.474616 -11.701683 10.545713 -3.952276 6.445666 -16.307009 13.337030 -2.911926 2.293522 -26.250147 5.773964 12.992119
3 -50.5346841695 31.726624 -10.043354 30.346513 6.519428 -0.829436 6.929479 -13.375064 7.682710 -1.563528 16.827196 10.121242 -12.713555 -38.633995 -14.709141 16.999554
4 -39.2269004679 27.366581 -19.140219 29.939136 13.294308 -0.094723 19.564111 -7.711927 13.209835 -5.850075 5.011755 34.318274 -28.078085 -35.442406 -15.765780 17.604248
5 -55.7201403895 25.725573 -39.721917 34.913396 6.832858 -1.923938 13.004837 -14.902735 -9.824455 4.355814 19.113106 20.483500 -36.555010 -59.938433 -17.192456 9.993591
6 -50.2193318168 24.587236 -30.761221 38.261608 -6.195940 4.798325 17.896770 -12.553000 1.176169 27.126151 27.869001 19.361848 -41.954383 -58.251337 -32.516115 21.595604
7 -63.6321468506 29.402215 -39.026388 14.552281 4.709844 -25.391628 39.465792 -13.930813 -6.342256 9.050819 27.507625 24.167597 -42.092752 -59.008701 -23.640437 17.640127
8 -101.9015092025 32.595356 -34.688160 19.250106 -0.092177 -25.815618 29.562677 -21.349876 -35.609544 0.846127 43.224259 36.551745 -41.975093 -84.330393 -7.567862 17.545194
9 -67.7808779898 27.778159 -33.507801 26.510049 0.048287 -18.959073 27.129453 -25.145128 -39.702612 7.192934 40.073945 38.741748 -34.270947 -72.294426 -18.682289 12.288932
10 -84.7988694352 28.741288 -29.846379 19.641163 -9.272015 -38.145515 14.140703 -17.940951 -25.243341 -0.985025 48.445391 30.930011 -39.004465 -84.609568 -14.625749 18.584866
11 -123.5764191801 37.605354 -26.034228 7.834017 4.185325 -26.644042 38.365924 -41.439200 -31.633623 4.529729 37.072853 29.988549 -46.502355 -73.666722 -6.475440 25.200985
12 -121.5189493475 28.169639 -16.379086 30.446423 8.324313 -32.253891 32.942490 -48.597376 -28.963382 15.020308 34.819967 27.588948 -50.393414 -95.699077 4.887288 35.342163
13 -67.2992003047 23.991170 -34.278711 9.782744 22.422305 -37.368248 52.494674 -43.478738 -23.555368 13.613063 14.356190 29.317405 -33.893360 -84.614891 2.421012 33.458530
14 -132.5178096823 38.947042 -25.716443 -9.841786 10.965704 -28.446309 17.795624 -39.119879 -43.329291 3.257149 37.935415 41.349779 -47.155812 -76.826661 -12.236734 11.906237
15 -146.8802140937 40.386359 -29.461770 -2.281557 10.210133 -21.894065 13.348561 -58.596268 -27.747854 -11.327662 31.466602 50.265431 -46.013832 -91.404108 -7.285321 15.385834
16 -147.9701305405 27.855653 -40.348010 -0.035125 11.330378 -26.314423 17.050312 -63.988791 -30.089759 -23.046727 23.396692 34.854294 -61.645523 -105.696300 -0.787741 23.850172
17 -127.8609859229 34.783579 -62.865792 -11.073131 23.038199 -32.390139 26.070081 -51.143970 -25.184485 -1.234228 17.024219 26.070388 -50.190185 -82.089358 -0.157444 26.904809
18 -216.9095381957 47.753827 -36.725041 9.391212 17.142194 -37.943735 0.255467 -54.212457 -25.483938 -6.837163 39.773950 24.683452 -62.493444 -97.148591 -8.489373 43.849325
19 -283.1547119534 55.041093 -36.097945 3.066323 -2.412717 -53.522024 7.847012 -50.733206 -28.365700 -15.547569 33.277601 23.705314 -66.730424 -113.742885 2.391944 63.123410
20 -312.4097732240 54.939164 -46.519274 -0.941464 4.555554 -52.148206 25.831125 -39.856516 -42.195952 -34.530700 19.606889 25.178640 -73.411431 -122.693026 5.023511 73.517676
21 -226.2297710964 42.404166 -41.237489 -12.150456 -11.374562 -63.208312 28.385919 -18.714895 -47.893875 -45.019701 -5.770482 24.940924 -67.500233 -120.566413 -0.758118 69.645746
22 -289.4910236968 60.034070 -58.493228 -14.433415 -12.104945 -65.277403 20.626644 -28.205944 -50.886263 -37.491640 -5.258097 36.091674 -51.455739 -114.320829 15.120326 95.959329
23 -234.1985774500 38.680878 -56.480626 20.407290 -14.249102 -64.127574 19.608953 -51.704102 -40.911435 -40.234410 31.614642 26.595498 -66.487923 -132.851548 18.889694 63.840106
24 -222.0936045572 46.439683 -75.283338 -5.519962 1.665276 -66.786690 11.495385 -42.117518 -29.417062 -32.931500 12.295021 23.651331 -61.582245 -116.462277 19.201850 52.353956
25 -421.0440018896 63.680730 -69.758660 -11.311078 3.975256 -45.440463 32.400466 -42.585246 -30.295357 -37.891423 15.850774 31.058758 -82.418208 -159.285146 22.792672 69.462320
26 -365.6289602306 60.085492 -61.341887 -4.999673 5.306092 -33.181296 20.685105 -50.598723 -25.871621 -15.828995 25.085077 48.677143 -72.273288 -154.718037 16.361628 58.311542
27 -501.5491762837 71.468048 -60.281961 4.216989 -24.839962 -48.611608 28.460783 -23.519847 -17.519156 -55.456352 38.659373 18.594797 -82.511632 -174.671905 40.935763 64.121161
28 -647.4215268144 84.817392 -64.132547 -21.342058 -14.310194 -42.283249 4.609549 -32.931726 1.247213 -49.579501 51.078722 6.792794 -99.446855 -177.308570 40.471964 56.279411
29 -600.1325951534 78.045236 -60.426780 -20.975077 -18.395439 -45.494030 5.762439 -39.227690 -9.578417 -52.590885 50.903431 1.613692 -102.926195 -168.873694 42.027867 57.150534
30 -505.6912675813 72.408050 -46.999431 -12.038268 -11.519215 -44.347887 22.902894 -33.296221 11.139176 -51.732091 63.675975 20.350052 -95.993035 -163.274923 26.740089 65.002434
31 -779.7766170272 96.527299 -63.517391 -23.216116 -19.740043 -50.864174 -2.660616 -30.307539 -23.306980 -59.039636 52.473295 -8.486839 -104.895287 -175.878496 36.736903 75.726584
32 -775.5916342950 97.335556 -63.395312 -21.783955 -39.780598 -40.753215 24.406813 -38.943273 -9.395834 -68.211498 43.438808 -1.089261 -90.444548 -179.160533 53.566746 71.337326
33 -1003.4834098863 114.171127 -44.250835 -12.862668 3.219627 -52.817659 -22.061328 -49.689105 -48.013448 -50.962476 61.848845 5.626213 -110.981972 -178.502956 61.886442 64.423721
34 -1054.4492743157 110.737687 -12.229099 1.626814 3.629809 -70.490619 -10.018953 -45.105695 -39.941767 -33.506569 79.767574 -0.658127 -123.198391 -205.788391 69.769423 75.101977
35 -1042.9406616511 106.996554 -18.577063 -6.373264 1.493791 -82.527801 -3.072123 -57.354822 -46.299941 -58.891019 81.053922 -18.736943 -136.366972 -190.855923 68.453689 82.924024
36 -878.2950171308 96.741904 -16.998546 21.373279 -3.916219 -88.236825 -27.730509 -30.012350 -30.964180 -48.034835 80.974327 -9.469251 -111.818357 -215.184271 71.172556 65.807520
37 -1385.0421534955 135.253172 -24.064318 -7.139948 6.149032 -96.828065 -24.600305 -34.415479 -62.569702 -25.380488 106.593241 -9.836692 -137.998181 -197.747011 84.637278 64.681400
38 -1476.4174954382 145.425197 6.190195 0.496373 -17.443853 -93.199138 -33.412453 -14.180266 -68.813149 -36.655154 120.736074 -41.813207 -128.608097 -191.423534 75.926850 65.453509
39 -1579.1896756018 150.729294 -7.773490 17.929054 -40.339762 -126.480472 -36.611809 6.337272 -63.927286 -64.731460 135.328052 -33.476300 -124.729272 -191.860771 95.008636 68.177974
40 -1846.3239354839 167.081487 -36.627160 18.325445 -36.888183 -129.771316 -30.051417 5.683340 -49.985026 -52.917726 142.268195 -14.281634 -143.195095 -180.089835 97.997625 52.344815
41 -1920.5165652200 172.089392 -20.732477 11.528453 -70.051138 -123.379117 -37.333740 -9.494874 -56.339534 -17.558248 151.622405 -34.724577 -138.214590 -165.386805 117.886043 65.244576
42 -1764.3471949542 167.819435 -15.944605 -0.090394 -68.591193 -101.815811 -38.655827 -14.958622 -46.502934 -12.605601 128.980116 -22.151791 -121.341815 -160.727852 110.398676 54.957805
43 -1939.5371663240 174.654607 -34.054349 32.029611 -82.618570 -141.272195 -55.003860 11.348644 -76.701174 -14.490561 163.525478 -50.884463 -94.888535 -203.535212 135.478234 61.974707
44 -1753.8135659361 164.823136 -45.221923 13.020763 -50.753499 -123.588666 -54.868900 0.569017 -93.347004 8.934080 187.678555 -28.790612 -93.692583 -215.997894 145.294921 78.235415
45 -1956.8850731314 181.621993 -27.155305 33.850119 -71.208930 -143.018070 -54.259604 -23.894484 -82.381367 -22.476612 157.177566 -24.698421 -70.027463 -212.984843 120.960787 83.142151
46 -1564.3639410304 162.247033 -31.795123 33.172651 -69.949068 -119.428608 -67.621233 -17.641358 -91.900343 -25.914056 156.355751 -29.127372 -59.498990 -205.163486 114.818945 81.323653
47 -1736.1638967524 172.769382 -14.920352 42.167918 -80.508562 -132.334292 -77.834589 -33.480255 -120.791604 -7.876830 172.460987 9.321385 -69.978956 -178.892886 85.008277 80.506023
48 -1650.8633928401 165.797683 -25.278020 40.565800 -60.657218 -135.133469 -21.306089 -22.323744 -92.631830 0.489923 169.089534 -31.918626 -57.135683 -203.470491 98.961107 77.399984
49 -1884.2340297296 182.514483 -34.043693 74.348503 -62.003620 -151.539876 -87.669740 -27.007891 -61.504722 -32.375981 161.004168 1.251537 -63.622762 -195.598104 157.900726 97.664262
50 -2273.6507561829 201.936275 -18.265775 18.362917 -37.249124 -125.205129 -49.683059 -4.643195 -77.857324 -11.604552 159.682176 -33.377594 -56.857727 -237.767879 147.177042 107.636675
51 -1535.5577537603 163.566402 -7.428922 2.862043 -39.105446 -121.782966 -40.581469 -9.413155 -60.592534 -25.654272 124.079800 -55.081400 -39.652079 -253.594980 168.416610 105.254115
52 -2298.2236213199 202.577208 -4.044412 62.003865 -70.853669 -138.925003 -31.160856 -1.802410 -56.266134 -16.406603 155.494399 -77.838363 -43.481955 -212.587172 134.883871 109.653727
53 -3141.6578009610 240.314501 -7.976049 52.849319 -56.929519 -122.264028 9.116221 -20.611138 -80.740631 34.320632 124.682956 -102.717720 -32.795617 -206.600882 150.130235 111.459878
54 -4042.2621677557 279.850037 -2.584904 52.231296 -66.353107 -131.942469 4.176418 -8.487010 -79.504301 45.781017 129.899487 -135.743179 -1.940805 -180.712055 187.249168 105.830249
55 -4150.6957754199 278.355816 -11.245283 83.060280 -51.783463 -135.083524 3.724017 3.606610 -76.439693 9.801506 135.873243 -126.957231 -29.548428 -226.747678 202.720989 155.195343
56 -3665.8534892102 263.108144 -17.220797 104.012499 -61.497282 -135.273752 32.825807 -9.327480 -59.120544 2.772364 158.242597 -108.690140 -9.316544 -229.468094 174.543107 161.427438
57 -3971.2160931816 271.799284 3.371124 67.116540 -41.058892 -119.079620 2.546131 -9.302597 -97.037969 12.312294 150.152529 -128.721096 -32.993514 -237.611382 189.704830 156.627081
58 -3964.9477998649 276.676200 -33.422244 62.210575 -67.974856 -115.076132 -0.517666 3.558558 -61.146421 56.018225 160.181138 -121.204099 -1.199426 -228.110874 191.736952 180.618541
59 -3859.3214929704 266.375435 -13.150658 85.120654 -66.092033 -107.748026 -10.875754 -11.785489 -98.726318 28.171795 127.493712 -122.504231 -24.865255 -256.508243 202.780110 181.884454
60 -3330.4303061790 247.239539 14.828961 103.378044 -72.876832 -129.458323 -12.245665 5.841026 -62.278763 28.489825 147.234063 -125.983897 -20.731346 -259.956691 234.410464 163.660383
61 -4937.1012922591 305.986251 6.735949 112.272290 -38.073429 -124.943646 19.021007 -26.079533 -119.845423 -3.923912 142.717097 -153.079553 -15.706719 -216.591962 208.057250 162.091763
62 -3326.1172301851 250.880908 4.648517 129.869596 -27.576246 -56.647507 23.337191 25.095617 -128.111703 -20.479226 124.661766 -110.198168 -19.228263 -196.769948 206.902972 209.376378
63 -4976.5421067530 311.573854 13.584918 96.175739 -20.948962 -110.098752 -20.859024 -17.356821 -126.821088 21.833321 111.702657 -168.870062 -7.361821 -222.039110 202.934551 156.665571
64 -5300.3919302045 322.800615 38.647701 113.899035 3.120063 -96.388788 -14.666983 -23.374584 -102.464592 41.602398 140.765231 -185.385439 -16.134401 -252.612506 199.711206 173.379565
65 -4819.9723927133 307.517609 48.027995 121.601637 -2.641740 -104.266134 -11.783265 -44.820170 -70.854964 49.683472 108.972944 -197.122268 -6.538400 -228.244279 222.861122 164.161172
66 -4745.7356079834 305.700630 83.704069 110.723106 15.873370 -100.540709 -21.751690 -54.911211 -109.771732 10.827843 167.581204 -206.799282 -11.030713 -280.742486 195.968463 183.591975
67 -5361.9790129316 329.017633 41.226853 115.410564 -7.854752 -82.299722 -24.954671 29.111966 -117.976562 26.660856 118.926086 -234.139188 6.169190 -241.873514 185.209410 172.751547
68 -5151.8836834540 333.538386 63.306821 115.178831 -6.980320 -78.557430 -38.069617 57.924696 -97.456257 3.608267 105.126379 -190.568679 60.187842 -249.329467 176.615116 142.366494
69 -4541.6773336300 309.890639 33.993082 109.909299 -2.004430 -75.493400 -42.024973 33.230227 -98.593530 37.193842 108.961194 -227.415690 39.897946 -233.344108 202.390434 173.822509
70 -5190.1868492993 319.343911 16.917786 118.638608 12.302751 -119.704898 -23.627383 58.284715 -74.976001 31.012666 98.594962 -240.823840 -17.472161 -235.269748 234.465891 180.054469
71 -6457.2349784108 354.832956 60.894046 112.810468 -18.151581 -78.260778 -35.284227 -23.854431 -154.943837 8.364680 112.717552 -241.848753 -31.619407 -227.937795 191.337743 179.780059
72 -6216.9513271732 347.092512 45.776641 66.184664 -7.613769 -71.042749 -51.564979 -29.181341 -184.948982 -6.755528 128.851867 -249.464083 -37.428509 -246.148201 212.922067 186.338956
73 -6641.8038277486 361.587988 59.533915 144.909312 -18.501739 -51.709131 -53.967948 -25.003403 -148.773579 -5.255508 126.787954 -244.615377 -35.861651 -237.784963 161.139690 215.239381
74 -7152.7652620505 374.329126 68.963861 129.671011 -39.148366 -24.511147 -50.201942 -42.603128 -156.926987 -37.267355 127.322196 -282.828123 -46.670475 -207.475592 180.111998 208.664907
75 -7056.3291160145 368.759841 33.593238 87.574704 -50.804420 -7.952606 -72.153936 -49.301842 -139.826983 -32.025759 110.366561 -258.399322 -57.502440 -234.293875 190.830664 239.472335
76 -6635.1254032314 364.007724 78.397387 127.546230 -45.342731 -5.496833 -79.421414 -80.471267 -138.859077 -79.273238 133.848090 -293.238571 -22.957660 -222.767925 197.493284 177.168560
77 -5998.1500676128 345.598115 15.728155 124.510463 -16.479235 -56.303367 -44.784148 -73.288739 -147.614702 -22.051005 118.488099 -338.622165 4.377287 -241.014603 198.548326 170.435537
78 -5467.9799348296 324.455020 34.829151 130.207933 -30.794441 -20.614934 -59.195946 -63.798578 -114.751030 -14.162423 111.270341 -241.190565 -35.722986 -240.459123 205.806873 213.908640
79 -7204.1926373755 370.798103 117.986335 85.047967 -51.360602 7.536203 -40.689673 -55.958023 -166.076802 -46.373606 106.530857 -272.184251 -63.254610 -228.963486 226.620606 247.124355
80 -5292.3708476584 314.635228 96.775511 58.163508 -57.328219 31.540462 -37.222451 -70.725523 -147.126272 -103.448493 173.009595 -278.357932 -78.367282 -207.972025 213.879018 187.030875
81 -5982.2678223456 339.731208 150.826753 124.000389 -52.056509 -1.323457 -96.230843 -62.225985 -193.032489 -26.400563 54.277187 -258.778147 -82.265996 -212.083425 255.169915 175.845743
82 -6739.4617035892 356.082236 130.019423 74.244198 -26.203893 -8.872773 -46.263214 -102.368279 -119.609463 -47.222561 70.238953 -277.017033 -56.960387 -256.433701 219.995827 242.563597
83 -6888.7175151016 359.744750 96.742799 69.974938 -16.193070 -60.868005 -25.648364 -57.108019 -148.919748 -28.244698 90.915419 -279.806870 -45.610545 -254.036941 208.643348 278.856222
84 -6497.7547188582 353.514254 108.865253 42.203290 -12.829793 59.637924 10.998865 -74.770054 -189.412725 -29.717059 88.021814 -189.513128 -15.824547 -242.464049 234.041603 265.446262
85 -7335.5863981455 370.219828 110.685659 84.300510 -58.154187 -25.310915 -52.076959 -88.500577 -172.554538 -29.235616 93.149250 -233.672190 -93.632285 -225.635511 171.637931 201.009131
86 -7415.3851392002 367.170927 92.044468 126.299825 -75.849067 -55.251515 -44.946951 -68.023523 -159.243392 -70.572838 96.887388 -283.839928 -102.261548 -246.428659 149.840106 200.217125
87 -7113.6607742679 359.832463 83.617990 67.711265 -52.540580 -62.915940 -29.400249 -74.613311 -187.533870 -33.682515 77.165279 -326.274033 -153.889053 -170.749978 109.049123 190.180005
88 -7258.4082758782 359.408652 125.054473 108.011755 -64.362899 -105.920078 -29.009122 -74.729291 -176.871314 -79.250138 123.720298 -192.052620 -168.086653 -210.493925 165.721280 160.926248
89 -7147.0701201658 357.895305 87.198867 92.936536 -51.252530 -42.028794 -28.369823 -51.263928 -183.958834 -99.666240 80.890331 -261.520710 -93.905988 -279.826537 192.388924 205.345444
90 -6894.3456381578 348.119620 140.588902 154.571742 -75.530846 -59.234523 -20.206644 -84.894616 -151.643346 -63.698283 27.305849 -234.039195 -100.257222 -239.409027 196.408245 185.866037
91 -7508.9286190556 371.550708 105.224915 68.826969 -36.506353 -75.871061 -76.124313 -54.286984 -154.673775 -47.777377 66.469398 -280.031401 -106.970864 -300.110200 152.642503 189.366047
92 -10279.2111532557 440.052649 77.504688 69.613566 -35.445814 -148.571055 -9.416137 -4.242073 -161.319633 -43.714249 86.197543 -242.792301 -49.774235 -317.478115 182.028030 227.124414
93 -9313.4850447268 417.824759 82.132925 1.612046 14.726638 -170.913298 -7.184721 -22.136542 -216.509524 23.296228 106.946731 -230.325465 -52.007188 -336.243190 199.468723 219.864633
94 -11010.7440894275 456.295912 95.478044 52.836356 -22.044264 -159.328925 -11.227505 -39.519634 -72.713087 -66.574463 55.094806 -291.708099 -69.636355 -325.041249 141.649444 211.372371
95 -8939.1704043107 414.034264 97.326271 68.402415 -48.531784 -175.637215 -17.445150 -95.526752 -32.738426 -40.554281 99.271318 -334.806586 -66.507125 -281.395245 82.841033 145.761024
96 -15185.1681179161 532.775556 47.045409 59.197216 -80.583459 -180.061199 -2.456317 -19.541610 -116.128763 -85.058203 32.558437 -308.474098 -89.236350 -283.123567 151.398757 255.679229
97 -17182.4976803680 574.120530 39.640303 111.443150 -89.314683 -167.178237 -56.743062 -2.941074 -119.070052 -61.894441 63.944186 -326.300070 -72.037599 -263.816693 122.114779 296.971393
98 -15159.0319431444 537.304957 -17.069734 71.440228 -68.503920 -135.506931 -32.293194 22.974911 -177.962718 -21.247013 29.957093 -249.866122 -57.253054 -244.538937 173.225901 318.186931
99 -17509.8657105653 585.117267 50.541951 108.370644 -45.956215 -160.221761 -25.321467 -38.254404 -89.707044 -27.817449 97.833799 -287.954832 -62.661912 -276.927998 76.626982 237.655511
100 -16991.1666692392 577.496229 -32.981689 118.072878 -38.796582 -123.779876 -65.606441 29.296945 -147.370746 3.603008 70.708764 -324.626637 -82.446771 -228.579953 80.125978 220.944578
101 -19205.5623624630 615.316965 46.009398 79.175301 -30.364341 -150.262663 -22.540262 22.065166 -91.478122 -4.854186 135.462074 -258.654783 -66.351988 -276.133381 36.964763 238.364468
102 -18519.6900485823 604.545432 37.023235 83.636949 -3.888738 -124.415410 -14.398213 -31.168802 -125.417280 56.208512 175.782015 -284.532207 -44.801796 -311.055232 52.183644 298.010999
103 -18811.3604754386 606.995509 68.598484 -19.522641 19.623986 -138.450840 -23.972255 16.342430 -153.275818 25.154174 74.963437 -239.310048 -45.572462 -308.621209 34.225553 267.837614
104 -17953.9881364264 596.512983 43.011283 57.459967 -24.991162 -112.911685 -33.094497 44.607577 -138.409072 -18.623616 115.432163 -261.451741 -33.990416 -259.371802 101.636827 264.508172
105 -18947.8000325881 609.391220 -31.571324 73.667780 -70.765921 -162.166780 -14.593588 60.905983 -57.045545 -8.337994 161.831695 -252.240775 -101.248812 -238.786027 120.223904 254.168016
106 -20810.8220090044 637.121167 25.741268 25.041616 -33.568222 -133.500360 -55.814897 93.492181 -97.886204 -89.109135 112.813419 -246.866559 -116.484827 -284.998489 59.781746 244.377089
107 -18028.4160393052 596.419980 19.931421 -0.982225 -36.838123 -79.790588 -63.275976 44.205954 -68.406437 -47.557434 135.143603 -234.360583 -164.629405 -221.460170 113.131399 229.468115
108 -18971.4727489269 603.307924 27.019203 9.953080 -35.610325 -149.730643 -10.468964 4.149854 -93.473427 -88.187029 93.436904 -242.376815 -165.729183 -250.224936 76.405214 242.418981
109 -17290.1891526415 578.432486 0.258190 24.990290 -16.618044 -135.346213 -10.616154 85.202915 -150.749562 -132.368369 180.544765 -238.874885 -91.531119 -209.657077 -18.918951 236.969930
110 -17797.1148691200 588.803382 7.056224 -10.434563 1.041989 -94.262949 -16.349776 52.231804 -90.513084 -93.806556 112.777641 -170.120268 -88.611161 -316.315498 39.177916 244.943295
111 -23185.4392345296 676.933773 31.282352 42.054267 45.920936 -87.344222 -20.823899 85.147484 -51.045533 -153.863078 114.180467 -177.292847 -92.010408 -275.711753 57.854078 270.053171
112 -21792.0614897066 659.572634 46.053790 0.984973 37.810514 -72.014560 -57.114144 45.896435 5.070910 -113.405991 71.647696 -153.405196 -77.237648 -289.115997 23.481819 193.236070
113 -24298.2492189958 690.931780 0.992298 80.834150 49.320544 -131.821415 -11.072648 66.978111 -115.004947 -166.934239 104.771688 -203.990419 -75.151153 -265.692982 99.006870 259.927384
114 -27072.9092578819 728.879339 71.851064 11.500722 30.407144 -159.781262 -90.873356 3.884209 -79.891519 -175.484290 65.723275 -182.354366 -138.670933 -278.819338 32.331597 270.970485
115 -26959.7400849804 725.066388 127.719433 114.335841 61.621158 -179.834735 -147.618663 23.712660 -78.733766 -212.768236 49.820131 -187.799926 -133.997985 -302.565156 -4.737831 338.912828
116 -26008.5250916990 718.163134 24.034725 -29.938275 70.623742 -130.597949 -66.947334 92.346117 -50.154724 -190.499196 156.029882 -213.944134 -74.469604 -288.898395 -32.647637 305.930009
117 -29145.9232132387 757.770336 91.291177 18.295803 108.187726 -191.359220 -53.987771 9.768837 -50.016992 -164.550968 77.877160 -198.732505 -120.678099 -292.147017 48.234906 253.455266
118 -31189.4713579615 785.332653 103.679836 -8.419065 15.415406 -211.568678 -74.952732 -31.745247 -74.818139 -191.949610 98.946053 -163.550249 -122.196880 -340.086435 113.642874 223.032607
119 -26714.1362674615 723.552555 58.695284 -7.089102 61.520951 -177.577326 -56.817384 -59.472658 -35.108582 -271.358029 43.732821 -212.192156 -121.148599 -319.695106 180.537390 223.851776
120 -32659.8825613113 801.697104 140.148479 -27.021906 -36.364321 -280.183346 -15.394166 39.046602 -141.518907 -169.029205 95.711596 -192.971495 -91.074299 -316.968507 153.712181 182.187634
121 -37249.8754090599 859.808306 142.933917 -47.372854 -0.589905 -244.026303 -18.557184 30.845161 -176.291679 -193.543002 71.566672 -200.499390 -44.884895 -351.749066 105.724430 173.671144
122 -39464.0077054328 879.632557 -31.002945 30.192014 21.976499 -235.329570 -29.779373 75.012836 -198.051672 -207.359053 -41.855758 -194.997852 -30.244829 -407.109029 39.377216 126.785518
123 -48279.0214291068 979.604226 -60.341932 39.619060 65.521973 -280.696584 -85.273567 38.585368 -169.158178 -242.250702 -127.900251 -84.184316 30.122397 -416.568309 52.262929 7.727534
124 -49074.1941874870 996.222790 -74.963681 -14.100926 115.678899 -346.996473 -64.225395 20.324553 -136.457145 -218.387456 -139.430927 -87.454881 82.396761 -555.110489 129.389049 -44.104866
125 -44525.0836129086 947.103777 -32.327774 -32.066696 120.414735 -386.180452 16.125727 64.120186 -122.917599 -157.031796 -223.429366 -80.907631 110.663378 -560.043026 28.746539 -58.772639
126 -52807.6817110481 1033.141335 -113.527755 4.925221 146.405932 -368.361503 -103.773155 56.922345 -261.571519 -176.479774 -260.216972 -127.751246 126.136985 -598.444655 168.760381 -84.302818
127 -54916.1778777672 1052.096979 -85.109314 -9.091508 157.602182 -367.177360 -219.590462 32.767878 -213.856089 -152.887546 -218.241103 -89.373545 75.291846 -596.333204 246.586758 -62.420125
128 -52465.4628166296 1038.875021 -117.800752 -59.021708 171.787376 -351.922962 -196.631731 -60.673375 -281.189698 -134.414617 -240.408211 -140.867666 130.810272 -644.227522 248.983208 -84.361136
129 -58110.9455386360 1084.341440 -132.062642 -33.058443 185.629941 -360.750354 -218.284045 6.291204 -170.839305 -158.344737 -173.958149 -62.325825 92.811722 -571.981637 284.021290 -55.666287
130 -62537.7088673145 1135.740027 -54.732732 -20.172313 63.480340 -315.640190 -164.509377 44.478387 -167.057173 -200.026103 -193.955452 -137.056428 191.009721 -584.546705 314.875099 -32.812025
131 -64458.7023307437 1147.832517 -63.247354 -30.106221 69.109482 -360.912532 -184.972952 22.653572 -114.458286 -53.362182 -163.133834 -166.360491 98.302155 -614.308288 281.446107 -104.047120
132 -63864.2647997023 1152.041415 -67.725911 -50.259405 122.886450 -332.902741 -229.372929 -81.579131 5.507506 -57.898078 -165.307175 -254.011820 161.779553 -608.298058 356.599588 -65.542887
133 -66110.7324168719 1168.433905 -137.609684 14.195393 71.249582 -362.960020 -169.107319 56.857642 -154.868105 -129.377547 -160.383763 -196.281909 189.772672 -581.011314 285.266129 -25.285616
134 -77756.0416480020 1263.938966 -126.837255 0.040559 132.689122 -355.627493 -187.874097 49.595002 -217.200350 -143.236047 -150.657016 -189.830417 204.783572 -564.184748 280.285587 12.586763
135 -83271.5103235820 1303.342502 -77.528207 -28.391520 238.128113 -365.441171 -193.054177 -51.313102 -154.935716 -180.975498 -146.816393 -209.113460 185.593695 -566.152132 341.660585 93.992421
136 -86103.0194940594 1323.272187 6.189449 -18.250533 316.183778 -388.812142 -175.441967 -24.904507 -104.583040 -136.377222 -234.634775 -212.938031 183.334121 -714.659154 411.989739 45.556236
137 -88939.4965528063 1350.357101 26.658350 37.569105 368.479448 -378.338373 -203.016417 -43.335299 -47.959766 -175.626261 -185.041045 -210.742576 259.369528 -656.145190 391.270235 103.189075
138 -80374.7107158481 1294.291587 44.562391 41.961332 281.429031 -430.427507 -206.668573 -92.635222 39.775308 -66.619086 -142.706246 -156.156468 376.552819 -536.580459 367.886808 184.579488
139 -81063.9771697805 1273.957803 -12.586043 13.931929 462.165032 -336.651850 -242.969207 -130.745718 -58.077646 -197.789741 -191.579365 -265.203030 159.913400 -605.094272 513.997298 160.920596
140 -76132.3423287930 1268.438262 -21.728601 -42.798847 285.604695 -408.450570 -127.196408 -127.055212 -6.476573 -205.870682 -186.716607 -306.394769 330.546499 -683.837661 386.806372 33.690682
141 -93974.6783396166 1396.005560 48.172152 87.945402 327.816032 -321.332180 -206.545425 18.414849 -91.936338 -248.151570 -121.262402 -227.140265 348.790938 -586.291531 422.444581 144.905397
142 -82336.5294716502 1309.426468 43.319551 -16.462879 356.828100 -291.364274 -190.139856 41.472953 -58.913798 -73.346002 -104.215451 -129.779180 364.839107 -599.766363 393.275471 177.408259
143 -103121.0712253464 1467.194659 197.395202 50.892415 295.422426 -490.889120 -96.165982 -3.333644 -60.457085 -176.361218 -116.943389 -210.427593 419.895927 -643.361827 373.439193 218.765852
144 -94895.0712411189 1421.614687 248.566580 -81.844675 331.921659 -470.632012 -252.819975 16.799439 22.684863 -286.857175 -122.225465 -158.942183 469.182312 -647.283726 275.832702 171.173947
145 -109024.2954882750 1494.578000 220.310994 109.626061 254.384026 -414.133792 -53.726973 -83.634010 -6.619989 -316.143000 -128.059450 -165.392802 362.989480 -519.066522 430.729386 231.275173
146 -105582.7722851629 1486.954620 333.938913 29.194911 253.083470 -482.140936 -146.203990 -172.284359 -8.863797 -424.893182 -62.432643 -239.672292 361.055212 -576.241109 402.579389 157.957417
147 -101919.4843631702 1443.860683 173.560552 213.056704 277.426337 -270.782278 8.231766 -27.695983 -60.164991 -217.094828 -100.860727 -176.152115 319.071713 -571.456826 385.126370 247.672556
148 -99654.6724762599 1414.787779 182.567131 83.843260 316.588662 -413.433821 -67.836734 -87.222711 -88.867991 -401.634848 -185.789335 -65.366199 284.109547 -480.706567 387.858388 259.425346
149 -88016.3040293148 1352.571921 273.002906 31.268467 330.625426 -548.559228 -0.647498 -120.335883 -0.067118 -232.011108 -106.985620 -230.096546 389.270111 -561.191274 509.403865 234.112956
150 -98170.8300359197 1420.051179 241.906219 52.025579 329.932219 -410.769749 -91.743128 -39.724402 130.826557 -327.347096 -105.161678 -174.713508 356.355488 -479.362963 446.300912 254.891937
151 -103270.3858440945 1457.165458 254.464886 160.267232 220.054150 -369.139758 -100.348275 -259.120092 23.435563 -232.439863 -46.054737 -115.127449 325.903663 -560.307811 512.901469 228.686337
152 -122838.3585279233 1581.853460 231.838502 207.067691 307.664399 -343.669392 -138.591545 -172.466255 -75.292329 -325.838868 -181.437334 -100.281532 346.001632 -665.774454 231.491098 328.046520
153 -125119.2172706335 1596.651718 236.785755 142.574140 348.261811 -424.857631 -56.374246 -162.938421 -136.005950 -273.830274 -173.361469 -25.518961 386.142548 -635.104201 234.409981 273.026621
154 -117205.2010765973 1543.695534 173.254766 152.128900 405.693129 -424.793862 -124.196839 -207.408118 -138.254574 -228.736984 -105.267572 28.250610 437.106814 -477.070438 257.106574 306.981940
155 -135657.3182811037 1655.808868 275.009282 152.074021 397.149295 -398.682787 -141.002407 -95.190964 -86.044862 -230.247313 -146.117959 48.639652 341.102079 -516.979453 184.253927 221.577372
156 -126984.7168342529 1609.381376 350.034063 90.138522 380.652366 -413.225439 -237.995800 -54.360035 -1.693561 -220.486801 -78.241020 54.123259 306.094422 -476.049111 182.425935 146.321985
157 -133299.4870769645 1645.748022 398.269012 176.459463 380.316524 -478.633871 -72.269842 6.888605 -41.257236 -356.177933 -146.581210 122.676560 399.643973 -512.222705 207.336279 107.429335
158 -121918.6203922965 1578.586163 379.769540 234.766239 270.188345 -316.885603 -213.936151 -121.481424 -145.718215 -260.554060 -124.256973 61.821751 287.904244 -567.750603 112.966988 93.958978
159 -135548.0139318516 1658.128502 217.884024 214.191485 368.341683 -345.639657 -287.307297 -85.711181 -67.331604 -278.673812 -178.321323 186.856069 378.155715 -536.525356 142.421612 148.850763
160 -117310.8762717511 1530.588341 273.801874 89.669798 502.413195 -368.226929 -73.117712 -180.709447 -23.939116 -199.729180 -228.043934 15.294754 348.648407 -470.964415 24.410196 250.427876
161 -135073.9193893295 1639.209078 162.311002 150.805390 542.388860 -392.271639 -105.313857 -67.160373 -167.740499 -400.565540 -150.472874 6.209054 310.887342 -642.180716 142.121531 371.920372
162 -156785.6299668287 1775.853593 292.043422 157.440285 485.893694 -381.688558 -181.988994 -87.470414 -62.923384 -259.295570 18.031882 36.141926 197.209493 -618.984978 3.372572 319.938711
163 -157398.8714390655 1779.266162 393.299902 171.636969 440.931866 -477.046127 -128.168112 -53.147037 -5.578502 -369.602641 -52.228197 36.995972 237.271990 -608.573010 -19.239086 346.719613
164 -173316.2693610433 1861.674064 300.493910 146.205123 346.515044 -543.282062 -164.742070 -67.759429 -8.085050 -439.717559 -190.382580 17.188314 207.445444 -658.395518 55.648726 355.716269
165 -147682.3963884960 1733.259695 299.930804 92.092228 412.216880 -545.260591 -101.966479 -57.703357 88.171076 -397.086842 -74.187927 -177.550664 239.794480 -710.259325 86.691189 281.587404
166 -180429.0804316284 1894.797239 230.688600 210.781308 270.853977 -585.357261 -145.549610 59.974083 -2.773628 -654.607801 -179.559418 -29.400773 151.502004 -647.452169 84.623352 356.250383
167 -192547.7672553258 1946.745681 99.034807 253.683343 372.783739 -388.169912 -147.405254 78.604896 -27.386741 -561.387525 -266.028773 -113.995558 115.474934 -674.791706 134.165441 524.767833
168 -176957.1408300195 1873.627349 184.632935 252.186145 336.636749 -331.883722 -89.672562 62.791476 -106.988884 -699.433182 -167.126435 -156.307889 182.366812 -751.184021 52.328876 595.931110
169 -180348.2079491857 1901.188472 34.653958 218.912533 408.393482 -242.543335 -163.561122 -14.436035 -71.689670 -436.992081 -136.384076 -135.713530 211.869510 -751.801896 144.679598 388.777706
170 -189874.6102179924 1925.010226 248.693429 294.014853 489.442709 -514.631019 -304.589259 77.586838 100.809626 -564.041951 -371.451714 23.916251 141.171467 -802.574072 -156.472510 489.495189
171 -205858.8132728838 2005.365303 32.103500 408.038771 386.805620 -405.182700 -139.594400 185.028242 -50.195191 -549.001833 -368.076487 -156.632219 -13.535047 -826.556901 190.312244 306.029856
172 -223836.8492885766 2089.345227 -10.998354 437.997328 425.845556 -499.449742 -160.784164 79.365635 -24.337206 -707.215217 -441.993099 8.283843 45.750827 -956.120388 201.719929 287.182280
173 -209917.3688339145 2012.247504 23.090445 320.551208 577.644075 -718.919372 -56.173869 141.905399 -0.749595 -761.084358 -331.261598 -145.211331 -21.455139 -1015.147107 295.462176 355.411679
174 -235896.0536450905 2162.254481 90.802739 419.746779 446.979552 -518.126613 -102.067623 154.060759 14.134091 -629.291528 -371.368642 -18.773228 161.662144 -862.817542 181.799890 84.791019
175 -223186.8308941775 2078.674619 30.112284 236.865819 447.328504 -479.342307 -0.293489 339.790560 -116.114984 -559.042902 -430.681980 56.453181 10.861963 -908.984310 121.232243 99.856019
176 -227217.8849325362 2116.106464 6.478650 509.522005 508.399042 -580.592839 -214.612826 67.726428 97.703646 -684.260625 -348.755051 30.027107 32.301526 -830.897007 187.331708 23.757883
177 -237647.1655375794 2185.186951 92.259114 413.810875 516.362412 -400.581178 -183.767875 64.182301 192.537563 -689.586272 -169.148755 -60.672295 167.198711 -864.276741 223.437817 82.869878
178 -236628.3422275573 2168.231732 144.621809 366.095550 482.159697 -315.815722 -134.008275 -206.758064 101.594319 -758.112613 -259.546881 -85.147754 109.445439 -788.583002 149.695360 137.527818
179 -224492.7972702171 2098.362013 54.208910 362.011707 768.833502 -320.866918 -199.075888 -120.355117 268.991798 -601.642216 -341.268528 -62.537098 135.789439 -851.914057 206.164885 123.229738
180 -246174.6861953808 2212.325313 63.677110 446.215425 688.429619 -409.108559 -225.114897 65.630655 177.882588 -665.642537 -392.503621 -8.920829 257.080329 -882.958694 199.371102 -53.931249
181 -251264.7837319792 2230.503466 86.575726 499.403151 669.009058 -510.137780 -202.184412 24.533978 185.585431 -736.336279 -573.509840 -14.884273 314.831215 -870.017757 162.279116 -62.522116
182 -221166.1836340577 2094.365797 -9.276451 462.877247 578.179632 -517.296348 -134.989915 -152.244936 258.037858 -707.569141 -664.811629 8.099367 337.779790 -1035.904896 253.097596 -79.947696
183 -224275.6417180448 2114.247613 -38.363529 433.800670 635.672137 -418.225509 -234.878822 -188.177810 178.219954 -708.326397 -452.400999 102.948035 295.229662 -905.010092 171.438669 -222.923786
184 -281425.3332061372 2361.725045 86.663895 471.187176 494.014972 -325.849594 -348.060804 54.603619 289.922663 -939.078135 -643.723632 -17.552278 392.699674 -765.442933 383.455058 91.776954
185 -328675.7897683883 2554.979054 92.103459 503.604986 732.766700 -522.952889 -167.745239 -63.574515 303.867934 -875.611025 -459.272752 108.586140 399.899733 -879.676455 359.576125 134.728650
186 -360905.8378191446 2662.006445 222.672219 454.649225 728.654941 -492.800884 -274.005051 -10.239918 486.056483 -742.569899 -667.315289 -10.032489 218.427924 -932.738879 288.602830 113.975837
187 -338853.4308422316 2590.565664 315.603179 492.998514 693.526995 -562.366627 -266.850871 50.130759 351.140275 -748.941239 -612.551209 -63.637980 276.034258 -1029.066010 414.244203 48.595746
188 -400850.4790171982 2807.523880 261.712490 470.133592 734.164868 -565.967909 -208.542795 134.822016 489.738194 -710.967385 -836.251988 -68.669173 314.842014 -1002.599729 -47.011967 -31.307732
189 -397821.3409787645 2793.448161 161.836392 579.398356 583.774622 -561.404418 -154.021653 235.637100 337.631086 -726.695826 -932.359656 -27.758884 390.559715 -894.065402 -39.100304 82.075497
190 -357685.5472343086 2660.277908 -37.564651 281.788054 613.374517 -666.409572 -267.054254 -8.061888 382.146331 -687.840078 -823.699947 -190.583517 293.461010 -1185.145310 56.794902 -17.648655
191 -369537.1885910278 2705.105618 206.731495 708.910432 676.115078 -591.495502 -364.153837 87.401478 652.859684 -727.422355 -810.315237 -36.467887 396.836402 -1120.959602 -51.904430 130.510063
192 -428750.9410245378 2927.834983 251.326358 353.063600 872.831871 -692.206110 -356.956435 53.924127 328.859765 -607.987984 -687.186458 -83.767140 590.373839 -1046.009399 -190.342214 -41.019453
193 -446156.1326767277 2966.513069 204.805153 247.609070 997.257951 -927.294114 -209.308389 53.788393 348.259084 -624.131896 -796.611846 -181.973969 467.802906 -944.680137 -265.299961 -76.883873
194 -457859.7045832932 3013.196048 232.094091 250.519696 856.212387 -1013.167781 -126.210811 169.903141 341.574051 -578.836504 -846.184073 -431.539135 459.766128 -1118.797657 -263.716174 -22.343908
195 -439211.2390019255 2959.478747 319.499882 336.843861 1012.135733 -1051.419255 -107.737322 190.881750 250.419999 -588.035227 -695.644226 -430.031799 737.737979 -1029.189295 -462.923928 85.606910
196 -501232.4968674564 3178.252027 393.627034 175.347803 820.429070 -995.801889 -25.781154 -17.377313 368.394488 -862.023412 -479.661458 -528.029603 467.777824 -963.675376 -186.320895 122.754084
197 -607004.2623144552 3489.058726 459.697616 210.416509 752.391595 -1176.261736 172.051987 -40.376083 460.796247 -726.223800 -761.888044 -473.323474 617.895421 -1051.506329 72.950138 213.040356
198 -621366.9227269954 3532.402357 546.233890 83.982404 809.861077 -959.470945 79.649156 -295.300179 531.193377 -588.172293 -821.024787 -413.665759 801.213474 -849.723837 29.396549 257.312047
199 -536826.1719644241 3279.552241 267.963858 33.958323 740.149700 -1080.014392 212.396434 -266.237140 567.485290 -611.920090 -897.684984 -629.883978 669.620322 -873.453172 -274.136282 302.038237
200 -681818.5469725735 3680.838078 549.516149 267.930845 837.076191 -1317.204664 211.926182 -438.177813 569.838008 -659.066772 -1030.752535 -676.604926 679.189545 -557.203904 338.854539 243.107300
201 -642801.9771949432 3569.186475 340.017790 -29.545232 909.907723 -1377.914760 227.209416 -407.215661 481.780726 -602.952762 -1084.497327 -689.547775 688.222035 -698.273434 340.018479 424.621898
202 -706339.0048992507 3736.376932 468.028961 411.835668 822.608524 -1101.549518 301.401013 -405.778888 415.747052 -658.394137 -1163.706904 -877.828870 697.152861 -572.938206 160.608435 309.614157
203 -717684.1640014566 3779.306947 392.517612 453.175015 787.571142 -1057.544707 401.269903 -513.900195 379.414773 -587.561727 -932.200868 -896.336130 732.552663 -548.628698 206.442825 356.328072
204 -760959.4368103332 3883.857398 479.447352 411.532993 854.230767 -987.834086 414.874366 -417.536832 415.110505 -639.199255 -1009.647889 -912.097121 671.345128 -639.401322 250.518989 428.826447
205 -702832.6710768681 3735.858835 735.137069 356.045208 879.523887 -1094.644522 278.315730 -599.792607 281.462944 -608.799148 -988.666673 -947.489407 689.817327 -603.756273 256.087332 505.565744
206 -704193.2464968264 3730.040352 384.652852 582.393017 766.226075 -1144.727809 294.602448 -605.722680 344.354805 -642.207252 -1108.699972 -945.792061 525.644006 -712.753914 51.636632 447.228140
207 -713577.8504163919 3774.012949 710.540455 407.480287 901.207771 -803.988521 239.164111 -526.876149 477.334013 -576.938965 -1042.793865 -1213.372682 860.518795 -685.925259 172.927286 486.300292
208 -791973.0364234783 3962.194391 439.074730 483.323065 803.786051 -789.616270 494.783105 -388.915021 651.141930 -305.705147 -1083.183031 -931.313268 902.253625 -406.632361 377.050657 350.400319
209 -848701.2948716042 4120.472460 457.616973 537.306274 790.129419 -850.794861 485.527256 -103.274283 821.005047 -373.257953 -1076.922138 -1063.037096 1034.782828 -584.115605 564.423448 105.184252
210 -773002.3508398567 3920.790206 526.219608 578.294618 635.951577 -959.264505 415.563040 -181.160957 715.438302 -281.399261 -1292.952846 -1135.002275 958.304800 -774.691392 442.813213 264.732559
211 -765059.8997497419 3916.539847 262.016882 633.372790 606.137002 -552.206546 468.205125 -318.167007 835.201287 -482.050335 -938.039594 -1050.625376 1137.186380 -520.107435 452.299251 156.578869
212 -826884.0461990478 4064.108214 450.013615 264.506541 861.145346 -989.859949 522.604493 -25.477538 808.272074 -207.619331 -1016.485535 -1122.772434 1013.644065 -384.111869 263.099843 235.891161
213 -991328.6729042439 4458.330461 446.838992 401.240466 958.997255 -693.147594 601.535531 -324.845316 746.156622 -392.417515 -1044.490202 -1065.190825 1083.675623 -744.002496 591.269786 -17.120493
214 -1074502.2317119027 4659.842481 366.247716 477.323676 1331.251443 -517.509403 607.181327 -453.667035 967.440493 -204.850688 -602.252835 -1301.205258 802.639037 -937.287311 662.858025 -119.131979
215 -958419.8530266694 4399.332790 383.857224 554.586516 1246.878290 -430.821877 485.688236 -389.702661 996.881452 -150.246513 -606.147043 -1140.567384 905.179968 -882.896639 700.595888 131.643179
216 -1089247.7204872100 4677.843587 406.896761 560.221278 1478.668516 -543.474919 439.117177 -432.232594 864.149296 -336.941680 -644.913146 -1334.191018 566.279526 -860.547692 525.967629 52.893397
217 -1034929.4774247102 4570.102634 312.303674 847.709882 1394.064388 -339.391850 185.225468 -441.674539 1078.565786 -429.360535 -511.823595 -1347.264469 563.014051 -645.230652 867.434395 -2.580876
218 -979076.0941986499 4459.285417 431.693925 693.782756 1402.953762 -737.011546 534.155938 -481.284201 931.515999 -521.260442 -568.674037 -1725.810382 805.555089 -927.665373 603.685982 184.090534
219 -1030604.6350055201 4560.424416 200.153891 928.917684 1139.860302 -643.812410 504.173223 -320.445466 1088.962449 -188.391500 -781.825994 -1305.100365 746.999871 -742.678284 390.717447 77.624984
220 -1091022.4827147776 4696.316547 490.142645 618.496169 1054.280673 -708.281540 760.468466 -668.841813 1187.558546 -359.271816 -556.940825 -1017.832021 693.549869 -910.114073 675.749031 -105.435784
221 -1140153.3788772614 4803.121156 621.455170 752.790590 872.791227 -675.044305 886.704778 -666.486852 1130.115315 -206.410662 -536.252285 -1282.767321 692.532370 -776.432060 800.396575 33.057964
222 -1137597.6728176177 4772.328269 547.985151 470.900440 571.001235 -688.668007 894.593783 -742.750473 1060.609909 -246.757322 -789.749629 -1206.296678 871.028744 -937.129568 1159.469780 103.003069
223 -1107566.1713400260 4742.865276 700.435259 763.988061 926.166824 -647.145037 862.536246 -518.687813 1039.157481 -433.960037 -514.029260 -1252.219068 815.080690 -637.129633 988.200929 -441.268615
224 -1122425.6051276054 4774.933054 661.518792 776.217466 1028.139741 -947.219059 839.324571 -540.442380 1061.725929 -110.029347 -467.074602 -1190.462145 610.905905 -807.757338 844.187284 -64.734612
225 -1115006.0155737088 4741.014999 712.228270 358.209933 886.408230 -543.443615 768.524160 -595.288695 1486.784991 -68.241233 -625.167933 -1118.043886 286.731804 -468.187498 771.379619 62.549472
226 -1126992.8834466131 4770.619732 474.050985 744.639462 890.665325 -733.260433 705.270500 -921.311575 1218.829055 -506.558526 -410.997572 -1219.190688 358.670122 -614.518841 742.526775 53.725648
227 -1185739.5036667404 4896.628435 1069.670262 564.378656 626.826955 -718.930414 838.240885 -905.164295 1065.804753 -171.982820 -679.475325 -1459.137710 973.467438 -656.844757 960.471653 -80.732998
228 -1012455.0863149291 4521.037480 873.122497 654.842115 490.072886 -785.026561 803.196963 -967.533259 906.326685 -320.914346 -760.754969 -1355.239006 1132.805861 -652.451970 882.609831 -301.131615
229 -1067576.8416714214 4647.786964 875.500745 7.476270 804.923735 -868.582405 521.834119 -798.798194 732.965110 146.757431 -774.314259 -1383.542261 877.217671 -473.073451 1168.256861 -263.784513
230 -1153008.5365476806 4861.251970 1055.039797 308.495624 300.447559 -966.294441 787.988192 -784.717535 1234.253890 -512.004799 -384.139636 -1516.212341 1124.388577 -751.889589 976.382062 -450.884614
231 -1126201.5666073950 4767.951198 932.520902 617.075113 636.195747 -964.340043 831.766612 -873.676144 1512.343602 -224.959559 -718.499375 -1417.345357 652.943732 -303.184204 982.323121 -92.946517
232 -985496.3181041456 4484.578989 1004.854384 674.053179 650.600774 -558.299351 700.806922 -931.378848 1074.293576 -64.766652 -737.234542 -1981.696726 1198.733861 -769.775059 660.961611 -173.771457
233 -1094098.9299552427 4708.281858 735.287806 1198.140646 247.529764 -766.842372 853.042082 -770.351840 1198.665232 322.682436 -574.855601 -1599.963714 768.554227 -697.795182 986.746916 -226.763566
234 -1310311.6022999822 5141.388266 945.860294 569.169487 346.048050 -552.999827 1076.011592 -991.025919 1015.019551 -100.599738 -418.277782 -1469.139487 1231.603203 -749.015969 1422.429842 85.200460
235 -1205758.2405499041 4914.392095 916.681455 403.194252 414.497883 -569.627304 1031.524777 -1145.555088 1079.705620 -35.201679 -581.959511 -1025.524162 1087.802493 -497.936265 1203.298986 -176.804051
236 -1263868.3032220826 5056.494641 959.338689 241.507624 359.241032 -607.256562 1364.243589 -658.079788 978.118542 128.822484 -481.952185 -1486.734160 991.800836 -839.469075 1467.624568 -331.971032
237 -1026505.7820394732 4559.834501 1430.373741 624.958120 820.427848 -428.525476 1117.944833 -798.412288 1293.259910 -167.787999 -701.527922 -1668.218006 1230.632330 -765.689607 1334.531279 171.027728
238 -1351893.0914349654 5244.291336 1186.763038 237.915260 353.536885 -359.254093 1156.593534 -982.874509 975.343802 222.017914 -77.913393 -1272.294549 1076.959137 -715.075582 1124.945185 175.986307
239 -1355986.3728770181 5257.895999 1186.854815 339.494670 597.515103 -828.821250 1396.712743 -1341.243324 1282.371908 213.929969 -109.709136 -1408.698214 1071.869615 -655.263307 1217.222104 1.775048
240 -1347399.5567271493 5202.135965 1023.940796 692.692848 802.390016 -1211.579151 1342.551940 -1573.036630 1243.575213 -68.484616 -621.442026 -1452.881515 635.291048 -463.874552 1246.536232 75.523037
241 -1169778.3058049008 4878.503850 869.317461 -195.557094 873.085206 -729.558438 1434.274314 -1388.954520 1278.630519 36.327914 -48.760000 -1614.929527 1142.400624 -794.517288 1683.088175 315.387731
242 -1582277.8562531953 5678.670392 1596.226933 169.559035 1116.919984 -799.874955 1127.438114 -1531.056600 1447.516683 263.803516 -196.452110 -1071.314616 1018.804362 -266.103487 1480.045448 -259.739909
243 -1682947.7869190301 5873.866030 1757.882688 403.872692 1076.386317 -459.434363 1314.548623 -1487.434147 1565.122317 807.425385 213.978718 -1236.776634 1399.522638 -442.026762 1561.656354 446.664211
244 -1756378.7319474302 6009.433807 1590.693429 341.489687 1110.620431 -957.627306 1093.566987 -1642.797067 1781.287373 475.132437 204.996801 -1185.438920 1504.701361 -598.475396 1805.790297 59.184361
245 -1866514.5187790885 6151.880268 1743.010418 74.285026 1125.789709 -455.733257 918.509619 -1851.654010 1965.164444 368.617685 -129.450497 -882.985258 1489.220158 -629.426445 1715.163078 94.439439
246 -1929235.2980864027 6247.494272 2099.475711 -250.061413 1520.123674 -224.892182 1259.117169 -1808.220099 1645.979027 401.169326 -432.732749 -559.639572 1556.035762 -1050.404451 1841.159210 -433.306468
247 -1960629.9167008898 6255.524823 2078.720182 159.767509 1054.374893 18.823211 779.161760 -2271.896717 1562.284205 801.762179 -802.958382 -864.925909 1895.996525 -898.744845 1937.236668 -537.781708
248 -1885030.2789483443 6111.756596 1949.303045 -177.799711 1257.115672 145.472090 701.121682 -2222.357884 1595.518459 1054.143230 -1069.305727 -771.220470 2171.426244 -687.032251 1876.815782 -328.989964
249 -1789544.0094901298 5947.082668 1792.659443 546.229573 783.325666 -322.478580 93.016167 -2641.777635 1712.557714 1264.073595 -1110.826861 -728.320833 2049.144632 -922.373484 2082.118623 -815.399911
250 -2112067.5864915806 6462.927427 2336.070701 444.495766 1251.256461 -80.012530 927.762201 -2445.248615 1580.305224 525.709893 -1324.033140 -1071.809569 1744.116538 -1087.071961 1964.658586 -605.270844
251 -2175339.7935175458 6577.233999 2693.228927 481.013615 1169.640031 197.335198 780.491939 -2400.740960 1668.223774 755.708023 -1223.324409 -1444.681249 1161.379913 -1529.219424 1814.158737 -588.645729
252 -1917670.3714783848 6152.575800 2750.393463 -114.537886 1001.947580 240.252442 817.381405 -2268.668394 1644.075169 653.151485 -1400.979381 -1066.482704 877.310617 -1442.216458 1780.220473 -571.181917
253 -2020687.7797838899 6368.323461 2670.616340 469.396122 1111.415452 339.508223 365.101432 -2134.813204 1381.271928 495.977258 -931.509584 -1501.691207 967.807826 -1322.805593 1922.801427 -713.189913
254 -2214396.3760161209 6547.641074 2639.762658 58.216155 405.547585 484.656201 1115.466245 -2559.054369 1723.330222 634.988262 -1584.731407 -1751.349804 1279.416806 -1947.173124 2655.653577 -703.716401
255 -2052856.3016369659 6264.489951 2770.021708 394.929801 446.900682 558.978139 1239.275862 -2829.787987 1865.339915 841.201462 -1512.592854 -1733.083091 1133.208061 -2153.927428 2612.191313 -604.674124
256 -1905570.0893842131 6045.583036 2141.608189 300.557614 423.243249 413.845914 1458.396735 -2648.385961 1761.793946 240.310489 -1415.590528 -1129.594120 1652.390071 -1811.412860 2439.480534 -800.341816
257 -2186296.5616377238 6524.301234 2748.394416 -602.152260 318.270782 190.421612 795.228078 -2863.721215 2243.900367 756.091482 -1591.555957 -1477.642425 1200.742835 -2343.689549 2379.248659 -785.547599
258 -2151951.8537119008 6390.317880 3066.284291 351.823533 358.079876 534.237756 1295.565208 -2829.921223 1992.970182 676.094254 -1630.752472 -1917.360090 937.073840 -2446.349609 2999.768225 -525.813171
259 -2320747.3947969144 6732.812282 2765.870550 232.340752 573.970407 540.578103 528.168691 -2493.719709 2192.895302 586.520567 -1504.303490 -1617.901221 934.275000 -771.178384 2407.455551 -819.482974
260 -2326862.7825728375 6776.079039 3059.009862 51.213886 600.322833 717.475295 68.377821 -2508.006329 2442.590119 881.928977 -1520.249587 -1533.616928 560.109524 -620.071955 2120.410732 -430.640540
261 -2322303.1393648824 6717.914715 2782.238860 77.003519 381.038528 715.623579 -11.643773 -2678.076395 2551.472523 269.736360 -1502.323953 -1630.401099 500.971064 -281.092049 2686.627723 -440.993477
262 -2176999.6901726592 6572.454850 3427.744525 -325.369318 1157.733466 1420.204177 -42.040031 -2693.880391 2116.562218 1632.847481 -1673.253869 -1810.604892 857.792495 -808.321437 1860.553889 -747.062494
263 -2230464.6249302733 6651.373499 3276.020795 217.502251 889.811771 1037.656929 -3.634369 -2328.714450 3120.270555 642.890157 -1403.035179 -1433.412526 335.061182 -464.189959 1924.844798 151.718644
264 -2553800.2360851998 7088.255892 2895.955215 -303.204126 157.678102 1308.499623 42.310307 -2325.670110 2683.328455 952.225349 -1632.575466 -1694.193939 536.126847 87.067387 2060.059118 -905.811221
265 -2833681.6716408310 7453.977033 3040.842972 -179.763720 278.890082 1060.554879 468.090080 -2249.161735 2943.132105 485.891166 -1868.282459 -1553.861879 719.506031 635.720273 2176.930873 -1056.918531
266 -2939328.8695107317 7548.350916 2717.702721 319.196079 470.545162 1171.615299 280.259642 -2398.987615 2607.132021 26.939718 -2129.239751 -1658.484051 1025.685207 1095.339008 2206.938904 -1625.077074
267 -2841853.3613435165 7438.456064 3021.814626 -20.452951 803.720595 1255.382468 221.681531 -2430.912151 2433.761984 360.238839 -1822.002305 -949.348702 1320.731891 1434.492120 2037.536051 -1612.867841
268 -3119159.0801724931 7754.360795 2440.979983 459.907362 305.379849 880.488014 -73.433454 -2330.714044 2732.794398 70.484131 -2601.247798 -2235.200328 1381.837468 1283.692932 2394.492246 -1922.705744
269 -3385879.4203554625 8092.125992 2557.867532 237.214937 -401.593227 977.257192 -85.900388 -2144.092229 2643.586642 545.006191 -2078.850680 -1970.543585 1378.727561 983.505708 2981.110616 -1979.309388
270 -3528594.4422776466 8242.803505 2986.310895 4.416339 -549.228935 1234.026934 66.969097 -2117.506188 2322.376028 627.428415 -2373.412913 -1984.197237 1286.777915 1389.681254 3469.537179 -2038.208182
271 -4458009.0945765749 9333.638751 2953.952447 -57.806786 -451.443894 671.638079 2.620481 -2129.982336 2983.505456 738.120618 -2131.960266 -1503.127333 1363.730181 908.354112 3191.820224 -2317.875988
272 -4310308.7117378348 9079.250268 2839.553543 -50.622092 -965.709362 680.965127 294.562658 -2463.332416 2716.060844 823.502007 -2637.418406 -1583.596092 1451.537700 610.649187 3196.501781 -2303.749510
273 -4185811.5842962759 9081.966967 3316.103988 -500.540963 -398.925826 842.992879 825.747954 -1833.164246 2752.996759 -4.826674 -1159.932671 -1213.502631 1000.874013 1150.333757 3780.263072 -2885.268089
274 -5030563.8646993991 9914.397962 3025.071396 -29.487338 -107.919431 548.500853 -330.918880 -2261.870829 2901.659944 913.236478 -2863.443011 -1540.663750 1662.255445 789.995914 2936.062236 -2003.351008
275 -4758459.0638392046 9630.403889 2643.662723 7.839088 -457.982908 956.107487 -583.059434 -2176.369655 1883.035392 979.622295 -2852.921192 -1756.644565 1231.005261 1014.909144 3477.678773 -2256.625293
276 -5342530.1620837850 10245.756896 3003.788526 -490.274343 826.743291 123.873806 -460.981078 -2108.036436 3463.094183 885.160878 -2969.222452 -1474.314945 2107.398755 677.910010 3165.870782 -1598.226133
277 -5612752.2593157068 10476.990422 2240.131254 -375.413249 1161.513932 -203.178332 -459.630110 -1573.278176 3685.667209 481.399086 -3397.338352 -1746.968702 1858.247622 576.633864 3617.720236 -1482.590069
278 -5687538.7598440722 10479.671677 1750.830255 -502.365158 1133.321407 -13.461785 457.828032 -1868.527815 4562.601894 349.712565 -3725.357032 -2144.211067 1757.346348 431.239668 3322.805471 -1039.697721
279 -5374701.5649514757 10214.782806 1451.321349 -518.058549 1172.529275 256.476932 -401.059563 -2802.782144 4896.410823 377.244241 -2784.220644 -2537.925021 1346.792511 368.570718 3319.034978 -934.789820
280 -5630212.6597287264 10377.610230 1510.947661 -174.079769 559.986227 -415.561668 531.679891 -2277.556420 4871.843218 577.817611 -3734.858037 -2140.614638 1722.218747 -404.967600 3657.429572 -1047.509091
281 -5860954.7293524137 10661.172678 1619.468075 -629.330207 1367.332015 263.260648 616.494560 -2032.910859 5468.127830 618.949592 -3284.460194 -1966.738164 1071.370833 -324.682799 3119.380927 -942.001629
282 -5656391.3129917476 10496.662272 1624.346372 -77.257305 1386.037047 -46.398303 463.602394 -1932.209869 5436.472039 909.662641 -2848.817587 -1961.250918 1331.174485 -269.604822 3399.195979 -717.671883
283 -6258331.5131357508 11033.413339 1000.533522 -730.782954 1623.738745 383.436772 722.462928 -1948.759100 4393.794171 1223.551901 -3463.879856 -2112.221553 943.616169 -1396.938652 2784.095567 -902.059779
284 -6875959.6220783396 11535.570152 798.689480 -1389.765395 1359.988375 1353.117819 1026.726310 -2079.524337 4930.396763 1484.574778 -3532.894153 -2360.594210 745.244964 -1854.485205 2971.271874 -580.958946
285 -6305467.1487676417 11025.849632 448.113135 -1278.988191 1207.309820 1647.441628 899.962669 -1581.227322 4828.306888 1175.353259 -4043.255602 -2914.540086 574.906158 -2185.158517 2427.793998 -987.512777
286 -6716585.7892594133 11341.736168 945.347354 -1398.392059 982.814568 1209.025957 985.091220 -2368.186257 5113.046863 1133.577610 -3921.557948 -2553.667030 357.443118 -2349.314828 3103.400246 -579.606127
287 -6928515.5303171109 11566.138949 1260.172169 -1870.557894 1159.065564 1807.960067 985.965532 -2326.053440 5691.988142 1146.333876 -3720.400549 -2722.083629 654.039751 -1385.499064 2909.487081 -240.662614
288 -6382565.4532505488 11067.121274 1461.435181 -2218.497781 1253.081133 1796.484335 1719.334620 -2109.468603 6021.399803 1316.820116 -4028.289786 -2414.744193 955.355747 -1346.519278 3119.154610 -493.235034
289 -6063475.9833410978 10850.579424 1068.031297 -2381.024509 947.850636 2043.523412 1012.150471 -2534.374761 5397.198017 1274.496627 -2869.027284 -3284.990574 -19.543679 -1306.810952 3057.941486 -584.465980
290 -6675309.7940672413 11340.891621 940.318288 -2408.247482 994.296635 1649.712683 770.069196 -2609.735672 4970.720092 1915.351037 -4471.988847 -3281.408223 78.954021 -1241.376796 2667.882375 557.681425
291 -6966482.7186469631 11518.311972 1245.395366 -2001.027889 -262.507297 1593.169120 1103.140701 -2721.643841 4608.169696 1057.619991 -4126.628680 -2410.969503 654.272865 -2316.796938 3093.686824 271.627517
292 -6719071.2577656545 11242.386524 1123.202377 -1857.015239 -308.338289 1837.441004 1302.814191 -2983.077360 3963.263359 466.603699 -4280.417974 -1182.196789 847.513411 -2253.344431 3099.585554 587.626943
293 -6841265.6213804521 11326.506533 671.593975 -949.952340 345.410086 1335.180480 922.058722 -2609.048523 4461.634841 1858.209714 -5111.876541 -2308.036899 80.499738 -1547.014552 3557.759284 282.677970
294 -7241773.4766023802 11812.715960 987.763080 -2022.505063 73.336249 1252.751186 10.690951 -3262.393411 3911.800325 434.299017 -4130.585676 -3744.028141 879.982760 -1980.518272 3128.327911 -348.567763
295 -7193271.0974014048 11802.636668 915.843912 -2478.545415 -331.757351 1686.940912 639.010282 -2835.013641 4011.326188 643.674411 -3971.433969 -3573.800651 864.927179 -1836.218078 2099.271093 -159.537213
296 -8666225.0977177173 12964.341335 1122.989402 -2193.005828 176.434152 2371.131127 355.799677 -3265.303001 3427.771900 1153.164262 -3847.021283 -3496.489064 296.882990 -2005.898584 2685.702330 405.936804
297 -8565027.6208662633 12946.539785 1330.658159 -2072.374115 332.428160 2122.304419 -486.685672 -3344.573695 3937.575478 996.323394 -3152.211420 -3451.296491 445.428119 -2654.452974 2477.151677 0.948598
298 -8765341.0793617591 13049.044509 994.300223 -2693.757864 1210.829727 2216.353684 501.653885 -3026.343576 3325.079556 1776.860412 -4630.609368 -3805.083339 496.609995 -1813.506283 3292.257022 -5.043473
299 -8354763.0094514582 12660.097925 974.726018 -1416.422827 862.344525 2278.768328 325.705281 -3627.591804 3359.715276 1659.148262 -4426.474524 -3809.116881 578.345232 -2080.163217 3182.884034 -251.773288
300 -7939981.9342035782 12318.362024 1023.201823 -2933.399970 975.301236 2894.942232 1068.046956 -3452.720686 3082.576443 1283.071762 -4684.755027 -4468.928683 534.947315 -2264.339625 4355.030492 -966.060117
301 -9462271.4819053598 13616.422748 1001.681320 -2691.293891 1276.204583 1839.185191 -39.310876 -2836.011058 3212.579999 1816.633987 -4145.123123 -3682.118274 406.188836 -2160.209635 3763.750840 1059.603661
302 -9827578.7426080685 13830.903156 992.553764 -2902.375369 445.526909 2335.235468 158.829323 -3642.725987 2652.906838 2521.385552 -4122.561879 -3532.176997 892.675078 -1701.002835 4153.611921 1345.166137
303 -9380460.0189428292 13529.113375 847.008868 -3153.045344 535.649769 1920.228691 572.993301 -3465.692875 3280.723492 2554.009788 -4341.077231 -3422.326176 1845.590962 -1615.383815 3177.969554 1498.165758
304 -10112294.6475655884 14000.775165 738.106775 -3159.798174 1189.969308 2735.072407 -119.750221 -4253.538187 3313.145456 1824.768298 -3404.857282 -3563.874529 938.989529 -1354.872459 4960.741687 1345.840944
305 -10415834.6849559657 14210.540089 88.627384 -4075.833716 158.553989 2648.907108 465.131819 -3559.547785 3986.838473 1603.528943 -3188.402104 -3580.514850 1594.855995 -1753.383308 6087.115408 1525.719337
306 -10232675.3765269239 14214.158821 575.307144 -3520.052491 -56.685150 2204.565972 13.992814 -3102.816984 3601.708269 2029.789070 -1619.933054 -4144.779249 994.102659 -2711.364966 6415.152870 915.754145
307 -10217455.4215683211 14154.705375 -74.724692 -4828.552369 612.264032 2581.189542 282.260267 -4063.083062 3612.182703 1700.023169 -2110.747554 -3279.215828 1645.125916 -2201.178663 5710.818541 1556.932188
308 -9176804.8955753464 13389.856989 1062.676664 -4347.731164 148.343431 2841.416505 1030.321067 -3372.881279 3728.188177 799.420598 -2869.657954 -3373.797553 1754.977473 -1474.533507 5443.303216 1792.954979
309 -11309709.7588785794 14894.173962 41.605366 -3632.334755 956.801341 1998.840630 -520.808752 -2944.061544 4525.143874 1576.179855 -3491.674125 -4078.474281 2220.036152 -1825.858028 6240.289142 2122.382643
310 -10361182.7303715236 14263.654167 -541.673226 -3124.452303 565.168258 2184.976125 -672.383312 -2227.385175 3764.851721 1892.817123 -3084.617341 -3261.839716 2027.442672 -1296.412671 5686.109161 1620.665680
311 -10446612.6987920683 14322.437396 93.913417 -3288.651187 2778.552581 1442.101510 -40.259077 -2722.153215 4583.900368 2195.264335 -3336.941759 -3954.312569 2400.611099 -1388.896108 5786.221464 1939.716677
312 -10499039.0330276135 14454.515579 263.080758 -4124.400308 1177.976367 317.812968 -1344.410583 -3159.482191 4773.757915 1253.553205 -4147.754077 -3930.821809 3142.057997 -3051.527746 5109.821277 2468.865867
313 -9714911.9153023064 13696.236854 -204.932951 -3996.539463 262.706394 1496.999894 -192.326144 -3345.643872 5044.054482 973.591583 -3792.793744 -3317.997736 2313.060110 -1291.112315 5656.669816 2871.835614
314 -10862144.2974311020 14605.733333 -275.664141 -3584.017984 921.025212 2751.124709 -1083.814588 -2716.522525 4423.512969 1463.821169 -3345.059756 -3214.898846 2725.843560 -2378.321427 5652.512726 2418.379473
315 -11005110.5953974798 14634.535868 54.992607 -3701.177936 1157.376561 2446.967196 -473.993962 -3849.776332 4126.311319 1603.294036 -3010.308065 -4052.226098 2177.730343 -1020.464767 6482.837801 2434.644909
316 -10623495.9185263980 14273.044331 -478.428439 -2973.346380 613.025904 1715.057807 -368.932149 -3985.107688 5026.203329 1640.954116 -3545.446364 -3625.331504 2531.255289 -1644.428337 6242.095450 1718.968770
317 -12666659.0509648789 15906.034387 -25.190774 -3180.642333 951.685599 1098.487440 -888.977768 -1749.639775 4615.392535 1679.947594 -2857.745625 -3789.618293 2309.352125 -2472.108033 5148.602727 3374.590277
318 -13073664.5081004146 16072.044484 82.795759 -3280.222947 1283.368846 413.489073 -1673.450842 -2609.629361 5836.401245 1633.049077 -3750.407680 -2993.723207 2037.193787 -2372.963584 4133.751739 3628.310332
319 -14855051.5481820814 17125.699819 -270.980992 -3692.049833 2366.723283 -18.952863 -2195.614640 -2360.137168 5336.321893 1882.572027 -4061.817548 -3050.783056 3540.003993 -546.705624 4205.186671 4798.957180
320 -16241384.7202749923 17959.942989 -355.242889 -3575.828594 2503.738201 -1162.354522 -2114.972046 -2153.547820 5963.217089 1255.070531 -3740.256904 -3704.082890 2503.724768 -702.006472 4435.205187 4780.192660
321 -15862950.1121891923 17676.726637 -849.695339 -3259.781710 1664.155604 -3146.801899 -1792.374925 -2308.543755 6222.106791 574.014341 -3713.269229 -3913.757015 2593.590234 408.743684 5644.220807 5254.055371
322 -14640017.0459252335 17066.255981 -723.785645 -3485.450669 2505.648813 -2463.306055 -2020.172591 -2326.602324 6685.610507 1499.849567 -3800.418978 -4389.571315 3190.556348 -1787.191948 3743.104517 5297.714308
323 -18071237.9075399935 18793.794223 -1083.134523 -3123.693580 4245.959883 -578.705362 -2861.816356 -2488.690576 5216.598379 514.364040 -5196.818180 -3083.480938 2127.929423 -450.794272 4150.014066 4385.660903
324 -17480780.9277911186 18483.481882 234.356448 -3095.551789 4898.231958 -741.986637 -2951.015667 -2033.811916 6778.176979 385.527438 -5044.818766 -2471.232234 1819.073173 -238.002599 3880.805847 4411.635449
325 -16323558.7074079290 17855.752663 -1442.207938 -2538.516936 4477.703015 -1829.282215 -2633.428479 -2750.857072 4668.986918 215.280272 -4055.787036 -2890.469530 1798.357721 795.610044 4031.318328 4786.939676
326 -17587004.8119231164 18501.005649 -1446.197798 -3981.305012 4227.907819 -529.202612 -3115.030691 -2717.934650 5439.043094 84.913054 -5258.098094 -2362.973950 2718.407866 -534.000554 4191.413007 4502.013906
327 -18900074.7774802819 19085.647441 -1296.343716 -2971.076694 4480.484499 -246.741704 -1523.602758 -3577.420738 3228.836147 126.920344 -6110.489561 -3003.873083 2860.880922 -526.805522 4322.355014 5882.991658
328 -21005496.4100642689 20192.740330 -1298.727094 -3135.276533 4771.459877 -333.396011 -1782.833131 -3056.012008 3876.486133 -812.618676 -5437.985454 -2926.625730 3022.978952 -1272.449946 5243.800750 5398.867093
329 -18174920.3903422467 18794.474780 -1461.696067 -4325.062444 4377.125683 -382.753440 -2020.491581 -2992.215465 3430.084371 99.953588 -5950.042122 -3251.827389 3258.428064 -1449.427004 5693.513594 5632.017464
330 -22422740.5391482189 20879.010842 -1271.471629 -1943.794996 4190.931728 -1781.157800 -870.238858 -3165.776328 4189.192432 -779.708863 -5020.394435 -2363.056077 2577.728388 -3058.944660 5780.102751 5681.857478
331 -21384991.2085468657 20292.947976 -1748.806013 -2927.197134 3755.757808 -1337.901360 -480.655420 -3528.310614 4202.792257 -1006.640211 -5519.739247 -2649.976349 1248.006399 -2165.234955 6447.909500 6313.206496
332 -22549075.5061427765 20851.829899 -1983.043988 -2253.913212 3513.273241 -1053.396366 114.207468 -3799.042529 2667.357219 -1300.757783 -5431.469179 -1580.493510 803.383991 -4075.166798 5296.529885 5002.063436
333 -21166356.9231302403 20190.748552 -1733.494700 -1150.701219 3135.572528 -2516.749310 737.471891 -3740.816394 1532.083555 -511.218903 -6153.726422 -1820.417889 1244.546005 -4103.799824 5439.471656 4189.447798
334 -20479388.0455143414 19808.428020 -3122.920697 -2286.232637 1894.652474 -421.487589 210.590800 -4246.753068 3175.804334 -1515.793807 -5125.580867 -1752.838689 997.596113 -4884.008005 5650.683281 5831.213532
335 -22730131.4135579281 20894.332567 -1997.843854 -2819.539485 4894.966459 42.574110 2064.599005 -3419.964134 2768.531296 -1916.206047 -5872.398286 -3026.478857 1103.519342 -6526.677615 4634.364013 7913.318649
336 -22624550.2108555362 20927.102982 -596.281370 -3087.781761 3322.712901 1059.603974 3170.091733 -3803.991040 2448.586716 -369.587793 -6863.899624 -3889.368252 1333.843330 -8478.091790 3031.719768 7050.162751
337 -23096920.0951288827 21114.031184 -2824.014599 -3417.481005 6037.732551 -2077.134794 2109.968904 -3565.367340 4099.224474 -2102.341325 -5712.550557 -3813.865001 1725.238636 -6141.501696 5315.318306 6614.530195
338 -24025782.2129534967 21627.820330 -2294.110892 -2821.759987 5693.575650 -580.014190 3131.670797 -3084.440291 4563.545837 -2240.925360 -4253.091952 -3244.267908 2254.431243 -4288.367745 4122.779562 6769.274373
339 -21859453.6500960775 20697.747124 -2273.085872 -3778.122318 5164.901637 -380.968612 3069.587536 -2990.629566 4393.390045 -1478.650643 -3994.366126 -3642.303865 1662.098562 -5803.082213 3369.012553 6449.801911
340 -22023356.8218322359 20688.413296 -3171.574383 -1325.353058 4480.259824 110.102606 2921.306801 -2792.013512 2150.430848 -1939.997997 -4327.678640 -2175.623645 2558.545857 -4735.187336 3386.460650 6944.438430
341 -22667445.2218102515 20973.504100 -2012.174742 -2469.266139 6677.669474 792.085443 4412.934789 -1999.230574 4575.441063 -3713.527110 -3468.596975 -4012.907051 2072.143083 -3185.371930 5181.720710 7841.613992
342 -21897681.8489698619 20671.838974 -3117.324834 -5055.159952 6310.229903 -842.650734 4764.149118 -1801.169949 3689.539959 -1729.488007 -5186.338785 -3680.997834 2614.518887 -3979.196201 3771.381500 7485.156069
343 -24525103.7423686385 21894.711784 -901.852363 -2725.706737 6016.700563 695.283419 4390.448618 -2388.382334 3460.853372 -1811.118385 -4258.729079 -3628.221760 1799.112115 -2418.934024 3442.030151 4517.196813
344 -28327450.4617034309 23584.988189 -402.766759 -1779.946926 5846.571081 620.848737 3900.521103 -3069.357894 2755.834412 -1472.894087 -3757.962798 -3317.353740 3854.785310 -1891.534474 4781.490664 2607.903592
345 -33368170.2408421338 25564.122787 79.238928 -3074.132567 6569.389425 382.283944 5290.590661 -4230.544599 4003.471020 -550.099498 -5006.965857 -3742.606933 4076.588722 -1814.436466 3880.010287 4686.947503
346 -40215940.0439480022 28071.225439 -688.657657 -1238.101521 6921.726822 1512.514645 5615.833587 -4591.418331 3838.382045 45.837984 -4589.904287 -4004.366067 3885.632711 -2032.820847 3492.996520 4283.647645
347 -40485639.4943667874 28260.639549 1000.846389 -1529.554836 7187.263200 809.271692 6663.505446 -6277.434116 5184.825003 -1129.203370 -4287.900285 -5119.477573 5576.038637 -2327.359211 1491.417753 4372.155012
348 -40609638.9759283215 28183.793129 765.230158 201.793723 8546.761029 182.263142 7037.938461 -5773.853529 5486.685425 -913.036144 -4569.370624 -5499.139808 5019.132574 -1458.472425 3865.882061 5902.311643
349 -39972467.7486070693 27996.387709 315.041172 -206.446150 8582.527684 348.093376 7758.017903 -5912.059810 5842.558735 -1482.689632 -4363.805252 -5025.236862 5726.955132 -2678.566851 3697.071911 5097.075322
350 -43478113.0372716933 29263.484994 913.577848 2432.664953 9004.802333 -1641.080807 6971.409666 -7059.426059 3600.855865 1458.835741 -3954.019883 -5900.888955 5674.163907 -2373.689347 3093.868439 5289.835518
351 -39745097.3109176606 28060.962483 -404.877133 3020.643980 8511.925596 -2204.412977 6506.381223 -6557.035201 3012.453301 2310.204574 -2383.737550 -5620.671273 5101.274070 -2983.295472 3734.459023 4529.200130
352 -43916316.3494500145 29439.082354 -339.889309 1943.343819 8939.229694 -2524.668420 9095.744580 -5402.213515 2326.805886 821.978214 -4129.937197 -6799.231364 5257.007909 -2347.962542 3212.529123 4534.064275
353 -42292614.3361520991 29029.763278 -453.037191 2063.763105 6482.873755 -1499.954460 9584.642623 -4583.798357 4288.845879 778.082987 -3799.226538 -9140.453160 6272.724119 -2632.472502 3691.119577 5211.538466
354 -43406561.9894762486 29243.949443 -1662.024811 1279.297328 8870.842776 -1957.820751 8654.455667 -6919.654784 2168.027638 235.170149 -3398.338054 -6399.525920 6327.754180 -1831.658343 3994.027651 3303.685943
355 -42835682.3262818679 29025.394090 1275.526375 1392.166267 10429.365671 -1711.027203 9537.701875 -5706.775787 3012.895373 20.639286 -4382.049317 -4211.162416 6607.374981 -2493.115025 2830.761332 3034.136145
356 -39414001.1697508767 27988.727220 -286.593700 2343.369602 8706.367730 -4147.887236 8637.637876 -4221.765077 1984.834779 -111.646778 -3330.936617 -6654.562627 7227.312125 -2338.312098 3784.099235 4253.012111
357 -42585523.5443662703 28847.046846 -258.045202 1712.393074 9424.251889 -1745.153747 9209.859544 -5538.664022 120.647039 470.789440 -4693.005059 -7735.862018 5947.139487 -1350.910343 5256.025091 4886.634204
358 -45558734.4968354627 30005.378461 -394.832423 2072.572524 9419.490124 -828.591139 8144.786961 -5899.272944 1718.192242 769.449343 -3517.423100 -6657.390284 5801.944859 -2625.140531 1645.191152 3537.193470
359 -48979792.3905122802 31266.021861 -27.622849 1940.310127 8832.076219 -1887.178236 7504.203572 -6791.238115 554.181295 1940.203784 -1432.577660 -7145.728959 6756.767492 -1374.360656 1918.391987 1814.478797
360 -46948851.5323254019 30519.543193 284.819267 2596.705084 10619.530880 -410.339248 6029.009411 -6125.235206 1273.159611 143.982984 -1242.930263 -6352.986177 6401.584717 -953.248066 1626.848894 1428.414730
361 -54094708.1368616819 32836.371193 -215.108020 2673.478653 8346.974454 -1174.570209 5956.340867 -5120.329502 214.617379 812.226482 -1995.574456 -5327.696724 5460.592955 -1911.259769 783.167594 1603.371878
362 -52295651.6909570396 32402.293515 -1898.653933 2508.191742 5387.729692 -917.721040 7623.673014 -4333.879023 -125.142001 640.546764 -131.503018 -4885.110019 2945.476730 -2472.387489 -1411.309781 206.966970
363 -51949637.8048150912 32192.080019 330.995987 1102.938062 5768.921616 -448.024362 7384.905938 -6346.449783 975.388810 1891.482735 -2538.997725 -6499.610768 6460.443322 -1228.218204 2213.009167 1139.901403
364 -49649560.6392158419 31396.241600 -437.700882 3549.767607 9814.879651 -588.903210 7226.866641 -3224.610853 -465.705627 305.822964 -1047.589255 -5477.543387 3369.016973 -3186.378509 462.137345 2585.268466
365 -60956685.8089562953 34718.360158 -757.495786 570.123672 9841.863290 -836.674498 4694.702032 -3896.021295 668.794683 1069.883402 -4404.777347 -6325.438326 3541.524064 -3960.875380 -62.589668 1940.446581
366 -58809914.6676253155 34195.674710 848.184870 -438.922977 7035.000485 1850.363541 3147.527091 -3707.923053 2748.890775 936.842082 -5187.458994 -5585.581156 4357.870156 -4094.700007 -1494.174169 1436.459383
367 -57752553.6557918042 33814.956900 -2081.406318 737.980235 10779.959342 -2239.009379 4883.931344 -3958.762778 2349.557225 2102.010004 -1528.025662 -3322.521856 2405.187365 -4895.543924 1339.725413 1532.302113
368 -52893643.1804986745 32409.529550 692.551581 833.230974 9318.914991 -73.008266 2140.024934 -2829.340199 3092.713828 1153.740324 -3444.546289 -3981.712788 3578.396798 -3024.027603 -628.525158 1347.071806
369 -66760447.9773743898 36212.053452 -2940.052552 2549.107263 11578.155338 -1596.341433 3789.625450 -2191.087643 -504.469627 1171.711178 -5213.688743 -4968.816073 4957.916261 -2154.063826 -1730.613868 1030.010342
370 -68458392.8948273063 36501.571112 -5136.233220 2411.143157 12251.576347 659.757932 1888.545398 -2155.301889 -572.577192 1440.656582 -6353.403013 -3939.600701 4227.027456 -1715.632589 -2509.233473 1938.584501
371 -68763865.6096681356 36600.981022 -4186.822904 2064.272845 11504.063594 2027.626790 1080.193011 -1545.080543 -200.854418 -15.486916 -6514.018542 -3107.457054 5281.009353 -2324.971188 -2503.963460 3097.784646
372 -68903879.9378577471 36794.951122 -3310.961781 2428.319588 11337.873230 1059.906521 418.682432 -2961.863197 2232.646429 -1030.749701 -6480.774207 -3554.093128 7195.789816 -4524.533158 -3271.557544 2302.860680
373 -69840193.4873402417 36979.030160 -3883.124065 4108.560023 12203.290331 2511.402764 -64.241526 -2779.217986 3848.874605 -2592.331962 -6371.390224 -3076.668149 6582.285311 -2845.216267 -4114.740969 -109.061289
374 -69638640.4621548653 36906.279568 -4790.443857 4473.443918 12601.999499 3082.807066 -1346.590626 -3012.727380 4009.754254 -3344.412217 -6495.391666 -4304.395633 6933.949383 -2490.783582 -3154.094405 649.999084
375 -66183901.9248379171 35875.627625 -2774.791982 2279.340200 13773.198028 2538.052549 151.778586 -3721.454250 5839.177617 -3761.196994 -6605.820067 -3572.525621 5303.285175 -4039.588881 -2292.158838 -991.005460
376 -68914519.6509411186 36875.232415 -3522.850980 4229.124396 11188.032230 2523.576152 121.988917 -1709.372060 4674.054273 -1135.216646 -6248.479338 -2404.216155 6955.810000 -5350.783101 -6270.508458 -1454.272332
377 -70061776.3931116611 37040.948184 -3089.571471 7377.285190 10294.202711 5648.842075 -24.915550 -2018.318996 5413.386000 -1824.606432 -8395.326954 976.565146 6211.623351 -4208.570067 -5473.943624 -2274.419895
378 -70310458.0773466676 36991.421583 -1115.638550 9724.627564 11925.695287 6089.925798 -1226.746373 -482.209844 4226.764252 -4845.646423 -11262.540382 -1008.858218 5515.036021 -3684.802163 -5732.884111 -1420.894331
379 -70211574.9211481661 37047.884194 -225.319518 10594.502740 13043.765491 6528.541749 -749.212195 -620.980933 4975.636258 -1978.418982 -10234.306770 -1791.172795 8794.480814 -2186.491123 -5538.805120 -1921.049412
380 -78040971.6169679910 38621.302033 -3047.641477 6853.519425 12028.725976 6863.181311 -639.504605 -2159.631859 3683.182980 -6786.674833 -14644.731686 1134.472138 5707.674610 -5137.863325 -7856.550669 -1161.276954
381 -82199606.1712387651 39781.372384 -3466.124735 8317.402065 9475.117890 8316.327003 -957.993383 1707.134276 3056.590644 -7017.140293 -14832.817239 4296.588987 6725.713676 -3148.496996 -9050.021585 194.968619
382 -95735793.1909783781 42928.443119 -4112.022412 7541.031547 9346.987307 7180.764884 -1703.068963 3705.173855 1933.869197 -7109.491940 -15131.739825 6072.071535 6211.782968 -1566.392152 -9304.378518 -863.271581
383 -86324416.7408251762 40771.914157 -4721.595417 8548.672277 9183.284616 7501.917173 -1731.594856 2609.846442 2131.134516 -6614.264399 -12961.256772 9276.541453 7413.775015 -549.085135 -6061.823181 -1710.660947
384 -95472826.9835711718 42914.108100 -4208.703040 6989.962885 10769.869694 6693.728335 -822.075880 5708.593485 2001.670334 -5892.777644 -13360.560142 3413.551333 8494.323749 -939.889567 -10598.028041 -913.428028
385 -99659748.0987415463 43859.069231 -3080.839723 9816.409867 11062.462745 3965.908389 -1644.758444 3587.857326 3120.636404 -7004.776944 -15045.837014 4797.374626 5536.295470 -1948.822507 -7319.279198 515.310377
386 -108700683.7425729036 45866.863688 -2639.937679 12766.331045 12522.374202 5225.988664 -1191.352494 1852.292856 2438.518786 -7907.295989 -15745.006562 2721.127523 4484.784868 -1265.429628 -9428.230223 1213.268025
387 -104604594.6391813159 45173.473306 -1249.145051 12891.324977 10840.467806 3772.564253 532.346518 798.968567 4575.506572 -6449.849423 -14782.231073 994.706276 6349.870627 -472.203288 -8236.650681 1553.007134
388 -113471722.3360711932 47156.774076 -5768.960347 13026.850812 11671.957435 3188.362097 -3517.528609 2064.212185 1671.394455 -7457.689877 -12556.848050 1469.263840 3085.028618 -1002.123953 -9308.401740 117.677936
389 -103948875.0447435230 45172.511662 -3963.672050 15870.578985 10980.307648 5899.146702 -3493.594024 -268.875179 247.256304 -8386.637731 -13661.459635 1923.128016 5497.694566 109.970909 -10965.868470 -2358.307706
390 -116400114.1741017103 47774.995442 -6259.869914 13580.885622 12177.944695 2305.939629 -2781.751702 2475.257022 2524.436188 -7746.185287 -12644.463669 1804.754524 2270.561869 -2300.801250 -8014.683059 -816.342452
391 -112365806.5708254129 47184.072701 -6769.020130 14987.401805 12378.408842 3062.424996 -3807.377146 1035.349569 3557.442850 -6407.178782 -10153.706428 77.945847 2931.269194 -3309.165128 -6969.108622 -1102.504865
392 -118758798.7293332219 48202.032234 -5123.617455 11502.504854 10829.189550 5858.904826 -92.571473 1350.805923 3410.055913 -11158.586098 -11502.641353 4224.237191 5624.123000 -1554.579161 -6432.110214 -580.284449
393 -112834700.6026443392 46959.899584 -7021.240831 11410.694246 9736.272658 5111.851341 -831.348218 -542.499884 3354.757943 -9956.953560 -12529.737277 3220.466633 6337.791392 -1182.283832 -7802.161677 -1140.966913
394 -114371580.5970560312 46872.213512 -3085.996887 12690.782875 12359.315099 2233.555721 330.420606 1215.411463 3052.174711 -12262.531335 -16357.045700 7599.565624 5413.946502 167.726501 -7816.797537 1381.805085
395 -114478953.1361252964 47340.576773 -4836.855740 11058.562809 10282.759995 1453.572947 -529.282069 1045.857089 1159.232304 -5933.937306 -11220.313405 5546.152746 7329.518931 -1685.135332 -6337.642783 1748.446028
396 -123382245.9039512128 49305.488390 -6805.627228 12578.369767 9041.312726 5410.994466 1233.425173 1366.143285 1270.002680 -11569.884440 -10822.175315 3445.116138 2855.208373 -5310.894636 -4764.987659 -2046.893121
397 -132044433.3542765081 50816.672328 -8248.546527 11285.643992 8593.978948 1585.593333 -1114.354584 -1937.831423 -1464.334848 -11273.935649 -14203.940268 1805.003516 4271.385114 -4834.770229 -4060.767328 -600.210411
398 -122572361.8498291671 48739.603281 -8743.433798 10651.477510 8392.090439 4426.243560 1479.631823 -2548.286633 -995.227381 -14605.105412 -15804.947420 3626.554052 5441.612457 -6591.141658 786.566878 -2636.216686
399 -140742992.7237437963 52570.849488 -6780.757486 11504.289980 6193.609812 1561.556565 1041.160473 331.405588 -1376.079142 -12050.955011 -13253.447105 2123.413652 2222.729381 -4623.903747 -3040.998633 846.075351
400 -131791734.3707327247 51061.116441 -5309.405520 13145.332446 5406.243379 -118.122913 2469.872955 2572.758464 -522.368168 -12257.720169 -11660.043550 2679.296639 3851.179214 -7716.849528 -4421.284608 2859.893765
401 -152941653.7731657028 54660.326212 -7726.413340 12554.857339 8738.468283 -390.767577 -1861.885545 -1410.830266 2502.973709 -10145.320341 -15185.250464 3075.525769 2215.029715 -7134.552029 -1608.405417 3810.704703
402 -162730466.6265352070 56372.883683 -6456.326621 13525.725781 8849.676525 3965.014019 -4189.710396 -1344.860761 3151.764316 -7603.649653 -17167.104287 3724.212834 2793.324902 -7767.568103 -23.388779 2160.379791
403 -155503580.5564159453 55155.601816 -8252.496492 16315.234493 10711.037468 1556.377898 -5784.550928 2213.991928 3333.958659 -5473.933599 -18192.501847 2300.593404 -1255.314774 -4563.059816 -127.447306 4451.936500
404 -170705589.0735318661 58017.871210 -4668.666361 17679.681416 8421.980748 7517.454268 -1218.848392 -834.892944 4889.999448 -8065.927730 -15379.808393 2831.364043 -60.237770 -5363.378384 -573.270756 5065.888969
405 -167573287.6401863396 57476.384961 -7270.798847 15960.452340 5827.265411 6354.034288 -1737.494311 -1270.449973 1352.566470 -8106.011088 -14748.516665 1704.825086 -784.864117 -5179.490444 -427.281409 5451.603916
406 -159680542.5185134113 56041.604954 -3572.709460 17541.050607 8853.592972 8271.764172 -2926.729007 -3724.074559 3076.104714 -5657.750874 -15109.612913 3961.112636 649.781620 -4651.921662 170.196683 3967.073587
407 -180401606.3898912072 59886.951587 -5403.782859 16649.229735 10062.802574 7278.469615 -1336.148709 4363.853232 6919.365508 -7318.790666 -12377.913656 5292.022709 -1924.772338 -3575.442437 -1778.645339 5253.541051
408 -209877894.2460332215 64719.742363 -3123.683936 18664.073698 8000.578778 6461.874949 74.167695 7895.920983 6520.342830 -8748.341122 -15169.774284 3746.400504 775.147830 -2525.540460 -2429.116892 3901.384892
409 -202994003.7457185686 63632.155109 -5852.841582 18271.413612 10358.927265 8090.901796 -2890.032450 6543.946965 6667.793051 -7851.892859 -16476.031685 -8.052684 -994.136227 1076.671871 -4610.003271 729.143768
410 -212828765.0026937127 65202.061927 -1739.377983 15057.673426 8771.823259 4109.569015 -2255.792902 10734.817842 5714.273041 -11115.067175 -12894.069853 -2218.894003 -991.337243 -3386.497031 -5285.646507 447.380186
411 -225408896.0784320235 67133.065098 -4284.907412 16344.167931 9332.387993 5634.118432 -1676.465827 11064.251834 6419.725915 -10344.711675 -13025.601690 695.783490 -1511.367099 -2355.786826 -4949.723042 -1408.239844
412 -238683519.7934303582 69225.450904 -2583.200418 17690.998677 9832.464743 5724.645107 1046.660627 7260.129281 8016.858897 -9374.533844 -10035.337927 4263.132044 -1742.857958 -2998.380578 -4254.709082 672.567409
413 -255374599.4910774231 71648.333725 -2347.201932 19057.692976 7758.066429 5052.686939 1097.381452 5444.491192 9934.518864 -8678.341109 -11369.275768 963.058533 -1309.765691 -5325.059759 -5053.774892 2868.579758
414 -267081299.4784892499 73368.094199 655.501484 16965.897166 6654.628965 6186.921944 4374.087405 5688.580317 12301.158503 -6878.945139 -9618.414560 297.303447 -633.625703 -7214.426137 -2181.486233 3326.352811
415 -266534100.9663469791 73125.004447 782.437416 14647.982167 4403.425304 6096.158937 5768.495614 1732.854379 10122.217740 -7449.253998 -8369.606204 -1828.199109 -3505.179880 -10317.430796 -1629.974806 415.242039
416 -261257208.3544909954 72642.773320 2939.989021 18578.895371 5000.838293 3270.499895 7308.096075 13071.233869 14119.851555 -4650.475143 -12116.782321 1850.397637 558.061251 -8365.979215 -4941.103995 4078.047750
417 -279185458.7576946020 74822.736765 42.449837 16921.927384 6330.437327 2627.488264 4905.196920 4731.315629 14226.563559 -4126.971209 -12834.261432 621.009900 264.291922 -7228.926273 -1116.565589 5190.959179
418 -237490383.6443260610 69477.398581 5608.413073 19604.582527 9402.292435 -125.092008 4779.879571 6943.966992 12573.508204 -4204.724039 -7923.810265 -846.159014 4455.846387 -2724.330715 -2049.339817 891.440009
419 -303941720.4244318008 78081.548962 -3655.033799 14326.875132 8894.779044 1473.947228 9251.889785 3808.738243 16883.817351 247.311582 -11073.512259 1103.963467 -1482.072063 -6703.924215 -916.593738 8232.226504
420 -302115502.3072112799 77860.005191 -1449.313784 12885.229164 11370.069039 763.448045 8347.939938 6387.129442 15528.669124 -727.739262 -9579.831323 -3271.702288 -207.626814 -9072.357721 -3422.719863 10356.387042
421 -300669873.7416527271 77789.342002 -583.397949 16366.796117 9206.285659 2811.004572 7131.796033 3928.449299 14508.211083 1896.124353 -10406.011442 3399.412839 -3140.507089 -6782.361990 -2756.393357 5314.384509
422 -309358282.2355818152 78587.313560 -3410.616465 12949.126889 9936.733987 3123.129007 9470.803756 -1691.948934 15141.621419 1638.275037 -11285.112772 2995.395691 4044.815853 -9287.222353 -5701.208754 7465.802147
423 -312374153.1824445724 78916.126145 -3177.698140 12644.429175 9110.073171 3062.706742 11531.987891 -556.705679 18311.274335 -146.631300 -12428.896808 7155.562701 6651.029221 -7037.152473 -2500.328519 8387.978311
424 -322147080.3392203450 80382.611391 1683.226166 16336.894621 5423.961420 2139.011779 12594.580890 -2767.795184 15949.370239 1199.938299 -10742.643276 6368.636933 6258.853629 -7381.501856 -2156.138270 9356.803054
425 -343698579.5873128176 82843.928011 -2519.392778 19674.733364 5324.206258 2262.637338 13381.839045 644.379603 13001.809439 2936.030124 -16282.016920 11520.548601 5751.622921 -11979.239574 -3036.399414 13098.529723
426 -368964607.8178216815 86038.047651 -6732.890832 20582.281821 5365.817746 4920.095126 14428.214377 450.272955 9605.920738 766.859001 -14130.636643 15210.336265 9799.341675 -14420.808927 -2119.085962 11487.248520
427 -359169681.7941743731 85060.926853 -6236.150409 23104.472007 5328.602188 6465.793601 15510.655245 812.136335 5865.705002 2350.212908 -16014.708094 16839.272598 11699.788681 -20345.535848 -955.382046 10693.437676
428 -371445910.0112142563 86299.700309 -7926.421926 21849.213108 6638.233969 12149.925413 16836.481699 1810.949301 6325.802493 3079.432419 -15399.756690 15638.273397 5124.149347 -17487.744840 -1677.495957 11343.455521
429 -357025584.0674287677 84408.755712 -11703.834158 19173.090004 9116.528206 8795.518252 15984.375570 -922.085357 -1262.002056 3111.570947 -15793.617246 17191.278017 8032.640848 -22615.442689 -2552.092321 13031.147298
430 -359663513.3033134341 84968.415852 -7833.103790 21345.102518 7519.507619 12699.190161 14481.855513 1805.297634 9846.340283 1892.210162 -12773.156285 15007.011985 4341.725575 -19827.835213 -2599.904065 14048.102539
431 -332042623.4094814062 81431.461089 -1492.741139 14912.898260 5564.569102 11396.872097 16119.180851 1410.036372 8730.509604 2347.105047 -14558.152060 9612.335333 5322.696957 -20154.106339 213.511905 12762.826389
432 -403768133.7346980572 89929.675796 -7946.085261 24615.739012 4150.067013 6066.194889 17591.627038 -3214.790145 5332.013700 3391.872432 -14475.562577 15862.860008 5549.165193 -17983.516464 2388.105306 10565.886608
433 -396682912.3926029801 89126.639420 -11000.859936 22753.395880 8668.699694 5478.917808 22349.129314 -1248.508424 1610.106261 -890.537133 -16813.228417 14688.105865 9995.560955 -18871.154935 3144.900402 6089.677281
434 -393548470.8199576139 88675.987642 -5673.126082 22249.356675 2745.447821 1518.877719 21593.752455 -2337.802969 4569.086273 9837.121771 -16489.055243 12254.743456 2623.782222 -19512.671184 1000.134673 12171.285104
435 -451561733.1530900598 94499.935753 -6564.125878 20182.925485 5161.708445 8347.946594 18798.736180 -5651.400314 5107.202647 -343.297577 -19818.143412 13952.572146 3361.886632 -12847.946944 1093.567782 7131.387644
436 -459634823.3385518193 94972.436739 -5030.076123 19740.103895 2220.991322 11760.208590 16955.200082 -5057.973728 6205.401631 -3603.779908 -23725.724073 9745.106556 -2406.461165 -16250.909469 520.701551 9316.710880
437 -476221470.2491127253 96849.285680 -11359.933097 22255.601238 6135.998934 14512.459902 20095.334747 -5614.324641 3392.993924 -1988.710086 -21850.815952 8753.221410 -6001.983934 -13679.481312 -1850.399442 5669.614252
438 -449358805.4304131269 94231.312275 -9249.160074 24450.652072 5003.131310 20007.836838 18036.997495 -5970.886045 2239.844627 -4623.977813 -21833.075836 7705.359613 -4895.984164 -7607.566652 -3677.393626 3868.988043
439 -461976068.6180903316 95012.393149 -12947.488804 20025.480377 4957.615278 15209.991876 19422.215043 -4969.777632 5109.238351 -3214.458118 -28445.159708 7156.072372 -4171.497098 -14074.328235 -1990.584882 5849.550059
440 -451633835.1725016236 94672.468948 -12729.123452 26645.764739 2067.411263 18144.918369 15017.496779 -434.862658 10244.708576 -2712.296758 -22818.095301 13225.001880 -6907.273193 -11350.499251 393.388374 12606.819277
441 -484926363.6443914175 97960.034569 -10170.194011 30174.286772 2231.141549 12809.515724 20299.467817 -7923.815557 982.205421 -4981.657077 -21003.913854 8335.510046 -3022.365595 -15481.659965 -902.378956 2917.231195
442 -483347510.3206737638 97673.240443 -10457.488184 28596.623731 -2736.647985 11847.889495 18147.122853 -5310.105039 1026.395513 -6235.667030 -21517.172058 1217.513689 -6320.502699 -18493.827800 -3991.723819 2771.462061
443 -465487069.8134105802 96043.387330 -12278.498003 31571.134482 8058.156086 8514.868287 20371.596027 -9935.960898 2757.196150 -5516.059164 -19769.439602 5713.150898 48.690921 -16959.514633 105.481226 2680.213914
444 -437875933.9983445406 93853.556435 -15952.968078 35071.794858 -183.607782 18850.614185 28341.567919 -5051.458485 -3660.996643 -2661.403365 -16227.095915 13185.717843 -2148.941482 -13566.567220 798.171013 8953.796651
445 -462089282.4715504050 96378.966770 -8242.490893 35845.828032 -2771.713016 13719.704587 24083.934211 -3126.784134 -82.626132 -880.187358 -20823.336254 11845.677875 -3938.029193 -9647.569080 -5382.615470 -2570.060983
446 -505812904.7287402749 100136.149490 -11864.475438 32322.552010 -2429.677125 10031.471234 22929.642229 -6666.721189 -2386.699769 -657.171823 -22805.225225 5093.142802 1354.009994 -19724.159403 2726.877952 7796.396462
447 -488716941.1897917986 98360.859538 -12955.743288 28148.954838 -9071.524625 3587.063337 25049.269136 -5440.707840 211.682110 -8280.664818 -17443.558723 6736.563894 -2506.939414 -24205.225718 -4730.007006 9523.358730
448 -518136440.2581055164 101169.190728 -13971.224071 30693.920407 -5556.992202 11109.074923 22314.250651 -7508.246186 -1816.955635 628.682803 -26606.360878 7149.330933 2101.576634 -14653.054595 737.456479 5960.771424
449 -479509303.8748096228 97353.345758 -15002.074358 32779.170041 -1611.086033 16496.520014 23860.318607 -5201.528811 -2748.787189 1714.119975 -32051.287435 4169.073458 5558.242625 -17170.203771 1182.694356 -1237.297690
450 -481796484.3630446196 97623.101202 -14778.206385 29069.672920 -4360.283156 8872.041555 23271.534759 -5848.680112 -2270.499060 3261.937594 -25777.677991 6234.184732 -3231.608206 -14414.101087 -2906.496549 1624.025235
451 -495740357.9745402932 99198.272354 -13585.227078 27804.236565 -5487.720793 9474.192327 27768.699642 -10208.391030 -664.169251 6925.272504 -20158.341670 7420.271709 1295.164908 -11975.477289 1595.857323 -68.559015
