evaluations raw_y x0 x1 x2 x3 x4 x5 x6 x7 x8 x9 x10 x11 x12 x13 x14
1 1.7790609708 -4.193811 1.009628 4.393597 1.058146 3.329373 4.183239 1.193683 2.064865 -3.182168 0.158162 -1.620554 3.187112 -3.983667 1.680671 1.786540
2 2.2158483517 2.607191 2.131586 -4.950379 2.310986 2.151449 0.614230 -4.916538 -4.534248 1.295128 -2.295456 -0.120996 4.412136 1.125679 -3.997571 0.792093
3 2.1234527869 -3.165240 4.535728 -4.614119 4.340219 -1.931514 3.798419 2.630605 1.638442 2.706907 1.389850 -3.173786 -4.536631 1.460518 -0.820175 2.272064
4 1.7989754295 4.052160 -2.158818 0.644709 -0.239126 -0.881423 4.755136 -1.865387 -1.004716 2.299766 4.911192 -2.059590 0.808994 4.519798 1.239660 0.473471
5 1.7573284780 -3.653135 3.954826 1.156954 -2.165740 3.557947 -0.480695 -2.379602 3.285513 -1.694759 4.518718 -4.195389 0.542705 -2.123432 -1.133003 4.514936
6 3.0672748585 0.344523 -0.839963 -1.924868 -3.657878 -1.272809 -2.640924 3.328856 2.522843 -4.484148 1.646949 -0.533305 -3.319984 2.654345 -2.665018 3.110054
7 1.8475478328 -3.344364 0.039883 -3.044534 4.731700 -0.218405 1.709362 -1.291068 3.771675 0.601930 -1.113824 -4.794368 2.256295 3.369690 3.279310 -2.010301
8 2.4661428578 -1.061280 2.197370 -1.937748 -1.577103 0.166530 -2.081374 0.405241 -1.241170 -0.782037 1.052379 4.517513 -2.168866 0.074886 -1.697387 3.314880
9 3.1296973933 0.301549 -4.961592 3.605536 0.279762 -3.818818 0.781142 -3.926241 1.580710 -2.827307 -3.809376 1.319497 -0.272746 3.410147 3.028070 0.686831
10 2.6277262203 -0.992611 -0.864667 3.615314 4.570644 3.901546 -0.683928 2.826676 -2.701713 2.953092 1.042977 3.884917 0.307724 -3.393619 -3.675518 4.964184
11 1.9949662935 -2.048915 4.793775 4.600456 -1.019084 1.256864 -3.132259 1.622929 4.900668 -1.589732 0.269966 4.319287 -0.155096 2.986451 -4.568785 -1.036932
12 2.9357063407 0.511627 -2.140549 -2.310064 3.943608 -2.429792 0.569842 2.577176 0.974851 -3.913590 1.314611 -2.499685 -0.836815 -4.189324 3.454172 0.526338
13 2.2021456246 2.268078 -0.515139 -4.822120 4.904791 0.123557 1.291543 4.344169 4.535991 -1.472918 4.105343 -4.019663 -0.142751 -4.173148 -2.226546 3.443227
14 1.8565853994 4.648025 4.010015 2.145462 1.031426 -2.480481 4.828280 -3.879889 4.374243 -3.671459 -3.749390 -1.108619 -1.725159 3.766784 -0.619364 -4.464996
15 3.0969756230 0.170120 3.860096 0.292180 -1.197513 -4.196367 -3.256904 -4.024742 2.413585 0.195120 -2.610092 3.832683 4.636494 -2.294459 -4.024971 2.976372
16 3.0827834453 -0.875720 4.032596 -2.112002 0.365828 -3.780125 4.275068 2.598418 2.857053 -4.050186 0.088545 0.263310 2.470953 -2.470348 2.485583 4.598237
17 1.9873824231 3.347310 2.603314 -1.630272 1.713748 -4.525977 -3.365884 3.162443 -0.628506 4.151299 -0.635856 0.538082 -4.900770 2.684392 1.852076 -3.822817
18 1.7111892472 -4.661941 -3.239697 -0.986476 3.203732 -3.558974 -3.230122 -1.611021 -0.914741 1.419459 -3.621284 -4.697142 3.310440 -1.147509 -1.481259 0.472238
19 3.1461063071 1.040995 -0.486222 -3.988700 4.661358 -2.284322 -4.984208 0.279623 -0.639655 -2.577876 -3.315221 2.480462 1.644197 2.828511 -1.700869 0.002085
20 1.8937320001 -4.829197 3.499951 0.485091 -3.465384 1.276522 -1.103744 1.408338 0.032030 -2.356848 -0.656812 -3.057280 0.980840 2.411956 1.820974 -4.133119
21 1.7001342774 -3.399194 -3.726509 4.580783 0.647558 -1.341984 2.650317 -2.174945 -1.511353 0.157944 0.462923 0.485162 1.482432 -0.857433 -3.308796 4.252448
22 1.8348974205 -3.365607 1.038768 -1.027658 1.542105 -1.195930 -4.769745 2.745079 -3.526538 1.651691 3.725060 -3.842487 3.379490 -0.253482 -2.274716 -3.736783
23 1.8959310339 4.911992 -1.950531 -4.099983 1.999638 -4.594254 -0.234322 0.514474 3.908257 -1.164434 -2.126372 1.944651 1.012877 3.772638 -1.577793 -2.932191
24 3.0947817134 0.408217 -2.382847 -0.460573 -0.180450 2.437840 2.723015 -3.055010 -4.456046 0.230176 1.916680 3.312229 2.255781 -2.846444 -1.322653 -2.107544
25 1.8659133891 2.911059 -2.632699 -4.976385 -1.434304 0.596209 -4.634168 -0.220141 -3.082595 4.619172 4.300402 4.820339 -0.924336 2.829481 1.583759 -3.179955
26 2.2234009536 -2.887542 -3.619637 -4.609774 4.746357 0.434668 -2.352368 2.877108 1.973810 3.779707 2.146131 0.914571 -4.162120 2.177095 -4.882726 3.036749
27 1.7737024554 3.084270 3.249990 0.977833 -3.211027 0.626781 0.032197 0.299631 -4.880854 -1.035604 3.291412 -1.422372 2.774654 -0.146512 -0.475919 -4.025252
28 1.8919635411 -2.512151 4.333246 -0.495380 -3.594109 -0.922504 0.679455 -0.984685 -0.028575 -3.032000 -1.448224 -1.689106 4.893865 1.116089 -3.014985 -2.128721
29 1.9568502609 4.330030 -3.119464 -2.126034 1.702455 -0.060434 -3.656392 1.579086 3.720202 4.443471 -3.354381 1.913006 2.899315 -2.457709 -0.438796 -1.495399
30 1.7565939286 -3.369681 2.788923 2.271469 0.618784 -2.801995 -0.994855 2.036506 -2.461984 2.018104 -3.854110 0.351878 3.678647 -4.116652 -0.724661 -0.099631
31 2.5893983017 -0.946157 -3.752059 2.105058 -0.044857 -1.914853 -1.419510 0.397141 -3.168242 -4.267951 3.780216 -2.075549 -2.826416 -1.454926 0.611180 -0.267551
32 1.8299601488 3.475504 -4.288502 -4.243237 -3.542742 0.764064 -4.337986 -2.138535 0.376773 -1.348835 3.148722 -3.905547 -0.306732 -1.680669 0.894770 2.352557
33 1.9006471933 4.209336 -4.987461 -2.899652 4.738380 -2.090356 1.780619 -2.594664 -0.678659 1.865820 -2.115689 2.778451 0.309935 0.132931 -2.732781 -2.152803
34 1.8694248656 4.103745 -3.217979 -4.788471 0.632246 2.600892 -1.034510 -2.277777 0.332652 -1.202991 4.111856 1.005033 4.497371 0.696254 4.868478 0.372557
35 2.0576044520 -1.777713 1.946093 1.727180 4.338254 3.567928 1.358392 1.215403 -1.021249 0.945103 4.997389 3.333243 -2.714845 -0.115228 -3.088452 -1.335772
36 1.8571517598 -4.910465 -3.858421 2.205894 -2.096180 1.450661 0.886631 -4.564500 -1.342097 -3.080287 1.679032 -2.025362 -4.999838 4.964315 -1.120785 -1.565124
37 1.9689468973 2.602428 4.080931 3.778923 1.735964 -4.801207 -1.250015 4.340139 -3.683409 2.556288 -1.997619 0.851788 0.624904 1.911042 4.953222 0.006400
38 2.2081404792 -1.950620 -2.961744 4.434463 -0.833896 -0.601163 -4.945716 -2.797520 4.490104 -0.126521 2.885351 -1.177495 -0.878607 1.612577 -1.936517 0.079047
39 1.7407947523 -4.098025 -4.033921 4.844655 3.315476 3.553633 4.653036 -4.177098 4.207372 -3.822682 -3.964854 -1.814944 2.857438 4.609598 4.502822 -2.986455
40 1.8580634868 4.669431 -3.680701 -1.681297 -4.803983 -4.375800 -3.491644 0.116202 0.593464 0.955684 1.361460 -3.881895 0.934746 -4.818404 -3.193350 4.473726
41 1.7829989435 -3.340461 4.600257 4.153500 4.179543 -2.178891 -2.807159 0.496506 0.609890 3.135177 2.339880 4.475047 -0.984875 1.354558 -1.088670 2.377679
42 2.5143627432 -1.062154 3.712042 0.200202 0.338597 3.475939 0.319574 2.764019 0.277697 -3.858302 -1.451830 0.088943 2.152069 2.434599 -4.693420 -4.283057
43 1.7671993511 -3.278116 3.892715 4.772597 3.854514 3.666790 -0.681646 -4.535778 -4.946484 0.190063 -3.945181 -0.984812 0.833080 1.199925 1.589927 -1.100748
44 1.7022644903 -3.074501 -4.873724 -0.004666 -2.766991 -4.729472 4.935802 1.274857 -1.679612 3.640889 -1.416643 -3.224968 3.644669 0.686514 -3.648323 -1.251583
45 1.7512524269 4.548571 0.719864 -1.296392 4.006401 2.920370 -3.287523 2.151020 0.121765 4.427552 1.616918 1.594138 -0.697879 -1.082317 3.735788 -1.385157
46 1.6335742810 -3.804495 -3.175243 5.000000 -5.000000 -5.000000 5.000000 -5.000000 5.000000 5.000000 -5.000000 5.000000 4.684558 5.000000 -5.000000 5.000000
47 1.8745235726 -3.805769 -5.000000 5.000000 5.000000 -5.000000 5.000000 -5.000000 5.000000 -5.000000 -5.000000 -5.000000 3.758950 -4.550953 -5.000000 -5.000000
48 1.6480890069 -3.914027 -5.000000 5.000000 -5.000000 -5.000000 5.000000 -5.000000 -5.000000 5.000000 -3.275890 5.000000 2.493619 5.000000 0.460386 5.000000
49 1.8803670186 3.423336 5.000000 5.000000 -5.000000 5.000000 5.000000 5.000000 -5.000000 -5.000000 5.000000 5.000000 0.760106 -5.000000 5.000000 -5.000000
50 1.7263897162 -3.178406 5.000000 5.000000 -5.000000 3.036399 5.000000 -5.000000 -5.000000 5.000000 5.000000 5.000000 4.925320 5.000000 -5.000000 5.000000
51 1.6444562599 -4.376633 -5.000000 5.000000 5.000000 -5.000000 3.303295 -5.000000 5.000000 5.000000 -5.000000 -5.000000 2.130571 5.000000 -2.464380 5.000000
52 1.8047369552 -4.174671 -5.000000 5.000000 5.000000 5.000000 -5.000000 -5.000000 5.000000 5.000000 -5.000000 5.000000 2.214546 5.000000 -0.383264 5.000000
53 1.7101421526 -3.595710 -0.044759 5.000000 -5.000000 -5.000000 5.000000 5.000000 -0.665757 -5.000000 -5.000000 -5.000000 3.873181 5.000000 -1.379974 5.000000
54 2.0717048410 -4.368716 -5.000000 -5.000000 -5.000000 -5.000000 5.000000 -5.000000 5.000000 5.000000 5.000000 -5.000000 4.401122 5.000000 -1.679907 5.000000
55 1.6802923563 -4.706736 5.000000 5.000000 5.000000 -5.000000 5.000000 -5.000000 -5.000000 5.000000 -5.000000 -5.000000 -1.006679 -5.000000 0.363429 5.000000
56 1.7410647421 -3.289216 5.000000 5.000000 -5.000000 -5.000000 5.000000 -5.000000 -5.000000 5.000000 -3.233591 5.000000 3.067424 5.000000 -5.000000 -1.932807
57 1.6235871849 -4.047583 -4.452959 5.000000 -1.127042 -5.000000 5.000000 -5.000000 0.457651 5.000000 -5.000000 -1.468552 2.647780 0.395939 4.585351 5.000000
58 1.6986499695 -3.989568 -5.000000 1.103445 5.000000 -5.000000 5.000000 -5.000000 -5.000000 5.000000 -5.000000 3.003992 3.577289 0.006282 -2.731204 5.000000
59 1.6912956813 -5.000000 -5.000000 5.000000 -5.000000 -5.000000 5.000000 -5.000000 5.000000 5.000000 -5.000000 -5.000000 -0.827432 -0.660097 -5.000000 5.000000
60 1.7031257790 -4.548058 -5.000000 2.695993 -5.000000 -5.000000 -5.000000 -5.000000 2.818857 5.000000 -5.000000 -5.000000 -1.378027 -4.559486 5.000000 5.000000
61 2.3411410611 5.000000 5.000000 -5.000000 -5.000000 5.000000 -5.000000 -5.000000 -5.000000 -5.000000 5.000000 -5.000000 -5.000000 -1.770222 5.000000 -5.000000
62 1.6402627260 -4.195853 -5.000000 5.000000 -5.000000 -5.000000 5.000000 -5.000000 -5.000000 5.000000 -5.000000 -5.000000 3.789966 -2.560346 0.159647 5.000000
63 1.9154964101 4.195179 5.000000 5.000000 5.000000 -5.000000 -5.000000 5.000000 -5.000000 5.000000 -0.203055 5.000000 0.451502 5.000000 5.000000 5.000000
64 1.6197199111 -3.895295 -5.000000 3.946435 -5.000000 -5.000000 5.000000 -5.000000 4.789122 5.000000 -3.689704 -5.000000 2.860588 1.932758 0.062374 5.000000
65 1.6509860701 -4.123188 -5.000000 5.000000 -5.000000 -5.000000 5.000000 4.428668 -0.739854 5.000000 -5.000000 -5.000000 0.917494 0.612109 -5.000000 3.031949
66 1.6332204495 -3.914528 -5.000000 5.000000 -5.000000 -5.000000 5.000000 5.000000 -5.000000 5.000000 -1.231806 -5.000000 -0.025167 -0.452883 5.000000 5.000000
67 1.7189444200 -3.271087 -5.000000 5.000000 -5.000000 5.000000 5.000000 5.000000 1.611955 5.000000 -0.595820 -2.176493 4.212153 5.000000 5.000000 2.153491
68 1.6625830546 -4.575771 -5.000000 5.000000 -3.431762 -5.000000 5.000000 -5.000000 -5.000000 -5.000000 -5.000000 -5.000000 0.125682 5.000000 5.000000 5.000000
69 1.6490403435 -4.557555 -5.000000 5.000000 5.000000 -5.000000 5.000000 -5.000000 -5.000000 5.000000 2.719794 -5.000000 -0.660225 -0.474059 5.000000 5.000000
70 1.6131179325 -4.140354 -5.000000 3.278541 -5.000000 -5.000000 5.000000 -5.000000 -5.000000 5.000000 -5.000000 -5.000000 2.205757 0.716046 3.013404 4.936319
71 1.7651821725 -5.000000 -5.000000 2.935766 -5.000000 -5.000000 -5.000000 -5.000000 -5.000000 5.000000 -5.000000 -5.000000 5.000000 -1.711837 5.000000 5.000000
72 1.9566159474 3.677792 5.000000 -1.407088 5.000000 -5.000000 -5.000000 5.000000 5.000000 -5.000000 5.000000 5.000000 0.929493 2.215827 5.000000 -5.000000
73 1.9309904526 5.000000 -5.000000 5.000000 5.000000 5.000000 5.000000 -3.710887 5.000000 5.000000 5.000000 -5.000000 1.673151 1.495667 -5.000000 5.000000
74 2.1744044820 3.259545 5.000000 1.821463 -5.000000 5.000000 -5.000000 -5.000000 -5.000000 5.000000 5.000000 -5.000000 0.144440 -1.628972 5.000000 0.068973
75 1.8847349247 4.953454 0.994853 0.408147 5.000000 5.000000 5.000000 5.000000 5.000000 5.000000 -2.546847 5.000000 -3.639186 5.000000 5.000000 5.000000
76 1.9338608565 3.509545 -5.000000 -5.000000 -5.000000 5.000000 2.235884 5.000000 -5.000000 5.000000 4.791185 -5.000000 2.042572 2.200143 -1.200983 -5.000000
77 1.6340116279 -4.548450 -1.262257 5.000000 2.145670 -5.000000 4.984964 -5.000000 -5.000000 5.000000 -3.042013 -5.000000 -0.072633 -1.112004 1.529392 5.000000
78 1.9383566774 2.980238 -5.000000 0.127327 -5.000000 -5.000000 5.000000 5.000000 -5.000000 -5.000000 5.000000 5.000000 0.803383 -1.105004 -5.000000 -3.667668
79 1.6355649697 -4.104243 -5.000000 3.044071 -5.000000 -5.000000 5.000000 -1.177968 -5.000000 5.000000 -5.000000 -5.000000 1.204342 5.000000 5.000000 5.000000
80 1.7291311186 -5.000000 -5.000000 5.000000 5.000000 -5.000000 1.066758 4.711111 -2.817763 5.000000 -5.000000 -5.000000 -0.268848 -5.000000 1.825669 5.000000
81 1.6454082838 -3.885506 -5.000000 5.000000 -1.118976 -5.000000 -0.531806 -3.039737 -5.000000 3.759178 -2.988844 -5.000000 3.663440 2.520527 2.601065 5.000000
82 1.9234760027 3.603198 0.007407 5.000000 5.000000 -5.000000 1.415722 5.000000 -5.000000 -5.000000 1.286058 5.000000 1.399662 -5.000000 3.151170 -5.000000
83 2.0490503142 5.000000 5.000000 -5.000000 -3.510283 5.000000 -5.000000 5.000000 -5.000000 -5.000000 5.000000 1.363862 -5.000000 5.000000 5.000000 5.000000
84 1.6518595935 -3.814218 -5.000000 5.000000 -5.000000 -5.000000 5.000000 -5.000000 -5.000000 1.464295 -5.000000 -3.295127 1.478376 5.000000 -5.000000 4.260214
85 1.7919995563 5.000000 5.000000 5.000000 5.000000 -3.446070 5.000000 1.732147 -5.000000 -5.000000 5.000000 -5.000000 -2.429089 2.452466 5.000000 -3.448483
86 1.6578793398 -4.529436 -5.000000 5.000000 -5.000000 -5.000000 -0.086005 -1.408141 -5.000000 5.000000 -5.000000 -5.000000 0.481809 -5.000000 5.000000 3.722342
87 1.6598291551 -3.882837 -4.647010 5.000000 -5.000000 0.173145 5.000000 -5.000000 -1.679801 5.000000 -5.000000 -5.000000 1.829197 5.000000 5.000000 5.000000
88 1.6468708962 -3.243814 -5.000000 5.000000 -5.000000 -5.000000 5.000000 5.000000 5.000000 5.000000 0.660748 -1.935544 4.643252 5.000000 5.000000 5.000000
89 1.6272862171 -3.600104 -5.000000 5.000000 -5.000000 -5.000000 5.000000 1.150622 1.990503 5.000000 -1.700994 -3.057024 3.237561 5.000000 -1.416084 5.000000
90 1.6388714508 -4.576773 -5.000000 2.683274 3.811504 -5.000000 5.000000 -0.291659 -5.000000 5.000000 -5.000000 -5.000000 -0.240835 -1.650189 -2.651552 5.000000
91 1.9618535975 3.457774 -5.000000 5.000000 5.000000 -5.000000 -5.000000 5.000000 -5.000000 -5.000000 5.000000 -3.516654 2.072855 -5.000000 5.000000 -5.000000
92 1.8346987833 5.000000 5.000000 3.429799 5.000000 5.000000 -5.000000 5.000000 -5.000000 1.471022 5.000000 1.393876 -3.944628 5.000000 5.000000 -5.000000
93 1.9189518289 -3.011928 -5.000000 1.420896 -5.000000 5.000000 5.000000 -5.000000 -5.000000 -4.556558 0.904612 5.000000 5.000000 5.000000 5.000000 -5.000000
94 1.8947035767 4.386864 5.000000 5.000000 5.000000 1.526430 5.000000 5.000000 5.000000 -5.000000 5.000000 5.000000 -0.802970 -5.000000 5.000000 5.000000
95 1.6707261603 -3.413371 1.878685 5.000000 -5.000000 -5.000000 5.000000 0.415344 -5.000000 5.000000 3.705991 5.000000 1.131649 -5.000000 5.000000 5.000000
96 1.8139265878 5.000000 0.501203 1.462057 5.000000 -0.175600 -5.000000 5.000000 -5.000000 5.000000 5.000000 5.000000 0.014893 5.000000 5.000000 1.174306
97 1.6890711352 -3.813158 -5.000000 2.580569 -5.000000 -5.000000 5.000000 5.000000 -5.000000 5.000000 0.434105 -5.000000 4.642036 -5.000000 3.976012 5.000000
98 1.6781654971 -4.404902 -5.000000 3.216100 5.000000 -5.000000 5.000000 -5.000000 -5.000000 1.250697 -5.000000 -5.000000 1.304992 3.342061 5.000000 1.884047
99 1.8129542579 -4.974401 -5.000000 -1.806955 -5.000000 -5.000000 -5.000000 4.190942 -5.000000 5.000000 -5.000000 -5.000000 5.000000 -5.000000 -5.000000 5.000000
100 1.6705550649 -4.527275 -5.000000 5.000000 5.000000 -5.000000 5.000000 -0.160481 5.000000 5.000000 0.757919 -5.000000 -1.601712 -5.000000 5.000000 5.000000
101 1.6684795017 -3.989740 5.000000 4.615990 -5.000000 -5.000000 5.000000 -1.547923 0.898592 5.000000 -4.308800 -5.000000 2.077338 0.707265 1.604668 5.000000
102 1.6262293835 -3.582700 -5.000000 5.000000 -5.000000 -4.802565 5.000000 1.249268 -5.000000 5.000000 -1.707553 -5.000000 2.171175 -0.143872 2.030388 5.000000
103 1.6318233278 -4.302731 -5.000000 5.000000 -2.260356 -5.000000 2.649861 -3.526099 -0.456304 4.297503 -5.000000 -3.699014 1.097935 0.316118 -0.398769 5.000000
104 1.7121515885 -3.337450 3.199122 5.000000 -5.000000 5.000000 5.000000 -5.000000 5.000000 -5.000000 -5.000000 -5.000000 4.561241 5.000000 5.000000 5.000000
105 1.8781351781 5.000000 5.000000 5.000000 5.000000 5.000000 -5.000000 5.000000 -5.000000 -5.000000 5.000000 -0.807703 1.330736 -5.000000 5.000000 -5.000000
106 1.7463532914 -4.493480 -5.000000 3.115634 -5.000000 -2.639535 -5.000000 -5.000000 5.000000 -5.000000 -5.000000 -5.000000 2.860543 5.000000 -5.000000 5.000000
107 1.8899223578 4.894427 5.000000 3.784341 5.000000 -5.000000 5.000000 5.000000 -5.000000 5.000000 5.000000 -0.463869 -0.943559 -5.000000 -5.000000 -4.126316
108 1.9247580001 -5.000000 -5.000000 -1.813518 5.000000 -5.000000 5.000000 -5.000000 -5.000000 5.000000 -5.000000 -2.172100 5.000000 -5.000000 -5.000000 -5.000000
109 1.6554167771 -3.556233 -5.000000 4.179698 5.000000 -5.000000 5.000000 -5.000000 5.000000 5.000000 -5.000000 -3.374311 3.223170 -5.000000 5.000000 5.000000
110 1.7330185542 -4.126596 -5.000000 3.541567 -3.242329 -5.000000 5.000000 -5.000000 -5.000000 4.120856 -5.000000 -5.000000 -5.000000 5.000000 -5.000000 5.000000
111 1.6219484561 -3.432675 -3.475076 4.197753 -5.000000 -5.000000 5.000000 -5.000000 5.000000 5.000000 -2.839231 2.317839 4.334080 5.000000 5.000000 5.000000
112 1.8435032044 3.890877 -5.000000 -5.000000 5.000000 5.000000 -5.000000 5.000000 -5.000000 2.217658 5.000000 5.000000 -3.311906 5.000000 5.000000 5.000000
113 1.6821067879 -4.034585 -5.000000 -0.111502 5.000000 -5.000000 5.000000 -5.000000 -3.253865 5.000000 -5.000000 -5.000000 1.256524 5.000000 -5.000000 5.000000
114 1.6508501945 -3.921407 2.119192 5.000000 -5.000000 -0.082593 5.000000 -5.000000 -5.000000 -5.000000 5.000000 -5.000000 -3.013067 5.000000 5.000000 5.000000
115 1.8761869305 5.000000 5.000000 4.248529 5.000000 -5.000000 5.000000 5.000000 -5.000000 -4.480909 -3.517119 -4.806775 1.825523 5.000000 5.000000 5.000000
116 1.7049469843 -5.000000 -5.000000 -0.980739 -1.386122 -5.000000 5.000000 -5.000000 2.870238 5.000000 -5.000000 5.000000 5.000000 3.449210 -5.000000 5.000000
117 1.6275562298 -3.654523 -1.247044 5.000000 -5.000000 -5.000000 5.000000 -5.000000 2.415109 1.806037 3.411192 -0.207445 2.266731 5.000000 5.000000 5.000000
118 1.6280589267 -4.711126 -5.000000 4.051279 -5.000000 -5.000000 5.000000 -5.000000 5.000000 5.000000 -5.000000 5.000000 1.285267 5.000000 -5.000000 5.000000
119 1.6809636897 -3.277422 -2.034970 5.000000 -5.000000 -2.543266 5.000000 -5.000000 4.052337 5.000000 -0.557196 -4.763283 5.000000 5.000000 2.670369 0.241758
120 1.6240624893 -4.226609 -1.509264 5.000000 -5.000000 -5.000000 5.000000 -5.000000 -5.000000 0.937289 3.145477 -5.000000 -2.237597 -5.000000 2.685272 5.000000
121 1.6655899230 -4.757484 -5.000000 2.806203 5.000000 -5.000000 2.204049 -5.000000 5.000000 5.000000 -5.000000 2.654521 2.535375 -5.000000 -5.000000 5.000000
122 1.7398755630 4.452111 -0.004373 0.238491 5.000000 2.266244 0.062320 5.000000 -3.850224 -5.000000 5.000000 -5.000000 0.033452 5.000000 -5.000000 3.105351
123 1.6419900889 -4.581549 -2.116537 3.061487 -5.000000 -5.000000 4.973914 -5.000000 -1.185049 4.475749 -5.000000 -1.108627 0.585896 5.000000 -5.000000 5.000000
124 1.7333067854 -3.241501 5.000000 5.000000 -5.000000 5.000000 5.000000 5.000000 5.000000 -5.000000 5.000000 -5.000000 -0.665597 5.000000 5.000000 1.107380
125 1.8859640252 3.155311 5.000000 5.000000 -5.000000 -2.431516 5.000000 5.000000 -5.000000 -5.000000 -5.000000 -5.000000 5.000000 5.000000 5.000000 -5.000000
126 1.6443585515 -3.435088 -4.905535 2.518556 -5.000000 -5.000000 5.000000 -1.811175 1.259108 5.000000 -5.000000 -3.376575 5.000000 5.000000 -1.111044 5.000000
127 1.6378993837 -3.698162 -3.849041 5.000000 -5.000000 -5.000000 5.000000 -1.443648 2.559037 1.892815 -2.349388 -1.306401 2.237733 0.924576 5.000000 4.322386
128 1.7439290188 -5.000000 -5.000000 1.958021 -5.000000 -5.000000 5.000000 -5.000000 -5.000000 5.000000 -5.000000 5.000000 3.830931 5.000000 -5.000000 1.650746
129 1.8506191499 4.577823 -5.000000 4.763811 5.000000 3.864726 5.000000 5.000000 -5.000000 -4.951527 3.394022 -5.000000 -2.278598 5.000000 5.000000 -5.000000
130 1.6660428918 -4.402923 -5.000000 5.000000 -5.000000 -5.000000 5.000000 -5.000000 5.000000 -5.000000 5.000000 3.613429 -0.849836 5.000000 5.000000 5.000000
131 1.6497383771 -3.921122 -5.000000 5.000000 -5.000000 -5.000000 5.000000 -5.000000 5.000000 5.000000 5.000000 4.021713 2.632996 5.000000 -3.162233 5.000000
132 1.7027813923 4.602750 5.000000 -0.964551 5.000000 5.000000 5.000000 5.000000 -5.000000 0.648140 5.000000 -5.000000 0.747925 5.000000 5.000000 2.237112
133 1.7361280631 -5.000000 -5.000000 -1.277820 5.000000 -5.000000 5.000000 -5.000000 2.101358 -1.546944 -5.000000 5.000000 1.039308 5.000000 -5.000000 5.000000
134 1.9058697206 4.671177 1.173673 -2.645847 5.000000 -4.142574 1.889951 5.000000 5.000000 3.526055 5.000000 -5.000000 -3.073630 5.000000 5.000000 5.000000
135 1.7332245280 4.628166 5.000000 -0.804198 5.000000 5.000000 5.000000 5.000000 -5.000000 -3.749779 5.000000 -0.204589 0.981320 5.000000 5.000000 5.000000
136 1.7123355873 4.526662 5.000000 0.651272 5.000000 3.470640 5.000000 5.000000 -5.000000 0.446198 5.000000 2.549815 2.583722 5.000000 -5.000000 -0.541255
137 1.6990892601 -4.346959 -5.000000 0.647146 5.000000 -5.000000 5.000000 -5.000000 -5.000000 -5.000000 -5.000000 -5.000000 -1.810473 -5.000000 5.000000 5.000000
138 1.6411090923 -4.221151 -5.000000 5.000000 -5.000000 -5.000000 5.000000 -5.000000 -5.000000 -2.561702 5.000000 -5.000000 1.803440 5.000000 5.000000 5.000000
139 1.6190292276 -4.451187 -5.000000 5.000000 -5.000000 -5.000000 5.000000 5.000000 -5.000000 -5.000000 5.000000 -5.000000 -4.169076 5.000000 5.000000 5.000000
140 1.9631193296 3.059700 5.000000 -4.422381 5.000000 3.016350 5.000000 5.000000 5.000000 -5.000000 5.000000 5.000000 -2.410716 5.000000 5.000000 -5.000000
141 1.6565521743 -4.389872 -5.000000 5.000000 -5.000000 -1.107881 5.000000 -5.000000 -5.000000 -5.000000 5.000000 -5.000000 -4.226028 -5.000000 5.000000 5.000000
142 1.7285245123 4.907260 -3.217132 -0.669302 5.000000 5.000000 5.000000 5.000000 -5.000000 -5.000000 5.000000 -0.334723 0.191849 5.000000 5.000000 -0.328075
143 1.7234548993 -3.575729 5.000000 5.000000 -5.000000 5.000000 5.000000 -5.000000 5.000000 -5.000000 -5.000000 5.000000 -0.658584 5.000000 5.000000 5.000000
144 1.8009792880 -4.618978 5.000000 5.000000 -5.000000 -5.000000 5.000000 -5.000000 -5.000000 -5.000000 5.000000 -5.000000 -4.941712 5.000000 -5.000000 5.000000
145 1.6354152953 -4.268006 -5.000000 5.000000 -4.482677 -5.000000 5.000000 0.121327 -5.000000 -0.346677 1.730614 -5.000000 -1.454364 1.323053 5.000000 5.000000
146 1.6321539330 -4.438622 -5.000000 3.378710 -0.495888 -5.000000 5.000000 -5.000000 5.000000 5.000000 -5.000000 0.874682 3.801214 5.000000 1.040657 5.000000
147 1.6931096634 4.542645 5.000000 0.533776 5.000000 5.000000 5.000000 1.068743 -5.000000 -5.000000 5.000000 -5.000000 1.075061 5.000000 -2.469574 -0.583495
148 1.6538526937 -3.495310 0.764563 4.118694 1.862500 -5.000000 5.000000 -3.169986 -2.946280 5.000000 2.377738 -5.000000 2.457692 3.215460 3.753899 5.000000
149 1.6053934284 -4.133084 -5.000000 5.000000 -5.000000 -5.000000 -1.228012 5.000000 -5.000000 -5.000000 5.000000 -5.000000 -2.499975 5.000000 5.000000 5.000000
150 1.7553418787 -4.087856 -5.000000 3.383540 -5.000000 3.913306 -5.000000 5.000000 -5.000000 -5.000000 5.000000 -5.000000 -4.209453 5.000000 5.000000 -1.859750
151 1.6346462569 -4.629609 -5.000000 3.787425 -5.000000 -5.000000 5.000000 5.000000 5.000000 5.000000 -5.000000 5.000000 1.859388 5.000000 -5.000000 5.000000
152 1.6234411260 -3.985890 -5.000000 5.000000 -5.000000 -5.000000 4.970764 5.000000 -5.000000 -5.000000 5.000000 -5.000000 -2.470467 5.000000 5.000000 5.000000
153 1.7132888928 -4.133159 1.502592 4.215463 -5.000000 -5.000000 -5.000000 -5.000000 -5.000000 5.000000 5.000000 -5.000000 0.655510 5.000000 5.000000 5.000000
154 1.8189153249 4.954681 5.000000 2.618808 1.934441 5.000000 -1.699358 5.000000 -3.025091 3.285942 5.000000 5.000000 -2.502243 3.106267 5.000000 5.000000
155 1.8068155096 2.860486 5.000000 5.000000 5.000000 -1.751589 -5.000000 5.000000 -5.000000 -5.000000 5.000000 5.000000 5.000000 5.000000 -5.000000 -5.000000
156 1.9610892233 -4.295794 -5.000000 -0.199779 5.000000 5.000000 -5.000000 -5.000000 5.000000 5.000000 -5.000000 -5.000000 3.891056 5.000000 5.000000 -5.000000
157 2.1057682406 -4.660864 -5.000000 -5.000000 5.000000 -5.000000 -5.000000 5.000000 -5.000000 -5.000000 -5.000000 -5.000000 -2.100935 -5.000000 4.641574 -3.832930
158 2.1116664154 4.743091 5.000000 5.000000 5.000000 5.000000 5.000000 -5.000000 -5.000000 -1.539867 5.000000 5.000000 -2.240495 5.000000 5.000000 -0.731036
159 1.8604127839 5.000000 5.000000 1.432952 -5.000000 2.521126 0.568929 5.000000 4.536869 -1.354003 5.000000 -5.000000 0.050677 -5.000000 5.000000 -1.304979
160 1.6719931554 -4.358733 0.123829 0.023475 -5.000000 -5.000000 2.792078 -5.000000 5.000000 5.000000 -5.000000 -5.000000 3.463598 -5.000000 5.000000 5.000000
161 1.6339130351 -4.409103 -5.000000 5.000000 -5.000000 -5.000000 0.036186 5.000000 -5.000000 5.000000 5.000000 5.000000 -0.365071 5.000000 -5.000000 5.000000
162 1.7966427186 -5.000000 5.000000 0.572231 5.000000 -5.000000 -1.827442 -4.600311 5.000000 5.000000 -5.000000 5.000000 4.189773 5.000000 -5.000000 5.000000
163 1.6262053916 -4.726825 -5.000000 5.000000 -5.000000 -5.000000 5.000000 5.000000 -5.000000 5.000000 -5.000000 4.999741 -4.827541 -5.000000 5.000000 5.000000
164 1.6144853867 -4.556689 -5.000000 5.000000 -5.000000 -4.641261 4.061644 5.000000 -3.789625 1.126306 5.000000 5.000000 -4.035285 5.000000 5.000000 5.000000
165 1.7754667813 5.000000 5.000000 -0.399313 5.000000 5.000000 -5.000000 5.000000 -5.000000 5.000000 5.000000 -0.042865 -0.462554 5.000000 -5.000000 1.561571
166 1.8082245859 3.753953 5.000000 -0.424422 5.000000 5.000000 5.000000 5.000000 -5.000000 -5.000000 5.000000 -2.982625 5.000000 5.000000 5.000000 -5.000000
167 1.6309074556 -4.363930 -5.000000 5.000000 -5.000000 -5.000000 5.000000 5.000000 3.225232 5.000000 -2.654967 5.000000 -2.062173 5.000000 5.000000 5.000000
168 1.7031945070 -4.578688 -5.000000 0.437177 5.000000 -5.000000 5.000000 5.000000 3.146820 0.804280 -5.000000 -4.304478 5.000000 5.000000 5.000000 5.000000
169 1.6509176466 -4.589023 -5.000000 5.000000 -5.000000 -5.000000 5.000000 5.000000 -5.000000 5.000000 -3.048327 2.264079 -1.337240 -4.402298 5.000000 5.000000
170 1.7658118692 -4.468463 -5.000000 5.000000 -5.000000 -5.000000 -3.179908 5.000000 -5.000000 -5.000000 -3.317381 5.000000 -5.000000 5.000000 5.000000 5.000000
171 1.7538300376 -4.469697 -5.000000 5.000000 -5.000000 -5.000000 3.733626 5.000000 -5.000000 5.000000 5.000000 1.138638 -5.000000 -2.302838 1.002059 5.000000
172 1.6840302667 -4.841855 -5.000000 5.000000 -5.000000 -2.205261 5.000000 3.915113 -4.543569 0.881811 0.883480 5.000000 -1.809926 5.000000 5.000000 5.000000
173 1.6826863160 -3.719330 -5.000000 5.000000 -5.000000 -5.000000 5.000000 4.242537 -5.000000 3.288613 5.000000 -5.000000 3.157361 5.000000 5.000000 -1.224257
174 1.6581854387 -4.107851 -5.000000 5.000000 2.476712 -1.655490 5.000000 4.699965 -5.000000 -5.000000 5.000000 -5.000000 -1.249177 5.000000 5.000000 5.000000
175 1.6236785456 -4.439892 -2.763693 3.023902 -0.138181 -5.000000 5.000000 -5.000000 -0.026801 2.573957 -5.000000 -5.000000 0.229289 -4.504410 3.804389 5.000000
176 1.6523180509 -4.714975 -5.000000 2.485139 -5.000000 -5.000000 5.000000 -1.269872 3.655553 5.000000 -0.168453 5.000000 -1.771893 -5.000000 5.000000 5.000000
177 1.6543202951 -3.724591 -5.000000 5.000000 -5.000000 -5.000000 5.000000 4.706707 3.778070 5.000000 1.515121 5.000000 2.496761 5.000000 2.233638 5.000000
178 1.8026949488 -4.452457 -5.000000 5.000000 -5.000000 -5.000000 5.000000 5.000000 -5.000000 5.000000 5.000000 5.000000 -5.000000 -5.000000 -5.000000 -0.923923
179 1.8295279693 2.925704 5.000000 5.000000 -5.000000 5.000000 5.000000 5.000000 -5.000000 -5.000000 5.000000 0.439127 5.000000 5.000000 -5.000000 -5.000000
180 1.6330338481 -4.646531 -5.000000 2.642287 -5.000000 -5.000000 5.000000 -1.028987 5.000000 5.000000 -5.000000 -0.961508 1.900620 2.165447 5.000000 5.000000
181 1.6616559820 -3.977548 -5.000000 5.000000 -5.000000 -2.251908 2.458970 -0.899415 1.820548 -5.000000 5.000000 -5.000000 -1.141028 5.000000 5.000000 3.346447
182 1.6628882766 -3.512919 0.544608 3.384850 -5.000000 -2.390189 5.000000 -5.000000 1.953054 5.000000 -4.076242 -2.359248 1.843607 -2.606407 4.768841 5.000000
183 1.6467399925 -4.437458 -5.000000 5.000000 -5.000000 -5.000000 5.000000 -2.235636 -0.638895 5.000000 -1.591854 5.000000 5.000000 5.000000 5.000000 5.000000
184 1.8505373568 3.734810 5.000000 -0.171746 -5.000000 5.000000 -5.000000 5.000000 -5.000000 -5.000000 5.000000 3.830003 -0.537010 -5.000000 -5.000000 0.075461
185 1.6309251391 -4.421601 -5.000000 5.000000 -5.000000 -5.000000 5.000000 -5.000000 4.987605 2.485000 -4.996179 5.000000 0.030003 -0.308352 5.000000 5.000000
186 1.6389311808 -3.375613 -5.000000 3.100371 -5.000000 -5.000000 5.000000 -5.000000 -5.000000 -2.123907 5.000000 -5.000000 1.122008 5.000000 5.000000 5.000000
187 1.6638005243 -3.359865 5.000000 5.000000 -5.000000 -5.000000 5.000000 -5.000000 5.000000 0.051565 5.000000 5.000000 5.000000 5.000000 5.000000 5.000000
188 1.6307274593 -4.146200 -5.000000 5.000000 -5.000000 -5.000000 5.000000 -0.231904 -5.000000 -0.349411 2.468464 0.111550 -0.476149 5.000000 5.000000 5.000000
189 1.6870129921 -4.583568 -5.000000 1.313359 1.623835 -2.428750 5.000000 -5.000000 -5.000000 5.000000 -5.000000 -5.000000 0.508126 -5.000000 5.000000 5.000000
190 1.6366928676 -4.257065 -5.000000 1.782108 -5.000000 -5.000000 -2.046931 5.000000 -5.000000 0.094936 5.000000 -5.000000 1.883204 5.000000 5.000000 5.000000
191 1.6280455446 -4.722473 -5.000000 5.000000 -5.000000 -5.000000 5.000000 -2.864984 -3.095336 5.000000 -5.000000 5.000000 -2.211511 5.000000 5.000000 5.000000
192 1.6497604410 -4.459895 -5.000000 3.778293 -5.000000 -1.931532 5.000000 5.000000 -5.000000 -5.000000 -5.000000 4.567318 -3.786092 5.000000 5.000000 5.000000
193 1.6571810358 -4.143673 -5.000000 3.585396 -5.000000 -5.000000 1.440752 1.756080 -5.000000 -2.848548 1.957307 -5.000000 -0.344641 3.809025 5.000000 5.000000
194 1.6368822405 -3.461007 -5.000000 5.000000 -5.000000 -5.000000 1.972449 -5.000000 -5.000000 5.000000 5.000000 0.077687 5.000000 5.000000 5.000000 5.000000
195 2.0607733361 4.897968 -5.000000 5.000000 5.000000 -5.000000 -5.000000 5.000000 -5.000000 -5.000000 5.000000 -1.919392 -5.000000 -5.000000 -5.000000 5.000000
196 1.8308170188 -4.106117 -5.000000 5.000000 5.000000 5.000000 5.000000 -5.000000 5.000000 -5.000000 -5.000000 -5.000000 -5.000000 5.000000 5.000000 5.000000
197 1.6670479633 -4.545372 -5.000000 1.736647 -5.000000 -5.000000 5.000000 5.000000 -1.582904 1.679800 -5.000000 5.000000 0.302919 5.000000 5.000000 5.000000
198 1.6424726765 -4.319418 -5.000000 4.907069 -5.000000 -5.000000 5.000000 5.000000 -2.869130 5.000000 2.687967 -5.000000 -0.005094 5.000000 4.236282 5.000000
199 1.6589493111 -4.378723 -5.000000 5.000000 -5.000000 -5.000000 2.593962 5.000000 -5.000000 -5.000000 5.000000 5.000000 -0.311673 5.000000 5.000000 5.000000
200 1.7443200329 -2.993629 5.000000 1.026261 -5.000000 -1.191759 5.000000 5.000000 -5.000000 5.000000 -5.000000 -5.000000 0.313478 5.000000 -5.000000 5.000000
201 1.8515680690 4.543344 -5.000000 -1.008006 5.000000 5.000000 5.000000 5.000000 -5.000000 -5.000000 5.000000 -5.000000 3.329948 5.000000 -5.000000 -5.000000
202 1.6274890273 -3.427105 -5.000000 4.451087 -5.000000 -5.000000 -1.355336 5.000000 -5.000000 5.000000 5.000000 -5.000000 2.183007 5.000000 0.994035 5.000000
203 1.5732706592 -4.720068 -5.000000 4.452281 -5.000000 -5.000000 5.000000 2.087477 -5.000000 5.000000 -5.000000 -5.000000 -3.798536 0.715369 5.000000 5.000000
204 1.7666610454 3.660963 5.000000 3.635451 5.000000 -1.977944 5.000000 0.175843 -5.000000 5.000000 5.000000 5.000000 5.000000 5.000000 -5.000000 5.000000
205 1.7555125931 -4.894773 -5.000000 5.000000 -5.000000 -5.000000 5.000000 5.000000 4.999856 5.000000 -5.000000 -5.000000 -5.000000 5.000000 5.000000 5.000000
206 1.6231217451 -4.614792 -5.000000 4.195734 -5.000000 -5.000000 5.000000 0.117990 -5.000000 5.000000 -5.000000 5.000000 -3.661652 -5.000000 5.000000 4.858003
207 1.7507354585 3.469550 5.000000 -3.134685 5.000000 5.000000 5.000000 1.468805 -5.000000 -5.000000 5.000000 5.000000 3.167961 5.000000 5.000000 5.000000
208 1.6723502793 -4.456151 -5.000000 1.472581 2.929829 -5.000000 5.000000 0.749544 5.000000 5.000000 -5.000000 5.000000 4.951643 5.000000 -5.000000 5.000000
209 1.9617491124 4.956585 5.000000 0.705110 -5.000000 -4.996130 -5.000000 5.000000 -5.000000 -5.000000 -5.000000 -5.000000 -2.396681 5.000000 5.000000 -5.000000
210 1.8511151009 -2.884153 -5.000000 5.000000 -5.000000 -3.715749 5.000000 5.000000 -5.000000 5.000000 -5.000000 -5.000000 0.314286 5.000000 5.000000 -5.000000
211 1.6292814321 -3.159693 -5.000000 3.648062 -5.000000 -5.000000 5.000000 1.933899 -5.000000 5.000000 5.000000 -5.000000 5.000000 5.000000 5.000000 5.000000
212 1.6850416772 -3.443768 -5.000000 3.094278 -5.000000 -5.000000 -5.000000 2.726697 5.000000 5.000000 5.000000 -5.000000 5.000000 5.000000 5.000000 5.000000
213 2.0809125381 3.797336 5.000000 2.541567 5.000000 4.213837 5.000000 -5.000000 -5.000000 -5.000000 5.000000 5.000000 3.701507 5.000000 5.000000 5.000000
214 1.6907298072 -3.685736 5.000000 5.000000 -5.000000 -5.000000 5.000000 -5.000000 -5.000000 -0.251339 5.000000 -5.000000 0.220462 -5.000000 5.000000 1.832223
215 1.7177718976 -5.000000 -5.000000 5.000000 -1.784941 -5.000000 -3.499830 4.882946 5.000000 5.000000 5.000000 3.253373 -0.238701 4.478827 5.000000 5.000000
216 1.7619022081 5.000000 5.000000 2.231589 5.000000 -5.000000 5.000000 -0.443140 5.000000 -5.000000 5.000000 5.000000 5.000000 5.000000 -5.000000 -0.933398
217 1.7077869299 -5.000000 -5.000000 3.602714 -5.000000 -5.000000 5.000000 -0.735730 -5.000000 5.000000 -5.000000 5.000000 -1.415522 -5.000000 -2.157841 5.000000
218 1.7098366874 -4.313256 -5.000000 2.596436 -5.000000 -5.000000 -5.000000 5.000000 5.000000 5.000000 -5.000000 -5.000000 5.000000 5.000000 -5.000000 5.000000
219 1.6561859227 -3.331939 -5.000000 3.251786 -5.000000 -5.000000 5.000000 5.000000 -5.000000 -5.000000 5.000000 5.000000 1.708576 5.000000 5.000000 4.781750
220 1.7728003740 5.000000 5.000000 0.517193 -4.974109 5.000000 5.000000 1.307425 -5.000000 5.000000 5.000000 -5.000000 5.000000 5.000000 5.000000 5.000000
221 1.7646862832 3.225892 -5.000000 0.883380 5.000000 5.000000 -5.000000 3.136483 -5.000000 5.000000 5.000000 5.000000 5.000000 5.000000 5.000000 3.762837
222 1.6755360577 -4.357567 -5.000000 5.000000 -5.000000 4.409994 5.000000 5.000000 -5.000000 5.000000 5.000000 -5.000000 -2.039470 5.000000 5.000000 5.000000
223 1.7228262330 -4.455807 5.000000 4.283424 -5.000000 -5.000000 5.000000 5.000000 -5.000000 5.000000 -0.258743 -5.000000 -3.059492 5.000000 5.000000 5.000000
224 1.7806449584 3.718567 -5.000000 -1.896569 5.000000 5.000000 5.000000 1.515884 -5.000000 5.000000 5.000000 -5.000000 0.831796 5.000000 -5.000000 5.000000
225 1.6863272185 -3.316032 -5.000000 4.021823 -5.000000 -2.089448 5.000000 3.514047 -5.000000 -4.235879 5.000000 -5.000000 2.585646 5.000000 -5.000000 5.000000
226 1.6797641725 -3.105692 5.000000 2.779076 -5.000000 -5.000000 5.000000 -1.909223 -5.000000 5.000000 -5.000000 -5.000000 3.516155 5.000000 5.000000 5.000000
227 1.6265944203 -4.571389 -5.000000 3.854566 -5.000000 -5.000000 5.000000 2.090751 -5.000000 5.000000 -5.000000 -5.000000 0.106060 5.000000 5.000000 5.000000
228 1.8695707830 4.772489 5.000000 2.996125 -5.000000 5.000000 5.000000 1.485432 5.000000 -5.000000 5.000000 5.000000 0.366342 5.000000 -5.000000 -5.000000
229 1.8508045846 5.000000 5.000000 5.000000 5.000000 -5.000000 5.000000 -1.201183 -5.000000 5.000000 -5.000000 -5.000000 4.897812 5.000000 5.000000 -1.177864
230 1.6651399938 -3.545376 -5.000000 2.879826 -5.000000 -5.000000 5.000000 5.000000 -5.000000 5.000000 -4.985551 5.000000 5.000000 5.000000 -5.000000 5.000000
231 1.7139773796 -5.000000 -5.000000 4.707090 5.000000 -5.000000 5.000000 -2.541046 5.000000 5.000000 -5.000000 5.000000 1.825484 -0.210948 5.000000 5.000000
232 1.6363875689 -4.409217 -5.000000 2.251861 -5.000000 -5.000000 5.000000 5.000000 -5.000000 5.000000 -5.000000 -5.000000 0.327928 5.000000 -5.000000 5.000000
233 1.9457386803 2.971426 -5.000000 5.000000 5.000000 -5.000000 5.000000 -0.254334 5.000000 -5.000000 5.000000 5.000000 5.000000 5.000000 5.000000 -5.000000
234 1.8524893099 3.488972 5.000000 -3.727219 5.000000 -5.000000 -3.956065 0.979246 -5.000000 5.000000 5.000000 -5.000000 5.000000 5.000000 5.000000 4.097500
235 2.5636479698 -1.777464 5.000000 -5.000000 -5.000000 5.000000 5.000000 -5.000000 -5.000000 5.000000 -5.000000 5.000000 -5.000000 -5.000000 -5.000000 -5.000000
236 1.7116663929 -4.345882 -5.000000 5.000000 5.000000 -5.000000 -5.000000 5.000000 -5.000000 5.000000 5.000000 -5.000000 3.284599 5.000000 5.000000 5.000000
237 1.6729875131 -3.311788 -5.000000 2.424318 5.000000 -5.000000 5.000000 5.000000 5.000000 5.000000 5.000000 -5.000000 3.233191 5.000000 0.388527 2.972976
238 1.6653396311 -3.522792 -5.000000 0.591472 0.113627 -5.000000 5.000000 3.996439 5.000000 5.000000 -5.000000 -5.000000 5.000000 2.120763 5.000000 5.000000
239 1.8752195997 -4.905456 -5.000000 5.000000 -5.000000 -5.000000 -5.000000 5.000000 5.000000 -5.000000 5.000000 -5.000000 5.000000 5.000000 -5.000000 -4.446192
240 1.7629061210 4.611093 5.000000 -1.198352 5.000000 5.000000 5.000000 5.000000 -5.000000 5.000000 4.136834 5.000000 2.657228 5.000000 0.247613 5.000000
241 1.8469560571 3.169581 5.000000 0.284773 -0.871885 -0.682376 5.000000 5.000000 -5.000000 5.000000 5.000000 5.000000 5.000000 -2.983192 1.574348 5.000000
242 1.6715412735 -3.076919 5.000000 1.884758 -5.000000 -5.000000 5.000000 2.926164 5.000000 5.000000 5.000000 -5.000000 5.000000 5.000000 -2.201190 5.000000
243 1.7615374247 -4.917623 -5.000000 3.076667 -5.000000 -5.000000 5.000000 -5.000000 -5.000000 5.000000 -5.000000 -5.000000 -5.000000 -5.000000 5.000000 5.000000
244 1.8431034029 4.872852 5.000000 0.102569 5.000000 -5.000000 5.000000 -1.483578 -5.000000 -5.000000 5.000000 -5.000000 1.163449 5.000000 5.000000 5.000000
245 1.7017926333 -4.454590 -5.000000 0.039209 -5.000000 -5.000000 5.000000 -5.000000 5.000000 -3.056855 -5.000000 2.825110 5.000000 -5.000000 -5.000000 5.000000
246 1.7306722000 -3.132969 5.000000 1.661993 -5.000000 -5.000000 5.000000 5.000000 -5.000000 5.000000 5.000000 -5.000000 5.000000 5.000000 5.000000 1.104352
247 1.6818962495 3.353034 5.000000 5.000000 5.000000 5.000000 -5.000000 3.625298 -5.000000 -5.000000 5.000000 -5.000000 5.000000 5.000000 -5.000000 5.000000
248 1.7019360512 4.324691 5.000000 2.871516 5.000000 5.000000 -5.000000 2.174845 -5.000000 -5.000000 5.000000 -5.000000 5.000000 5.000000 -5.000000 5.000000
249 1.6986194404 -4.003803 -5.000000 5.000000 -5.000000 5.000000 5.000000 -3.435451 -5.000000 5.000000 5.000000 -5.000000 -3.780170 -5.000000 5.000000 -1.395949
250 1.6358519688 -4.499405 -5.000000 5.000000 -5.000000 -5.000000 5.000000 1.803185 -5.000000 5.000000 -5.000000 5.000000 -4.405994 5.000000 5.000000 -0.140754
251 1.6344175166 -3.873159 -5.000000 5.000000 -5.000000 -5.000000 5.000000 -5.000000 -2.409987 5.000000 5.000000 5.000000 -0.861547 -1.030579 5.000000 5.000000
252 1.7760446487 4.257212 -5.000000 3.691872 5.000000 5.000000 5.000000 2.808990 -5.000000 -5.000000 5.000000 -5.000000 5.000000 5.000000 5.000000 5.000000
253 1.7628447641 -2.928884 -5.000000 4.189957 5.000000 5.000000 5.000000 0.288275 -5.000000 5.000000 5.000000 5.000000 3.199523 5.000000 5.000000 5.000000
254 1.7463464576 3.360893 4.991618 -0.077900 -5.000000 5.000000 -5.000000 2.124273 -5.000000 -5.000000 5.000000 5.000000 5.000000 5.000000 -5.000000 5.000000
255 1.6652353941 -4.205029 -5.000000 5.000000 -5.000000 -5.000000 5.000000 -5.000000 5.000000 5.000000 0.900696 -5.000000 -0.068175 4.745121 5.000000 1.772436
256 2.0095941620 3.590897 -5.000000 -5.000000 5.000000 5.000000 5.000000 -0.417773 -5.000000 -5.000000 5.000000 5.000000 -5.000000 5.000000 5.000000 -5.000000
257 1.6682073951 -3.567760 -5.000000 3.025123 -5.000000 -4.256009 5.000000 -0.750491 -5.000000 5.000000 3.688045 -5.000000 5.000000 5.000000 5.000000 -1.681789
258 1.6258358666 -3.364052 -5.000000 5.000000 -5.000000 -5.000000 5.000000 5.000000 -5.000000 5.000000 5.000000 -5.000000 -1.480848 5.000000 5.000000 5.000000
259 1.6386361539 -4.639442 -5.000000 2.565643 -5.000000 -5.000000 5.000000 -2.091720 5.000000 5.000000 -5.000000 -5.000000 2.294513 -5.000000 -1.671210 5.000000
260 1.6482062823 -4.372401 0.948864 5.000000 -5.000000 -5.000000 5.000000 -5.000000 2.052625 5.000000 -5.000000 5.000000 0.507781 -5.000000 5.000000 5.000000
261 1.7121734140 -3.477226 5.000000 2.001544 5.000000 -5.000000 5.000000 -5.000000 4.991069 1.710867 -5.000000 -5.000000 5.000000 5.000000 0.126672 5.000000
262 1.8461766671 5.000000 5.000000 -0.273957 5.000000 -5.000000 5.000000 -1.235399 -5.000000 5.000000 5.000000 -5.000000 5.000000 -5.000000 -5.000000 -5.000000
263 1.6817725874 3.552054 5.000000 5.000000 5.000000 5.000000 -5.000000 2.133397 -5.000000 5.000000 5.000000 -5.000000 5.000000 5.000000 -5.000000 -2.013345
264 1.9632786493 5.000000 -5.000000 1.087418 5.000000 5.000000 -5.000000 0.032162 5.000000 5.000000 5.000000 -5.000000 2.515431 5.000000 5.000000 -5.000000
265 1.6655876950 -4.535703 -5.000000 5.000000 5.000000 -5.000000 5.000000 5.000000 -5.000000 5.000000 -5.000000 5.000000 -2.796011 5.000000 5.000000 5.000000
266 1.6339806136 -3.488034 -5.000000 5.000000 -5.000000 -5.000000 5.000000 -0.970401 5.000000 5.000000 5.000000 -5.000000 5.000000 0.403470 5.000000 4.346551
267 1.7250341408 -5.000000 -5.000000 5.000000 -5.000000 -5.000000 5.000000 0.824388 -5.000000 -5.000000 -5.000000 1.796695 4.365789 5.000000 5.000000 5.000000
268 1.6543469564 -3.290429 -5.000000 3.273469 -5.000000 -5.000000 3.713423 1.046471 5.000000 5.000000 5.000000 -5.000000 2.010106 5.000000 5.000000 2.607158
269 1.7670766940 -2.835083 5.000000 5.000000 -5.000000 5.000000 5.000000 5.000000 -5.000000 -5.000000 5.000000 5.000000 -4.037850 5.000000 5.000000 5.000000
270 1.6949697281 3.685417 5.000000 2.026400 5.000000 5.000000 -0.723494 2.453315 -5.000000 -5.000000 5.000000 -5.000000 1.820780 5.000000 5.000000 1.671598
271 1.7570999525 3.614962 5.000000 1.495026 5.000000 5.000000 1.671336 1.037236 5.000000 -5.000000 5.000000 -5.000000 5.000000 -0.878985 -5.000000 5.000000
272 1.7141293681 -3.800615 -5.000000 5.000000 -5.000000 2.323330 5.000000 -5.000000 -5.000000 -1.244246 5.000000 -5.000000 1.804479 -5.000000 5.000000 5.000000
273 1.6848493283 -4.287607 -5.000000 3.040574 -5.000000 -5.000000 5.000000 -1.338618 -5.000000 5.000000 -5.000000 -5.000000 -1.248193 -4.956260 5.000000 1.817616
274 1.7212141681 3.343396 5.000000 5.000000 5.000000 5.000000 -5.000000 2.099966 -5.000000 -5.000000 -4.983623 5.000000 5.000000 5.000000 -5.000000 0.589125
275 1.6806066523 -3.939414 -5.000000 1.798674 -5.000000 -5.000000 0.271131 5.000000 5.000000 5.000000 5.000000 5.000000 5.000000 5.000000 5.000000 0.487698
276 1.6518197286 -4.296140 -5.000000 2.257824 -5.000000 -5.000000 5.000000 1.943521 5.000000 5.000000 -5.000000 -5.000000 4.046137 5.000000 5.000000 0.978009
277 1.8362688803 -4.350962 3.467748 5.000000 -5.000000 5.000000 5.000000 -1.779132 -5.000000 5.000000 -5.000000 -5.000000 -5.000000 -5.000000 5.000000 5.000000
278 1.6536395700 -3.776681 -5.000000 3.736366 -5.000000 -1.255283 5.000000 5.000000 -5.000000 5.000000 5.000000 -5.000000 -0.764021 5.000000 5.000000 5.000000
279 1.7569972261 -3.891739 -3.293157 5.000000 -5.000000 -5.000000 5.000000 -5.000000 -5.000000 -5.000000 5.000000 5.000000 -5.000000 5.000000 5.000000 -2.232388
280 1.7509920974 -3.121191 5.000000 3.388348 -5.000000 5.000000 5.000000 0.530839 5.000000 5.000000 -5.000000 -5.000000 5.000000 5.000000 -5.000000 -2.433084
281 1.6435306018 -3.285905 -5.000000 3.206685 -5.000000 -5.000000 5.000000 0.045722 5.000000 5.000000 0.397840 5.000000 5.000000 5.000000 5.000000 5.000000
282 1.6012381273 -4.376872 -5.000000 5.000000 -5.000000 -5.000000 5.000000 -1.352350 -5.000000 5.000000 5.000000 -5.000000 -3.323974 5.000000 5.000000 5.000000
283 1.7485885811 -4.481989 -5.000000 5.000000 -5.000000 5.000000 5.000000 5.000000 -5.000000 -4.961375 -5.000000 5.000000 0.701251 5.000000 5.000000 -1.741116
284 1.7714608525 4.295802 5.000000 5.000000 5.000000 5.000000 5.000000 2.193717 -5.000000 5.000000 -4.252041 -5.000000 1.160195 5.000000 -5.000000 5.000000
285 1.7160103111 -4.417140 -5.000000 2.234012 -5.000000 -5.000000 -5.000000 5.000000 5.000000 5.000000 -5.000000 -5.000000 1.177314 5.000000 -5.000000 4.599405
286 1.7422513231 5.000000 5.000000 1.156464 5.000000 5.000000 5.000000 0.573897 -5.000000 -5.000000 -5.000000 5.000000 5.000000 -5.000000 -5.000000 3.538563
287 1.6958287411 -3.073832 -5.000000 5.000000 -5.000000 -5.000000 -5.000000 -2.316247 -5.000000 5.000000 4.997360 -5.000000 5.000000 5.000000 5.000000 5.000000
288 1.7303431735 5.000000 5.000000 5.000000 5.000000 5.000000 5.000000 1.673093 -5.000000 -5.000000 -5.000000 5.000000 -1.197864 5.000000 -5.000000 0.291969
289 1.6538126344 -3.262103 5.000000 5.000000 -5.000000 -1.047875 5.000000 -5.000000 -4.999731 5.000000 5.000000 -5.000000 -1.746497 5.000000 5.000000 5.000000
290 1.6342304137 -3.937455 -5.000000 5.000000 -5.000000 -5.000000 5.000000 5.000000 -5.000000 -5.000000 5.000000 5.000000 -2.228951 5.000000 5.000000 0.197422
291 1.6941014337 -3.918601 0.397831 5.000000 5.000000 5.000000 5.000000 -5.000000 -5.000000 5.000000 5.000000 -5.000000 -1.952594 5.000000 -5.000000 0.365562
292 1.7166594541 -3.008130 5.000000 5.000000 -5.000000 -5.000000 2.570755 2.402172 -5.000000 5.000000 5.000000 5.000000 1.292622 5.000000 -3.937515 2.180949
293 2.0962978034 5.000000 -5.000000 5.000000 5.000000 -5.000000 5.000000 -1.603731 5.000000 5.000000 -5.000000 5.000000 -5.000000 -5.000000 -5.000000 -5.000000
294 1.7973141800 3.886997 5.000000 -3.618872 5.000000 5.000000 5.000000 1.539482 -5.000000 -5.000000 -5.000000 -5.000000 -1.280930 5.000000 5.000000 0.658270
295 1.7897750481 -5.000000 -5.000000 0.451248 -5.000000 5.000000 5.000000 5.000000 5.000000 -5.000000 5.000000 5.000000 5.000000 5.000000 -5.000000 5.000000
296 1.6682666987 -3.891505 -5.000000 5.000000 -5.000000 -5.000000 5.000000 -1.877593 3.535112 5.000000 -5.000000 5.000000 5.000000 -1.138077 5.000000 2.536813
297 1.7127092810 3.263296 5.000000 5.000000 5.000000 5.000000 -5.000000 3.868358 5.000000 5.000000 5.000000 5.000000 5.000000 5.000000 -5.000000 1.125300
298 1.6845435844 -4.277699 -5.000000 5.000000 -5.000000 5.000000 5.000000 0.474898 4.804558 -5.000000 5.000000 5.000000 -3.113863 5.000000 5.000000 -0.679265
299 1.6484504684 -4.115697 -5.000000 3.021646 -5.000000 -5.000000 5.000000 5.000000 5.000000 -5.000000 5.000000 -5.000000 0.781489 5.000000 5.000000 3.274025
300 1.7108331492 -3.363779 5.000000 5.000000 -5.000000 5.000000 5.000000 -5.000000 5.000000 -5.000000 5.000000 -5.000000 -0.976185 5.000000 5.000000 0.263249
301 1.7477634638 -3.473801 -5.000000 -0.640871 -5.000000 -5.000000 5.000000 5.000000 5.000000 -5.000000 -5.000000 -5.000000 5.000000 5.000000 -5.000000 -0.857214
302 1.6332798594 -4.677819 -5.000000 5.000000 -5.000000 -5.000000 -1.634881 0.305972 -5.000000 -5.000000 5.000000 -5.000000 -2.353621 5.000000 5.000000 5.000000
303 1.6726292021 -4.455536 -5.000000 5.000000 -5.000000 -5.000000 0.934934 0.141061 -5.000000 5.000000 5.000000 4.981747 -1.549062 5.000000 5.000000 1.967913
304 1.7714650189 4.025342 5.000000 5.000000 5.000000 -5.000000 -5.000000 -1.231357 -5.000000 -5.000000 5.000000 -5.000000 5.000000 5.000000 -5.000000 -3.697227
305 1.6293379653 -4.881776 -5.000000 3.992183 -5.000000 -5.000000 5.000000 1.318352 5.000000 5.000000 5.000000 -5.000000 3.949429 5.000000 -5.000000 5.000000
306 1.7248194449 -4.923669 -5.000000 4.283779 -5.000000 5.000000 5.000000 -5.000000 5.000000 5.000000 5.000000 -5.000000 5.000000 4.995833 -5.000000 5.000000
307 1.6200105837 -4.568105 -5.000000 5.000000 -5.000000 -5.000000 5.000000 1.911077 -5.000000 -5.000000 -5.000000 -5.000000 -3.514480 -0.371319 5.000000 3.655220
308 1.7355753594 -5.000000 -5.000000 1.986791 5.000000 -5.000000 5.000000 -2.449153 5.000000 -5.000000 5.000000 -5.000000 4.777740 -5.000000 -5.000000 5.000000
309 1.6833250465 -3.036333 -5.000000 3.472670 -5.000000 -5.000000 5.000000 5.000000 5.000000 5.000000 1.450698 -5.000000 5.000000 -5.000000 -5.000000 5.000000
310 1.6960853729 -5.000000 -5.000000 5.000000 -5.000000 -5.000000 5.000000 5.000000 -5.000000 -5.000000 -5.000000 -5.000000 -3.809951 5.000000 5.000000 0.326175
311 1.7059712854 5.000000 5.000000 -5.000000 5.000000 5.000000 5.000000 2.043488 -5.000000 -5.000000 5.000000 -5.000000 5.000000 5.000000 -5.000000 3.355200
312 1.6204710442 -3.933025 -5.000000 5.000000 -5.000000 -5.000000 5.000000 -5.000000 -5.000000 -5.000000 5.000000 -5.000000 -2.282355 5.000000 -3.785805 5.000000
313 1.6681589611 -4.483090 -5.000000 5.000000 -5.000000 -0.421720 5.000000 -0.724542 -5.000000 5.000000 5.000000 -5.000000 0.492274 5.000000 -5.000000 5.000000
314 1.6004923136 -4.496600 -5.000000 2.537304 -5.000000 -5.000000 5.000000 -0.151814 -5.000000 5.000000 5.000000 -5.000000 -3.415720 5.000000 5.000000 5.000000
315 1.7336880577 -2.858598 5.000000 5.000000 -5.000000 -5.000000 5.000000 5.000000 -5.000000 5.000000 5.000000 -5.000000 -1.387468 -5.000000 5.000000 5.000000
316 1.5874515165 -3.876079 -3.163085 2.811227 -5.000000 -5.000000 5.000000 -5.000000 -5.000000 5.000000 5.000000 4.747554 -2.866404 5.000000 5.000000 5.000000
317 1.7557752669 -5.000000 -5.000000 -1.040634 4.972939 -5.000000 -2.339054 0.404097 5.000000 3.722198 -5.000000 5.000000 4.058635 -5.000000 5.000000 5.000000
318 1.5984917612 -4.077413 -5.000000 3.660051 -0.261307 -5.000000 5.000000 -5.000000 -5.000000 5.000000 5.000000 -5.000000 -2.974937 5.000000 4.875956 5.000000
319 1.6030341996 -4.179863 -5.000000 3.599744 -0.936340 -5.000000 5.000000 -5.000000 -1.553675 5.000000 5.000000 1.054598 -2.520123 3.256274 -0.019664 5.000000
320 1.7263935676 -3.382085 5.000000 1.763199 5.000000 -5.000000 5.000000 -5.000000 -5.000000 5.000000 5.000000 5.000000 -1.458910 5.000000 -1.037011 5.000000
321 1.6608072287 -4.744593 -5.000000 1.488748 -5.000000 -5.000000 5.000000 5.000000 -5.000000 5.000000 5.000000 -5.000000 2.723047 5.000000 -5.000000 2.533479
322 1.7308067997 -5.000000 -5.000000 5.000000 1.580403 -5.000000 4.507684 -0.521387 5.000000 4.852027 -5.000000 4.760990 5.000000 5.000000 3.492214 1.904342
323 1.6867559832 -3.321526 -5.000000 5.000000 -5.000000 5.000000 -2.781356 5.000000 -5.000000 -5.000000 5.000000 5.000000 -1.466380 5.000000 5.000000 5.000000
324 1.5892246799 -4.189828 -5.000000 4.420290 -5.000000 -5.000000 5.000000 -5.000000 -5.000000 5.000000 5.000000 5.000000 -3.175065 5.000000 5.000000 5.000000
325 1.6693490650 5.000000 5.000000 5.000000 5.000000 5.000000 4.350342 3.351068 -5.000000 -5.000000 5.000000 -5.000000 5.000000 -5.000000 -5.000000 0.986024
326 1.5967208578 -4.090371 -5.000000 5.000000 -5.000000 -5.000000 5.000000 -5.000000 -5.000000 5.000000 5.000000 0.416228 -2.988589 5.000000 5.000000 5.000000
327 1.5920128135 -4.134568 -5.000000 3.607507 -5.000000 -5.000000 5.000000 -5.000000 -5.000000 5.000000 5.000000 -5.000000 -2.702929 5.000000 5.000000 5.000000
328 1.5891142024 -4.181394 -5.000000 2.614981 -5.000000 -5.000000 5.000000 -5.000000 -5.000000 -5.000000 5.000000 -5.000000 -3.042676 5.000000 5.000000 5.000000
329 1.6013931850 -3.936133 -5.000000 3.208251 -5.000000 -5.000000 5.000000 -5.000000 -5.000000 5.000000 5.000000 -5.000000 -2.688196 5.000000 5.000000 5.000000
330 1.5973685560 -4.274601 -5.000000 3.302996 -5.000000 -5.000000 5.000000 -1.415252 -5.000000 -5.000000 5.000000 5.000000 -3.602009 5.000000 5.000000 5.000000
331 1.7292743657 5.000000 5.000000 -0.976762 5.000000 5.000000 5.000000 4.733216 -5.000000 -5.000000 5.000000 -5.000000 5.000000 -5.000000 -5.000000 3.827531
332 1.5814078098 -4.269825 -5.000000 3.082582 -5.000000 -5.000000 5.000000 -5.000000 -5.000000 5.000000 5.000000 5.000000 -3.257004 1.724981 5.000000 5.000000
333 1.7045200881 4.144603 5.000000 3.706545 -5.000000 5.000000 5.000000 2.653885 -5.000000 -5.000000 5.000000 -5.000000 5.000000 5.000000 -5.000000 0.950561
334 1.7681114816 3.420097 -2.798504 3.884461 -0.568352 5.000000 -0.572805 3.047660 -5.000000 5.000000 5.000000 -4.916969 5.000000 5.000000 -5.000000 5.000000
335 1.5774995148 -4.307775 -5.000000 2.201576 -5.000000 -5.000000 5.000000 -5.000000 -5.000000 5.000000 5.000000 5.000000 -4.036416 5.000000 5.000000 5.000000
336 1.6559679656 3.881721 5.000000 5.000000 5.000000 5.000000 5.000000 3.404609 -5.000000 -5.000000 5.000000 5.000000 5.000000 5.000000 -5.000000 -0.599205
337 1.5946909354 -4.322469 -5.000000 2.797636 -5.000000 -5.000000 5.000000 -5.000000 -5.000000 5.000000 5.000000 5.000000 -3.606115 5.000000 5.000000 5.000000
338 1.6158277887 -4.231666 -5.000000 1.909474 -5.000000 -5.000000 5.000000 -5.000000 4.418273 5.000000 5.000000 5.000000 -3.311388 5.000000 5.000000 5.000000
339 1.9741977666 -2.686890 5.000000 0.221320 -5.000000 5.000000 5.000000 5.000000 -5.000000 -5.000000 5.000000 5.000000 -1.689170 5.000000 5.000000 -5.000000
340 1.6507155140 -3.970599 -5.000000 2.121233 -5.000000 -0.949856 5.000000 -5.000000 -5.000000 -0.706044 5.000000 5.000000 -3.474145 5.000000 5.000000 5.000000
341 1.5959047913 -4.343863 -5.000000 3.841833 -5.000000 -5.000000 5.000000 -2.393296 -5.000000 5.000000 5.000000 1.382461 -3.533406 5.000000 5.000000 5.000000
342 2.1511524500 -4.660114 -5.000000 -4.999893 -5.000000 -5.000000 5.000000 -5.000000 -5.000000 5.000000 5.000000 5.000000 -5.000000 5.000000 5.000000 5.000000
343 1.7820468614 -3.957709 -5.000000 -3.105471 5.000000 -5.000000 5.000000 5.000000 -5.000000 5.000000 -4.991433 4.997797 2.643142 -5.000000 -5.000000 5.000000
344 1.6986931306 5.000000 5.000000 5.000000 5.000000 5.000000 5.000000 4.233268 -5.000000 -5.000000 5.000000 5.000000 5.000000 5.000000 -5.000000 5.000000
345 1.5955686394 -4.292563 -5.000000 3.763393 -5.000000 -5.000000 5.000000 -5.000000 -5.000000 3.128931 5.000000 2.210448 -2.851979 5.000000 5.000000 5.000000
346 1.5943733993 -4.392925 -5.000000 2.807140 -5.000000 -5.000000 5.000000 1.999738 -5.000000 -5.000000 5.000000 -5.000000 -3.273915 5.000000 5.000000 5.000000
347 1.5983924260 -4.251311 -5.000000 2.525235 -5.000000 -5.000000 5.000000 -5.000000 -5.000000 5.000000 5.000000 5.000000 -2.263364 5.000000 -5.000000 5.000000
348 1.6999566697 -5.000000 -5.000000 1.223192 4.980055 -5.000000 3.518638 0.328547 5.000000 5.000000 -5.000000 -5.000000 3.014943 5.000000 -5.000000 5.000000
349 1.5877153907 -4.346113 -5.000000 3.642337 -4.283470 -5.000000 5.000000 -5.000000 -5.000000 5.000000 5.000000 -5.000000 -2.925944 4.998572 2.609079 5.000000
350 1.7415023477 5.000000 5.000000 5.000000 5.000000 5.000000 -5.000000 5.000000 -5.000000 -5.000000 5.000000 5.000000 5.000000 5.000000 -5.000000 -0.837257
351 1.6283734389 -4.470535 -5.000000 3.739076 2.803790 -5.000000 5.000000 1.271899 -5.000000 4.974082 5.000000 -5.000000 -3.716107 5.000000 5.000000 0.859183
352 1.6666246073 -4.427351 0.918114 5.000000 -5.000000 -5.000000 5.000000 -5.000000 5.000000 -1.403738 -5.000000 -5.000000 5.000000 3.408144 5.000000 5.000000
353 1.5927272119 -4.247102 -1.775959 2.972217 -5.000000 -5.000000 5.000000 -5.000000 -5.000000 5.000000 5.000000 0.119240 -2.613487 5.000000 5.000000 5.000000
354 1.6377464681 -4.461623 -5.000000 2.767049 2.095126 -5.000000 5.000000 -5.000000 3.957204 5.000000 5.000000 -5.000000 -1.600857 1.731910 -5.000000 5.000000
355 1.6874875287 -3.643748 -5.000000 5.000000 -5.000000 5.000000 5.000000 -5.000000 -5.000000 5.000000 5.000000 5.000000 -2.405004 5.000000 -5.000000 5.000000
356 1.6123758910 -4.564337 -5.000000 2.904509 -5.000000 -5.000000 5.000000 5.000000 -5.000000 -5.000000 5.000000 -5.000000 -3.162763 -1.311250 5.000000 5.000000
357 1.6686558663 -4.521068 -5.000000 0.666411 -5.000000 -5.000000 5.000000 -0.089834 -0.339767 -5.000000 5.000000 -5.000000 4.170131 5.000000 5.000000 5.000000
358 1.7561671849 5.000000 5.000000 -5.000000 5.000000 5.000000 5.000000 4.509186 -5.000000 -5.000000 5.000000 5.000000 5.000000 5.000000 5.000000 -3.193533
359 1.6106293068 -4.614687 -5.000000 2.878137 -5.000000 -5.000000 5.000000 1.566845 -5.000000 -5.000000 5.000000 5.000000 -3.666690 5.000000 5.000000 5.000000
360 1.8268062088 3.484455 5.000000 -2.166334 -5.000000 5.000000 4.384309 1.679919 -5.000000 5.000000 5.000000 -5.000000 -0.047318 5.000000 5.000000 5.000000
361 1.5956984953 -4.278816 -5.000000 3.364796 -5.000000 -5.000000 5.000000 -1.975222 -5.000000 5.000000 5.000000 5.000000 -3.234748 5.000000 5.000000 5.000000
362 1.6704349453 -3.136168 -5.000000 5.000000 -5.000000 -5.000000 5.000000 5.000000 5.000000 -5.000000 -5.000000 5.000000 -1.874370 5.000000 5.000000 5.000000
363 1.9557510899 -4.227531 -5.000000 5.000000 5.000000 5.000000 5.000000 5.000000 -5.000000 -5.000000 -5.000000 -5.000000 -3.730295 5.000000 5.000000 -5.000000
364 2.0316114858 -4.894007 -5.000000 -5.000000 5.000000 -5.000000 5.000000 5.000000 -5.000000 -5.000000 -5.000000 5.000000 5.000000 5.000000 5.000000 -5.000000
365 1.6231569713 -3.484542 -5.000000 4.505412 -5.000000 -5.000000 5.000000 5.000000 5.000000 -5.000000 5.000000 5.000000 -2.494809 -0.759017 5.000000 5.000000
366 1.8134339313 -4.495524 -5.000000 5.000000 -5.000000 5.000000 -5.000000 5.000000 -5.000000 1.349420 5.000000 -5.000000 -0.799380 5.000000 5.000000 5.000000
367 1.6310386143 -4.355136 -5.000000 3.730016 -5.000000 -5.000000 5.000000 -1.618366 -5.000000 5.000000 5.000000 5.000000 -3.544591 5.000000 5.000000 2.982719
368 1.5934348947 -4.124828 -5.000000 2.346071 -5.000000 -5.000000 5.000000 5.000000 -1.601070 4.592063 5.000000 5.000000 -2.835544 5.000000 5.000000 5.000000
369 1.6518025850 -4.440785 -5.000000 2.222378 2.262012 -5.000000 5.000000 5.000000 0.388493 5.000000 5.000000 5.000000 0.355596 5.000000 -3.765930 5.000000
370 1.6353573789 -3.976787 -5.000000 2.828919 -5.000000 -5.000000 5.000000 5.000000 -5.000000 -5.000000 5.000000 4.680487 -2.730494 5.000000 5.000000 4.086007
371 1.7500427770 4.258460 5.000000 5.000000 5.000000 5.000000 -5.000000 2.244514 5.000000 -5.000000 -5.000000 -5.000000 -2.606457 5.000000 -5.000000 -1.854665
372 1.8666191450 3.523607 5.000000 3.157426 5.000000 -5.000000 5.000000 -0.418735 5.000000 -5.000000 5.000000 -5.000000 -0.904670 5.000000 -5.000000 -5.000000
373 1.6283389281 -4.450911 -5.000000 3.338031 -5.000000 -5.000000 5.000000 3.332049 -5.000000 5.000000 5.000000 -5.000000 -3.021002 5.000000 5.000000 2.882545
374 1.8186680775 5.000000 -5.000000 -5.000000 -5.000000 5.000000 5.000000 2.240558 -5.000000 -5.000000 5.000000 5.000000 1.718341 5.000000 5.000000 4.515032
375 1.5991663866 -4.015284 -5.000000 3.573266 -5.000000 -5.000000 5.000000 -5.000000 4.260259 5.000000 5.000000 -5.000000 -3.136414 1.364825 5.000000 5.000000
376 1.7430813717 -5.000000 -5.000000 5.000000 5.000000 -5.000000 5.000000 1.667283 -5.000000 -5.000000 5.000000 5.000000 -4.219903 -4.378093 5.000000 3.283595
377 1.6425654585 -4.733122 -5.000000 4.094464 -5.000000 -5.000000 5.000000 5.000000 5.000000 5.000000 5.000000 -5.000000 5.000000 5.000000 5.000000 5.000000
378 2.0865262942 3.497359 -5.000000 -5.000000 -5.000000 -5.000000 -5.000000 -3.361381 5.000000 5.000000 5.000000 5.000000 -5.000000 5.000000 -5.000000 5.000000
379 1.6162709650 -4.257025 -5.000000 3.866850 -5.000000 -5.000000 5.000000 2.971335 -5.000000 5.000000 5.000000 -5.000000 5.000000 5.000000 -5.000000 5.000000
380 1.7120515458 -3.136998 -5.000000 5.000000 -5.000000 -5.000000 -5.000000 5.000000 5.000000 5.000000 5.000000 5.000000 -1.381525 -5.000000 5.000000 5.000000
381 1.7668862234 -3.116451 -5.000000 -2.005102 -5.000000 5.000000 5.000000 5.000000 5.000000 5.000000 5.000000 5.000000 5.000000 5.000000 -5.000000 4.661507
382 1.7444412136 -2.898412 -5.000000 5.000000 -5.000000 5.000000 5.000000 5.000000 5.000000 -5.000000 5.000000 -5.000000 -1.866138 5.000000 -5.000000 5.000000
383 1.6042316343 -4.046230 -5.000000 3.441033 -5.000000 -5.000000 5.000000 0.078336 -5.000000 -4.478833 5.000000 -5.000000 -3.447487 5.000000 5.000000 5.000000
384 1.5924236092 -4.074584 -5.000000 3.748307 -5.000000 -5.000000 5.000000 -5.000000 -5.000000 5.000000 5.000000 5.000000 -3.319334 -1.309115 5.000000 5.000000
385 1.8079121383 4.869270 -5.000000 1.124423 5.000000 5.000000 -5.000000 0.361774 5.000000 -5.000000 -5.000000 -5.000000 -2.074927 5.000000 -5.000000 2.249416
386 1.5863778210 -4.145603 -5.000000 3.675000 -5.000000 -5.000000 5.000000 1.125279 -5.000000 5.000000 5.000000 5.000000 -3.291174 5.000000 5.000000 5.000000
387 1.5740006304 -4.182171 -5.000000 3.572090 -3.000810 -5.000000 5.000000 -5.000000 -5.000000 5.000000 5.000000 -5.000000 -2.601686 2.057081 2.171701 5.000000
388 1.5920128135 -4.243761 -5.000000 3.693594 -5.000000 -5.000000 5.000000 -5.000000 -5.000000 5.000000 5.000000 -5.000000 -2.503420 5.000000 5.000000 5.000000
389 1.5765910909 -4.181959 -5.000000 3.605077 -5.000000 -5.000000 1.699466 -5.000000 -5.000000 -0.157396 5.000000 -5.000000 -2.821882 3.608286 5.000000 5.000000
390 1.5986376668 -4.205266 -5.000000 3.820791 -5.000000 -5.000000 5.000000 -5.000000 -5.000000 5.000000 -2.584240 0.235315 -2.666347 5.000000 5.000000 5.000000
391 1.6328715435 -4.544131 -5.000000 2.571337 -5.000000 -5.000000 3.474920 0.077249 5.000000 5.000000 -1.931671 -5.000000 5.000000 1.494620 -0.154808 5.000000
392 1.5977342102 -4.258515 -5.000000 2.820241 0.303839 -5.000000 1.140163 -5.000000 -3.727155 5.000000 5.000000 -5.000000 -1.710049 -0.567635 5.000000 5.000000
393 1.8262387247 4.883698 5.000000 5.000000 5.000000 -5.000000 -5.000000 -1.216874 -5.000000 -5.000000 5.000000 -5.000000 -0.227727 5.000000 -5.000000 -0.405101
394 2.2039719848 5.000000 5.000000 -5.000000 -5.000000 -5.000000 -5.000000 -5.000000 -5.000000 -5.000000 5.000000 5.000000 5.000000 -5.000000 -5.000000 5.000000
395 1.7767291391 -3.775183 -5.000000 5.000000 -5.000000 5.000000 -4.829586 -4.999995 -0.312992 5.000000 5.000000 -5.000000 -3.552297 5.000000 5.000000 5.000000
396 1.7614541415 4.062157 5.000000 5.000000 5.000000 1.745602 -1.352119 3.025799 -5.000000 -5.000000 5.000000 5.000000 5.000000 5.000000 -5.000000 -5.000000
397 1.7385633334 5.000000 5.000000 -0.119679 5.000000 0.885939 5.000000 2.024996 -5.000000 -5.000000 5.000000 -5.000000 0.004960 5.000000 -5.000000 -1.442586
398 1.8562539355 -2.743767 5.000000 5.000000 -5.000000 5.000000 -4.999597 5.000000 5.000000 5.000000 5.000000 5.000000 5.000000 5.000000 -5.000000 5.000000
399 1.7156295613 5.000000 -5.000000 1.050667 5.000000 5.000000 5.000000 1.996356 -5.000000 -5.000000 5.000000 -5.000000 5.000000 5.000000 -5.000000 1.456862
400 1.5784122455 -4.161236 -5.000000 3.551306 -5.000000 -5.000000 5.000000 -5.000000 -5.000000 5.000000 5.000000 -5.000000 -2.706919 0.194650 5.000000 5.000000
401 1.5801630027 -4.157213 -5.000000 3.225005 -2.922248 -5.000000 5.000000 -5.000000 -5.000000 5.000000 5.000000 -5.000000 -1.732138 1.704818 2.083513 5.000000
402 1.6181676308 -4.610957 -5.000000 2.412914 -5.000000 -5.000000 5.000000 5.000000 -5.000000 5.000000 5.000000 5.000000 -3.212527 5.000000 5.000000 5.000000
403 1.6442334694 -4.827053 -5.000000 5.000000 -5.000000 -5.000000 5.000000 5.000000 -5.000000 5.000000 5.000000 -5.000000 5.000000 5.000000 -5.000000 5.000000
404 1.6073116975 -4.195015 -5.000000 3.455082 -0.493352 -5.000000 5.000000 -5.000000 -4.537683 2.477259 5.000000 -0.802380 -2.645053 5.000000 5.000000 5.000000
405 1.6829147769 -3.324523 -5.000000 -0.031901 -5.000000 -5.000000 4.828426 5.000000 5.000000 5.000000 5.000000 -5.000000 0.963893 -5.000000 5.000000 5.000000
406 1.5967720738 -4.247891 -5.000000 3.011201 -5.000000 -5.000000 5.000000 3.204219 5.000000 -5.000000 5.000000 5.000000 -3.548221 -0.288639 5.000000 5.000000
407 1.7682166572 5.000000 5.000000 2.438694 1.826714 5.000000 5.000000 2.124267 -5.000000 -5.000000 0.661680 -5.000000 3.657208 0.501244 -2.491824 0.737677
408 1.7560456213 -3.113204 -5.000000 -1.861407 -5.000000 -5.000000 -5.000000 5.000000 -5.000000 5.000000 -4.997646 -5.000000 4.119386 5.000000 5.000000 5.000000
409 1.7745979597 4.458542 5.000000 3.054122 -5.000000 5.000000 5.000000 1.328906 -5.000000 5.000000 -5.000000 -5.000000 -2.736049 5.000000 -5.000000 -0.566154
410 1.6679633547 -4.559049 -5.000000 4.032976 -5.000000 1.733744 5.000000 2.278789 -4.278129 5.000000 -5.000000 -5.000000 5.000000 5.000000 -5.000000 5.000000
411 1.6325556811 -4.234697 -5.000000 2.118930 -5.000000 -5.000000 5.000000 5.000000 5.000000 5.000000 -5.000000 5.000000 -3.411000 -5.000000 5.000000 5.000000
412 1.6317042617 -3.967591 -5.000000 3.356541 -5.000000 -5.000000 5.000000 5.000000 5.000000 -0.309771 5.000000 4.993517 -2.666777 5.000000 5.000000 5.000000
413 1.6642352148 -3.460625 -4.913188 3.295960 -5.000000 -5.000000 5.000000 5.000000 5.000000 5.000000 -5.000000 5.000000 -1.233627 -4.999391 -5.000000 5.000000
414 1.5844881116 -4.122846 -5.000000 3.324025 -5.000000 -5.000000 5.000000 -5.000000 -5.000000 -4.541218 5.000000 -5.000000 -3.029230 0.754121 5.000000 5.000000
415 1.5919670748 -4.267941 -5.000000 3.370170 -5.000000 -5.000000 5.000000 0.928065 3.461032 -5.000000 5.000000 -5.000000 -3.573832 5.000000 5.000000 3.180097
416 1.7529855148 -3.000182 -5.000000 5.000000 -5.000000 5.000000 5.000000 5.000000 -5.000000 5.000000 -5.000000 5.000000 -1.640546 -5.000000 5.000000 3.920816
417 1.6530133450 -3.889472 -5.000000 1.513645 -5.000000 -5.000000 4.848814 5.000000 5.000000 5.000000 5.000000 -5.000000 3.606840 5.000000 -5.000000 5.000000
418 1.7427526763 3.816976 5.000000 5.000000 5.000000 5.000000 -5.000000 2.794098 -5.000000 -5.000000 5.000000 5.000000 5.000000 -5.000000 5.000000 2.116910
419 1.6315843754 -4.394172 -5.000000 3.541911 0.701974 -5.000000 5.000000 -5.000000 -5.000000 5.000000 -5.000000 5.000000 -1.385135 2.780003 -4.567837 5.000000
420 1.5901592069 -4.103401 -2.470851 3.463317 -5.000000 -5.000000 5.000000 -5.000000 -5.000000 5.000000 5.000000 -3.045565 -2.196554 5.000000 5.000000 5.000000
421 1.7437701652 3.461191 -5.000000 -1.425294 3.923798 5.000000 -2.085280 5.000000 -5.000000 -5.000000 5.000000 5.000000 5.000000 5.000000 5.000000 3.631917
422 1.8255404102 -5.000000 -5.000000 -1.425348 5.000000 5.000000 5.000000 -5.000000 -5.000000 -5.000000 -5.000000 -5.000000 5.000000 -5.000000 5.000000 5.000000
423 1.7862952047 -4.671139 -5.000000 0.382233 -5.000000 -5.000000 5.000000 5.000000 -5.000000 -5.000000 -5.000000 -4.720880 -5.000000 -5.000000 5.000000 5.000000
424 1.5784790522 -4.164865 -5.000000 3.426358 -5.000000 -5.000000 5.000000 -5.000000 -1.685097 1.477075 5.000000 -1.165714 -3.047615 0.690898 5.000000 5.000000
425 1.8860820701 5.000000 -5.000000 5.000000 -5.000000 -5.000000 5.000000 0.820241 -5.000000 -5.000000 5.000000 5.000000 5.000000 -5.000000 -5.000000 5.000000
426 1.5747791041 -4.138632 -5.000000 3.430395 -5.000000 -5.000000 5.000000 -5.000000 -5.000000 5.000000 5.000000 -5.000000 -2.434752 2.066693 2.018378 5.000000
427 1.7112280317 -4.330797 -5.000000 5.000000 -5.000000 4.992754 5.000000 0.289378 -5.000000 5.000000 5.000000 -5.000000 5.000000 5.000000 -5.000000 -0.572742
428 1.9427915471 -2.479465 -5.000000 5.000000 5.000000 -5.000000 5.000000 2.358679 5.000000 5.000000 5.000000 -5.000000 5.000000 5.000000 5.000000 -5.000000
429 1.5784122455 -4.138194 -5.000000 3.274213 -5.000000 -5.000000 5.000000 -5.000000 -5.000000 5.000000 5.000000 -5.000000 -2.750891 0.355167 5.000000 5.000000
430 1.5771858320 -4.141661 -5.000000 3.256578 -5.000000 -5.000000 5.000000 -5.000000 -5.000000 2.334793 5.000000 -3.136747 -3.127792 0.538714 5.000000 5.000000
431 1.7889064448 5.000000 5.000000 5.000000 5.000000 5.000000 5.000000 4.380655 5.000000 5.000000 -5.000000 -5.000000 5.000000 -5.000000 -5.000000 4.148565
432 1.5749141940 -4.142743 -5.000000 3.336261 -5.000000 -5.000000 5.000000 -5.000000 -5.000000 5.000000 5.000000 -5.000000 -2.630138 2.022677 1.709124 5.000000
433 1.5701643753 -4.164204 -5.000000 3.308385 -5.000000 -5.000000 5.000000 -5.000000 -5.000000 5.000000 5.000000 -5.000000 -2.962428 0.718535 5.000000 5.000000
434 1.7315521545 4.169043 5.000000 0.977226 5.000000 5.000000 -5.000000 1.032737 -5.000000 -5.000000 5.000000 -5.000000 -1.753086 5.000000 -5.000000 5.000000
435 1.7087393698 -4.601422 -5.000000 1.362293 5.000000 -5.000000 -5.000000 -5.000000 -5.000000 -5.000000 5.000000 -5.000000 -0.582702 -5.000000 -5.000000 5.000000
436 1.7435621829 3.903891 5.000000 -5.000000 5.000000 5.000000 -5.000000 1.722062 -5.000000 -5.000000 5.000000 5.000000 0.461823 5.000000 -5.000000 2.924750
437 1.8723341116 5.000000 -5.000000 -5.000000 5.000000 5.000000 5.000000 3.086179 5.000000 5.000000 5.000000 -5.000000 5.000000 -5.000000 5.000000 3.144547
438 1.8753069785 -4.569623 -5.000000 5.000000 5.000000 -5.000000 -5.000000 -5.000000 5.000000 5.000000 5.000000 -5.000000 -3.543576 -5.000000 5.000000 -5.000000
439 1.7231407496 -3.758541 -5.000000 4.042695 -5.000000 3.429279 5.000000 5.000000 5.000000 -5.000000 5.000000 5.000000 -3.231740 -5.000000 5.000000 5.000000
440 1.6599896710 3.877955 5.000000 5.000000 5.000000 5.000000 2.485182 5.000000 -5.000000 -3.313145 5.000000 -5.000000 5.000000 5.000000 -5.000000 0.120828
441 1.9946025849 3.239392 -5.000000 5.000000 5.000000 5.000000 -5.000000 5.000000 -5.000000 -5.000000 -5.000000 -5.000000 -5.000000 5.000000 5.000000 5.000000
442 1.7387527135 -4.101926 -5.000000 5.000000 -5.000000 -5.000000 -5.000000 5.000000 -5.000000 -5.000000 5.000000 -5.000000 -0.559470 5.000000 -5.000000 -1.756765
443 1.5734637098 -4.171425 -5.000000 3.493690 -5.000000 -5.000000 5.000000 -5.000000 -5.000000 5.000000 5.000000 -5.000000 -3.333164 1.083077 5.000000 5.000000
444 1.6988913742 -4.688707 5.000000 2.783670 -5.000000 -5.000000 1.451414 2.684719 -5.000000 5.000000 5.000000 -5.000000 5.000000 5.000000 3.523859 5.000000
445 1.6632089821 -4.564963 -5.000000 3.622537 -5.000000 -5.000000 0.249941 5.000000 5.000000 5.000000 5.000000 5.000000 3.508818 -3.199388 -5.000000 5.000000
446 1.9377823054 4.108554 -5.000000 -5.000000 -5.000000 5.000000 -5.000000 1.585260 5.000000 5.000000 5.000000 -5.000000 -1.219985 5.000000 5.000000 2.780227
447 1.5701643753 -4.126218 -5.000000 3.396540 -5.000000 -5.000000 5.000000 -5.000000 -5.000000 5.000000 5.000000 -5.000000 -3.153810 0.201857 5.000000 5.000000
448 1.8433549564 5.000000 5.000000 -5.000000 5.000000 5.000000 5.000000 5.000000 -5.000000 -5.000000 5.000000 5.000000 -0.629624 -5.000000 5.000000 -0.667191
449 1.5765753892 -4.091094 -5.000000 3.207449 -5.000000 -5.000000 5.000000 -5.000000 -5.000000 5.000000 5.000000 -5.000000 -3.008980 -0.680368 5.000000 5.000000
450 1.5971594757 -3.985976 -5.000000 3.112866 -5.000000 -5.000000 5.000000 -5.000000 -5.000000 5.000000 5.000000 -5.000000 -3.034615 -4.944597 5.000000 5.000000
