evaluations raw_y x0 x1 x2 x3 x4 x5 x6 x7 x8 x9 x10 x11 x12 x13 x14
1 -5.6836519458 0.248928 0.248928 -0.248928 -0.248928 0.248928 0.248928 -0.248928 -0.248928 0.248928 -0.248928 -0.248928 0.248928 -0.248928 -0.248928 -0.248928
2 13.2282265422 -0.601231 -0.601231 0.601231 0.601231 -0.601231 -0.601231 0.601231 0.601231 -0.601231 0.601231 0.601231 -0.601231 0.601231 0.601231 0.601231
3 431.4827026016 -4.877833 -4.877833 4.877833 4.877833 -4.877833 -4.877833 4.877833 4.877833 -4.877833 4.877833 4.877833 -4.877833 4.877833 4.877833 4.877833
4 709.0288258888 4.605106 4.605106 -4.605106 -4.605106 4.605106 4.605106 -4.605106 -4.605106 4.605106 -4.605106 -4.605106 4.605106 -4.605106 -4.605106 -4.605106
5 98.0934268123 2.540968 2.540968 -2.540968 -2.540968 2.540968 2.540968 -2.540968 -2.540968 2.540968 -2.540968 -2.540968 2.540968 -2.540968 -2.540968 -2.540968
6 219.9382648207 -2.820915 -2.820915 2.820915 2.820915 -2.820915 -2.820915 2.820915 2.820915 -2.820915 2.820915 2.820915 -2.820915 2.820915 2.820915 2.820915
7 55.9782901148 -2.326088 -2.326088 2.326088 2.326088 -2.326088 -2.326088 2.326088 2.326088 -2.326088 2.326088 2.326088 -2.326088 2.326088 2.326088 2.326088
8 130.0614558836 1.981064 1.981064 -1.981064 -1.981064 1.981064 1.981064 -1.981064 -1.981064 1.981064 -1.981064 -1.981064 1.981064 -1.981064 -1.981064 -1.981064
9 29.0839314195 1.701131 1.701131 -1.701131 -1.701131 1.701131 1.701131 -1.701131 -1.701131 1.701131 -1.701131 -1.701131 1.701131 -1.701131 -1.701131 -1.701131
10 63.5606437117 -1.356181 -1.356181 1.356181 1.356181 -1.356181 -1.356181 1.356181 1.356181 -1.356181 1.356181 1.356181 -1.356181 1.356181 1.356181 1.356181
11 137.1660544191 -3.166006 -3.166006 3.166006 3.166006 -3.166006 -3.166006 3.166006 3.166006 -3.166006 3.166006 3.166006 -3.166006 3.166006 3.166006 3.166006
12 344.4660676295 3.446027 3.446027 -3.446027 -3.446027 3.446027 3.446027 -3.446027 -3.446027 3.446027 -3.446027 -3.446027 3.446027 -3.446027 -3.446027 -3.446027
13 248.4604802336 4.252870 4.252870 -4.252870 -4.252870 4.252870 4.252870 -4.252870 -4.252870 4.252870 -4.252870 -4.252870 4.252870 -4.252870 -4.252870 -4.252870
14 523.0352595785 -3.980218 -3.980218 3.980218 3.980218 -3.980218 -3.980218 3.980218 3.980218 -3.980218 3.980218 3.980218 -3.980218 3.980218 3.980218 3.980218
15 59.5479055104 -0.873970 -0.873970 0.873970 0.873970 -0.873970 -0.873970 0.873970 0.873970 -0.873970 0.873970 0.873970 -0.873970 0.873970 0.873970 0.873970
16 29.7410369713 1.226348 1.226348 -1.226348 -1.226348 1.226348 1.226348 -1.226348 -1.226348 1.226348 -1.226348 -1.226348 1.226348 -1.226348 -1.226348 -1.226348
17 -2.9107680657 0.714216 0.714216 -0.714216 -0.714216 0.714216 0.714216 -0.714216 -0.714216 0.714216 -0.714216 -0.714216 0.714216 -0.714216 -0.714216 -0.714216
18 31.2823569445 -1.072382 -1.072382 1.072382 1.072382 -1.072382 -1.072382 1.072382 1.072382 -1.072382 1.072382 1.072382 -1.072382 1.072382 1.072382 1.072382
19 274.2755235773 -4.093106 -4.093106 4.093106 4.093106 -4.093106 -4.093106 4.093106 4.093106 -4.093106 4.093106 4.093106 -4.093106 4.093106 4.093106 4.093106
20 470.4343527588 3.826261 3.826261 -3.826261 -3.826261 3.826261 3.826261 -3.826261 -3.826261 3.826261 -3.826261 -3.826261 3.826261 -3.826261 -3.826261 -3.826261
21 138.5282098229 3.324540 3.324540 -3.324540 -3.324540 3.324540 3.324540 -3.324540 -3.324540 3.324540 -3.324540 -3.324540 3.324540 -3.324540 -3.324540 -3.324540
22 388.1752713441 -3.598772 -3.598772 3.598772 3.598772 -3.598772 -3.598772 3.598772 3.598772 -3.598772 3.598772 3.598772 -3.598772 3.598772 3.598772 3.598772
23 45.2650719419 -1.859674 -1.859674 1.859674 1.859674 -1.859674 -1.859674 1.859674 1.859674 -1.859674 1.859674 1.859674 -1.859674 1.859674 1.859674 1.859674
24 69.3405227411 1.508917 1.508917 -1.508917 -1.508917 1.508917 1.508917 -1.508917 -1.508917 1.508917 -1.508917 -1.508917 1.508917 -1.508917 -1.508917 -1.508917
25 79.2525148965 2.484632 2.484632 -2.484632 -2.484632 2.484632 2.484632 -2.484632 -2.484632 2.484632 -2.484632 -2.484632 2.484632 -2.484632 -2.484632 -2.484632
26 139.6828429311 -2.133800 -2.133800 2.133800 2.133800 -2.133800 -2.133800 2.133800 2.133800 -2.133800 2.133800 2.133800 -2.133800 2.133800 2.133800 2.133800
27 80.7412970516 -2.699502 -2.699502 2.699502 2.699502 -2.699502 -2.699502 2.699502 2.699502 -2.699502 2.699502 2.699502 -2.699502 2.699502 2.699502 2.699502
28 251.3317901802 2.973660 2.973660 -2.973660 -2.973660 2.973660 2.973660 -2.973660 -2.973660 2.973660 -2.973660 -2.973660 2.973660 -2.973660 -2.973660 -2.973660
29 339.2522617836 4.718068 4.718068 -4.718068 -4.718068 4.718068 4.718068 -4.718068 -4.718068 4.718068 -4.718068 -4.718068 4.718068 -4.718068 -4.718068 -4.718068
30 663.4677245422 -4.451150 -4.451150 4.451150 4.451150 -4.451150 -4.451150 4.451150 4.451150 -4.451150 4.451150 4.451150 -4.451150 4.451150 4.451150 4.451150
31 88.7371140710 -0.089173 -0.089173 0.089173 0.089173 -0.089173 -0.089173 0.089173 0.089173 -0.089173 0.089173 0.089173 -0.089173 0.089173 0.089173 0.089173
32 -3.1936061769 0.447266 0.447266 -0.447266 -0.447266 0.447266 0.447266 -0.447266 -0.447266 0.447266 -0.447266 -0.447266 0.447266 -0.447266 -0.447266 -0.447266
33 -3.8716252768 0.551002 0.551002 -0.551002 -0.551002 0.551002 0.551002 -0.551002 -0.551002 0.551002 -0.551002 -0.551002 0.551002 -0.551002 -0.551002 -0.551002
34 10.0401135965 -0.278369 -0.278369 0.278369 0.278369 -0.278369 -0.278369 0.278369 0.278369 -0.278369 0.278369 0.278369 -0.278369 0.278369 0.278369 0.278369
35 381.9249302217 -4.554934 -4.554934 4.554934 4.554934 -4.554934 -4.554934 4.554934 4.554934 -4.554934 4.554934 4.554934 -4.554934 4.554934 4.554934 4.554934
36 764.4868268279 4.907292 4.907292 -4.907292 -4.907292 4.907292 4.907292 -4.907292 -4.907292 4.907292 -4.907292 -4.907292 4.907292 -4.907292 -4.907292 -4.907292
37 117.5348419913 2.862563 2.862563 -2.862563 -2.862563 2.862563 2.862563 -2.862563 -2.862563 2.862563 -2.862563 -2.862563 2.862563 -2.862563 -2.862563 -2.862563
38 195.9075156181 -2.517594 -2.517594 2.517594 2.517594 -2.517594 -2.517594 2.517594 2.517594 -2.517594 2.517594 2.517594 -2.517594 2.517594 2.517594 2.517594
39 38.6512308810 -2.022731 -2.022731 2.022731 2.022731 -2.022731 -2.022731 2.022731 2.022731 -2.022731 2.022731 2.022731 -2.022731 2.022731 2.022731 2.022731
40 146.7830720245 2.302772 2.302772 -2.302772 -2.302772 2.302772 2.302772 -2.302772 -2.302772 2.302772 -2.302772 -2.302772 2.302772 -2.302772 -2.302772 -2.302772
41 18.3642055700 1.397846 1.397846 -1.397846 -1.397846 1.397846 1.397846 -1.397846 -1.397846 1.397846 -1.397846 -1.397846 1.397846 -1.397846 -1.397846 -1.397846
42 71.7677516279 -1.677812 -1.677812 1.677812 1.677812 -1.677812 -1.677812 1.677812 1.677812 -1.677812 1.677812 1.677812 -1.677812 1.677812 1.677812 1.677812
43 173.1577636544 -3.487673 -3.487673 3.487673 3.487673 -3.487673 -3.487673 3.487673 3.487673 -3.487673 3.487673 3.487673 -3.487673 3.487673 3.487673 3.487673
44 318.8114832100 3.142630 3.142630 -3.142630 -3.142630 3.142630 3.142630 -3.142630 -3.142630 3.142630 -3.142630 -3.142630 3.142630 -3.142630 -3.142630 -3.142630
45 204.8402206957 3.930044 3.930044 -3.930044 -3.930044 3.930044 3.930044 -3.930044 -3.930044 3.930044 -3.930044 -3.930044 3.930044 -3.930044 -3.930044 -3.930044
46 110.4674438927 -0.722612 -0.722612 0.722612 0.722612 -0.722612 -0.722612 0.722612 0.722612 -0.722612 0.722612 0.722612 -0.722612 0.722612 0.722612 0.722612
47 8.1119823950 -0.450281 -0.450281 0.450281 0.450281 -0.450281 -0.450281 0.450281 0.450281 -0.450281 0.450281 0.450281 -0.450281 0.450281 0.450281 0.450281
48 -1.4462795533 0.079706 0.079706 -0.079706 -0.079706 0.079706 0.079706 -0.079706 -0.079706 0.079706 -0.079706 -0.079706 0.079706 -0.079706 -0.079706 -0.079706
49 8.8263785321 1.079583 1.079583 -1.079583 -1.079583 1.079583 1.079583 -1.079583 -1.079583 1.079583 -1.079583 -1.079583 1.079583 -1.079583 -1.079583 -1.079583
50 -2.9785575719 0.344908 0.344908 -0.344908 -0.344908 0.344908 0.344908 -0.344908 -0.344908 0.344908 -0.344908 -0.344908 0.344908 -0.344908 -0.344908 -0.344908
51 -3.5709738802 0.647742 0.647742 -0.647742 -0.647742 0.647742 0.647742 -0.647742 -0.647742 0.647742 -0.647742 -0.647742 0.647742 -0.647742 -0.647742 -0.647742
52 11.7409841983 -0.344277 -0.344277 0.344277 0.344277 -0.344277 -0.344277 0.344277 0.344277 -0.344277 0.344277 0.344277 -0.344277 0.344277 0.344277 0.344277
53 -1.2815579744 0.472825 0.472825 -0.472825 -0.472825 0.472825 0.472825 -0.472825 -0.472825 0.472825 -0.472825 -0.472825 0.472825 -0.472825 -0.472825 -0.472825
54 -4.8019580923 0.187776 0.187776 -0.187776 -0.187776 0.187776 0.187776 -0.187776 -0.187776 0.187776 -0.187776 -0.187776 0.187776 -0.187776 -0.187776 -0.187776
55 -4.9805681747 0.376461 0.376461 -0.376461 -0.376461 0.376461 0.376461 -0.376461 -0.376461 0.376461 -0.376461 -0.376461 0.376461 -0.376461 -0.376461 -0.376461
56 -5.4417222940 0.223585 0.223585 -0.223585 -0.223585 0.223585 0.223585 -0.223585 -0.223585 0.223585 -0.223585 -0.223585 0.223585 -0.223585 -0.223585 -0.223585
57 -5.4943590734 0.217081 0.217081 -0.217081 -0.217081 0.217081 0.217081 -0.217081 -0.217081 0.217081 -0.217081 -0.217081 0.217081 -0.217081 -0.217081 -0.217081
58 -3.8245911677 0.121056 0.121056 -0.121056 -0.121056 0.121056 0.121056 -0.121056 -0.121056 0.121056 -0.121056 -0.121056 0.121056 -0.121056 -0.121056 -0.121056
59 -5.4784606129 0.220499 0.220499 -0.220499 -0.220499 0.220499 0.220499 -0.220499 -0.220499 0.220499 -0.220499 -0.220499 0.220499 -0.220499 -0.220499 -0.220499
60 -5.6286379840 0.236517 0.236517 -0.236517 -0.236517 0.236517 0.236517 -0.236517 -0.236517 0.236517 -0.236517 -0.236517 0.236517 -0.236517 -0.236517 -0.236517
61 -5.6208175982 0.234880 0.234880 -0.234880 -0.234880 0.234880 0.234880 -0.234880 -0.234880 0.234880 -0.234880 -0.234880 0.234880 -0.234880 -0.234880 -0.234880
62 -5.5790863544 0.228142 0.228142 -0.228142 -0.228142 0.228142 0.228142 -0.228142 -0.228142 0.228142 -0.228142 -0.228142 0.228142 -0.228142 -0.228142 -0.228142
63 132.8288560434 1.875765 1.875765 -1.875765 -1.875765 -3.299850 -2.996366 3.299850 2.996366 -3.299850 2.996366 2.996366 -2.996366 -1.875765 3.299850 3.299850
64 160.2194836719 -3.866636 -3.866636 3.866636 3.866636 -2.724790 -0.408289 2.724790 0.408289 -2.724790 0.408289 0.408289 -0.408289 3.866636 2.724790 2.724790
65 321.1729415957 4.302665 4.302665 -4.302665 -4.302665 0.559632 -4.478134 -0.559632 4.478134 0.559632 4.478134 4.478134 -4.478134 -4.302665 -0.559632 -0.559632
66 208.1610622429 0.593947 0.593947 -0.593947 -0.593947 4.189128 2.268337 -4.189128 -2.268337 4.189128 -2.268337 -2.268337 2.268337 -0.593947 -4.189128 -4.189128
67 213.4482786448 -3.334037 -3.334037 3.334037 3.334037 0.390271 4.763050 -0.390271 -4.763050 0.390271 -4.763050 -4.763050 4.763050 3.334037 -0.390271 -0.390271
68 137.4724182252 -4.589993 -4.589993 4.589993 4.589993 0.451868 0.042476 -0.451868 -0.042476 0.451868 -0.042476 -0.042476 0.042476 4.589993 -0.451868 -0.451868
69 74.1244329820 0.395936 0.395936 -0.395936 -0.395936 -2.708037 0.248118 2.708037 -0.248118 -2.708037 -0.248118 -0.248118 0.248118 -0.395936 2.708037 2.708037
70 55.1648522103 0.697827 0.697827 -0.697827 -0.697827 2.389230 0.419966 -2.389230 -0.419966 2.389230 -0.419966 -0.419966 0.419966 -0.697827 -2.389230 -2.389230
71 202.5858550656 0.185914 0.185914 -0.185914 -0.185914 -4.878803 -1.056255 4.878803 1.056255 -4.878803 1.056255 1.056255 -1.056255 -0.185914 4.878803 4.878803
72 59.0761194773 -0.357500 -0.357500 0.357500 0.357500 0.204979 1.551234 -0.204979 -1.551234 0.204979 -1.551234 -1.551234 1.551234 0.357500 -0.204979 -0.204979
73 23.9713906263 1.290482 1.290482 -1.290482 -1.290482 0.293307 -1.168370 -0.293307 1.168370 0.293307 1.168370 1.168370 -1.168370 -1.290482 -0.293307 -0.293307
74 28.4492372658 2.304519 2.304519 -2.304519 -2.304519 -0.819787 0.209912 0.819787 -0.209912 -0.819787 -0.209912 -0.209912 0.209912 -2.304519 0.819787 0.819787
75 9.4983726680 1.408831 1.408831 -1.408831 -1.408831 0.227667 -0.338916 -0.227667 0.338916 0.227667 0.338916 0.338916 -0.338916 -1.408831 -0.227667 -0.227667
76 6.9660922042 -0.168333 -0.168333 0.168333 0.168333 0.952451 0.231990 -0.952451 -0.231990 0.952451 -0.231990 -0.231990 0.231990 0.168333 -0.952451 -0.952451
77 2.7795016798 0.228954 0.228954 -0.228954 -0.228954 0.940098 -0.457314 -0.940098 0.457314 0.940098 0.457314 0.457314 -0.457314 -0.228954 -0.940098 -0.940098
78 5.7016600260 -0.265178 -0.265178 0.265178 0.265178 0.248427 -0.072635 -0.248427 0.072635 0.248427 0.072635 0.072635 -0.072635 0.265178 -0.248427 -0.248427
79 1.3646346506 -0.353383 -0.353383 0.353383 0.353383 0.055576 0.262281 -0.055576 -0.262281 0.055576 -0.262281 -0.262281 0.262281 0.353383 -0.055576 -0.055576
80 -1.9401043945 0.941638 0.941638 -0.941638 -0.941638 0.260730 0.166463 -0.260730 -0.166463 0.260730 -0.166463 -0.166463 0.166463 -0.941638 -0.260730 -0.260730
81 -0.0903833458 -0.060146 -0.060146 0.060146 0.060146 0.242522 0.355163 -0.242522 -0.355163 0.242522 -0.355163 -0.355163 0.355163 0.060146 -0.242522 -0.242522
82 -3.8913446343 0.553913 0.553913 -0.553913 -0.553913 0.358041 0.254606 -0.358041 -0.254606 0.358041 -0.254606 -0.254606 0.254606 -0.553913 -0.358041 -0.358041
83 -3.6985211841 0.400122 0.400122 -0.400122 -0.400122 0.242499 0.070416 -0.242499 -0.070416 0.242499 -0.070416 -0.070416 0.070416 -0.400122 -0.242499 -0.242499
84 35.2873452439 2.147584 -2.840438 0.278028 0.278028 -0.107962 -1.413439 0.107962 -3.101844 0.074678 -0.111216 -0.111216 -1.413439 -2.147584 0.261525 0.261525
85 152.5313993926 -4.382066 3.012515 0.493946 0.493946 0.352332 -3.454075 -0.352332 3.125739 -0.607439 -3.075579 -3.075579 -3.454075 4.382066 0.941589 0.941589
86 166.5737284455 0.170440 -1.985738 -4.288415 -4.288415 0.411410 4.226364 -0.411410 2.730379 -1.922218 0.837003 0.837003 4.226364 -0.170440 -0.292286 -0.292286
87 104.8623796519 1.629897 1.752627 -4.651866 -4.651866 0.168433 0.616481 -0.168433 -4.012947 0.736300 -0.419582 -0.419582 0.616481 -1.629897 0.646019 0.646019
88 62.4290238729 -0.240652 -3.608865 -2.328823 -2.328823 1.149408 -0.336529 -1.149408 0.356854 -2.693246 -2.290906 -2.290906 -0.336529 0.240652 -0.259981 -0.259981
89 124.2428329269 2.425594 -0.665808 3.321458 3.321458 4.319112 0.994566 -4.319112 -0.815812 0.306910 0.591985 0.591985 0.994566 -2.425594 2.289355 2.289355
90 183.4833631072 -2.676957 1.968610 0.378538 0.378538 -3.540553 -1.548983 3.540553 -4.642416 0.245511 0.198181 0.198181 -1.548983 2.676957 4.867576 4.867576
91 232.0250477075 0.460363 1.643797 -4.712834 -4.712834 -0.996638 3.737749 0.996638 4.164764 0.369578 1.874826 1.874826 3.737749 -0.460363 -3.285331 -3.285331
92 128.5706218172 -2.323740 -2.065804 -0.927973 -0.927973 4.321367 3.514302 -4.321367 3.017004 3.385211 0.654558 0.654558 3.514302 2.323740 -0.347349 -0.347349
93 74.1494492960 1.293322 -4.575794 -2.031559 -2.031559 0.284758 3.433091 -0.284758 2.378291 1.244619 -0.344080 -0.344080 3.433091 -1.293322 -0.495949 -0.495949
94 81.0508182424 -2.982196 1.431140 -1.529318 -1.529318 2.551531 -1.112217 -2.551531 2.713883 0.260202 -1.462362 -1.462362 -1.112217 2.982196 -2.685257 -2.685257
95 139.5067182392 4.994602 0.278274 -1.657732 -1.657732 0.208924 -3.103595 -0.208924 -3.137444 -3.068656 -1.157032 -1.157032 -3.103595 -4.994602 -1.150903 -1.150903
96 85.3999693127 -2.057512 4.486037 -2.026696 -2.026696 0.306733 -0.119136 -0.306733 -1.953573 -2.155448 -1.028574 -1.028574 -0.119136 2.057512 -1.927628 -1.927628
97 77.9270559804 -0.371474 2.610997 3.048576 3.048576 2.676709 -0.248227 -2.676709 0.232322 0.294042 2.280018 2.280018 -0.248227 0.371474 -2.435481 -2.435481
98 93.4455732854 -3.080021 4.173681 1.114980 1.114980 1.594170 -1.496943 -1.594170 4.026736 0.259090 0.691587 0.691587 -1.496943 3.080021 0.648408 0.648408
99 168.4562542549 -4.189259 -4.595587 -0.664003 -0.664003 0.290566 0.927119 -0.290566 -4.568381 3.785979 0.346232 0.346232 0.927119 4.189259 -2.059288 -2.059288
100 73.6045657818 -1.127796 -3.203614 -0.218929 -0.218929 0.306197 -1.597254 -0.306197 3.779994 -1.329201 0.418775 0.418775 -1.597254 1.127796 0.947801 0.947801
101 101.4019627445 -2.802633 4.057010 -1.108019 -1.108019 2.512817 1.322080 -2.512817 -1.758114 4.599780 -0.531368 -0.531368 1.322080 2.802633 -0.229065 -0.229065
102 16.0400868503 -1.542541 1.561491 -0.349138 -0.349138 0.234042 1.246523 -0.234042 1.011845 2.135627 -0.749253 -0.749253 1.246523 1.542541 -1.253620 -1.253620
103 46.5744656146 -0.192472 -2.895608 -2.515782 -2.515782 1.318616 0.082281 -1.318616 1.382717 0.268083 -0.051785 -0.051785 0.082281 0.192472 0.541652 0.541652
104 32.7159504522 0.822839 -1.722673 0.972873 0.972873 1.723044 0.475470 -1.723044 -0.130198 0.224475 -1.427903 -1.427903 0.475470 -0.822839 -1.695018 -1.695018
105 48.6779814453 2.126608 3.348957 0.283158 0.283158 1.919496 1.639578 -1.919496 -2.099601 -1.099449 0.021735 0.021735 1.639578 -2.126608 -0.253266 -0.253266
106 49.8065279761 -1.335412 4.067711 -0.517083 -0.517083 -1.487662 0.486812 1.487662 -2.899375 -1.547876 -1.881772 -1.881772 0.486812 1.335412 -0.245173 -0.245173
107 48.0734596931 1.321358 1.745699 0.596217 0.596217 0.238286 1.798308 -0.238286 1.362078 2.635166 -0.037947 -0.037947 1.798308 -1.321358 0.345937 0.345937
108 15.3201802567 1.702567 -3.126237 -0.877863 -0.877863 -0.026756 -1.159801 0.026756 2.217143 2.714971 -0.492346 -0.492346 -1.159801 -1.702567 -0.246874 -0.246874
109 44.7339449150 0.874052 3.466515 -0.637926 -0.637926 -1.557618 1.167462 1.557618 1.831021 0.228217 0.090348 0.090348 1.167462 -0.874052 1.182038 1.182038
110 51.0778009205 -2.873601 -4.082389 -0.513689 -0.513689 -0.857524 -0.596965 0.857524 -2.240983 -1.177759 0.004971 0.004971 -0.596965 2.873601 -0.252039 -0.252039
111 9.5332789564 -0.006795 -2.036533 -1.060949 -1.060949 -0.675003 0.399604 0.675003 -1.315529 1.606722 -0.269622 -0.269622 0.399604 0.006795 -0.247386 -0.247386
112 -9.6845693795 0.807408 -1.681711 -0.134423 -0.134423 -1.063171 -0.302090 1.063171 0.640161 0.248792 -0.294465 -0.294465 -0.302090 -0.807408 -0.806841 -0.806841
113 12.1292460207 1.888248 -0.588761 0.110596 0.110596 -1.057129 -0.297748 1.057129 0.366288 1.445642 -0.066709 -0.066709 -0.297748 -1.888248 0.152139 0.152139
114 -17.4249129290 -0.160581 -0.761096 -0.263778 -0.263778 -1.058340 -0.197536 1.058340 1.635678 -0.940793 -0.750599 -0.750599 -0.197536 0.160581 -0.220557 -0.220557
115 -15.0400151501 0.436167 1.309212 -0.632839 -0.632839 -1.098448 -0.804039 1.098448 2.135421 -0.941940 -0.649329 -0.649329 -0.804039 -0.436167 -0.434411 -0.434411
116 7.4766376270 0.351781 -2.127546 -0.611539 -0.611539 -1.065151 -0.151635 1.065151 2.659430 -2.117515 -0.004518 -0.004518 -0.151635 -0.351781 -1.009256 -1.009256
117 12.7841778468 0.712044 1.003756 0.053654 0.053654 -0.397648 -0.017575 0.397648 3.292132 -0.938615 -0.663007 -0.663007 -0.017575 -0.712044 0.222721 0.222721
118 -8.4634894120 0.029089 -1.918980 -0.599973 -0.599973 -0.261507 -0.894276 0.261507 -0.068315 -0.946118 -0.557726 -0.557726 -0.894276 -0.029089 0.357160 0.357160
119 6.0298595689 -0.716641 0.343864 -0.528471 -0.528471 -2.360574 0.580324 2.360574 -0.027914 -0.941349 -0.793814 -0.793814 0.580324 0.716641 -0.764395 -0.764395
120 1.2155175264 -0.311172 -2.750158 -0.424477 -0.424477 -1.937127 -0.377270 1.937127 2.559856 -0.944202 -1.364980 -1.364980 -0.377270 0.311172 -0.642577 -0.642577
121 14.9741827066 -1.420835 0.987146 -0.373911 -0.373911 -2.280010 -0.297713 2.280010 1.544832 -0.948112 0.370041 0.370041 -0.297713 1.420835 0.030500 0.030500
122 7.4943879578 0.312392 -4.032266 -0.304740 -0.304740 -1.235777 -0.519994 1.235777 0.839292 -0.932754 -0.541909 -0.541909 -0.519994 -0.312392 -0.972650 -0.972650
123 14.8948541094 -0.422925 0.838072 -0.160527 -0.160527 -1.051134 0.010429 1.051134 0.161957 -2.481678 -1.342238 -1.342238 0.010429 0.422925 -1.201674 -1.201674
124 -0.8863616942 -0.247650 0.146488 -1.042329 -1.042329 -1.003682 -0.244334 1.003682 1.467447 -0.945580 -1.226642 -1.226642 -0.244334 0.247650 0.586760 0.586760
125 -15.5314397415 0.302232 0.129403 -0.134994 -0.134994 -0.139246 -0.354072 0.139246 1.512449 -0.941942 -0.838510 -0.838510 -0.354072 -0.302232 -0.841589 -0.841589
126 -0.8898538461 -0.239182 0.276438 -0.128180 -0.128180 -2.239385 -0.447302 2.239385 1.830895 -0.944778 -0.805460 -0.805460 -0.447302 0.239182 0.617938 0.617938
127 -10.5091439634 0.032178 -0.762773 -0.446913 -0.446913 -2.219472 -0.073145 2.219472 0.451803 -0.943680 -0.665094 -0.665094 -0.073145 -0.032178 -0.569491 -0.569491
128 -16.5888900090 -0.428700 -1.108157 -0.363405 -0.363405 0.150242 -0.380012 -0.150242 2.514679 -0.936600 -0.633656 -0.633656 -0.380012 0.428700 -0.570306 -0.570306
129 -1.1952755128 -0.860249 -1.106758 -0.381011 -0.381011 -2.873404 -0.930619 2.873404 1.691739 -0.935759 -0.759892 -0.759892 -0.930619 0.860249 -0.048321 -0.048321
130 -7.9118017879 0.230687 -2.146846 -0.185113 -0.185113 -1.282494 -0.116755 1.282494 2.104073 -1.086813 -0.224806 -0.224806 -0.116755 -0.230687 -0.218012 -0.218012
131 -0.6428971973 -0.095179 0.729921 0.289650 0.289650 -0.225010 -0.772717 0.225010 0.304141 -0.937878 -0.692162 -0.692162 -0.772717 0.095179 -0.121365 -0.121365
132 -8.1144281465 0.260224 -0.497512 -0.423225 -0.423225 -0.263030 0.611247 0.263030 1.898414 -0.946689 -0.791037 -0.791037 0.611247 -0.260224 0.001035 0.001035
133 -22.5239269035 -0.109745 -0.351582 -0.406764 -0.406764 -1.442183 -0.318076 1.442183 2.081409 -0.929324 -0.755841 -0.755841 -0.318076 0.109745 -0.219037 -0.219037
134 -22.1342836442 0.064059 -0.416688 -0.495932 -0.495932 -1.488031 -0.530740 1.488031 1.949322 -0.926262 -0.695433 -0.695433 -0.530740 -0.064059 -0.461299 -0.461299
135 -12.7798843516 -0.070009 0.178663 -0.543008 -0.543008 -1.835240 -0.399219 1.835240 1.827030 -1.279440 -0.711622 -0.711622 -0.399219 0.070009 -0.218454 -0.218454
136 -20.7740774450 -0.293123 -0.077265 -0.494356 -0.494356 -1.164071 -0.265517 1.164071 2.385218 -0.934472 -0.838410 -0.838410 -0.265517 0.293123 -0.217997 -0.217997
137 -14.6744745712 0.075589 0.607728 -0.317535 -0.317535 -1.871347 -0.291395 1.871347 2.322167 -0.819989 -0.802284 -0.802284 -0.291395 -0.075589 -0.217440 -0.217440
138 -19.9889156767 0.235102 -0.377639 -0.433622 -0.433622 -1.508970 -0.253219 1.508970 2.658454 -0.889233 -0.890290 -0.890290 -0.253219 -0.235102 -0.217126 -0.217126
139 -19.9085474445 0.284823 -0.451684 -0.427787 -0.427787 -1.331121 -0.376730 1.331121 2.658934 -0.243287 -0.729598 -0.729598 -0.376730 -0.284823 -0.220635 -0.220635
140 -18.7838098363 0.063348 -0.217094 -0.333634 -0.333634 -1.316762 -0.300557 1.316762 2.509571 -1.599861 -0.715742 -0.715742 -0.300557 -0.063348 -0.221214 -0.221214
141 -20.8040728284 0.004942 -0.144065 -0.356436 -0.356436 -1.311688 -0.293184 1.311688 2.685052 -0.746076 -0.851734 -0.851734 -0.293184 -0.004942 -0.217036 -0.217036
142 -25.1017332216 -0.536575 -0.394761 -0.318851 -0.318851 -0.853633 -0.317200 0.853633 1.869639 -0.918385 -0.801440 -0.801440 -0.317200 0.536575 -0.190906 -0.190906
143 -18.9386452696 -0.621278 -0.243724 -0.380419 -0.380419 -0.928802 -0.271826 0.928802 2.505760 -1.666288 -0.903343 -0.903343 -0.271826 0.621278 -0.189690 -0.189690
144 -21.6521062354 -0.124972 -0.530924 -0.386846 -0.386846 -0.848096 -0.367579 0.848096 1.092398 -0.355318 -0.711397 -0.711397 -0.367579 0.124972 -0.192674 -0.192674
145 -20.5908536673 -0.577465 -0.929293 -0.402286 -0.402286 -0.851808 -0.460522 0.851808 1.518534 -1.350646 -0.848688 -0.848688 -0.460522 0.577465 -0.326822 -0.326822
146 -17.7304203024 -0.551266 0.365872 -0.317030 -0.317030 -0.845612 -0.608699 0.845612 2.403093 -0.647302 -0.779788 -0.779788 -0.608699 0.551266 -0.189270 -0.189270
147 -19.3729079619 -0.539274 0.409037 -0.352498 -0.352498 -0.378152 -0.376395 0.378152 2.083577 -0.473298 -0.606258 -0.606258 -0.376395 0.539274 -0.191483 -0.191483
148 -22.1693695886 -0.493770 -0.903668 -0.363307 -0.363307 -0.380261 -0.330031 0.380261 2.082266 -1.309728 -0.548094 -0.548094 -0.330031 0.493770 -0.192154 -0.192154
149 -23.0544819426 -0.676569 -0.603815 -0.275250 -0.275250 -0.996725 -0.396738 0.996725 2.187333 -0.535753 -0.742913 -0.742913 -0.396738 0.676569 -0.190833 -0.190833
150 -22.9211221595 -0.704055 -0.393083 -0.130315 -0.130315 -0.352499 -0.416115 0.352499 2.083191 -0.601473 -0.840143 -0.840143 -0.416115 0.704055 -0.224140 -0.224140
151 -23.2690430186 -1.189475 -0.680700 -0.226158 -0.226158 -0.247500 -0.314992 0.247500 1.826137 -0.825639 -0.842590 -0.842590 -0.314992 1.189475 -0.144944 -0.144944
152 -24.6963044328 -0.637083 -0.484936 -0.358385 -0.358385 -0.813715 -0.339048 0.813715 2.078423 -0.771452 -0.780531 -0.780531 -0.339048 0.637083 -0.189929 -0.189929
153 -23.8300214676 -0.868158 -0.473545 -0.333961 -0.333961 -0.757177 -0.293738 0.757177 1.930192 -0.818012 -0.848075 -0.848075 -0.293738 0.868158 -0.192094 -0.192094
154 -22.5294339575 -0.780521 -0.323493 -0.402318 -0.402318 -0.587075 -0.324419 0.587075 1.611899 -0.746865 -0.801653 -0.801653 -0.324419 0.780521 -0.192683 -0.192683
155 -24.5373491417 -0.570706 -0.625009 -0.295956 -0.295956 -0.599172 -0.313331 0.599172 1.935592 -0.755319 -0.628413 -0.628413 -0.313331 0.570706 -0.191003 -0.191003
156 -24.8977317269 -0.587130 -0.484736 -0.349559 -0.349559 -0.783521 -0.323847 0.783521 1.979862 -0.755488 -0.937873 -0.937873 -0.323847 0.587130 -0.190580 -0.190580
157 -24.6101224891 -0.624684 -0.461872 -0.318490 -0.318490 -0.889286 -0.291275 0.889286 2.020340 -0.646830 -0.936582 -0.936582 -0.291275 0.624684 -0.190073 -0.190073
158 -21.9998064603 -0.571703 -0.395349 -0.208097 -0.208097 -0.852016 -0.370095 0.852016 1.620032 -1.045067 -0.792698 -0.792698 -0.370095 0.571703 -0.141231 -0.141231
159 -23.1528098902 -0.856323 -0.579270 -0.274935 -0.274935 -0.593612 -0.315984 0.593612 1.823081 -0.879555 -0.842230 -0.842230 -0.315984 0.856323 -0.202744 -0.202744
160 -25.7211439107 -0.160233 -0.459301 -0.357793 -0.357793 -0.817017 -0.349896 0.817017 2.016910 -0.835677 -0.855901 -0.855901 -0.349896 0.160233 -0.191566 -0.191566
161 -24.4799358025 -0.213249 -0.460383 -0.435500 -0.435500 -0.501774 -0.393098 0.501774 2.294013 -0.738111 -0.852180 -0.852180 -0.393098 0.213249 -0.161086 -0.161086
162 -23.0085659402 -0.306815 -0.459209 -0.462703 -0.462703 -1.109118 -0.399570 1.109118 2.159723 -0.961442 -0.838713 -0.838713 -0.399570 0.306815 -0.141406 -0.141406
163 -24.2051906808 -0.151493 -0.458930 -0.320726 -0.320726 -0.429091 -0.335524 0.429091 2.327695 -1.086741 -0.876093 -0.876093 -0.335524 0.151493 -0.240623 -0.240623
164 -24.2230260292 0.172718 -0.555619 -0.193844 -0.193844 -0.807612 -0.350869 0.807612 1.973405 -0.788784 -0.899930 -0.899930 -0.350869 -0.172718 -0.178375 -0.178375
165 -24.2266882592 -0.278001 -0.548642 -0.343042 -0.343042 -0.864212 -0.365728 0.864212 2.254918 -0.577295 -0.955602 -0.955602 -0.365728 0.278001 -0.190755 -0.190755
166 -25.8016085289 -0.123018 -0.459831 -0.426889 -0.426889 -0.425769 -0.375397 0.425769 1.919985 -0.726778 -0.864196 -0.864196 -0.375397 0.123018 -0.233585 -0.233585
167 -24.4883166071 0.457393 -0.562902 -0.470768 -0.470768 -0.287580 -0.411834 0.287580 1.844234 -0.777957 -0.886383 -0.886383 -0.411834 -0.457393 -0.233790 -0.233790
168 -23.7335695162 -0.114155 -0.411966 -0.430229 -0.430229 -0.445853 -0.410844 0.445853 1.704362 -0.385187 -0.935291 -0.935291 -0.410844 0.114155 -0.232631 -0.232631
169 -25.5229947445 -0.069245 -0.432129 -0.385586 -0.385586 -0.398693 -0.377712 0.398693 2.176101 -0.433689 -0.904833 -0.904833 -0.377712 0.069245 -0.232839 -0.232839
170 -25.3131278914 -0.010978 -0.453454 -0.390583 -0.390583 -0.381103 -0.404834 0.381103 2.172923 -0.777839 -0.933091 -0.933091 -0.404834 0.010978 -0.232973 -0.232973
171 -25.4600086131 0.338112 -0.380525 -0.442384 -0.442384 -0.299434 -0.349662 0.299434 2.058283 -0.770474 -0.911684 -0.911684 -0.349662 -0.338112 -0.232641 -0.232641
172 -23.5225974792 -0.735280 -0.460613 -0.521129 -0.521129 -0.092491 -0.356193 0.092491 1.841597 -0.735272 -0.872750 -0.872750 -0.356193 0.735280 -0.281893 -0.281893
173 -25.1291067897 -0.586420 -0.493593 -0.471499 -0.471499 -0.297933 -0.391683 0.297933 1.995142 -0.654177 -0.921237 -0.921237 -0.391683 0.586420 -0.232459 -0.232459
174 -24.6811354092 0.036786 -0.459868 -0.365910 -0.365910 -0.151757 -0.388937 0.151757 1.915078 -0.618699 -0.426486 -0.426486 -0.388937 -0.036786 -0.251613 -0.251613
175 -22.7937295822 0.159076 -0.459564 -0.217009 -0.217009 -0.462625 -0.354982 0.462625 1.926324 -0.821021 -1.062165 -1.062165 -0.354982 -0.159076 -0.249146 -0.249146
176 88.9645462408 -3.893029 1.924057 0.342534 0.268449 1.790166 -1.798399 -2.511848 4.126084 1.745314 2.668802 -3.373283 2.759168 -0.765840 -0.258798 -0.157123
177 208.2362717760 3.145649 -4.771274 -3.124333 -2.391463 4.076128 -0.323555 4.399009 3.372577 4.105467 -1.931020 3.419949 1.513863 1.776465 -2.068462 -0.053350
178 234.5421680017 1.205751 4.333782 -3.140456 -3.305180 -1.509297 1.430437 4.827239 3.970252 -4.794734 3.804563 -3.389771 -4.320002 -0.891332 -0.070145 -0.185453
179 214.0915506180 -0.858935 -2.532831 -4.220297 0.839297 3.819606 -1.556107 -4.924117 -3.225988 2.352896 2.574338 -0.921047 3.804226 -3.100946 0.891241 -0.192255
180 145.0880343227 -1.689109 1.413897 2.347438 -2.739586 4.939921 3.286560 -2.900215 3.163351 2.392758 -1.152035 4.470646 -0.078544 -3.481606 -0.487863 -0.281366
181 131.5446078395 -0.083383 0.078227 0.864073 -2.172415 -2.768585 3.875674 -3.561144 3.688567 -1.188973 -0.991725 -4.536430 -0.227279 2.399120 -0.245729 1.612174
182 64.7292933733 -1.304617 -0.704619 -0.605006 -1.331053 0.226490 3.581964 -3.134159 1.591641 -3.412765 -1.299749 -0.136681 -2.144443 -3.499892 -0.263097 2.297020
183 150.6003722274 -1.120727 3.810152 -4.169828 1.490936 -2.433537 -3.975079 -4.043515 3.604942 -4.274185 0.056280 -3.028552 -2.258479 0.830243 -0.287435 0.396400
184 101.8229895406 0.071686 -2.812036 3.692647 -0.169445 -2.758601 -0.517399 -3.063056 2.085709 -0.261954 2.567285 -1.980444 -1.316037 -4.144355 2.041215 -0.259274
185 152.0818272193 3.317182 0.625273 0.154215 1.453926 1.337640 -0.923622 3.869854 3.543700 0.147312 3.176670 -3.322936 0.854509 4.925564 -1.101603 -0.183637
186 147.5248590403 -0.317771 -1.325944 -2.673999 4.004456 -3.448441 -0.078065 -2.803105 0.372525 1.009573 -2.671031 4.117710 1.829663 0.188847 -0.195123 3.302005
187 97.1903889351 -0.965353 -3.292983 -1.495676 -2.584589 0.428967 1.572111 -0.788392 2.817444 2.620621 -0.318493 -0.664355 -0.494613 -4.422588 -0.267241 -3.537363
188 115.9316588192 2.733554 -0.465961 -2.667244 2.890672 -0.313061 -1.661801 3.048906 2.305455 -3.689428 -4.035390 -1.759827 1.187564 0.805315 -0.500942 2.194768
189 126.4795535632 1.407351 -0.442969 -2.367235 4.412554 -2.257097 2.416433 -3.474678 -4.187396 1.638943 -1.418545 -0.122584 -2.098960 0.456197 2.310910 -2.079648
190 106.3348534269 -1.275899 -0.437043 -0.937318 2.282925 -1.431934 -2.261587 3.695674 0.290407 2.582034 1.396258 -1.327403 3.089159 3.138211 -3.738188 -0.027817
191 82.0481505992 -0.783871 -0.460582 1.249978 -2.668846 -2.290339 0.930811 0.370972 1.631771 -0.649186 -3.084505 -0.982485 -0.821455 -4.099870 -1.999689 -1.351579
192 80.1479346540 3.922301 1.353770 0.322844 -0.829401 -0.363659 -1.268982 -4.902880 2.031100 -2.348446 -0.978762 0.319139 -0.148824 -3.671020 -2.082191 -0.250180
193 76.9017802820 3.393684 -0.473068 0.738876 -2.511964 1.421613 2.159526 -0.450466 2.571538 -3.198959 -0.675940 -0.034990 -1.522554 -4.974810 -3.183957 0.292202
194 102.2421291113 4.641808 -0.476679 0.074097 -3.399813 2.566578 -0.795269 -4.104564 3.662559 0.817315 -1.311856 -1.443286 0.996169 1.419054 0.899754 0.853779
195 104.8708556873 -1.131081 -0.458401 2.029722 -0.813379 0.991832 -3.319532 -4.950391 -4.019155 -3.119897 -0.468594 -0.995995 -1.143023 -3.383148 0.948760 -0.854795
196 88.1659591757 -0.785982 -0.479967 3.068336 -2.172470 3.884606 0.160300 -3.352804 -2.393149 -1.952646 -0.947058 -2.506364 -2.394893 -4.364625 1.269578 0.463674
197 87.3366818272 0.759192 -0.440653 -3.369728 -0.706009 1.460541 -1.995751 0.282611 1.671866 -2.543999 -0.964415 1.142754 1.173723 0.693482 -2.407926 -1.387870
198 64.2566177901 3.877108 2.228131 -0.367287 0.176382 -2.584139 -0.387183 0.123785 1.086781 -1.812807 0.341749 -2.773340 -1.590274 2.572194 -0.756132 0.640224
199 94.1150061220 -3.999106 -0.059538 -2.265708 0.116656 0.822164 -1.237973 4.321917 -0.401158 0.320309 -1.961398 1.274424 -1.417048 2.246799 -0.224317 -2.017539
200 84.6457735448 4.351411 -0.475463 -3.659485 1.216713 1.892037 -1.215891 0.736049 3.555292 -1.764415 -1.085843 -1.051966 -1.039225 1.950145 2.400170 -2.228631
201 84.2570978613 -0.837131 -1.419506 -3.576680 0.100777 2.214770 -1.361918 2.078884 3.805734 -0.431186 -1.140927 -3.989022 -0.905403 -4.885363 0.623579 -0.221173
202 72.2473096952 0.400896 0.607718 -0.374494 -1.947098 1.605219 2.744669 -2.551859 3.457416 0.467199 -2.742455 -0.896640 -1.342887 0.505097 0.728500 -0.234394
203 59.7181468075 -4.248302 -0.015560 -0.098625 -2.839458 1.269952 0.647223 0.142069 2.281623 0.660223 -0.088465 -3.484530 -1.777860 -0.049595 0.600975 -0.262714
204 95.4337511652 4.239835 0.415192 0.422855 -1.474186 -3.160194 -0.897981 0.855215 3.710340 2.181981 -2.225965 -1.419328 1.598786 1.761605 1.749851 -0.222647
205 64.4060064994 -0.352440 -0.439019 0.582361 -4.172912 -0.005439 0.793075 1.476542 0.134870 1.185749 -1.080501 -0.230338 -3.514169 2.367041 0.661887 -2.045621
206 31.8572063542 -0.943467 -0.474822 1.516801 -1.546641 0.375980 -2.047823 -0.280027 1.960329 3.908150 -0.633690 -1.068378 -0.679781 0.230429 -0.600385 -2.371706
207 16.7184545562 -0.828893 -0.456637 1.775755 -0.442592 -1.319187 -0.687405 -0.607208 0.925154 3.855251 -0.501335 -0.602792 -1.405796 -2.632235 -1.654499 0.422588
208 11.0278727228 0.036507 -0.462343 -0.613351 -0.893759 -2.266423 -0.766099 -0.549182 3.583169 0.188230 -0.590318 -1.244910 -1.456189 -0.285066 -1.135841 1.192283
209 14.9935924459 3.392016 -1.196067 0.753018 -1.024568 -0.519027 -0.211430 -1.428608 3.279095 -0.410829 -0.625391 -1.227522 0.548904 -1.628982 -0.220073 0.314687
210 52.3679305532 -2.135119 3.321353 -1.530658 -0.166329 -0.267332 0.356941 1.340153 2.195356 -3.201627 -2.301266 0.769181 -0.404837 -0.392338 0.388550 -0.230639
211 40.9116182518 -0.105442 -1.585117 -0.319025 0.972092 1.283186 0.457435 -1.507002 3.968823 -2.109674 0.539522 -1.078573 -0.715440 0.073267 -0.242613 0.071343
212 54.2833958879 0.807132 -0.456795 -2.491025 0.880047 -2.289976 0.635695 1.882847 2.101804 3.710236 -0.809417 -0.774805 0.143630 2.635477 -0.761849 -0.342698
213 24.9705001082 -0.139250 2.437368 -1.417280 -0.480819 1.126167 -0.644944 1.003976 2.069701 -0.329221 -1.693125 -2.558271 0.090461 -0.457494 -0.236435 1.589056
214 44.3593654632 2.140060 -0.394671 -1.874468 -0.579933 -2.662144 0.378596 0.929333 4.316979 1.228074 -0.933731 -1.276583 -0.709254 1.286714 -0.245279 1.483730
215 16.7351896714 0.490665 -1.267918 0.721955 -0.648791 1.463026 0.056697 -0.204113 2.617519 -1.329432 -1.102723 -0.120668 -0.600686 -1.727813 -0.222649 0.367731
216 33.3111413599 -2.036855 -1.820412 -0.895931 1.645019 -1.868876 -1.043609 -1.552195 3.725604 0.048791 -0.782125 2.069091 -0.072841 0.250624 -0.223308 -1.341716
217 39.5597106900 2.413469 -0.691674 0.503700 -0.295664 1.659195 -2.515818 1.790538 2.767883 0.022215 -0.531170 -1.119687 0.037885 0.751930 0.831444 -0.225819
218 41.3916035091 -2.608346 -0.478389 -2.522638 -0.564139 3.370325 -0.898779 -1.095170 2.119578 -1.246846 2.161132 -4.098544 -0.564055 -0.329402 -0.221649 -1.583282
219 45.0864232601 0.035927 -1.736168 -1.654507 -0.711610 1.343431 -0.683747 2.277927 4.920654 0.087529 -0.446988 -2.174187 0.287630 2.334284 -0.234640 -1.154342
220 14.3054045826 2.445548 -0.184635 -0.246670 -0.181722 1.378002 -1.307558 -0.960262 0.514143 -1.605920 -1.699307 -1.579110 -0.328182 0.643881 -0.236464 -1.680606
221 11.2960424259 1.319506 -0.091376 0.264654 -0.360005 -1.296328 0.435653 0.650718 2.135393 -0.762246 0.514267 -1.235329 -0.527772 0.501980 -0.344395 -0.232465
222 8.6002101149 -0.476855 -0.464766 0.281646 0.260813 0.403429 -0.488334 2.211871 1.357196 -1.480856 -1.032789 -0.759261 0.353495 0.766014 -0.426956 -0.611003
223 -2.0140199897 -0.293946 -0.333398 0.624777 -0.999914 0.515613 -0.562749 0.708585 2.777846 -1.502102 -1.045592 -0.707378 -1.031776 0.830925 -0.706158 -0.233220
224 -11.8764135399 -0.574648 1.410679 0.369478 -0.554492 -0.721020 -0.490318 -0.167792 2.217385 -1.130552 -0.945517 0.405234 -0.832020 -0.291816 -0.229452 -0.243040
225 -5.8716369192 0.126256 0.103744 -0.375013 0.942650 -1.788865 -0.533984 -0.287425 2.028007 -1.182380 -1.089135 -0.854895 -0.648436 -1.345112 0.194336 -0.237158
226 -12.5204584545 -0.753257 -0.079870 0.928365 -0.373374 -0.718066 -0.843737 -0.286629 2.488861 -2.803865 -0.599518 -0.918490 -0.359087 -0.145790 -0.237937 -0.169193
227 -12.7929394429 1.103753 -0.431716 -1.462685 -0.645428 -1.476772 -0.373894 -1.016621 2.336779 -0.765777 -1.049854 0.261800 -0.876145 -1.145079 -0.380607 -0.009471
228 28.3261789185 1.747911 -0.344950 -1.154303 -0.494441 -0.579994 0.933759 0.613177 3.949292 0.476973 -1.147989 -2.145226 -0.360052 1.651846 -0.228824 -0.186889
229 2.4057932333 -1.362839 -2.154318 -0.669232 -1.176070 -0.690845 -0.866274 0.639202 1.446837 -1.816167 -0.749153 -1.020098 -0.269434 0.408845 -0.227571 -0.325280
230 -6.3529344659 -0.335657 -2.648434 -1.298532 -0.283784 -0.033748 -0.149888 -0.938799 1.278035 -0.378140 -0.594380 -2.050317 -0.646960 -0.023624 -1.097138 -0.232848
231 -19.8030780802 -0.407689 -0.542518 -1.194395 -0.350385 -0.690782 -0.449905 -0.015390 2.553320 -1.011810 -0.884972 -1.184468 -0.613777 -1.301256 -0.227708 0.050811
232 -5.4145796342 0.035440 -0.208787 -0.689549 -0.161991 -0.682170 -0.513701 0.528587 0.055845 -3.128358 -1.496790 -0.341656 -0.928375 -1.841960 -0.237100 -0.284516
233 -19.7476063678 -1.341194 -1.022962 -1.583558 -0.543386 -1.542423 -0.706873 -0.588652 1.307327 -0.312190 -0.696967 -0.503988 -0.438239 -0.551668 -0.462548 -0.226671
234 -2.1160191694 -0.739834 1.883300 -1.410025 -0.366539 -0.899333 -0.447582 0.363240 1.958378 0.784045 -1.596469 -1.545829 -0.559005 0.231076 -0.236191 -0.499384
235 2.8665648729 -0.417344 -0.202449 -0.613660 -0.649092 -0.763599 -0.586935 0.392732 2.227074 -1.987959 0.208285 -1.955239 -0.182469 -0.175204 0.884408 -0.232853
236 -20.9505542635 -0.701232 -0.682963 -1.065163 -0.310820 0.160408 -0.520388 -0.664918 1.864177 -0.844482 -0.214999 -0.917603 -0.378459 0.345079 -0.243634 -0.041171
237 -20.3663386305 -0.669436 -0.608746 -0.239565 -0.674041 -0.134933 -0.376992 0.659189 2.013779 -0.585584 -0.829857 -1.506747 -0.561571 0.131204 -0.247542 -0.003034
238 -18.8573780579 0.100467 -0.601973 -1.758643 -0.595121 -0.256815 -0.515430 -0.230365 2.109418 -0.694177 -1.365823 -0.724552 -0.378293 0.221759 -0.278888 -0.061259
239 -20.2016714558 -0.532878 -0.481983 -1.450152 -0.077872 -0.582906 -0.373553 0.491791 2.103420 -0.913167 -1.328107 -0.936200 -0.675509 0.134658 -0.213433 -0.538928
240 -19.3553653749 -0.033834 -0.280338 -0.985823 -1.031015 -0.421495 -0.689913 0.844603 2.077785 -0.448650 -0.377721 -0.941620 -0.376864 0.561035 -0.050021 -0.283754
241 -24.6489837132 -0.440780 -0.217948 0.870165 -0.398135 -0.294996 -0.529828 -0.159811 1.698387 -0.592782 -0.920844 -0.751046 -0.185988 -0.538835 -0.223404 -0.232737
242 -10.4450280283 -0.331827 -0.411476 0.804207 -0.534210 -0.582707 -0.273891 0.146208 1.955520 -0.735818 -0.838630 -2.015184 0.269892 -0.497169 -0.231560 -0.780353
243 -26.3156494127 -0.322349 -0.113318 -1.871466 -0.585457 -0.651098 -0.245869 -0.500425 2.111398 -0.566414 -0.944550 -0.842556 -0.430501 -0.912679 -0.170611 -0.230578
244 -21.9963846497 -0.002827 -0.380430 -2.235949 -0.510388 -0.503715 -0.346387 -0.608425 1.981783 -0.637386 -0.807438 -0.871812 -0.276289 -1.374341 -0.169233 0.419256
245 -21.1177680784 -0.061635 -0.273338 -1.580350 -0.640173 -0.759571 -0.110775 -1.349327 2.127667 -0.279474 -0.995212 -0.673519 -0.260116 0.718412 -0.174480 -0.596310
246 -20.6785041143 -1.245118 -0.179892 -1.768721 -0.551209 -0.720283 -0.181547 -0.545943 2.055174 0.128219 -0.958111 -0.686648 -0.707929 -1.009528 -0.173851 0.674450
247 -22.3739989422 -1.198371 -0.213954 -1.599524 -0.643744 -0.583133 -0.260011 -1.895400 1.843322 -0.405840 -0.686084 -0.935546 -0.379806 -1.151987 -0.172573 -0.875609
248 -12.9691542256 -0.245397 0.053578 -1.889647 -0.481989 -0.632015 -0.106503 0.732570 1.955867 -0.366095 -0.832709 -0.995434 -0.497468 -1.535217 -0.167347 -1.310871
249 -14.4937944132 -0.371722 -0.496171 -3.237756 -0.600961 -0.541310 -0.332421 -1.429330 2.272463 -0.636594 -0.912029 -0.742473 -0.288869 0.088694 -0.170103 -0.233496
250 -17.4968536727 -1.691981 -0.280124 -1.598623 -0.502045 -0.582880 -0.386811 -2.063268 2.198880 0.018204 -0.846984 -0.652064 -0.277514 -1.090052 -0.170774 -0.145345
251 -20.5409574447 -0.187658 -0.231532 -1.616660 -0.487662 -0.924261 0.540584 -0.673411 1.880706 -0.813046 -1.231795 -0.687891 -0.356278 -0.742377 -0.170990 0.994242
252 -19.7115504496 -0.021995 -0.243220 -1.495465 -0.708906 -0.483868 -0.159905 -1.369964 1.948270 -0.608269 -1.015844 -0.994761 -0.551681 -2.274519 -0.174257 -0.282554
253 -21.6306792033 -0.601889 -0.496753 -1.857624 -0.521168 -1.413925 -0.317845 -0.542914 2.459640 -0.718977 -0.833826 -0.661938 -0.251212 -1.642397 -0.100372 -0.232134
254 -13.0650033984 1.287592 0.059516 -2.070727 -0.660310 -0.803271 -0.089497 -0.484274 1.809011 -0.888774 -1.231122 -0.996969 -0.594704 -0.739962 -0.168286 -0.124071
255 -28.9673281545 -0.409057 -0.455483 -1.611458 -0.502953 -0.387253 -0.269384 -0.257463 1.775707 -0.806084 -1.158737 -0.770556 -0.338506 -0.517349 -0.168096 0.014549
256 -25.2021574466 -0.751197 -0.139961 -1.633348 -0.432698 -0.605692 -0.426536 -0.432650 1.324815 -0.491459 -1.312777 -0.964848 -0.207252 -0.523858 -0.170815 0.209042
257 -31.8276519684 -0.623522 -0.662281 -1.341479 -0.524554 -0.385439 -0.432649 -0.540148 1.887603 -0.927783 -0.907953 -0.896046 -0.349554 -0.295123 -0.167651 -0.568476
258 -12.7516412571 -0.640982 -0.831426 -1.379484 -0.346602 -0.200907 -0.583761 -0.742498 3.783369 -0.688434 -1.037202 -0.847666 -0.295615 -0.262159 -0.163737 -1.891491
259 -23.0697267812 -0.892305 -0.889720 -1.342378 -0.679298 -0.237809 0.187636 -0.199111 2.230307 -0.754618 -0.688232 -1.111480 -0.407137 -0.608425 -0.164524 -0.401457
260 -26.8241979399 -0.858672 -0.976039 -1.497665 -0.702481 -0.627921 -1.057355 -0.819048 1.745250 -0.656110 -0.807364 -1.020017 -0.339770 -0.007009 -0.163373 -0.548343
261 -28.7973363431 -0.569424 -0.754971 -1.552588 -0.424620 -0.343278 -0.505838 -0.815499 1.649318 -0.937983 -0.751224 -0.744279 -0.433511 -0.705800 -0.163564 0.742482
262 -27.4544061607 -0.743411 -0.890988 -1.214509 -0.739798 -0.355643 -0.318735 -0.765489 1.803203 -1.041823 -1.139051 -0.994697 -0.243418 -0.060577 -0.169844 -0.170401
263 -24.2256301106 -0.955206 -0.466629 -1.335863 -0.333848 -0.555190 -0.171865 -0.340241 1.543002 -1.048646 -1.130061 -0.953327 -0.543133 0.102114 -0.163287 -0.265046
264 -30.1900668252 -0.564480 -0.932342 -1.002889 -0.376359 -0.619181 -0.832368 -0.860233 1.572045 -0.941541 -0.701408 -0.761623 -0.412720 -0.250739 -0.169760 -0.532207
265 -31.4040136628 -0.347508 -0.396472 -1.062644 -0.475201 -0.605862 -0.615578 -0.758810 1.726623 -0.945608 -0.591509 -0.916061 -0.145858 -0.285753 -0.166900 -0.578791
266 -22.9030677092 -0.599286 -0.599816 -1.049797 -0.429102 -0.624541 -0.585101 -0.574041 1.655625 -0.959707 -0.599125 -0.807217 -0.095002 -0.005955 -0.166157 -1.894160
267 -31.2668520160 -0.304355 -0.961968 -1.044136 -0.715134 -0.525106 -0.640055 -0.495909 1.883782 -0.699868 -0.888338 -1.023249 -0.380804 -0.156170 -0.164629 -0.380985
268 -25.9767956100 -0.458370 -0.868712 -1.284583 -0.413136 -0.334193 -0.660529 -0.791719 1.526660 -0.534331 -1.140335 -0.656277 -0.145492 0.018378 -0.168631 -0.554473
269 -29.9035990770 -0.658702 -0.561007 -1.187926 -0.742641 -0.132891 -0.644225 -0.772626 1.971282 -1.065028 -0.670099 -0.949246 -0.203967 -0.391664 -0.167514 -0.209803
270 -30.8281322976 -0.444240 -0.879102 -1.139041 -0.348441 -0.647997 -0.562695 -0.902642 2.086106 -1.039856 -0.715339 -0.791163 -0.169275 -0.509102 -0.166465 -0.570105
271 -31.0131400550 -0.444172 -0.987052 -1.235712 -0.415348 -0.530289 -0.540037 -0.915902 2.050031 -0.764471 -0.738526 -1.017151 -0.245254 -0.173764 -0.166590 -0.288329
272 -30.7846144467 -0.322455 -0.979331 -1.124822 -0.650713 -0.634126 -0.640173 -0.698612 2.162796 -1.011711 -0.674583 -0.748864 -0.186413 -0.504259 -0.172247 -0.246626
273 -31.6905163144 -0.494935 -0.670225 -1.178905 -0.524540 -0.451642 -0.522125 -0.778790 1.820375 -0.828096 -0.777845 -0.941792 -0.458074 -0.320643 -0.167424 -0.369478
274 -31.5200409452 -0.453752 -0.794961 -1.197994 -0.490968 -0.388709 -0.532518 -0.616266 2.031515 -1.019159 -0.767038 -0.984484 -0.268188 -0.492913 -0.169483 -0.379902
275 -32.2252110002 -0.546653 -0.733038 -1.346012 -0.467523 -0.501383 -0.498263 -0.715391 1.991527 -0.852927 -0.805737 -0.981432 -0.310236 -0.208582 -0.165902 -0.462924
276 -29.7917184151 -0.404248 -0.783302 -1.172384 -0.405468 -0.508001 -0.515531 -0.858882 1.838255 -1.005699 -0.775485 -1.045582 -0.197649 -0.089641 -0.165212 -0.444476
277 -31.3062900229 -0.453987 -0.852449 -1.344027 -0.396932 -0.605852 -0.500554 -0.731661 1.937799 -0.972669 -0.787859 -1.075697 -0.260743 -0.174009 -0.163760 -0.333556
278 -32.6019703069 -0.365027 -0.863544 -1.282934 -0.372709 -0.407045 -0.534175 -0.875963 1.907352 -0.835624 -0.758122 -1.012058 -0.400273 -0.193151 -0.164197 -0.280025
279 -29.1274944248 -0.236631 -0.964449 -1.244617 -0.477673 -0.412546 -0.630648 -0.859269 1.993416 -1.021224 -0.610013 -1.010005 -0.397975 -0.071933 -0.162948 -0.090123
280 -30.4176888971 -0.382786 -1.039337 -1.134583 -0.476466 -0.472932 -0.566159 -0.866820 1.865059 -0.699509 -0.840031 -1.040693 -0.438562 -0.278694 -0.161962 -0.119260
281 -32.1534502848 -0.508890 -0.876920 -1.125611 -0.266638 -0.487628 -0.615019 -0.938952 1.822298 -0.775090 -0.648500 -0.910372 -0.293608 -0.285877 -0.162917 -0.447860
282 -33.0208009999 -0.306601 -0.859344 -1.230519 -0.387597 -0.504380 -0.635389 -0.709598 1.931925 -0.682451 -0.895012 -0.906371 -0.323322 -0.321086 -0.163137 -0.099441
283 -30.0623431265 -0.390695 -1.021010 -1.121653 -0.290314 -0.386942 -0.748854 -0.544561 1.784433 -0.820925 -0.924921 -1.027177 -0.358968 -0.338516 -0.161694 0.048467
284 -32.2356112287 -0.423165 -0.858942 -1.167329 -0.323002 -0.534416 -0.608229 -0.660314 2.100492 -0.512601 -0.764282 -1.002728 -0.211225 -0.411443 -0.160950 -0.143743
285 -31.3215741721 -0.369642 -0.879636 -1.381443 -0.252239 -0.604956 -0.708494 -0.651274 1.755983 -0.766174 -0.791482 -1.019834 -0.257277 -0.461949 -0.163696 -0.053674
286 -31.5109994591 -0.424154 -0.741465 -1.285896 -0.423437 -0.641867 -0.674792 -0.726004 1.936503 -0.534881 -0.829462 -0.877025 -0.196162 -0.394074 -0.160802 0.079292
287 -33.0387010841 -0.377461 -0.893450 -1.108157 -0.294385 -0.450494 -0.736427 -0.595680 2.015279 -0.842816 -0.769714 -0.961226 -0.210048 -0.139195 -0.161806 -0.136057
288 -30.0573343003 -0.256684 -0.908201 -1.216043 -0.432288 -0.481492 -0.670577 -0.786126 1.869829 -0.639609 -0.698818 -0.971233 -0.316582 0.015642 -0.162897 -0.104737
289 -32.4320275033 -0.535314 -0.822695 -0.980996 -0.262617 -0.587684 -0.821117 -0.641712 2.166342 -0.891771 -0.736021 -0.877243 -0.106695 -0.322516 -0.161687 -0.093672
290 -28.4311314708 -0.570723 -0.970374 -0.976821 -0.173471 -0.461717 -0.783026 -0.701603 2.037084 -0.787515 -0.672564 -1.050760 -0.198963 0.029123 -0.163262 0.032581
291 -31.9027742628 -0.523159 -0.829994 -0.976434 -0.410830 -0.534705 -0.709113 -0.540939 1.967773 -0.686502 -0.723897 -1.025920 -0.094322 -0.313423 -0.162795 -0.047124
292 -28.8125669325 -0.563371 -1.033960 -1.274649 -0.193161 -0.395661 -0.794036 -0.469176 1.889595 -0.940826 -0.730770 -1.023530 -0.039338 -0.172891 -0.159919 -0.306559
293 -33.7363722418 -0.265273 -0.888765 -0.982253 -0.153969 -0.590596 -0.823180 -0.704762 2.114752 -0.681687 -0.805282 -0.904932 -0.182051 -0.246577 -0.161181 -0.291357
294 -29.3609456653 -0.237072 -0.858436 -0.914656 0.476350 -0.427847 -0.821820 -0.545710 2.015737 -0.368260 -0.781832 -0.891891 -0.210655 -0.210976 -0.159156 -0.432123
295 -32.6730881896 -0.084656 -0.762097 -0.892303 -0.243247 -0.623543 -0.915879 -0.772153 1.977762 -0.753523 -0.855881 -0.818852 -0.066706 -0.291875 -0.159122 -0.317499
296 -32.8391202751 -0.297320 -1.007608 -0.898943 -0.241087 -0.426680 -0.949530 -0.880549 2.072111 -0.572096 -0.699122 -0.960447 -0.132597 -0.228338 -0.159136 -0.457351
297 -33.2357815660 -0.252152 -0.762963 -0.810629 -0.233065 -0.744825 -0.970727 -0.525855 2.226412 -0.581553 -0.745700 -1.036810 -0.165294 -0.355345 -0.159524 -0.401089
298 -32.0444935973 -0.248579 -1.003889 -1.004193 -0.101709 -0.766308 -0.935295 -0.672257 2.007423 -0.808524 -0.735708 -0.833840 -0.280718 -0.415085 -0.159995 -0.430808
299 -34.1978970510 -0.444076 -0.963122 -0.878113 -0.205236 -0.662244 -0.809364 -0.788199 2.113213 -0.423737 -0.820009 -0.899652 -0.271664 -0.413907 -0.161837 -0.280525
300 -32.7357780495 -0.585838 -0.908564 -0.723559 -0.197576 -0.744191 -0.801146 -0.613504 2.157140 -0.212121 -0.896815 -0.951990 -0.152187 -0.509263 -0.161662 -0.320820
301 -34.4449649098 -0.265280 -0.862225 -0.830506 -0.324326 -0.784758 -0.942812 -1.001674 2.027284 -0.525407 -0.876558 -0.885879 -0.393936 -0.575299 -0.160828 -0.268317
302 -32.0853002750 -0.102113 -0.823409 -0.669412 -0.196883 -0.675888 -0.798766 -1.143990 1.962852 -0.320266 -0.885100 -1.027911 -0.283036 -0.691607 -0.159670 -0.444611
303 -33.1227762279 -0.335912 -1.015704 -0.829299 -0.309950 -0.663948 -0.913178 -1.167719 1.971741 -0.719117 -0.937808 -0.748482 -0.273369 -0.659910 -0.159437 -0.278796
304 -32.6698004776 -0.443291 -0.799877 -0.690672 -0.366500 -0.955554 -0.788837 -1.085200 2.128472 -0.376029 -0.931642 -0.973104 -0.364735 -0.670267 -0.161280 -0.092622
305 -30.1957264134 -0.079673 -0.752332 -0.638962 -0.180222 -0.953243 -0.944511 -1.174392 2.086048 -0.738325 -0.871906 -1.009947 -0.463278 -0.551766 -0.161926 -0.242023
306 -33.1725246733 -0.240280 -0.935845 -0.750051 -0.196797 -0.649587 -1.057223 -0.883487 2.115543 -0.525089 -0.939268 -0.780114 -0.457555 -0.700603 -0.159068 -0.393119
307 -30.7810765956 -0.074468 -0.940032 -0.984064 -0.410351 -0.654764 -0.913911 -1.106638 2.018547 -0.365327 -0.856782 -0.747190 -0.435263 -0.523395 -0.160353 -0.426387
308 -34.3055059903 -0.330837 -0.909551 -0.664997 -0.353061 -0.653435 -0.954585 -0.960162 2.082573 -0.570116 -0.893814 -0.784239 -0.474792 -0.753296 -0.160608 -0.449759
309 -33.5400770998 -0.236367 -1.007687 -0.930503 -0.195576 -0.636031 -0.913921 -0.816742 2.102245 -0.401819 -0.830752 -0.753953 -0.294648 -0.550798 -0.160553 -0.275394
310 -33.7396364376 -0.398519 -0.884708 -0.653492 -0.431168 -0.878234 -0.806064 -0.886629 2.099547 -0.647648 -0.913332 -0.767744 -0.280168 -0.475074 -0.160672 -0.110449
311 -33.3703366933 -0.184174 -1.009795 -0.634177 -0.419734 -0.804288 -0.852803 -0.888174 1.921007 -0.474180 -0.849063 -1.004547 -0.340275 -0.722815 -0.159214 -0.385888
312 -34.5886695141 -0.299849 -0.737921 -0.989866 -0.413670 -0.774030 -0.838263 -0.815664 2.087002 -0.296654 -0.814353 -0.786009 -0.295874 -0.466995 -0.158661 -0.199860
313 -35.1469559059 -0.212303 -0.682204 -0.790059 -0.302317 -0.760566 -0.873283 -0.632157 2.105988 -0.554873 -0.761007 -0.885790 -0.189742 -0.658596 -0.159500 -0.073874
314 -34.7943836559 -0.377694 -0.538984 -0.591367 -0.390189 -0.902839 -0.961618 -0.778971 1.990711 -0.703253 -0.731846 -0.748755 -0.262152 -0.620002 -0.157130 -0.202490
315 -35.4759888927 -0.290030 -0.678067 -0.586327 -0.417537 -0.791415 -0.737829 -0.723834 2.009636 -0.293707 -0.765009 -0.755971 -0.252848 -0.471810 -0.159004 -0.249710
316 -32.7888124044 -0.305547 -0.548227 -0.472043 -0.468403 -0.919366 -0.836919 -0.811911 2.004394 -0.131963 -0.826186 -0.660983 -0.150642 -0.512076 -0.156997 -0.117200
317 -35.5632556266 -0.496728 -0.818515 -0.432116 -0.271703 -0.851344 -0.822425 -0.552036 2.055794 -0.523575 -0.835617 -0.806759 -0.161292 -0.661603 -0.157298 -0.182216
318 -33.8261246836 -0.558610 -0.840967 -0.508402 -0.345369 -0.820984 -0.764625 -0.498914 2.072410 -0.316127 -0.768020 -0.667327 -0.118213 -0.594389 -0.155046 -0.087417
319 -34.6361309824 -0.456650 -0.814883 -0.462161 -0.272638 -0.777142 -0.677096 -0.490518 2.060720 -0.661309 -0.891540 -0.661688 -0.075258 -0.758318 -0.157606 -0.334270
320 -31.7812249520 -0.334092 -0.935808 -0.580204 -0.265381 -1.011459 -0.905187 -0.644918 2.124690 -0.285189 -0.810111 -0.656170 -0.106549 -0.606429 -0.157173 -0.004970
321 -34.9003140378 -0.452315 -0.684920 -0.544800 -0.368349 -0.795554 -0.922681 -0.421074 2.180917 -0.758793 -0.746983 -0.949087 -0.165884 -0.837865 -0.156716 -0.250553
322 -35.3318955884 -0.595313 -0.664383 -0.279376 -0.318372 -0.739437 -0.965898 -0.507409 2.171242 -0.512805 -0.914997 -0.763536 -0.213366 -0.758507 -0.156066 -0.360900
323 -36.5838883451 -0.635959 -0.729685 -0.264284 -0.316033 -0.692677 -0.959245 -0.608645 2.036689 -0.319002 -0.765039 -0.865390 -0.241796 -0.854286 -0.155147 -0.221405
324 -35.2786794499 -0.825424 -0.604053 -0.206951 -0.247920 -0.771006 -0.984163 -0.475056 1.965044 -0.297973 -0.863967 -0.994341 -0.299030 -0.782024 -0.153852 -0.310742
325 -32.9941146081 -0.494250 -0.614729 -0.051469 -0.439829 -0.786658 -0.870001 -0.764202 1.947574 -0.484807 -0.834383 -0.776233 -0.244013 -1.049578 -0.153778 -0.150463
326 -32.9666675416 -0.796315 -0.790353 -0.101725 -0.261469 -0.620175 -0.939644 -0.452854 2.103085 -0.095608 -0.721729 -0.720367 -0.302994 -0.686303 -0.154029 -0.182469
327 -35.5115274188 -0.692932 -0.564574 -0.377005 -0.184288 -0.799528 -0.962893 -0.510611 2.074639 -0.473357 -0.847397 -0.842430 -0.210197 -0.876440 -0.152683 -0.333924
328 -34.3884582198 -0.468734 -0.584196 -0.305516 -0.423440 -0.674085 -1.082133 -0.705106 2.007293 -0.465326 -0.815928 -1.009413 -0.275767 -0.893724 -0.153228 -0.386590
329 -34.9942482769 -0.723225 -0.624735 -0.450951 -0.243004 -0.650402 -1.078347 -0.741124 1.921687 -0.467942 -0.817601 -0.816429 -0.260285 -0.810451 -0.153112 -0.202532
330 -33.7045432764 -0.638640 -0.718196 -0.230607 -0.175381 -0.839682 -1.092638 -0.643551 2.124364 -0.527213 -0.829151 -0.914141 -0.144594 -0.765209 -0.156226 -0.393403
331 -35.5506358793 -0.444253 -0.892549 -0.387559 -0.309357 -0.810666 -1.077569 -0.424849 2.124060 -0.398207 -0.703907 -0.752913 -0.277704 -0.942615 -0.153408 -0.277557
332 -33.8673474668 -0.764597 -0.708273 -0.129276 -0.434681 -0.759977 -0.930356 -0.762568 1.933549 -0.499004 -0.880449 -0.942675 -0.296652 -0.981241 -0.156913 -0.159935
333 -34.7759889617 -0.500300 -0.750500 -0.247477 -0.188141 -0.843274 -1.104179 -0.431075 2.081096 -0.400919 -0.731667 -0.976016 -0.332069 -0.763861 -0.152617 -0.363293
334 -34.1784253776 -0.509285 -0.645325 -0.283917 -0.205879 -0.622126 -1.098078 -0.561195 2.156044 -0.423658 -0.689776 -0.875598 -0.264043 -1.004677 -0.154618 -0.372333
335 -33.8413366160 -0.834843 -0.565242 -0.419404 -0.233497 -0.856740 -0.997519 -0.530987 2.110486 -0.420021 -0.836902 -1.027473 -0.203777 -0.928332 -0.152800 -0.358804
336 -35.6754706464 -0.426734 -0.845115 -0.367798 -0.350274 -0.562193 -0.966916 -0.422128 2.081604 -0.530853 -0.857134 -0.856916 -0.163636 -0.769347 -0.153081 -0.411702
337 -35.4904339374 -0.450172 -0.683785 -0.313162 -0.208334 -0.601882 -0.865406 -0.616430 1.982416 -0.306474 -0.827059 -1.018230 -0.259279 -0.713053 -0.153955 -0.296105
338 -35.2162689415 -0.543815 -0.590809 -0.267320 -0.412658 -0.686020 -0.881972 -0.434650 1.927138 -0.142833 -0.867582 -0.888532 -0.185967 -0.766716 -0.154900 -0.347839
339 -36.4355278001 -0.536276 -0.753579 -0.331789 -0.383824 -0.704260 -0.931486 -0.516669 1.994265 -0.417977 -0.709291 -0.845230 -0.220506 -0.936333 -0.154193 -0.248563
340 -36.5135191256 -0.594867 -0.774791 -0.347488 -0.371721 -0.685350 -0.889027 -0.688507 1.987520 -0.425149 -0.744540 -0.878416 -0.246973 -0.854933 -0.154560 -0.316141
341 -36.6236429207 -0.519699 -0.713984 -0.328718 -0.309409 -0.664136 -0.978910 -0.577278 1.985363 -0.356473 -0.768703 -0.840578 -0.238922 -0.885931 -0.154290 -0.315046
342 -35.2699691964 -0.626398 -0.637215 -0.418824 -0.326721 -0.597059 -1.033882 -0.518186 1.941448 -0.360253 -0.804984 -0.775801 -0.269019 -0.977007 -0.153891 -0.297440
343 -34.9239669748 -0.584554 -0.769149 -0.419194 -0.360849 -0.711944 -1.039390 -0.517478 1.951254 -0.415542 -0.722953 -0.881092 -0.196785 -0.974784 -0.153583 -0.377772
344 -36.3742444673 -0.404803 -0.753014 -0.255619 -0.351283 -0.675696 -1.041906 -0.505899 1.961998 -0.257682 -0.776393 -0.882031 -0.252311 -0.829895 -0.153051 -0.394815
345 -36.6509820294 -0.526060 -0.654076 -0.275931 -0.308111 -0.704265 -0.971383 -0.488465 1.931851 -0.453746 -0.793220 -0.768564 -0.209737 -0.792908 -0.153798 -0.263963
346 -36.1431958361 -0.551465 -0.723148 -0.368818 -0.354632 -0.768609 -1.020285 -0.445711 1.929964 -0.474133 -0.742045 -0.708781 -0.251428 -0.876815 -0.152717 -0.187654
347 -35.9586226621 -0.498234 -0.709668 -0.350958 -0.355353 -0.665788 -0.999424 -0.426547 1.952472 -0.555961 -0.785868 -0.694977 -0.172250 -0.841526 -0.152827 -0.310526
348 -37.1897037983 -0.432189 -0.637533 -0.251779 -0.370080 -0.663944 -0.911577 -0.406966 1.933804 -0.360458 -0.809741 -0.770655 -0.248170 -0.888452 -0.152514 -0.290064
349 -36.3169101964 -0.506816 -0.685829 -0.347680 -0.417195 -0.679964 -0.918646 -0.362558 1.917547 -0.452999 -0.781857 -0.682013 -0.284566 -0.815432 -0.152090 -0.367757
350 -36.4273017638 -0.517853 -0.714888 -0.320844 -0.338065 -0.717739 -0.956543 -0.370493 1.986579 -0.243221 -0.862728 -0.697309 -0.218720 -0.794109 -0.151780 -0.255719
351 -35.8135507314 -0.558882 -0.712481 -0.320978 -0.405323 -0.609443 -0.966327 -0.466550 1.913709 -0.473548 -0.846752 -0.677052 -0.283494 -0.797295 -0.152018 -0.352094
352 -36.1607519316 -0.348609 -0.710838 -0.210209 -0.374196 -0.653223 -0.923796 -0.353702 1.904686 -0.258240 -0.783184 -0.714537 -0.206891 -0.968134 -0.153736 -0.362180
353 -36.2102859436 -0.405587 -0.576685 -0.165031 -0.434138 -0.728548 -0.862294 -0.399903 1.891225 -0.384334 -0.788511 -0.682022 -0.266229 -0.808103 -0.151634 -0.367786
354 -36.8399514450 -0.411352 -0.675114 -0.349971 -0.311411 -0.737558 -0.965731 -0.319248 1.926718 -0.389232 -0.844377 -0.788197 -0.227227 -0.947931 -0.152268 -0.196311
355 -35.7986468602 -0.522684 -0.565152 -0.294611 -0.335377 -0.689711 -0.920869 -0.320198 1.881563 -0.478448 -0.861518 -0.679072 -0.232272 -0.967269 -0.152518 -0.355233
356 -36.5661239077 -0.385561 -0.635036 -0.338690 -0.401666 -0.588241 -0.942039 -0.322097 1.954898 -0.430185 -0.815295 -0.674488 -0.242110 -0.912739 -0.151226 -0.245435
357 -35.5719338952 -0.552591 -0.696899 -0.268979 -0.437875 -0.586154 -0.911930 -0.320418 1.883681 -0.400003 -0.763438 -0.682307 -0.236811 -0.964227 -0.153638 -0.383701
358 -36.9134638284 -0.319191 -0.552107 -0.325974 -0.388444 -0.738872 -0.982092 -0.426262 1.920859 -0.431291 -0.791453 -0.755452 -0.269579 -0.896671 -0.151267 -0.372637
359 -37.1946479457 -0.329925 -0.711846 -0.319097 -0.309388 -0.745104 -0.906185 -0.443839 1.895331 -0.241558 -0.845782 -0.781670 -0.255345 -0.941984 -0.151351 -0.227302
360 -36.8918394238 -0.237290 -0.626275 -0.387749 -0.255896 -0.790883 -0.923819 -0.373026 1.844994 -0.293630 -0.847629 -0.863829 -0.216532 -0.866874 -0.150496 -0.302682
361 -35.7358843127 -0.429225 -0.668274 -0.372727 -0.345821 -0.674018 -0.841077 -0.478299 1.933244 -0.186211 -0.829712 -0.813403 -0.294216 -1.038972 -0.151405 -0.275156
362 -36.7789110982 -0.406055 -0.637918 -0.231967 -0.312673 -0.686482 -0.903267 -0.365641 1.854932 -0.328931 -0.898513 -0.813020 -0.216599 -0.884872 -0.150215 -0.178492
363 -36.9842410877 -0.203561 -0.731788 -0.269963 -0.247726 -0.663348 -0.968590 -0.369758 1.854305 -0.356076 -0.801717 -0.812726 -0.234826 -0.872451 -0.150374 -0.324575
364 138.5307573362 -4.558696 -3.147045 -3.633434 -4.122274 4.569096 -1.680069 1.899879 -0.230506 2.606893 -1.861050 3.883907 -2.767354 -1.136852 -0.120279 -1.270689
365 159.3769038657 4.563264 -4.805491 0.459877 0.690744 -0.221662 2.533789 2.588985 0.926328 3.735446 -1.449970 3.976274 0.847139 1.220469 -0.088207 2.737578
366 151.1168584373 2.996036 -3.425253 -1.670286 4.074060 2.021621 -4.854390 1.379836 3.474769 -2.607345 -2.074944 2.741780 -0.312317 1.200545 -0.073392 -3.220795
367 127.4486030594 4.418442 3.200887 -0.078826 2.131330 -0.047187 -3.093309 1.537548 1.094213 2.653829 -0.939624 -2.472055 0.598581 -3.601960 -0.153866 -4.885176
368 168.6102257094 -3.964710 -3.386939 2.692297 -3.855987 3.003465 2.930484 -2.563141 0.416551 -0.791807 -0.236520 3.840320 -0.415959 -3.344841 -0.236105 0.034382
369 137.2808217144 -4.029782 -3.159125 -3.574843 3.069476 3.966540 -3.590378 -0.490114 4.091693 -0.264856 0.174198 -0.770847 -0.622362 1.342512 -0.083530 1.292038
370 101.0238839015 0.303802 -2.776179 1.279323 -3.761694 2.750316 -2.570269 -0.540245 -0.545688 -2.997492 1.207285 3.620800 -2.166465 -0.461831 -0.202195 2.451485
371 179.7018703698 0.723966 1.688160 0.609676 -4.737754 -3.821304 2.758006 2.916290 3.871634 1.344176 -4.522100 -0.809228 1.607616 2.226825 -0.074508 4.286866
372 89.0124334116 -0.366616 1.281120 -0.937162 0.053983 -4.661834 -2.753876 3.222758 2.492803 2.981386 -2.418647 1.118083 0.964666 -1.282733 -0.194839 1.724854
373 139.5056716430 3.113298 -4.657322 0.452693 -2.817322 1.002505 -4.784472 1.009236 -0.723355 0.080102 0.580513 2.947210 -1.253656 -4.212903 -0.086554 -1.427248
374 112.3913367452 4.733436 0.726235 -0.859087 3.077709 0.221553 0.280306 -0.154925 2.450129 -4.230879 -3.591227 -0.377574 0.428194 -1.186892 -0.079108 -2.727344
375 135.0195351038 -1.777638 -2.063231 4.960641 -3.345917 2.577078 2.646680 -3.311409 0.647554 -0.490397 2.779951 1.168190 1.183062 -0.905491 -0.108460 -3.849057
376 198.1522281209 -3.931084 3.201665 0.377929 -0.258748 -2.369890 -4.118722 4.645247 -0.720903 3.937200 -3.269404 -0.691026 0.480014 0.828907 -0.066620 4.160279
377 144.4318197303 3.277341 -0.929739 3.287215 -3.745291 4.577930 -2.499741 -2.397371 -0.423241 -0.819059 0.460635 -4.188032 -0.492920 1.526760 -0.154734 1.102899
378 204.3764443603 4.843205 3.300402 3.084634 0.918103 -2.591939 -1.461998 4.414558 0.036694 -4.036419 -4.890222 3.186636 0.177290 -0.253231 -0.086160 -3.925925
379 66.9796502311 2.022802 0.378102 1.465358 1.875993 -1.373841 -1.494645 0.607752 2.875901 -1.493321 -2.321868 0.404489 0.384098 -2.448461 -0.162769 1.923353
380 21.0401737161 3.136529 -1.672462 -1.353110 -0.481910 -2.966490 -0.978272 -0.695643 2.982618 -0.299939 -1.263568 0.641825 0.671665 -1.318326 -0.190229 -0.203361
381 53.7976261155 -1.462347 -1.830602 -0.333053 0.591583 0.626807 -2.963495 -1.653887 1.035845 3.045002 -0.376712 -0.052764 -0.562998 -3.713757 -0.120690 -2.968700
382 76.2010650199 1.638425 -2.678584 2.053462 0.237521 -2.022228 -2.962138 2.413744 1.471547 3.179783 0.942026 -2.308215 -0.092763 -1.357456 -0.118360 2.634796
383 61.7932145777 1.048182 -0.540393 2.042531 -2.319057 -3.463595 -2.550126 1.208395 1.419169 1.466875 -1.933261 -1.641553 -1.505502 -2.590947 -0.132229 -2.049147
384 66.7568572114 -2.728850 -0.402578 1.241143 0.798125 -2.864633 1.370465 -2.275110 2.723702 -2.394383 -1.117625 -1.093957 0.385110 -3.783373 -0.149046 -1.132917
385 44.5127602531 -3.921387 -3.247631 1.038473 0.878915 -0.530692 -0.267888 0.189813 1.605275 0.515406 0.062909 -0.603757 -0.368961 -0.870516 -0.119742 -2.712963
386 59.1136250972 0.457137 -1.301216 -0.737307 1.505242 -2.661456 -1.174189 2.497236 0.950498 -0.716019 -2.476269 -0.237701 0.829848 -4.082453 -0.114789 1.669196
387 48.3956901954 -1.737266 -2.659367 1.286027 -1.952904 -2.849773 0.441331 0.697804 0.372563 0.032184 -2.261965 -0.268466 -1.453613 -0.473521 -0.158604 2.649988
388 61.0414544547 1.450326 0.717194 1.975411 -0.549230 2.052182 -1.720006 2.127978 1.600740 1.774034 -0.647639 -3.146735 1.066023 -1.535932 -0.117017 -2.795513
389 60.5301000714 0.528599 0.839060 0.748808 -1.852344 0.708414 -2.232088 -1.847457 0.726317 1.201261 0.542987 -3.228984 0.668498 -1.805267 -0.120970 -2.255131
390 40.8582904336 2.738917 -0.409936 0.843671 -0.200028 0.090388 1.236195 0.369519 1.149972 2.240102 -1.515160 1.436186 0.735489 -0.739485 -0.193303 1.106947
391 58.5723587931 1.207175 -0.568919 0.787422 0.971230 -0.008226 -2.243528 0.112608 3.201369 2.566450 -2.345940 -2.558458 0.754856 0.836165 -0.146789 -0.403589
392 36.3312782950 -2.489289 -1.746604 0.182117 -0.445638 0.268556 -0.457535 0.092408 3.345639 -1.096248 -1.589765 0.909339 0.196848 0.430836 -0.110651 -0.365001
393 69.0032964340 -3.727284 2.084721 2.192502 -1.168183 -0.443913 -3.327974 2.187392 1.516092 0.791478 -2.268343 0.162577 1.082185 -3.615722 -0.171645 1.166367
394 24.1668767206 1.124332 0.339292 0.484205 -1.223308 -2.245673 -1.029518 0.638361 1.126876 -0.223246 -1.041347 -0.491441 0.372114 -1.103253 -0.139491 0.013217
395 -1.9924401767 -0.423450 -0.571180 -1.662224 -0.453434 -0.402368 -1.261528 -0.140357 2.606568 -0.262306 -3.573358 -0.854109 -0.187019 -1.882812 -0.143552 -1.117427
396 10.9901893672 0.247454 -0.708020 -1.374393 -0.352919 0.254985 -2.056346 0.142741 2.616248 -0.000017 0.226569 -0.120390 -0.437253 -1.451758 -0.134401 0.153383
397 9.2198586675 1.386724 -2.079868 -0.858036 -0.856138 0.313169 -0.976849 -1.840111 1.303735 -1.567197 -1.741287 -0.212584 -0.706210 -1.478041 -0.155803 0.782412
398 18.5404625165 1.401017 -0.010141 -0.259416 0.704316 -0.358116 0.520283 -1.381026 1.126390 1.065720 -0.312757 0.206686 -0.647563 -2.323229 -0.171807 1.381701
399 3.5035694936 -1.840873 -1.150406 0.145284 -0.380544 -1.864766 0.291385 0.098857 1.855170 -0.820694 -0.242943 -1.115876 -0.443091 -0.481109 -0.133549 -0.123065
400 -2.0702189318 0.122660 -1.009217 0.622968 -1.131547 -0.024963 -0.051432 -1.322203 1.600675 -0.534634 -1.016177 -0.264260 0.035514 -0.368824 -0.146977 1.508575
401 7.8389681268 -1.021307 -0.389977 -0.242393 0.335339 -1.627400 -1.183519 -0.104496 2.409421 -0.989667 -1.927977 0.426645 -0.381910 -2.462004 -0.148373 -0.904303
402 0.6361295203 -0.276347 -2.098654 -0.232597 -0.329259 -1.747537 -1.353726 -0.009115 2.330228 -0.340103 -1.023958 0.074003 -0.371059 0.602591 -0.130339 1.372623
403 6.8896824879 1.344685 -1.588363 -0.871105 -1.205893 -0.472886 -1.866000 1.106880 2.063158 -1.718800 -0.368547 -0.435508 -0.371420 -2.572292 -0.156563 -0.383126
404 -6.0302870467 -0.757848 -0.264484 -0.434366 -0.472797 -0.218351 -1.710280 -0.555650 1.340247 -2.073875 -0.401641 -0.163038 -0.711097 -2.493329 -0.166406 0.377821
405 -1.9941039596 0.491571 -0.559471 -0.209316 -0.040919 -0.962659 -1.741947 0.181963 1.190408 0.564257 -0.586246 -0.307448 -0.133625 -0.599095 -0.130127 0.498870
406 16.2920529394 -0.392465 -1.803550 -1.523137 -1.231480 0.210986 -0.864818 0.518797 1.513556 1.488893 -0.205496 -0.989175 -3.727515 -1.249868 -0.131708 -1.574326
407 31.3832812889 0.108787 0.520830 0.646268 0.434197 -0.214486 -0.922006 -0.452990 2.500740 -2.173743 -2.118869 -1.243543 0.779621 -0.494453 -0.144209 -0.453444
408 5.5912450690 0.282597 -1.602509 -0.470249 0.389608 -0.788464 -1.302570 0.024101 2.517403 1.137052 -0.492072 -0.156349 -0.723147 0.511260 -0.134520 -1.612764
409 -12.8019851458 -0.996474 -1.100303 -0.479552 -0.593168 -0.179783 -1.250218 0.128459 1.414290 0.341776 -0.674134 -0.748287 -0.505212 -1.645268 -0.146474 -0.702458
410 -15.1595650406 0.118919 -0.330969 -0.436612 0.013030 -0.171376 -0.718840 -1.081852 1.874178 -0.649316 0.755124 -0.598934 -0.132234 -1.243534 -0.159653 -0.922035
411 -23.2038282098 -0.057162 -0.420854 -0.668097 -0.435122 -0.379209 -0.234159 -1.281542 1.456455 -0.345549 -1.282718 -1.427895 -0.424076 -0.997826 -0.139724 -0.660396
412 -13.1573489282 -0.425010 -0.342057 -0.069665 -0.186034 2.133316 -1.048772 -0.744359 1.589626 -0.169788 -0.713861 -0.615901 0.519545 -1.437989 -0.143711 0.180368
413 -22.3436774060 -0.369034 -0.847960 -0.122942 -0.791043 -1.296167 -0.789862 -0.957172 2.149025 -0.811116 -0.783309 -0.713194 2.207657 -0.462593 -0.141967 -0.580594
414 -19.1792175236 -0.562322 -0.536588 -0.479708 -0.512859 -0.989873 -0.669932 0.202018 1.486003 -0.198622 -0.853666 -0.993277 -1.144169 -0.761760 -0.141438 0.375085
415 -10.7109824540 -0.345628 -0.725789 0.137245 0.313744 -0.276969 -0.463272 -0.495464 2.228267 0.567945 -0.514183 -1.285507 -0.136991 -1.240522 -0.142323 -0.970978
416 -27.4015443981 -0.562515 -0.694201 -0.443138 -0.933950 -0.130163 -1.272587 -1.014411 1.787250 -0.194957 -1.369832 -0.703617 -0.750302 -0.748200 -0.139939 -0.279057
417 -15.1696740207 -0.914745 -0.466531 -1.089334 -0.308305 -1.335301 -0.701398 0.365736 2.112095 -0.062058 -1.167817 -1.096635 0.142579 -0.700008 -0.141685 -0.172182
418 0.4221562351 -0.042492 -0.857208 -0.419491 -0.509205 -0.766152 -1.159386 -1.015222 4.849709 -0.840840 -0.698672 -0.452678 0.508737 -1.120323 -0.139883 -0.416918
419 -12.6105129724 0.392678 -1.067316 0.249259 -0.558577 -0.151030 -1.249444 -0.332062 1.637074 -0.549495 -1.073228 -0.647218 -0.310123 -1.458222 -0.142109 -0.647960
420 -18.1268315269 -0.320628 -0.512766 -0.811172 0.183777 -0.513591 -0.869426 -1.033827 1.799600 -0.573106 1.846838 -0.395193 -1.425422 -0.997651 -0.141437 -0.302517
421 -17.3540036636 -0.058528 -1.139621 -0.085657 -0.300196 -0.630264 -1.003641 -1.276090 1.307917 -0.097944 -0.044433 -0.726311 -1.295009 -1.589711 -0.139272 -0.084828
422 -17.1221271034 -0.252451 -0.374546 -0.617666 0.128951 -1.031441 -1.198772 0.311836 1.842694 -0.067414 -0.205826 -0.459920 -1.059127 -0.619275 -0.139929 -0.397883
423 -15.2937216583 -0.495376 -0.339918 0.124816 -0.074753 -0.340162 -1.131119 -0.582910 1.099520 -0.467361 -1.722975 -0.551803 -0.160263 -1.220855 -0.146071 0.079038
424 -27.6286777032 -0.505439 -0.823223 -0.619084 0.011296 -0.392698 -0.644555 -0.885746 1.769699 -0.252595 -0.843702 -0.588292 -0.259722 -1.264823 -0.149251 -0.065028
425 -25.7411717319 -0.253509 -0.658156 -0.103016 -0.688388 -0.834037 -0.990446 -0.111554 1.943248 -0.307551 -0.655126 -0.673623 0.078250 -1.206886 -0.148309 0.034105
426 -33.1395244351 -0.216376 -0.792477 -0.472023 -0.240471 0.019387 -0.848539 -0.683651 1.978399 -0.394060 -0.638120 -0.751595 -0.639833 -0.844319 -0.146717 -0.346891
427 -30.5890893774 -0.436059 -0.374272 -0.547430 -0.292579 -0.157303 -1.058347 -0.529774 1.721675 -0.505317 -0.837207 -1.025064 -0.019725 -0.683090 -0.146989 -0.421318
428 -28.7933478296 -0.150556 -0.554348 -0.649808 -0.348929 -1.309480 -0.811503 -0.558953 1.510875 -0.364413 -0.940566 -0.503573 -0.595336 -1.068419 -0.152396 -0.348937
429 -31.5625236777 -0.487504 -0.517968 -0.152417 -0.447693 -0.977395 -0.819727 -0.662107 1.913466 -0.391366 -0.822395 -0.604359 -0.023121 -0.699690 -0.147349 -0.515815
430 -27.8657509165 -0.464142 -0.714485 -0.015294 -0.496085 -0.947024 -1.158836 -0.616051 1.967746 -0.030589 -0.889852 -1.044612 -0.362568 -0.677432 -0.155790 -0.316344
431 -26.7839051346 -0.187840 -0.775693 -0.535539 -0.256096 -1.196080 -0.842464 -0.477558 2.273410 -0.507242 -1.106895 -0.820183 0.201811 -0.871666 -0.150465 -0.465267
432 -24.2566685987 -0.449547 -0.581810 0.001635 -0.215988 -0.494591 -1.131831 -0.984377 2.184533 -0.497214 -0.789575 0.192892 -0.161291 -0.804989 -0.155353 -0.556146
433 -30.8731705905 -0.482044 -0.641134 -0.295195 -0.047331 -0.378003 -1.067725 -0.343000 2.341549 -0.428650 -0.810117 -0.916037 -0.089748 -0.783076 -0.153934 -0.517255
434 -32.6357943480 -0.483774 -0.468264 -0.442427 -0.566602 -0.487230 -0.912663 -0.930199 2.269431 -0.441561 -0.834886 -0.728626 -0.139564 -0.862480 -0.157315 -0.028102
435 -31.7168435570 -0.388790 -0.867472 -0.027927 -0.141959 -0.324127 -0.906033 -0.332396 2.295204 -0.606532 -0.810372 -0.664440 -0.209701 -0.695707 -0.155065 -0.116045
436 -32.4994262979 -0.478108 -0.719614 -0.579891 -0.347888 -1.014844 -1.063499 -0.858971 2.021586 -0.560580 -0.769510 -0.575232 -0.477445 -0.864453 -0.148338 -0.482736
437 -32.1551461792 -0.413556 -0.328337 -0.285996 -0.494605 -0.757031 -0.709043 -0.554284 1.593469 -0.623713 -0.761428 -0.757203 -0.017326 -1.030856 -0.147256 -0.355309
438 -30.6689487597 -0.396732 -0.551818 -0.270342 -0.824249 -0.443368 -0.918905 -0.716657 1.503993 -0.469093 -0.655170 -0.943011 0.005164 -0.669321 -0.150660 -0.123791
439 -34.2902579194 -0.440700 -0.696645 -0.242667 -0.186042 -0.958276 -1.004531 -0.541821 1.989663 -0.414697 -0.812579 -0.845522 -0.071452 -0.898237 -0.153093 -0.298311
440 -35.2832552604 -0.440115 -0.644711 -0.282599 -0.402897 -0.583553 -0.998742 -0.622408 1.884887 -0.290363 -0.874382 -0.686319 -0.443617 -0.776641 -0.150322 -0.239217
441 -34.9007886095 -0.435754 -0.566060 -0.487321 -0.402801 -0.715161 -0.964641 -0.633025 1.802619 -0.424531 -0.879682 -0.735564 -0.190437 -0.782177 -0.154276 -0.266989
442 -36.3337522333 -0.369562 -0.694200 -0.309102 -0.239943 -0.768731 -0.960381 -0.580605 2.036916 -0.413325 -0.807482 -0.761299 -0.113569 -0.851639 -0.154149 -0.275012
443 -35.5832732939 -0.296054 -0.592558 -0.271309 -0.277601 -0.542392 -0.759389 -0.640187 2.092464 -0.435823 -0.817845 -0.833703 -0.064134 -0.775937 -0.153481 -0.149404
444 -34.9535948082 -0.438731 -0.560522 -0.478398 -0.326153 -0.631607 -0.956279 -0.536967 1.992172 -0.194189 -0.834698 -0.662517 -0.389479 -0.797576 -0.150757 -0.367480
445 -33.7980711487 -0.383395 -0.884375 -0.430127 -0.278063 -0.709138 -0.986671 -0.645339 1.884209 -0.266752 -0.808516 -0.722632 -0.055247 -0.956472 -0.154325 -0.148611
446 -35.5900734475 -0.447956 -0.564681 -0.477603 -0.307069 -0.671330 -0.930729 -0.459770 1.903806 -0.423414 -0.852491 -0.694465 -0.421896 -0.844627 -0.153685 -0.397796
447 -33.8934302389 -0.423791 -0.551738 -0.370364 -0.146132 -0.605877 -0.966652 -0.379150 1.847030 -0.401270 -0.841073 -0.764287 -0.040850 -0.842325 -0.154013 -0.277300
448 -35.7340175166 -0.424917 -0.606600 -0.438203 -0.391526 -0.578846 -0.839291 -0.632127 2.065248 -0.365795 -0.810157 -0.755772 -0.473965 -0.848705 -0.150216 -0.394929
449 -35.8668777099 -0.435229 -0.639321 -0.510962 -0.396549 -0.770603 -0.786557 -0.582487 2.062566 -0.251698 -0.834174 -0.712077 -0.259189 -0.838188 -0.150392 -0.374318
450 -36.9363758480 -0.411704 -0.792741 -0.278166 -0.419374 -0.865477 -0.878312 -0.503182 2.055298 -0.438319 -0.818535 -0.867692 -0.391823 -0.839473 -0.154133 -0.315406
