evaluations raw_y x0 x1 x2 x3 x4 x5 x6 x7 x8 x9 x10 x11 x12 x13 x14
1 2.3113940840 -0.248928 -0.248928 0.248928 0.248928 -0.248928 -0.248928 -0.248928 0.248928 -0.248928 0.248928 -0.248928 -0.248928 0.248928 -0.248928 -0.248928
2 2.4446602493 0.601231 0.601231 -0.601231 -0.601231 0.601231 0.601231 0.601231 -0.601231 0.601231 -0.601231 0.601231 0.601231 -0.601231 0.601231 0.601231
3 -1.1586170449 4.877833 4.877833 -4.877833 -4.877833 4.877833 4.877833 4.877833 -4.877833 4.877833 -4.877833 4.877833 4.877833 -4.877833 4.877833 4.877833
4 -1.3037182455 -4.605106 -4.605106 4.605106 4.605106 -4.605106 -4.605106 -4.605106 4.605106 -4.605106 4.605106 -4.605106 -4.605106 4.605106 -4.605106 -4.605106
5 1.1968251608 -2.540968 -2.540968 2.540968 2.540968 -2.540968 -2.540968 -2.540968 2.540968 -2.540968 2.540968 -2.540968 -2.540968 2.540968 -2.540968 -2.540968
6 1.5724826075 2.820915 2.820915 -2.820915 -2.820915 2.820915 2.820915 2.820915 -2.820915 2.820915 -2.820915 2.820915 2.820915 -2.820915 2.820915 2.820915
7 1.6694039035 2.326088 2.326088 -2.326088 -2.326088 2.326088 2.326088 2.326088 -2.326088 2.326088 -2.326088 2.326088 2.326088 -2.326088 2.326088 2.326088
8 0.8218717932 -1.981064 -1.981064 1.981064 1.981064 -1.981064 -1.981064 -1.981064 1.981064 -1.981064 1.981064 -1.981064 -1.981064 1.981064 -1.981064 -1.981064
9 0.9855677681 -1.701131 -1.701131 1.701131 1.701131 -1.701131 -1.701131 -1.701131 1.701131 -1.701131 1.701131 -1.701131 -1.701131 1.701131 -1.701131 -1.701131
10 3.1052979916 1.356181 1.356181 -1.356181 -1.356181 1.356181 1.356181 1.356181 -1.356181 1.356181 -1.356181 1.356181 1.356181 -1.356181 1.356181 1.356181
11 1.0170884241 3.166006 3.166006 -3.166006 -3.166006 3.166006 3.166006 3.166006 -3.166006 3.166006 -3.166006 3.166006 3.166006 -3.166006 3.166006 3.166006
12 -1.8034631947 -3.446027 -3.446027 3.446027 3.446027 -3.446027 -3.446027 -3.446027 3.446027 -3.446027 3.446027 -3.446027 -3.446027 3.446027 -3.446027 -3.446027
13 -0.0923598846 -4.252870 -4.252870 4.252870 4.252870 -4.252870 -4.252870 -4.252870 4.252870 -4.252870 4.252870 -4.252870 -4.252870 4.252870 -4.252870 -4.252870
14 -1.6199334699 3.980218 3.980218 -3.980218 -3.980218 3.980218 3.980218 3.980218 -3.980218 3.980218 -3.980218 3.980218 3.980218 -3.980218 3.980218 3.980218
15 2.2353930707 0.873970 0.873970 -0.873970 -0.873970 0.873970 0.873970 0.873970 -0.873970 0.873970 -0.873970 0.873970 0.873970 -0.873970 0.873970 0.873970
16 2.5334025511 -1.226348 -1.226348 1.226348 1.226348 -1.226348 -1.226348 -1.226348 1.226348 -1.226348 1.226348 -1.226348 -1.226348 1.226348 -1.226348 -1.226348
17 1.8117280308 -0.714216 -0.714216 0.714216 0.714216 -0.714216 -0.714216 -0.714216 0.714216 -0.714216 0.714216 -0.714216 -0.714216 0.714216 -0.714216 -0.714216
18 3.0864439365 1.072382 1.072382 -1.072382 -1.072382 1.072382 1.072382 1.072382 -1.072382 1.072382 -1.072382 1.072382 1.072382 -1.072382 1.072382 1.072382
19 -0.7982318269 4.093106 4.093106 -4.093106 -4.093106 4.093106 4.093106 4.093106 -4.093106 4.093106 -4.093106 4.093106 4.093106 -4.093106 4.093106 4.093106
20 0.2068027790 -3.826261 -3.826261 3.826261 3.826261 -3.826261 -3.826261 -3.826261 3.826261 -3.826261 3.826261 -3.826261 -3.826261 3.826261 -3.826261 -3.826261
21 -1.7518120674 -3.324540 -3.324540 3.324540 3.324540 -3.324540 -3.324540 -3.324540 3.324540 -3.324540 3.324540 -3.324540 -3.324540 3.324540 -3.324540 -3.324540
22 -0.5046748022 3.598772 3.598772 -3.598772 -3.598772 3.598772 3.598772 3.598772 -3.598772 3.598772 -3.598772 3.598772 3.598772 -3.598772 3.598772 3.598772
23 3.1730328707 1.859674 1.859674 -1.859674 -1.859674 1.859674 1.859674 1.859674 -1.859674 1.859674 -1.859674 1.859674 1.859674 -1.859674 1.859674 1.859674
24 1.6723504389 -1.508917 -1.508917 1.508917 1.508917 -1.508917 -1.508917 -1.508917 1.508917 -1.508917 1.508917 -1.508917 -1.508917 1.508917 -1.508917 -1.508917
25 0.9034910047 -2.484632 -2.484632 2.484632 2.484632 -2.484632 -2.484632 -2.484632 2.484632 -2.484632 2.484632 -2.484632 -2.484632 2.484632 -2.484632 -2.484632
26 1.2608272144 2.133800 2.133800 -2.133800 -2.133800 2.133800 2.133800 2.133800 -2.133800 2.133800 -2.133800 2.133800 2.133800 -2.133800 2.133800 2.133800
27 0.7968771328 2.699502 2.699502 -2.699502 -2.699502 2.699502 2.699502 2.699502 -2.699502 2.699502 -2.699502 2.699502 2.699502 -2.699502 2.699502 2.699502
28 -0.8472292788 -2.973660 -2.973660 2.973660 2.973660 -2.973660 -2.973660 -2.973660 2.973660 -2.973660 2.973660 -2.973660 -2.973660 2.973660 -2.973660 -2.973660
29 -1.7525542382 -4.718068 -4.718068 4.718068 4.718068 -4.718068 -4.718068 -4.718068 4.718068 -4.718068 4.718068 -4.718068 -4.718068 4.718068 -4.718068 -4.718068
30 0.7622471023 4.451150 4.451150 -4.451150 -4.451150 4.451150 4.451150 4.451150 -4.451150 4.451150 -4.451150 4.451150 4.451150 -4.451150 4.451150 4.451150
31 4.3374382473 0.089173 0.089173 -0.089173 -0.089173 0.089173 0.089173 0.089173 -0.089173 0.089173 -0.089173 0.089173 0.089173 -0.089173 0.089173 0.089173
32 1.4325321777 -0.447266 -0.447266 0.447266 0.447266 -0.447266 -0.447266 -0.447266 0.447266 -0.447266 0.447266 -0.447266 -0.447266 0.447266 -0.447266 -0.447266
33 1.7818712074 -0.551002 -0.551002 0.551002 0.551002 -0.551002 -0.551002 -0.551002 0.551002 -0.551002 0.551002 -0.551002 -0.551002 0.551002 -0.551002 -0.551002
34 3.8295886467 0.278369 0.278369 -0.278369 -0.278369 0.278369 0.278369 0.278369 -0.278369 0.278369 -0.278369 0.278369 0.278369 -0.278369 0.278369 0.278369
35 0.3372437974 4.554934 4.554934 -4.554934 -4.554934 4.554934 4.554934 4.554934 -4.554934 4.554934 -4.554934 4.554934 4.554934 -4.554934 4.554934 4.554934
36 -0.7348687381 -4.907292 -4.907292 4.907292 4.907292 -4.907292 -4.907292 -4.907292 4.907292 -4.907292 4.907292 -4.907292 -4.907292 4.907292 -4.907292 -4.907292
37 0.1647408775 -2.862563 -2.862563 2.862563 2.862563 -2.862563 -2.862563 -2.862563 2.862563 -2.862563 2.862563 -2.862563 -2.862563 2.862563 -2.862563 -2.862563
38 0.9907644087 2.517594 2.517594 -2.517594 -2.517594 2.517594 2.517594 2.517594 -2.517594 2.517594 -2.517594 2.517594 2.517594 -2.517594 2.517594 2.517594
39 1.1826311414 2.022731 2.022731 -2.022731 -2.022731 2.022731 2.022731 2.022731 -2.022731 2.022731 -2.022731 2.022731 2.022731 -2.022731 2.022731 2.022731
40 0.0554370093 -2.302772 -2.302772 2.302772 2.302772 -2.302772 -2.302772 -2.302772 2.302772 -2.302772 2.302772 -2.302772 -2.302772 2.302772 -2.302772 -2.302772
41 1.6538569573 -1.397846 -1.397846 1.397846 1.397846 -1.397846 -1.397846 -1.397846 1.397846 -1.397846 1.397846 -1.397846 -1.397846 1.397846 -1.397846 -1.397846
42 2.6692471083 1.677812 1.677812 -1.677812 -1.677812 1.677812 1.677812 1.677812 -1.677812 1.677812 -1.677812 1.677812 1.677812 -1.677812 1.677812 1.677812
43 0.5290818902 3.487673 3.487673 -3.487673 -3.487673 3.487673 3.487673 3.487673 -3.487673 3.487673 -3.487673 3.487673 3.487673 -3.487673 3.487673 3.487673
44 -0.2263699786 -3.142630 -3.142630 3.142630 3.142630 -3.142630 -3.142630 -3.142630 3.142630 -3.142630 3.142630 -3.142630 -3.142630 3.142630 -3.142630 -3.142630
45 1.1113583032 -3.930044 -3.930044 3.930044 3.930044 -3.930044 -3.930044 -3.930044 3.930044 -3.930044 3.930044 -3.930044 -3.930044 3.930044 -3.930044 -3.930044
46 -2.1022326161 -3.386578 -3.386578 3.386578 3.386578 -3.386578 -3.386578 -3.386578 3.386578 -3.386578 3.386578 -3.386578 -3.386578 3.386578 -3.386578 -3.386578
47 -2.1018087303 -3.384771 -3.384771 3.384771 3.384771 -3.384771 -3.384771 -3.384771 3.384771 -3.384771 3.384771 -3.384771 -3.384771 3.384771 -3.384771 -3.384771
48 -2.1020474121 -3.388354 -3.388354 3.388354 3.388354 -3.388354 -3.388354 -3.388354 3.388354 -3.388354 3.388354 -3.388354 -3.388354 3.388354 -3.388354 -3.388354
49 -2.1022393596 -3.386711 -3.386711 3.386711 3.386711 -3.386711 -3.386711 -3.386711 3.386711 -3.386711 3.386711 -3.386711 -3.386711 3.386711 -3.386711 -3.386711
50 -2.1022424176 -3.386820 -3.386820 3.386820 3.386820 -3.386820 -3.386820 -3.386820 3.386820 -3.386820 3.386820 -3.386820 -3.386820 3.386820 -3.386820 -3.386820
51 -2.1022387224 -3.386695 -3.386695 3.386695 3.386695 -3.386695 -3.386695 -3.386695 3.386695 -3.386695 3.386695 -3.386695 -3.386695 3.386695 -3.386695 -3.386695
52 -2.1022419151 -3.387033 -3.387033 3.387033 3.387033 -3.387033 -3.387033 -3.387033 3.387033 -3.387033 3.387033 -3.387033 -3.387033 3.387033 -3.387033 -3.387033
53 0.5238482601 0.029863 -3.051301 -0.029863 -0.029863 -2.100032 -2.100032 -2.100032 -0.029863 -3.051301 2.100032 -3.051301 0.029863 2.100032 -3.051301 -3.051301
54 -1.1155369490 -3.394550 -3.061530 3.394550 3.394550 4.984924 4.984924 4.984924 3.394550 -3.061530 -4.984924 -3.061530 -3.394550 -4.984924 -3.061530 -3.061530
55 -1.4927921165 -4.043032 -3.387409 4.043032 4.043032 -4.333978 -4.333978 -4.333978 4.043032 -3.387409 4.333978 -3.387409 -4.043032 4.333978 -3.387409 -3.387409
56 1.4832796202 1.421463 -2.495367 -1.421463 -1.421463 -3.141392 -3.141392 -3.141392 -1.421463 -2.495367 3.141392 -2.495367 1.421463 3.141392 -2.495367 -2.495367
57 1.8917054644 -3.104078 0.374623 3.104078 3.104078 -3.677718 -3.677718 -3.677718 3.104078 0.374623 3.677718 0.374623 -3.104078 3.677718 0.374623 0.374623
58 -0.0959506388 -2.398879 -4.924750 2.398879 2.398879 -3.341474 -3.341474 -3.341474 2.398879 -4.924750 3.341474 -4.924750 -2.398879 3.341474 -4.924750 -4.924750
59 -2.5134560884 -4.911757 -3.383745 4.911757 4.911757 -3.394966 -3.394966 -3.394966 4.911757 -3.383745 3.394966 -3.383745 -4.911757 3.394966 -3.383745 -3.383745
60 -1.4580554860 -4.666834 -3.396405 4.666834 4.666834 -1.756364 -1.756364 -1.756364 4.666834 -3.396405 1.756364 -3.396405 -4.666834 1.756364 -3.396405 -3.396405
61 -1.9409889892 -4.899571 -3.402198 4.899571 4.899571 -2.972117 -2.972117 -2.972117 4.899571 -3.402198 2.972117 -3.402198 -4.899571 2.972117 -3.402198 -3.402198
62 -0.4766726218 -4.933240 -2.193363 4.933240 4.933240 -3.469843 -3.469843 -3.469843 4.933240 -2.193363 3.469843 -2.193363 -4.933240 3.469843 -2.193363 -2.193363
63 -2.0923583330 -4.969730 -3.358524 4.969730 4.969730 -3.525812 -3.525812 -3.525812 4.969730 -3.358524 3.525812 -3.358524 -4.969730 3.525812 -3.358524 -3.358524
64 -2.0844275747 -4.988689 -3.240188 4.988689 4.988689 -3.416593 -3.416593 -3.416593 4.988689 -3.240188 3.416593 -3.240188 -4.988689 3.416593 -3.240188 -3.240188
65 -1.9430249518 -4.867688 -3.351453 4.867688 4.867688 3.525929 3.525929 3.525929 4.867688 -3.351453 -3.525929 -3.351453 -4.867688 -3.525929 -3.351453 -3.351453
66 -2.0433888894 -4.808453 -3.024713 4.808453 4.808453 -3.385950 -3.385950 -3.385950 4.808453 -3.024713 3.385950 -3.024713 -4.808453 3.385950 -3.024713 -3.024713
67 -2.4120692177 -4.823881 -3.355386 4.823881 4.823881 -3.791365 -3.791365 -3.791365 4.823881 -3.355386 3.791365 -3.355386 -4.823881 3.791365 -3.355386 -3.355386
68 -0.0531735250 -4.503250 -3.957186 4.503250 4.503250 -3.364358 -3.364358 -3.364358 4.503250 -3.957186 3.364358 -3.957186 -4.503250 3.364358 -3.957186 -3.957186
69 -2.0608904490 -4.914543 -3.356716 4.914543 4.914543 -4.837564 -4.837564 -4.837564 4.914543 -3.356716 4.837564 -3.356716 -4.914543 4.837564 -3.356716 -3.356716
70 -1.8566060145 -4.902489 -3.243551 4.902489 4.902489 -3.705224 -3.705224 -3.705224 4.902489 -3.243551 3.705224 -3.243551 -4.902489 3.705224 -3.243551 -3.243551
71 -1.9472591026 -4.754012 -3.439363 4.754012 4.754012 -3.551234 -3.551234 -3.551234 4.754012 -3.439363 3.551234 -3.439363 -4.754012 3.551234 -3.439363 -3.439363
72 -2.1218725299 -4.845885 -3.369556 4.845885 4.845885 -3.609320 -3.609320 -3.609320 4.845885 -3.369556 3.609320 -3.369556 -4.845885 3.609320 -3.369556 -3.369556
73 -1.4470182047 -4.932289 -3.583720 4.932289 4.932289 -3.388942 -3.388942 -3.388942 4.932289 -3.583720 3.388942 -3.583720 -4.932289 3.388942 -3.583720 -3.583720
74 -2.1334599053 -4.842076 -3.369305 4.842076 4.842076 -3.612004 -3.612004 -3.612004 4.842076 -3.369305 3.612004 -3.369305 -4.842076 3.612004 -3.369305 -3.369305
75 0.2159959623 -3.292543 -1.913439 3.292543 0.877088 -2.574219 -2.837194 -2.574219 0.877088 -2.942548 4.409440 -2.440157 2.242998 4.409440 -1.913439 -2.440157
76 0.4891729326 -3.956939 -0.723329 3.956939 3.986790 -1.435466 -3.893018 -1.435466 3.986790 -2.275452 3.452522 -3.026827 -3.757402 3.452522 -0.723329 -3.026827
77 0.5012084267 1.419599 -3.819300 -1.419599 3.009981 -3.054987 -3.496259 -3.054987 3.009981 -4.142796 4.819834 -1.060567 -4.914174 4.819834 -3.819300 -1.060567
78 2.2554238684 -0.178373 -3.594739 0.178373 1.549408 -3.764356 2.454284 -3.764356 1.549408 -1.480206 2.820944 1.881708 -0.386746 2.820944 -3.594739 1.881708
79 0.6682812162 -4.801186 -3.346335 4.801186 -0.019385 -4.167998 -0.576079 -4.167998 -0.019385 -1.033628 4.883749 1.823681 1.637494 4.883749 -3.346335 1.823681
80 -0.5663813013 0.324975 -3.348935 -0.324975 4.037848 -4.376251 -3.624866 -4.376251 4.037848 -4.844999 0.973279 2.092536 -4.244117 0.973279 -3.348935 2.092536
81 0.1950981315 -2.962160 -0.808106 2.962160 2.184052 0.638012 -2.135931 0.638012 2.184052 -3.196823 3.437422 -1.709385 -3.768759 3.437422 -0.808106 -1.709385
82 -0.2946713865 -4.432103 -2.684027 4.432103 -2.663085 -3.080060 -4.387526 -3.080060 -2.663085 -3.487568 2.783913 2.035788 4.791480 2.783913 -2.684027 2.035788
83 -0.4734644316 -4.628953 3.530495 4.628953 4.183756 -2.866348 -4.455618 -2.866348 4.183756 -3.187746 4.613702 -4.774905 -0.612206 4.613702 3.530495 -4.774905
84 -1.2556352242 -0.180403 -3.237147 0.180403 4.379908 -4.508945 -3.401840 -4.508945 4.379908 -2.337681 -0.283739 -3.342676 -4.181117 -0.283739 -3.237147 -3.342676
85 -0.2393908785 -3.788401 -1.379246 3.788401 1.866219 -4.403231 -2.223571 -4.403231 1.866219 -4.116959 3.833398 -3.398472 -4.607785 3.833398 -1.379246 -3.398472
86 -0.4930259368 -3.668707 1.304366 3.668707 4.953745 -1.807503 -2.755120 -1.807503 4.953745 -3.378967 3.312087 -4.871536 -3.019633 3.312087 1.304366 -4.871536
87 -0.6436957449 -4.984392 -4.062555 4.984392 2.471613 -2.827599 0.564069 -2.827599 2.471613 -4.579121 3.783683 -3.054788 -2.782979 3.783683 -4.062555 -3.054788
88 -1.5728911806 -4.709382 -3.343397 4.709382 -2.211464 -3.357018 -3.761171 -3.357018 -2.211464 -4.132694 3.927020 -4.417773 -4.147916 3.927020 -3.343397 -4.417773
89 0.1959684617 -4.517350 -2.495492 4.517350 3.091006 -1.269298 -4.661840 -1.269298 3.091006 -2.485432 3.448510 -3.312859 -3.391168 3.448510 -2.495492 -3.312859
90 -0.2831759548 -3.992233 -3.533041 3.992233 4.802510 -3.884763 -4.977764 -3.884763 4.802510 -1.048608 2.330083 -3.086254 -4.612354 2.330083 -3.533041 -3.086254
91 -1.3668862670 -4.606704 -0.877832 4.606704 -0.298075 -3.010834 -1.886698 -3.010834 -0.298075 -3.453632 3.227024 -3.361245 -2.672604 3.227024 -0.877832 -3.361245
92 -1.0606606313 -4.285864 -0.128850 4.285864 4.794470 -3.441144 -0.396748 -3.441144 4.794470 -1.737892 1.223271 -3.412697 -4.762164 1.223271 -0.128850 -3.412697
93 -0.8195649869 -3.821563 -3.415258 3.821563 4.063631 -1.866150 -3.282608 -1.866150 4.063631 -3.899839 2.383821 -1.947144 -4.630977 2.383821 -3.415258 -1.947144
94 -0.7898179299 -4.940711 -1.571527 4.940711 2.593988 -3.233846 -4.785240 -3.233846 2.593988 -4.454430 1.760922 -3.305532 -3.489589 1.760922 -1.571527 -3.305532
95 -0.1142873045 -1.438927 -4.714914 1.438927 4.734385 -3.502858 -1.427663 -3.502858 4.734385 -3.869171 1.736112 -3.318561 -4.135351 1.736112 -4.714914 -3.318561
96 -1.1253439843 -4.995306 -4.983895 4.995306 4.777751 -3.439723 -3.961528 -3.439723 4.777751 -4.612877 2.696783 -3.343430 -4.813135 2.696783 -4.983895 -3.343430
97 0.3460445123 -4.350710 -0.947351 4.350710 3.317945 -3.457668 -4.637511 -3.457668 3.317945 -3.315838 2.185202 -1.733127 -2.280015 2.185202 -0.947351 -1.733127
98 -1.0280553105 -4.475522 -4.868163 4.475522 4.295744 -3.405962 -2.849470 -3.405962 4.295744 -3.361783 1.298694 -4.771701 -4.963321 1.298694 -4.868163 -4.771701
99 -0.6412680500 -4.349207 -3.339161 4.349207 4.028123 1.717834 -2.807155 1.717834 4.028123 -4.590346 3.317578 -4.451209 -4.506688 3.317578 -3.339161 -4.451209
100 -1.5718201103 -4.511817 -4.464459 4.511817 0.817866 -3.370575 -3.781004 -3.370575 0.817866 -3.076285 3.877124 -3.364362 -4.607329 3.877124 -4.464459 -3.364362
101 0.4607832810 -4.717126 -1.261169 4.717126 0.434560 -3.491679 -3.938968 -3.491679 0.434560 -3.394883 2.540136 -2.875112 -4.779530 2.540136 -1.261169 -2.875112
102 -1.3055980733 -4.927237 -3.077097 4.927237 4.310707 -3.408578 -2.166317 -3.408578 4.310707 -4.076613 2.337938 -3.404868 -3.662552 2.337938 -3.077097 -3.404868
103 0.0664205761 -3.960325 -4.827034 3.960325 4.990966 -4.280686 -3.379742 -4.280686 4.990966 -3.355425 3.053006 -2.571429 -4.983040 3.053006 -4.827034 -2.571429
104 -1.5124223180 -4.702744 -3.391806 4.702744 3.449200 -3.332238 -3.792487 -3.332238 3.449200 -2.810795 3.704822 -1.911630 -4.961507 3.704822 -3.391806 -1.911630
105 -0.5462492273 -3.897102 -3.353200 3.897102 4.933556 -3.326622 -2.590706 -3.326622 4.933556 -3.781616 2.205412 -4.040566 -4.889907 2.205412 -3.353200 -4.040566
106 -0.5921675355 -4.895547 -3.362685 4.895547 4.724185 4.452843 -3.389079 4.452843 4.724185 -3.359766 3.139766 -3.246544 -4.995033 3.139766 -3.362685 -3.246544
107 -1.8436537502 -3.338254 -2.570297 3.338254 4.991116 -3.378462 -2.878095 -3.378462 4.991116 -3.376230 3.767578 -3.136775 -4.621010 3.767578 -2.570297 -3.136775
108 -0.5783443915 -4.994762 -2.878842 4.994762 4.000492 -2.805733 -2.792359 -2.805733 4.000492 -3.352283 3.318994 -4.340403 -4.854126 3.318994 -2.878842 -4.340403
109 -1.3951195597 -4.969204 -3.225144 4.969204 4.883597 -3.366664 -4.441210 -3.366664 4.883597 -3.373704 3.621948 -2.648399 -4.462653 3.621948 -3.225144 -2.648399
110 -1.0993404748 -4.090956 -3.895323 4.090956 4.937958 -1.598583 -3.306645 -1.598583 4.937958 -3.480869 2.268754 -3.299170 -4.242806 2.268754 -3.895323 -3.299170
111 -1.4682160826 -4.904704 -4.027077 4.904704 4.736455 -4.024189 -3.406103 -4.024189 4.736455 -2.994017 3.846153 -3.386845 -4.893217 3.846153 -4.027077 -3.386845
112 -1.6145288917 -4.326722 -3.256653 4.326722 4.599679 -2.922148 -3.410480 -2.922148 4.599679 -3.325093 4.246242 -3.392004 -4.891639 4.246242 -3.256653 -3.392004
113 -1.6437909261 -4.765156 -4.231714 4.765156 4.813866 -3.273889 -3.478189 -3.273889 4.813866 -4.073805 3.340080 -3.367285 -4.883136 3.340080 -4.231714 -3.367285
114 -1.3915853735 -4.886525 -3.669825 4.886525 4.921612 -3.302688 -2.939133 -3.302688 4.921612 -3.341818 3.464438 -3.869708 -4.328817 3.464438 -3.669825 -3.869708
115 -1.8713564645 -4.567907 -4.045374 4.567907 4.730072 -3.265844 -2.987682 -3.265844 4.730072 -3.313332 3.375192 -3.403608 -4.654945 3.375192 -4.045374 -3.403608
116 -1.4155722496 -1.747585 -3.615732 1.747585 4.987414 -3.392356 -4.222901 -3.392356 4.987414 -3.180157 3.490110 -3.385491 -4.788725 3.490110 -3.615732 -3.385491
117 -1.2299476497 -4.923356 -2.580336 4.923356 4.940213 -3.406803 -4.237265 -3.406803 4.940213 -3.135709 3.490785 -3.399454 -4.870164 3.490785 -2.580336 -3.399454
118 -0.8461406961 -3.256769 -4.281527 3.256769 4.678566 -3.401053 -3.299878 -3.401053 4.678566 -3.319511 3.624937 -3.386343 -4.967823 3.624937 -4.281527 -3.386343
119 -2.3081422273 -4.834647 -3.280557 4.834647 3.653812 -3.361276 -3.211782 -3.361276 3.653812 -2.724591 3.983650 -3.383228 -4.844179 3.983650 -3.280557 -3.383228
120 -1.8746643568 -4.752697 -3.408080 4.752697 4.243001 -3.385447 -3.337190 -3.385447 4.243001 -3.611899 2.913611 -3.374451 -4.852991 2.913611 -3.408080 -3.374451
121 -1.5391377306 -4.892720 -3.290334 4.892720 4.791802 -3.376130 -3.014854 -3.376130 4.791802 -3.379876 3.306091 -3.591526 -4.931176 3.306091 -3.290334 -3.591526
122 -2.0591639058 -4.649042 -3.322653 4.649042 4.943615 -3.390455 -3.007908 -3.390455 4.943615 -3.663090 3.353055 -3.396859 -4.957529 3.353055 -3.322653 -3.396859
123 -2.8832183116 -4.863416 -3.392357 4.863416 4.933810 -3.375744 -3.577010 -3.375744 4.933810 -3.300757 3.849339 -3.368844 -4.538243 3.849339 -3.392357 -3.368844
124 -2.3549204368 -4.141209 -3.342797 4.141209 4.767983 -3.452377 -3.535948 -3.452377 4.767983 -3.152712 3.840481 -3.359268 -4.463550 3.840481 -3.342797 -3.359268
125 -3.1073251746 -4.892845 -3.203361 4.892845 4.843284 -3.256678 -3.593216 -3.256678 4.843284 -3.337581 3.780026 -3.358524 -4.435192 3.780026 -3.203361 -3.358524
126 -3.1683761028 -4.959379 -2.968303 4.959379 4.994157 -3.126126 -3.604484 -3.126126 4.994157 -3.016978 3.794519 -3.369386 -4.333821 3.794519 -2.968303 -3.369386
127 -2.8280241874 -4.986974 -2.986888 4.986974 4.902938 -3.268556 -3.589204 -3.268556 4.902938 -3.184540 3.722911 -3.359990 -4.235715 3.722911 -2.986888 -3.359990
128 -1.8014170712 -4.765396 -2.832846 4.765396 4.942217 -3.555282 -3.625787 -3.555282 4.942217 -3.298939 3.415799 -3.363205 -4.358454 3.415799 -2.832846 -3.363205
129 -2.8120589309 -4.785291 -2.984927 4.785291 4.991749 -3.068050 -3.682925 -3.068050 4.991749 -3.330832 3.797320 -3.355484 -4.887121 3.797320 -2.984927 -3.355484
130 -0.9995821085 -4.923762 -2.831161 4.923762 4.369246 -2.669988 -3.467451 -2.669988 4.369246 -2.721583 3.808592 -3.383195 -4.250169 3.808592 -2.831161 -3.383195
131 -2.2839203247 -4.849733 -3.027674 4.849733 4.986450 -3.127826 -3.741911 -3.127826 4.986450 -2.843143 4.004395 -3.363761 -4.149298 4.004395 -3.027674 -3.363761
132 -1.8996671528 -4.944900 -3.024241 4.944900 4.479372 -3.115074 -3.517831 -3.115074 4.479372 -2.568924 3.713011 -3.384426 -4.404856 3.713011 -3.024241 -3.384426
133 -2.2333374287 -4.988179 -3.003569 4.988179 4.942292 -3.103782 -4.034128 -3.103782 4.942292 -3.060296 4.004784 -3.384151 -4.396059 4.004784 -3.003569 -3.384151
134 -1.3744957414 -4.205834 -2.894737 4.205834 4.993554 -3.101629 -3.543046 -3.101629 4.993554 -3.036687 3.186661 -3.390665 -4.398060 3.186661 -2.894737 -3.390665
135 -2.2308596072 -4.989521 -2.257318 4.989521 4.988589 -3.084867 -3.490164 -3.084867 4.988589 -3.043416 3.931002 -3.381598 -4.472237 3.931002 -2.257318 -3.381598
136 -2.8469441390 -4.984324 -3.006356 4.984324 4.762062 -3.124185 -3.574361 -3.124185 4.762062 -3.030152 3.897520 -3.379400 -4.530218 3.897520 -3.006356 -3.379400
137 -2.9034568885 -4.995039 -2.960821 4.995039 4.985951 -3.134776 -3.631162 -3.134776 4.985951 -3.037683 3.764870 -3.306860 -4.208699 3.764870 -2.960821 -3.306860
138 -2.8281366179 -4.992396 -3.040735 4.992396 4.996206 -3.123406 -3.553255 -3.123406 4.996206 -3.153210 3.775483 -3.365249 -4.395215 3.775483 -3.040735 -3.365249
139 -2.8939971040 -4.713772 -3.075050 4.713772 4.930713 -3.119232 -3.613313 -3.119232 4.930713 -3.029442 3.823821 -3.261567 -4.345530 3.823821 -3.075050 -3.261567
140 -2.5675425755 -4.947357 -2.943968 4.947357 4.983457 -3.125909 -4.819388 -3.125909 4.983457 -2.986107 3.771838 -3.385800 -4.102663 3.771838 -2.943968 -3.385800
141 -3.4201387863 -4.979319 -2.976892 4.979319 4.843670 -3.145824 -3.519332 -3.145824 4.843670 -3.060623 3.799514 -3.360680 -4.646674 3.799514 -2.976892 -3.360680
142 -2.6036897627 4.385393 -2.975501 -4.385393 1.183060 -3.147221 -4.542353 -3.147221 1.183060 -3.055357 3.797044 -3.244103 -4.645141 3.797044 -2.975501 -3.244103
143 -2.9717642399 -4.999293 -2.947716 4.999293 4.779626 -3.156054 -3.433943 -3.156054 4.779626 -2.293895 3.801781 -3.355121 -4.807800 3.801781 -2.947716 -3.355121
144 -2.5790055424 -4.959664 -2.936626 4.959664 4.444989 -3.169462 -3.398311 -3.169462 4.444989 -3.094858 3.800795 -3.365547 -4.816019 3.800795 -2.936626 -3.365547
145 -2.9690810939 -4.906705 -2.968505 4.906705 4.839836 -3.052968 -3.368532 -3.052968 4.839836 -3.050366 3.796081 -3.384052 -4.848989 3.796081 -2.968505 -3.384052
146 -3.2573703772 -4.953845 -2.973727 4.953845 4.883989 -3.155187 -3.214636 -3.155187 4.883989 -3.043827 3.812138 -3.359465 -4.699073 3.812138 -2.973727 -3.359465
147 -2.8289243600 -4.991467 -3.081940 4.991467 4.822034 -3.051337 -3.268129 -3.051337 4.822034 -3.080863 3.781650 -3.322554 -4.616899 3.781650 -3.081940 -3.322554
148 -3.1416982921 -4.828210 -2.963074 4.828210 4.816371 -3.127942 -3.608399 -3.127942 4.816371 -3.007777 3.761924 -3.433305 -4.602184 3.761924 -2.963074 -3.433305
149 -3.2952563650 -4.953982 -3.060971 4.953982 4.869452 -3.146841 -3.582580 -3.146841 4.869452 -3.031729 3.781541 -3.341817 -4.716146 3.781541 -3.060971 -3.341817
150 -3.1809137271 -4.991984 -2.953239 4.991984 4.845368 -3.161983 -3.570709 -3.161983 4.845368 -3.030921 3.806027 -3.359130 2.406417 3.806027 -2.953239 -3.359130
151 -0.6742863871 2.272605 -4.680128 -2.508541 -0.858799 -4.506559 -4.254540 -3.060048 -0.776629 -3.356162 3.792565 -2.418527 -4.341284 2.078389 -3.033178 -2.508263
152 0.9040534752 -2.518669 -3.979536 1.234194 3.077597 -2.643179 -2.026721 -3.080367 4.444342 -3.547680 3.149559 0.013861 -3.076667 -1.037059 -2.150029 -2.913038
153 1.2059884145 4.907466 -4.528629 4.750805 4.305594 -2.436462 3.548979 1.712917 1.851834 -2.789415 3.973068 -3.058491 -3.944082 -1.084295 2.036127 -3.012194
154 1.4598689440 0.337178 -4.001999 4.829107 3.822008 -3.427667 -3.305190 -1.049524 2.090168 -4.000872 3.709031 -3.220716 2.964438 3.101535 -0.976508 1.496675
155 1.2457139398 -0.207064 -1.420570 1.321018 -2.765158 -4.652466 -2.063825 1.182971 4.480855 -1.639277 4.138503 -3.918949 -1.611439 0.455213 2.950066 3.651849
156 0.7067364320 -2.525853 2.300428 1.634695 0.724866 -0.035823 -0.802444 -3.034755 3.992779 -1.092957 -1.754995 -3.007676 1.088988 4.015061 -4.514025 4.341611
157 0.6553951147 -3.290852 -2.844614 3.147785 4.677148 -4.498797 -3.068546 -3.511487 3.289921 -4.204097 1.615786 -3.877194 -4.878486 3.850219 2.018144 -3.188757
158 -0.6622065658 -3.302397 -2.210202 4.392001 3.952292 -3.743396 -2.297901 -4.441824 1.177172 -3.803213 -1.091722 -3.285592 -1.754484 4.084253 -3.128017 -1.379274
159 1.0257879223 -3.354708 -0.000978 2.399144 -2.601127 -1.867815 -2.434301 4.957285 4.480560 -0.717188 3.519443 -3.564537 0.510846 4.524743 -0.739634 -4.651037
160 -0.5658138936 -1.472206 -2.714713 -0.460777 -1.460807 2.260894 -2.007980 -3.370501 4.055663 -4.169118 3.984788 -4.015746 -0.168849 -2.155609 2.490683 4.275720
161 -0.6758279685 -2.006631 -2.569621 3.654826 3.934832 -1.968121 -4.064817 1.138172 4.342026 -3.770451 -3.091757 -4.693503 1.691585 3.760297 -3.323696 -3.741568
162 1.3537798435 -3.440030 1.657845 2.241311 0.243077 3.277794 -4.958307 -2.589243 4.498177 -4.624454 3.509708 -3.130435 -0.994418 0.758349 -1.876466 -4.008748
163 0.6726110752 -4.934103 -2.532314 4.165896 4.854945 -2.416708 -4.167508 -3.301441 2.502286 -2.735381 3.799594 -4.002572 -3.808690 2.789306 0.615064 1.390514
164 0.9855089480 0.202934 -3.767557 1.275641 4.085946 3.625853 -2.728613 -4.000304 4.601144 -4.716265 0.812032 -0.782806 2.171325 3.842559 -2.797129 -3.305053
165 0.4293744214 -2.682543 -1.256579 4.572990 4.260779 -1.914282 -2.506863 1.762847 -0.118636 -1.996990 -3.660153 2.991898 2.446817 3.413402 -2.574006 -3.763155
166 -0.0446195896 -3.812224 -3.241751 4.183037 4.921937 -0.780406 -3.830944 -3.324502 3.914190 -2.033845 3.811308 -3.596762 -2.344364 3.007270 -1.571478 -4.043817
167 0.6435155965 -4.121838 -1.306099 2.769156 4.833000 -3.112493 -4.903156 -2.562453 1.285791 -2.639445 0.314858 -0.906771 -0.312658 3.825801 -4.327599 -3.345234
168 -0.8666076552 -2.492481 -0.596848 4.626801 4.569936 -3.544532 -4.056990 -3.552117 4.672435 -3.837209 3.911845 -3.523239 -4.718116 3.289244 -4.341869 -3.371565
169 0.2790662230 -3.681924 -4.885721 3.209189 2.306839 -2.645079 -3.357288 -4.929075 2.745557 -3.047433 2.879015 -3.820156 -2.523040 3.961644 -2.486429 -4.137097
170 0.6570578246 -4.138668 -4.304732 4.792752 1.700261 -2.832045 -4.358075 -3.846276 4.633684 -2.236021 3.754993 -4.075506 1.302261 3.681150 -2.994812 -3.244138
171 0.4859735350 3.423570 2.018172 2.673387 3.488055 -1.029593 1.331330 -2.820888 3.534121 -3.248252 4.746941 -2.591224 -3.783003 3.687141 -2.436157 -2.975937
172 -0.5736075060 -2.283317 -2.694517 -3.033978 4.559081 -3.639971 -4.465257 -3.464620 4.875793 -3.187118 3.991487 -2.968182 -3.713804 2.390807 -2.962543 -2.879583
173 0.2123576387 -0.094697 -4.125412 4.500519 3.788248 -0.500595 4.596770 -3.441341 3.349002 -3.271879 3.836106 -4.150000 -4.844233 0.392937 -3.913607 -3.070655
174 0.8084479543 -2.122292 -4.143155 -1.281988 4.421488 0.354094 2.922764 -2.909535 4.756554 -2.897276 4.350019 -0.937269 -4.988709 4.398733 -2.200128 -3.610383
175 -0.2704636714 2.717637 -0.027028 -0.032297 4.604685 -2.208151 2.151564 -2.891929 4.151820 -3.285692 4.043169 -0.433307 -4.252332 4.772447 -2.195556 -3.616643
176 -0.1848146072 0.091058 -4.854255 0.479034 3.657906 -4.024968 -2.480428 -2.926404 4.736321 -2.982472 3.941631 0.118231 -4.732691 3.513417 -2.994499 -3.450745
177 -0.8795525488 -1.761143 1.060925 1.411481 4.061997 -3.483545 -0.115174 -2.823449 2.491785 -2.975568 3.380988 -4.549603 -4.652661 2.172009 -3.164351 -2.888366
178 1.1526087953 0.989697 -1.427370 -4.524780 4.785244 -3.973169 -1.194939 -3.366242 3.980731 -2.891916 3.582267 1.976129 -4.100432 2.065815 -3.088058 -3.692237
179 0.8084346290 -3.947067 1.761207 -0.734545 3.304782 -3.702078 2.526969 -2.884900 3.532887 -2.867841 3.280240 -1.655463 -4.020724 3.073215 -2.188222 -3.233149
180 -0.3590206034 1.661528 -1.705677 4.737054 4.822641 -0.967167 -3.676961 -2.931814 4.396274 -2.860755 3.338064 -4.578892 -4.174431 4.840720 -2.967044 -3.253277
181 -1.4064100267 -3.624824 -4.849343 1.270575 4.887781 -3.324377 -3.387358 -3.263479 4.545074 -3.064298 3.857990 -1.078908 -4.713770 1.835496 -2.896128 -3.321798
182 -1.3162322748 -4.606527 -0.818751 4.906069 4.998250 -2.917525 -0.972265 -3.215388 3.957297 -3.164317 3.987835 -3.465870 -4.288066 3.717933 -3.384612 -3.572164
183 -0.4075456065 -2.961178 -3.351317 0.505889 4.740854 -3.680376 -2.040786 -2.986095 4.598306 -3.026524 3.599967 -3.221525 -4.810610 4.340385 -2.591689 -2.436255
184 -1.1651483512 -0.722651 -4.535663 4.418277 4.657139 -1.166431 -3.059506 -3.007317 4.937415 -3.158281 3.947343 -3.775571 -4.970676 4.680772 -3.265981 -3.277698
185 -0.9015961701 -2.521945 0.018972 3.350551 3.693125 -4.708156 -4.479432 -3.007304 4.862038 -3.047607 3.664371 -3.333510 -4.526741 4.592252 -3.081523 -1.850189
186 -1.2127836968 -3.327404 -4.444125 4.999848 4.882472 -2.468323 -2.919828 -3.135315 4.556013 -3.005696 3.566496 -3.121944 -4.703322 4.975607 -2.550232 -1.779707
187 -0.3691949609 -3.338940 1.105423 2.427892 4.980286 -0.596142 -3.695514 -3.099733 4.606126 -3.156860 3.642391 -2.917709 -4.814409 2.986934 -2.607924 -3.333347
188 -0.9075443794 -4.858632 0.042839 4.571533 4.856668 -1.018798 -3.879600 -3.128413 4.845480 -2.977291 3.571021 -3.305897 -4.563364 4.548344 -3.160071 -3.300458
189 -0.3420915451 -3.942310 -0.690281 4.641864 2.789872 -1.937441 -3.932963 -3.071300 4.512670 -2.958444 3.989098 -3.191578 -4.673240 3.047898 -2.755005 -2.025246
190 -0.6634932477 -0.253321 -0.755162 4.196635 4.673394 -4.162048 3.157362 -3.189383 4.746122 -2.737709 3.913804 -3.139397 -4.550343 1.893929 -3.122919 -2.391183
191 0.0693498007 -4.972092 0.285342 2.121255 4.799965 -3.626915 -3.701946 -3.189213 2.722937 -3.417573 3.938378 -3.377755 -4.851949 1.529943 -3.103307 -2.866181
192 -1.1594852469 -1.543025 1.284176 4.520164 2.681017 -4.202025 -0.237156 -3.241585 4.673411 -3.036545 3.654860 -3.184597 -4.725848 4.604092 -2.987253 -3.690059
193 -0.4450495822 -2.853828 -4.500573 4.313909 4.771470 -4.238158 -0.548962 -3.215790 4.617343 -2.976350 3.623017 -3.363252 -4.550232 4.681104 -2.844176 -3.238074
194 -0.2130291207 -3.883320 -2.557149 2.581687 2.557754 -2.931177 -1.679279 -3.091629 4.684799 -3.147234 3.959243 -3.145385 -4.996884 1.927610 -2.875778 -3.817941
195 0.5761281380 -4.222068 -0.104665 3.857305 3.825277 -2.973757 -1.304438 -2.980267 4.611091 -3.180284 3.602030 -3.626291 -4.923855 4.331593 -3.540702 -4.529085
196 -2.1014669542 -3.235720 -2.630325 4.536504 4.947932 -4.445954 -4.130295 -3.163216 4.715494 -3.024538 3.758551 -3.278094 -4.697473 4.986705 -2.966425 -2.786389
197 -0.9239702651 -4.907963 -2.556563 3.590833 4.932699 -2.765613 -3.148267 -3.195319 4.654853 -3.004723 3.694158 -3.258471 -4.447000 4.476199 -3.220028 -3.045040
198 -1.6991959667 -3.435821 -4.358271 4.952095 4.968367 -3.015876 -3.807882 -3.127737 4.996672 -3.098421 2.884533 -3.335329 -4.670620 3.887812 -2.947656 -2.384225
199 -1.2123661116 -4.374355 -1.340321 4.980317 4.823538 -0.549232 -3.213976 -3.207808 4.979580 -3.069439 3.604857 -3.286782 -4.660249 3.692406 -3.152828 -2.877228
200 -1.6384324642 -4.572087 -2.754427 4.214214 4.680904 -3.164235 -2.079507 -3.716860 4.923266 -3.026665 3.681927 -3.307668 -4.511636 2.986124 -2.835892 -2.717656
201 -1.1663114591 -4.467282 -2.266678 2.523898 4.578753 -2.517988 -2.832998 -3.230162 4.990723 -3.019270 3.977589 -3.315871 -4.496870 3.689112 -2.743799 -4.487974
202 -1.5200266048 -2.217380 -4.647649 4.884758 4.681065 -3.221348 -4.151344 -2.588922 4.717754 -3.021649 3.767377 -3.258804 -4.581693 4.529674 -2.884486 -3.253855
203 -1.9005434915 -2.612934 -1.551473 4.682001 4.960986 -3.204903 -4.377735 -3.532533 4.799225 -3.026649 3.855686 -3.356336 -4.719488 3.632378 -2.900766 -2.228184
204 -1.7379988815 -4.949736 -1.485099 4.161946 4.715233 -3.225182 -2.331419 -2.424365 3.980148 -3.003496 3.773898 -3.285172 -4.541826 3.804977 -2.893965 -3.109616
205 -2.1316987987 -4.909845 -2.855038 3.553230 4.915700 -3.166969 -1.631193 -3.211393 3.950924 -2.992932 3.797214 -3.267978 -4.401042 3.757522 -2.721268 -3.074342
206 -1.9105481816 -4.992432 -3.775874 4.353302 3.997592 -3.226604 -2.840400 -4.160893 4.932572 -3.092652 3.827914 -3.268698 -4.589695 3.735900 -3.111746 -3.744982
207 -1.6282467666 -4.912273 -3.480322 4.646586 4.981219 -3.223865 -4.126670 -2.195887 4.913564 -3.044998 3.671428 -3.378927 -4.521845 3.720421 -2.719832 -2.393500
208 -2.4245392697 -4.839528 -3.245941 4.429741 4.922396 -3.148028 -3.317453 -3.118757 4.964445 -3.014332 3.613263 -3.311571 -4.816045 3.723325 -2.950517 -3.940722
209 -2.2370341307 -2.919547 -4.603977 4.440120 4.981376 -3.253530 -3.082222 -3.515913 4.964191 -3.015638 3.728929 -3.189966 -4.756778 4.077857 -3.215642 -3.431820
210 -1.9803570081 -4.781745 -4.404278 3.153007 4.880000 -3.260947 -3.351757 -3.188760 4.698735 -2.941705 3.836296 -3.292379 -4.795980 3.882529 -2.818028 -4.354307
211 -2.5501189961 -4.894626 -2.951551 4.798546 4.784048 -3.235432 -3.457308 -3.545561 4.127782 -2.884944 3.779113 -3.328854 -4.677709 3.383624 -2.814125 -3.811295
212 -2.3688930906 -4.869900 -4.032382 4.960971 4.969544 -3.272089 -4.284146 -3.142930 4.971387 -3.058612 3.806499 -3.431499 -4.600379 3.638386 -2.950057 -3.464572
213 -1.7972087787 -3.691325 -2.746697 4.976907 4.880172 -3.167205 -3.798334 -3.791639 4.956908 -3.057661 3.742037 -3.389050 -4.645505 4.524324 -3.063592 -3.338648
214 -1.4995446197 -4.758097 -3.907350 4.987038 4.847139 -3.112838 -3.783689 -3.350390 4.693716 -2.853631 3.831494 -3.396708 -4.496940 3.857432 -2.930094 -2.750120
215 -0.4134191107 -4.890908 -2.840953 3.602105 4.404705 -3.234857 -4.096936 -3.223699 4.628628 -1.990509 3.811619 -3.392552 -4.631632 3.132916 -3.110219 -3.937916
216 -2.8823404181 -4.874449 -2.941687 4.784607 4.826929 -3.214929 -3.523162 -2.081419 4.849638 -3.012207 3.834329 -3.393301 -4.603882 3.681761 -2.940623 -3.503781
217 -1.4961062242 -4.094875 -2.981873 4.751301 4.826083 -3.182603 -3.977614 -2.966567 4.766882 -3.273109 3.770432 -3.332179 -4.905544 3.846529 -3.152071 -3.681782
218 -1.7744931278 -4.925043 -3.031240 3.856182 4.838423 -3.216096 -3.672548 -3.611659 4.950889 -3.245598 3.821151 -3.994865 -3.535960 3.102804 -2.998040 -3.389663
219 -1.4550653882 -4.825924 -2.727093 3.818075 4.881922 -3.203456 -3.800991 -3.428037 4.048842 -3.140097 3.814582 -2.731156 -4.753200 4.238731 -3.158527 -3.376052
220 -1.3809055712 -4.961772 -2.866091 3.679907 4.793745 -3.229288 -3.270669 -3.397364 4.763993 -2.942567 3.808649 -3.448763 -4.488376 2.957240 -2.751617 -3.357071
221 -2.1253499583 -4.919566 -2.124296 4.709997 4.894098 -3.121923 -3.551568 -3.501368 4.250533 -2.758396 4.234768 -3.376284 -4.658002 3.895063 -2.949674 -3.395436
222 -2.7990964476 -4.692265 -2.782961 4.813446 4.819540 -3.141165 -3.216316 -3.701427 4.952883 -3.300631 3.768978 -3.307696 -4.624895 3.736257 -3.064499 -3.379825
223 -1.8094676087 -4.884116 -3.066012 4.927512 4.905814 -3.262263 -3.909568 -3.742987 4.528534 -3.175135 3.809870 -3.424559 -4.681370 3.865425 -2.875895 -3.184852
224 -2.2221206195 -4.887184 -2.881918 4.976075 4.947312 -3.890705 -3.541486 -4.170291 4.755881 -3.429064 3.835695 -3.388657 -4.633423 3.631380 -2.958548 -3.367666
225 -1.8471204833 -4.969762 -4.148692 4.904757 4.294696 -3.163385 -3.586739 -2.960233 4.743388 -4.371047 3.981566 -2.969374 -4.643549 3.785805 -2.841826 -3.403474
226 -2.8724288367 -4.977168 -3.254635 4.952087 4.697643 -3.154320 -3.508155 -3.108202 4.957466 -3.142089 4.051136 -3.027659 -4.643290 3.777202 -2.961735 -3.354593
227 -2.6212399703 -4.917699 -3.613676 4.790434 4.892188 -3.159987 -3.572985 -3.100788 4.795786 -2.243683 3.739627 -3.597132 -4.638264 3.772626 -3.000107 -3.361283
228 -2.8713515042 -4.858410 -3.552533 4.663220 4.607594 -3.150298 -3.653367 -2.401991 4.827868 -3.051007 3.965280 -3.399610 -4.731756 3.784193 -2.973860 -3.376336
229 -2.2363214028 -4.954646 -3.082472 4.988299 4.793644 -3.139486 -3.489091 -3.960336 4.843535 -2.997890 3.666861 -3.561341 -4.810780 3.813206 -2.970343 -3.352975
230 -2.7289001098 -4.919621 -2.635821 4.964322 4.798636 -3.081691 -3.540993 -3.162516 4.863276 -3.642376 4.012206 -3.364602 -4.644534 3.820034 -2.897897 -3.421980
231 -2.9850439124 -4.933558 -3.580496 4.642363 4.700614 -3.169013 -3.463530 -3.146817 4.828107 -2.964895 3.443172 -3.364387 -4.636575 3.874260 -2.916696 -3.387626
232 -2.2958010145 -4.994667 -3.023706 4.928327 4.999926 -3.190286 -3.996022 -3.098243 4.933021 -3.124877 3.720428 -3.871539 -4.637302 3.789705 -2.968458 -3.362359
233 -2.6372726133 -4.871862 -2.726009 4.995681 4.529210 -3.341241 -3.508380 -3.037452 4.909223 -3.070680 3.791018 -3.418408 -4.649912 4.154406 -2.691817 -3.362878
234 -3.3672243322 -4.976027 -3.504908 4.957679 4.755385 -3.137717 -3.491947 -3.118272 4.905386 -2.959420 3.968923 -3.343750 -4.638151 3.708624 -2.885528 -3.449808
235 -2.3421629765 -4.746605 -3.920001 4.900251 4.946475 -3.051868 -3.511533 -3.096954 4.979647 -3.066424 3.759919 -3.340655 -4.635177 3.776221 -2.765649 -3.339964
236 -2.7510629102 -4.765945 -2.552135 4.998588 4.763261 -3.271946 -3.501103 -3.138373 4.851495 -2.975121 3.799716 -3.337863 -4.635042 3.845266 -2.708697 -3.475367
237 -2.6272029167 -4.842131 -3.017915 4.914119 4.980680 -3.156627 -3.604683 -3.042266 4.900777 -3.051334 4.014214 -3.356036 -4.657260 3.931728 -2.798419 -3.348128
238 -2.8496238313 -4.068156 -2.887516 4.984581 4.784547 -3.150771 -3.560164 -3.113757 4.894359 -2.988080 3.796865 -3.410049 -4.640522 3.807428 -3.078745 -3.401061
239 -2.9012606140 -4.988347 -2.778214 4.975310 4.745358 -3.149301 -3.500452 -2.973221 4.749752 -2.939873 3.757437 -3.296492 -4.654306 3.341810 -3.008372 -3.384148
240 -2.7076999425 -4.984803 -2.833548 4.416199 4.785000 -3.143456 -3.455465 -3.053886 4.983182 -3.143646 3.785388 -3.430938 -4.663298 3.826872 -3.092527 -3.412764
241 -3.3385658238 -4.956167 -2.992318 4.996536 4.814772 -3.156483 -3.638862 -3.154088 4.971352 -3.089245 3.819216 -3.325595 -4.653877 3.768796 -3.031520 -3.386559
242 -3.2432363972 -4.953538 -3.013388 4.931482 4.865847 -3.320248 -3.515322 -3.097910 4.824104 -3.098789 3.787375 -3.323526 -4.642441 3.624493 -2.950595 -3.377906
243 -2.5050290338 -4.969812 -2.987581 4.993676 4.816115 -3.155862 -3.240210 -3.171262 4.650912 -3.544416 3.779124 -3.338593 -4.643439 3.839340 -2.783105 -3.373745
244 -2.9421708973 -4.963150 -2.926136 4.954136 4.868486 -3.149966 -4.008074 -3.090837 4.914422 -3.068877 3.801608 -3.310927 -4.678270 3.778494 -2.940758 -3.338845
245 -3.3307889117 -4.925731 -2.896315 4.997154 4.873359 -3.156202 -3.429244 -3.235878 4.937697 -2.978992 3.968357 -3.377297 -4.636051 3.771542 -2.963205 -3.446550
246 -3.2139197306 -4.941036 -3.082880 4.970646 4.813439 -3.160060 -3.472370 -3.066982 4.921605 -2.976854 3.598823 -3.378665 -4.651271 3.802434 -2.999127 -3.452935
247 -3.4864017734 -4.879751 -3.547326 4.998254 4.980065 -3.134850 -3.556587 -3.079334 4.903186 -3.014822 3.774769 -3.336462 -4.644704 3.762909 -2.971824 -3.367009
248 -2.8508835403 -4.915201 -1.149822 4.911964 4.989678 -3.144006 -3.535988 -3.030980 4.987181 -3.054013 3.742814 -3.326502 -4.654781 3.772567 -2.964537 -3.346434
249 -2.9938142425 -4.963198 -3.708573 4.982089 4.691795 -3.120074 -3.515751 -3.025266 4.988880 -3.075300 3.784252 -3.327301 -4.647738 3.725608 -2.975441 -3.320668
250 -3.3517431407 -4.584231 -3.449982 4.781521 4.992575 -3.137711 -3.517099 -2.998113 4.738184 -3.002632 3.735103 -3.317714 -4.656065 3.737122 -2.971090 -3.390189
251 -3.4150984016 -4.976206 -3.561432 4.945613 4.985593 -3.143354 -3.515724 -3.017782 4.893813 -3.022118 3.794491 -3.260859 -4.683891 3.732876 -3.030943 -3.372682
252 -3.5544176447 -4.816713 -3.470736 4.911205 4.971023 -3.153452 -3.531148 -3.088194 4.995402 -3.086929 3.795980 -3.301064 -4.645881 3.776111 -2.969033 -3.390463
253 -3.6514802349 -4.729610 -3.329737 4.983445 4.975957 -3.162694 -3.485529 -3.067453 4.933256 -2.992696 3.757878 -3.285037 -4.625574 3.821982 -2.961794 -3.412118
254 -3.2526519073 -4.795001 -3.255271 4.933782 4.984604 -3.164043 -3.470426 -3.066113 4.988555 -3.120376 3.736978 -3.262875 -4.617952 3.863727 -2.958587 -3.395391
255 -3.6375079562 -4.973075 -3.473708 4.770097 4.992566 -3.154740 -3.508880 -3.113706 4.976503 -2.956076 3.780484 -3.294640 -4.673321 3.779602 -2.953957 -3.416864
256 -3.5846843062 -4.767812 -3.401264 4.954230 4.952467 -3.151653 -3.465594 -3.104225 4.976395 -2.951408 3.774042 -3.308279 -4.671104 3.858412 -2.955875 -3.413221
257 -3.3318005698 -4.807049 -3.538363 4.990891 4.988802 -3.164830 -3.464439 -3.117755 4.967246 -2.985310 3.503121 -3.273423 -4.667645 3.813626 -2.951723 -3.393681
258 -3.6103579132 -4.917697 -3.366810 4.986593 4.997843 -3.179511 -3.502651 -3.003651 4.727992 -2.947883 3.792658 -3.254404 -4.654576 3.781138 -2.957110 -3.414845
259 -3.6326643445 -4.901973 -3.518309 4.939565 4.961523 -3.175276 -3.499525 -3.066566 4.981036 -2.941239 3.785452 -3.279934 -4.667032 3.805551 -2.964129 -3.421929
260 -3.3378258503 -4.918734 -3.481966 4.894597 4.972176 -3.161701 -3.520177 -3.042706 4.992437 -2.939547 3.726486 -3.264520 -4.681116 3.855854 -2.966346 -3.417883
261 -3.6524681395 -4.929793 -3.425528 4.810818 4.960778 -3.195694 -3.456688 -3.048286 4.979600 -2.958443 3.808015 -3.286037 -4.618265 3.808122 -2.953466 -3.430949
262 -3.3889242351 -4.695815 -3.566108 4.946056 4.970809 -3.226678 -3.435665 -3.099229 4.792402 -2.862638 3.805913 -3.289082 -4.592608 3.804980 -2.943096 -3.449699
263 -3.6866056504 -4.926461 -3.378872 4.922358 4.986725 -3.218750 -3.433744 -3.110716 4.964079 -2.941200 3.884633 -3.286394 -4.615560 3.816345 -2.948367 -3.458562
264 -3.2977479572 -4.933885 -3.334232 4.765302 4.986959 -3.235796 -3.443582 -3.188626 4.992518 -2.863407 3.947787 -3.303931 -4.622326 3.816049 -2.972977 -3.504988
265 -3.1234162571 -4.939556 -3.387256 4.891110 4.808455 -3.229613 -3.222402 -3.083286 4.971182 -2.946441 3.866831 -3.253743 -4.577483 3.816104 -2.648357 -3.439746
266 -3.7128614795 -4.571162 -3.236810 4.816813 4.970695 -3.229995 -3.442916 -3.057486 4.981896 -2.949529 3.899358 -3.254838 -4.644896 3.780577 -2.936315 -3.485076
267 -3.6051159648 -4.862422 -3.373771 4.998854 4.954276 -3.213672 -3.395847 -3.090013 4.879741 -2.957863 3.911406 -3.232580 -4.668995 3.761076 -2.935317 -3.517105
268 -3.6941223044 -4.447251 -3.224368 4.972560 4.999179 -3.242181 -3.481914 -3.117596 4.892304 -2.960908 3.869867 -3.237105 -4.614224 3.763993 -2.923366 -3.461153
269 -3.7210295994 -4.811923 -3.343079 4.980991 4.986318 -3.247803 -3.424746 -2.986417 4.941304 -2.958503 3.925605 -3.264514 -4.643020 3.826519 -2.946220 -3.450449
270 -3.7817505002 -4.795808 -3.371018 4.996387 4.916331 -3.264545 -3.383669 -3.024077 4.981321 -2.963853 3.900574 -3.270191 -4.667958 3.816320 -2.938210 -3.444083
271 -3.2469622533 -4.181196 -3.485272 4.919097 4.984881 -3.252489 -3.379192 -2.949010 4.963837 -2.974863 3.862076 -3.288864 -4.625181 3.813065 -2.929847 -3.439565
272 -3.8457021124 -4.831511 -3.231601 4.835099 4.882362 -3.244110 -3.423229 -3.025483 4.995490 -2.965345 3.875036 -3.227253 -4.682325 3.795561 -2.939611 -3.413648
273 -3.5868248303 -4.871360 -3.129972 4.738935 4.968689 -3.266239 -3.368850 -3.098794 4.968227 -2.977404 3.926594 -3.195439 -4.642742 3.794698 -2.925512 -3.376474
274 -3.6188534170 -4.790485 -3.276508 4.865032 4.968430 -3.227758 -3.204245 -3.015239 4.960734 -2.954407 3.844855 -3.223536 -4.716033 3.759880 -2.979245 -3.391847
275 -3.5484222578 -4.851222 -3.249693 4.503310 4.413849 -3.263216 -3.486935 -2.986735 4.987874 -2.967770 3.866586 -3.219751 -4.739336 3.780369 -2.982251 -3.443186
276 -3.8989512477 -4.819295 -3.187736 4.996170 4.977544 -3.253023 -3.473193 -3.024470 4.988839 -2.957473 3.859239 -3.287031 -4.728500 3.779335 -2.940007 -3.379501
277 -3.8224402845 -4.867118 -3.195571 4.967672 4.942261 -3.271737 -3.484885 -2.975681 4.911334 -2.971526 3.843462 -3.309186 -4.750537 3.735456 -2.917211 -3.421786
278 -3.6932606161 -4.870988 -3.214713 4.975677 4.962253 -3.234211 -3.433381 -3.026545 4.989131 -2.943651 3.828174 -3.262661 -4.698198 3.739737 -2.912982 -3.333435
279 -3.7498977898 -4.750292 -3.239594 4.915377 4.980302 -3.250682 -3.483413 -3.040134 4.989809 -2.967343 3.878731 -3.234873 -4.768812 3.728515 -2.963476 -3.374885
280 -3.8370632465 -4.883234 -3.220674 4.944233 4.944433 -3.260397 -3.574240 -2.951770 4.903583 -2.949588 3.828137 -3.280620 -4.680102 3.795304 -2.948567 -3.395473
281 -3.9398208994 -4.875704 -3.212337 4.852270 4.998751 -3.264568 -3.561751 -3.046392 4.939447 -2.959598 3.834278 -3.325373 -4.675661 3.741931 -2.950137 -3.405103
282 -3.7739172191 -4.934986 -3.177858 4.974801 4.974814 -3.281202 -3.540832 -3.004406 4.957069 -2.959506 3.803164 -3.353952 -4.697643 3.754066 -2.986392 -3.390804
283 -3.6836613643 -4.876017 -3.193623 4.957718 4.955961 -3.275687 -3.643132 -3.065731 4.994639 -2.970700 3.795447 -3.340551 -4.670715 3.744156 -2.951396 -3.442191
284 -3.7913902266 -4.864757 -3.183624 4.883624 4.996341 -3.294053 -3.537664 -3.148628 4.961347 -2.981123 3.952222 -3.311677 -4.679433 3.742805 -2.912102 -3.393284
285 -3.7075915316 -4.947228 -3.140478 4.730086 4.937439 -3.252929 -3.618446 -3.053435 4.982392 -2.950115 3.812409 -3.270191 -4.694410 3.718255 -2.932375 -3.390751
286 -3.8044868625 -4.855558 -3.265356 4.930117 4.804329 -3.277943 -3.568312 -3.018794 4.992471 -2.955067 3.824844 -3.348955 -4.652468 3.768209 -2.991227 -3.406192
287 -3.8273931417 -4.806351 -3.090454 4.977715 4.931011 -3.243447 -3.611865 -2.983027 4.964940 -2.960132 3.868527 -3.290174 -4.658915 3.725315 -2.959960 -3.409528
288 -3.9089380208 -4.823387 -3.201788 4.936931 4.994262 -3.286379 -3.566805 -3.104642 4.989566 -2.957427 3.884406 -3.306565 -4.655761 3.729796 -2.959162 -3.392864
289 -3.7013078327 -4.810296 -3.098743 4.735111 4.999346 -3.291081 -3.600059 -3.073687 4.991669 -2.953779 3.804983 -3.310456 -4.630997 3.723077 -2.969776 -3.395180
290 -3.8400242182 -4.814829 -3.247209 4.989632 4.952162 -3.313776 -3.576466 -3.032871 4.919257 -2.967830 3.829986 -3.357344 -4.653568 3.744822 -2.922153 -3.402867
291 -3.8280656628 -4.844987 -3.275718 4.929473 4.885824 -3.286912 -3.614988 -2.979437 4.936676 -2.967355 3.861785 -3.269130 -4.658623 3.721126 -2.977112 -3.418335
292 -3.7794910136 -4.856219 -3.257628 4.987297 4.998578 -3.301398 -3.582136 -2.976513 4.986797 -2.918335 3.882758 -3.338820 -4.683159 3.750682 -2.918377 -3.405906
293 -3.7799101304 -4.847721 -3.238512 4.977724 4.942164 -3.271550 -3.604345 -3.014957 4.986213 -2.973282 3.844343 -3.266745 -4.647542 3.705470 -2.952750 -3.401607
294 -3.7343167171 -4.793208 -3.243710 4.984204 4.958784 -3.333080 -3.574240 -3.248263 4.944100 -2.880710 3.848279 -3.303419 -4.671482 3.737652 -2.938564 -3.404157
295 -3.8429653251 -4.914357 -3.259020 4.916100 4.996907 -3.286734 -3.532777 -3.084391 4.915467 -2.960088 3.870514 -3.266544 -4.624632 3.704839 -2.929675 -3.412491
296 -3.7493502166 -4.806007 -3.259564 4.867653 4.987964 -3.254239 -3.623324 -3.136774 4.979793 -2.965222 3.868929 -3.281659 -4.642097 3.723127 -2.909987 -3.416363
297 -0.0682888852 -3.772277 -0.445521 -2.601651 -1.434664 -1.506588 -1.220640 1.292065 -0.134692 -3.460564 3.483278 -0.765465 -4.266695 1.366158 -2.518898 -3.031447
298 0.4366337083 -0.887898 4.019760 3.854620 4.661159 -3.383256 -0.682854 -2.329775 -1.234655 -2.074766 2.031375 -0.527410 -2.486908 2.892608 -4.052537 -4.294590
299 0.0233780221 -2.675147 -3.125234 -3.851407 2.365170 -2.595919 -3.420900 -2.934556 -1.757769 -2.880946 3.097594 -4.855005 -1.073347 1.819403 -2.798307 -3.503139
300 0.0708430543 -3.844501 -2.954382 -0.808784 -4.438041 -3.903797 -2.903262 3.015380 3.573225 -3.003548 1.839540 -0.615723 -3.318498 4.344513 -3.677306 -2.861587
301 0.4180858040 -0.278353 -0.517408 0.583571 -0.787196 -4.690394 0.148405 -1.503106 -2.879382 -3.005817 3.231986 -0.541586 -1.843640 4.442152 -3.859126 -3.415540
302 0.2721549738 -1.671687 -2.620084 2.091828 1.691786 -4.558762 -3.723340 -4.508502 -2.750361 -1.920172 3.161996 -3.821230 -4.300001 3.538767 -1.489054 -4.170937
303 -0.3695497931 -3.894662 -1.636366 4.444878 2.676198 -4.255034 -0.938509 -4.550799 2.629715 -2.843218 4.928509 -3.743342 -3.559856 2.197206 -2.911303 -3.873783
304 0.6821552971 -3.521936 -1.866869 2.747775 -2.059696 -1.645286 -4.989175 1.143654 -0.717110 -2.671571 2.875472 -1.619149 -2.407190 4.819532 -2.594133 -2.619734
305 -0.2638982055 -4.385787 -4.401097 3.184019 3.442176 -3.249347 -4.745805 0.830287 4.312028 -3.041374 4.482941 -3.529587 -2.875335 2.546648 -1.620129 -2.769480
306 0.5512860758 -0.888438 1.289230 -0.545179 -2.757023 -4.650911 -3.102688 -2.077161 3.245650 -3.982059 1.986267 -3.833958 -4.507248 1.897384 -2.359932 -3.715579
307 0.9462913765 -3.551169 -0.427032 -3.014180 2.049295 -2.275443 -0.797852 -1.350321 4.490015 -3.768539 2.630984 -1.554979 -2.799556 4.968586 -2.545270 -2.841279
308 0.9217384850 -4.070276 -2.962367 1.546881 -3.441419 -3.812791 -1.580694 -2.874196 -3.774035 -2.992428 2.832820 -4.431632 -1.134427 2.058719 -2.500463 -3.201798
309 0.4488416542 -0.934486 -2.015069 3.259434 2.560782 -3.872329 -0.466441 -2.203243 0.570974 -3.836909 4.130122 -3.030662 -3.300677 1.351811 -4.385822 -4.412496
310 -0.8082087764 -1.212157 -4.566280 -1.848804 2.590947 -3.246347 4.371275 -2.774068 4.220066 -3.448800 4.068984 -4.272288 -0.675077 4.152576 -3.130316 -4.275799
311 -0.1407432318 -4.604357 3.780676 4.425687 -4.158492 -4.010134 -0.673886 1.286683 0.857882 -3.031091 0.831901 -3.691548 -1.312646 2.121180 -4.056762 -4.040345
312 0.8532388506 -3.757739 0.941267 1.904103 4.161552 -2.359348 -2.025763 -2.276068 3.068423 -3.090074 3.272814 -2.969782 -4.654006 3.578170 -3.489256 -3.927689
313 0.3922688044 -3.275224 -1.534461 -0.899391 0.821759 -4.191511 -3.268341 -1.970483 1.477722 -3.401016 2.861590 -1.553950 -2.918834 4.311547 -2.458784 -3.850187
314 0.6131821680 -4.953774 0.708468 -1.408888 1.538776 -3.357170 -2.932974 -2.535437 -0.689917 -2.726733 4.216066 -4.425806 -3.063513 4.193585 -2.801709 -4.580121
315 -1.1356074857 -3.456525 -3.322573 0.923791 2.109005 -2.516535 -3.063094 -4.526684 4.268474 -3.071335 3.408286 -3.751194 -4.573922 3.319210 -2.314992 -3.205115
316 0.8241080674 -2.572155 1.002330 -0.475926 4.227020 -3.289283 -3.943040 -1.027790 2.544284 -2.670774 2.294358 -4.392925 -4.775921 2.779430 -2.750782 -3.230615
317 -0.4333852970 -4.465128 -3.933425 -4.975486 2.360572 -3.804064 -2.626797 -3.021017 4.110707 -3.027662 3.127808 -2.072504 -4.201688 3.641695 -2.644918 -3.719220
318 -0.5952012907 -3.259945 -1.598602 2.677007 3.693703 -3.731646 -4.789505 -0.428124 -0.275189 -3.164174 4.248149 -3.274274 -4.038253 4.918885 -2.949932 -4.165056
319 -0.4623015084 -4.340635 -2.922773 -1.817990 4.854604 -2.481962 -4.145750 -3.477269 3.465189 -2.448220 4.535122 -3.746836 -3.589352 3.412708 -3.483132 -3.758360
320 0.2549774113 -2.651934 -2.610545 -0.387977 4.101445 -2.490279 -3.834401 -3.973706 4.227016 -3.303133 2.892312 -4.158250 -3.825546 3.148693 -2.225278 -3.864689
321 0.7849378401 -4.524587 -2.338059 -3.299378 1.653040 -2.392447 -4.782533 -2.251512 4.551299 -2.716229 3.273675 -2.027277 -4.268751 2.857759 -2.076238 -3.857497
322 0.5163234041 -4.157117 -4.149593 0.636712 0.759445 -2.911457 -3.838837 -4.459959 4.403720 -2.438419 3.437556 -4.645199 -3.608060 3.423926 -4.063698 -2.942903
323 -0.3813647941 -2.613108 -4.409287 -0.065855 3.082315 -3.130076 -3.773644 -0.695209 1.100320 -3.411464 3.515071 -1.789693 -4.562695 4.595786 -3.508842 -3.446879
324 -0.6943205434 -4.525012 -0.310883 -2.778339 -1.077895 -4.080829 -3.403913 -4.776711 2.863414 -3.275531 4.438770 -3.042950 -4.810888 4.508449 -2.220005 -3.339339
325 0.5058652130 -4.927565 1.318987 2.173530 4.141801 -2.828173 -3.437908 -2.014324 0.869147 -3.146571 4.483583 -4.006695 -4.784605 4.470481 -2.671384 -3.178488
326 0.1813599767 -3.644442 -1.128826 -2.697426 0.978920 -4.072586 -3.568107 -2.490444 2.259268 -2.709972 4.510425 -3.002926 -3.993368 4.511083 -2.113361 -3.398808
327 -0.1270275625 -4.302320 -2.479379 2.291912 2.536415 -3.084529 -4.162044 -2.215041 2.929303 -3.198355 3.064625 -4.162908 -4.856927 3.866125 -2.963975 -3.686476
328 0.5881386295 -4.439612 -0.843134 4.363620 4.456991 -2.932854 -3.569089 -4.227359 3.242226 -3.129796 3.271682 -2.564054 -4.166640 3.139639 -3.263117 -3.645250
329 -1.3377722954 -4.442039 -1.666440 -0.574263 4.752450 -3.725961 -4.448369 -4.551668 3.680761 -3.114060 4.022363 -4.101536 -4.774800 4.315297 -3.205867 -3.478529
330 -0.2992100263 -4.205066 -0.886195 -0.183967 4.790608 -3.330439 -3.931863 -2.135003 3.375737 -3.222287 4.252942 -4.176840 -4.591014 4.325658 -3.124976 -3.172222
331 -0.5652788023 -4.919748 -0.952900 4.849699 2.777458 -3.615742 -3.584093 -3.070303 3.232386 -2.865314 4.069759 -4.192866 -3.880955 3.390016 -2.718403 -3.383868
332 -0.0648588284 -3.886016 -1.548719 2.444048 3.335663 -3.635105 -3.935547 -1.705744 4.390668 -2.871877 3.789822 -3.783131 -4.672452 4.234659 -2.776996 -3.571248
333 -1.1590480485 -4.531900 -2.844158 3.271288 3.689989 -3.399338 -4.341506 -2.174854 4.033713 -3.117976 3.711686 -2.461436 -4.935215 4.052516 -3.046528 -3.304067
334 -0.3337625628 -4.236878 -3.518012 2.546974 4.772257 -3.711575 -3.133170 -3.765823 3.809063 -2.719788 4.485315 -4.104668 -4.240830 4.042632 -3.129063 -3.540659
335 -0.9808050275 -4.930004 -1.404702 0.771506 3.747997 -2.938806 -4.309186 -3.704419 4.912547 -3.162571 3.299733 -3.201202 -4.279219 3.328978 -3.105635 -3.191346
336 -0.2873497161 -4.697270 -3.511590 -0.495614 2.728656 -3.225463 -4.130769 -4.167725 4.080075 -2.707383 3.229404 -2.398646 -3.921969 3.533875 -3.215474 -3.277473
337 -1.0895397907 -4.193189 -1.669201 4.414221 2.319000 -3.354202 -3.865389 -3.033683 4.041528 -2.942275 3.632247 -2.912699 -4.193271 3.992018 -2.618626 -3.146194
338 -0.3224977490 -4.922878 -2.651683 0.208267 4.933337 -3.368902 -4.303769 -3.140196 3.303508 -3.070542 3.727800 -3.989242 -3.911302 3.602650 -2.840006 -3.139486
339 -1.2245358774 -4.618257 -3.519251 1.789757 4.197978 -3.641167 -4.394142 -2.904681 4.119182 -2.882065 3.819302 -2.493242 -3.934570 3.737866 -2.669908 -3.420535
340 0.0231969114 -3.802527 -4.751298 2.016403 3.591039 -3.517191 -2.788655 -1.785457 2.593464 -2.704662 4.055859 -2.912240 -4.983795 3.192730 -3.246691 -3.446779
341 0.0607532195 -4.833244 -3.805255 0.241240 2.296191 -3.360937 -2.917509 -4.110151 4.796591 -2.713026 3.082235 -3.228837 -3.871714 3.608626 -2.682973 -3.450399
342 -0.6798109131 -4.685418 -4.299502 2.093575 4.105078 -3.111520 -3.257859 -2.771669 3.991573 -3.044489 3.895534 -3.409564 -4.552250 3.473020 -3.069990 -3.490300
343 -1.9854463896 -4.900137 -4.324829 4.499614 4.859621 -3.478308 -3.385554 -2.324026 4.976766 -2.951986 3.579107 -3.660650 -4.607301 3.851551 -2.951743 -3.452008
344 -1.9758393821 -4.419918 -3.643949 3.379221 4.853625 -3.436733 -3.769907 -3.564144 4.140452 -3.040109 3.938334 -3.298323 -4.591143 3.654336 -3.140521 -3.433746
345 -1.8629426057 -4.665064 -3.535252 4.838997 3.033024 -3.161155 -4.436939 -3.074967 4.422781 -2.864806 3.655783 -3.254462 -4.311507 3.676889 -2.806215 -3.403335
346 -1.4219515521 -4.897626 -3.551870 4.230914 3.670692 -3.395697 -4.048860 -2.856403 4.941978 -2.979025 4.068348 -3.577054 -4.633864 3.706572 -3.069366 -3.574387
347 -0.6466992672 -4.335586 -2.595732 3.567728 4.359486 -3.321858 -3.112839 -2.259726 4.848346 -2.956422 3.685109 -2.958530 -4.934700 3.637377 -2.745217 -3.401268
348 -1.3508581894 -4.736722 -3.724247 1.516412 4.744421 -3.469645 -3.322306 -2.839670 4.959389 -2.505548 3.941753 -3.602750 -4.609530 3.719236 -3.055864 -3.303625
349 -1.3785599407 -4.883377 -3.232571 2.997608 4.629069 -3.346428 -3.865047 -3.164728 4.672857 -3.027208 4.185585 -2.881240 -4.750673 3.569461 -3.032943 -3.520976
350 -2.3076174392 -4.331616 -3.045135 4.777135 4.916488 -3.237627 -3.656957 -2.389404 4.966942 -2.895893 3.888012 -3.004891 -4.303443 3.597323 -2.903006 -3.385843
351 -1.4568572204 -4.510328 -3.986980 4.820908 4.798794 -3.463159 -3.740207 -3.744252 4.459715 -2.987862 3.658625 -3.210877 -4.225486 3.863034 -3.012932 -3.403407
352 -1.0736108509 -4.752854 -3.286669 4.978756 3.950769 -3.609151 -3.322210 -3.843345 4.573721 -3.350853 4.171530 -3.089293 -4.555268 3.859821 -3.018901 -3.551139
353 -1.5101221788 -4.445742 -3.513222 3.885168 4.773272 -3.453464 -3.651467 -3.622252 4.870028 -3.620172 3.440727 -3.368991 -4.925257 3.684191 -3.100957 -3.551379
354 -1.7939363589 -4.970790 -2.821415 2.574298 3.534436 -3.123432 -3.302484 -3.650401 4.677758 -3.431827 4.180443 -3.087796 -4.886762 3.735608 -3.209196 -3.464157
355 -1.0246788324 -4.577554 -2.840415 3.889202 3.342455 -3.127039 -3.963837 -3.531504 4.993719 -3.041084 3.645322 -2.982421 -4.782893 3.975648 -3.205058 -3.469488
356 -1.0782702814 -4.684343 -3.752712 4.508808 3.357642 -3.213604 -3.139485 -2.392523 4.006449 -2.893465 3.658111 -3.633558 -4.875273 3.455393 -2.959164 -3.499972
357 -2.6232535799 -4.580265 -3.364546 4.371691 4.975436 -3.369391 -3.649193 -3.373884 4.951268 -3.284115 4.014472 -3.288507 -4.776898 3.771378 -3.115969 -3.348487
358 -2.7978432291 -4.653987 -3.052368 4.804851 4.916365 -3.301952 -3.443427 -2.875117 4.946487 -2.706188 3.934619 -3.238177 -4.821574 3.778943 -2.999405 -3.386922
359 -3.2277510804 -4.873175 -3.274737 4.919279 4.967685 -3.556887 -3.517489 -3.034072 4.880881 -2.969257 3.797005 -2.926806 -4.618591 3.779999 -2.988100 -3.411339
360 -2.1326372861 -4.972667 -3.227459 4.343444 4.916830 -2.551967 -3.481466 -3.522926 4.673729 -2.916960 3.885864 -3.315214 -4.673383 3.521147 -4.055669 -3.473418
361 -2.0072434677 -4.894943 -3.108085 3.850522 4.883990 -3.985852 -3.757320 -2.692868 4.941259 -2.914706 3.843299 -3.228831 -4.606179 3.785193 -2.877997 -3.346993
362 -2.4153999570 -4.642195 -3.144518 4.832764 4.687049 -3.200294 -3.409560 -3.000385 4.649229 -2.944777 3.949707 -3.052700 -4.646564 3.614344 -3.144741 -3.464776
363 -2.5359736806 -4.861047 -3.301439 4.767572 4.859263 -3.370896 -3.354301 -3.146291 4.559190 -2.902326 3.794172 -3.444789 -4.531907 3.746648 -3.003677 -3.339647
364 -2.5698365139 -4.951967 -3.279589 4.722645 4.232097 -3.060369 -3.732340 -3.598355 4.894534 -2.891051 3.849180 -3.270340 -4.646162 4.913438 -2.814989 -3.430532
365 -2.2233263174 -4.801288 -3.261783 4.722353 4.941287 -4.743757 -3.573072 -3.372682 4.963351 -2.913302 3.795120 -3.343671 -4.620734 3.205115 -2.903880 -3.473318
366 -1.9822883508 -4.995289 -3.073037 4.991527 4.828149 -3.351477 -3.558659 -3.142347 4.983733 -2.977581 3.819189 -3.493716 -4.584177 3.197296 -2.769587 -3.361544
367 -2.6767564233 -4.768666 -3.148576 4.838997 4.315901 -4.563182 -3.442256 -2.739938 4.951465 -3.183890 3.881887 -3.256023 -4.734561 3.774899 -2.976357 -3.458924
368 -2.3465346405 -4.550047 -3.281463 4.992486 4.764592 -3.131780 -3.726108 -3.339866 4.962757 -2.961779 3.684633 -3.251795 -4.437879 3.670116 -2.902374 -3.405339
369 -2.0706961223 -4.764238 -3.322592 4.760014 4.936185 -3.521689 -3.322053 -3.124267 4.963702 -3.106119 3.864361 -3.437556 -4.592158 3.480937 -2.957058 -3.880533
370 -1.4061445849 -4.784195 -3.038300 4.870547 4.658180 -3.545522 -3.605804 -2.713214 4.977413 -2.651362 3.777445 -3.484982 -4.581797 3.819079 -2.989366 -3.300828
371 -3.0305036859 -4.971560 -3.455889 4.931387 4.861550 -3.296770 -3.474022 -3.286346 4.793855 -3.035370 3.840470 -3.191203 -4.698072 3.800381 -4.262684 -3.455408
372 -3.6053323018 -4.944437 -3.367335 4.995151 4.963568 -3.257249 -3.468115 -2.997675 4.986671 -2.979340 3.775537 -3.337064 -4.725553 3.746749 -3.003870 -3.437535
373 -3.1784616166 -4.846314 -3.166197 4.694895 4.936740 -3.301909 -3.637838 -2.833994 4.870089 -2.986433 3.890492 -3.287875 -4.605454 3.764594 -3.086642 -3.379943
374 -3.4251385983 -4.900736 -3.193554 4.950274 4.581105 -3.338113 -3.593558 -3.103665 4.933979 -2.919612 3.708593 -3.268828 -4.629902 3.754022 -2.979611 -3.369679
375 -3.4441136989 -4.633236 -3.137108 4.841174 4.985757 -3.511307 -3.530197 -3.087996 4.930415 -2.907664 3.888927 -3.260134 -4.687116 3.758668 -2.650548 -3.410682
376 -3.4967356049 -4.850709 -3.509394 4.939055 4.959383 -3.276549 -3.475688 -3.195779 4.981885 -2.975235 3.825780 -3.419626 -4.679009 3.760892 -2.948915 -3.427867
377 -3.2320767314 -4.772463 -3.252936 4.974629 4.985408 -3.317087 -3.588560 -3.032937 4.703111 -2.971434 3.869915 -3.282031 -4.729920 3.605808 -2.973929 -3.469887
378 -3.2971034119 -4.878923 -3.234345 4.928265 4.736783 -3.548092 -3.437736 -3.001858 4.958255 -2.848076 3.847152 -3.280467 -4.630331 3.695753 -2.982966 -3.453617
379 -3.4690675983 -4.801567 -3.227776 4.277996 4.850465 -3.198693 -3.605778 -3.053861 4.883502 -3.035849 3.848044 -3.362498 -4.743466 3.729059 -2.868828 -3.367558
380 -3.3729126156 -4.837466 -3.325449 4.664375 4.302987 -3.353498 -3.559383 -3.217304 4.919032 -2.994049 3.864632 -3.270409 -4.740726 3.787202 -2.905309 -3.464316
381 -3.5072080933 -4.802973 -3.244023 3.838424 4.987144 -3.332384 -3.490741 -3.159856 4.884121 -2.949310 3.795675 -3.312057 -4.700480 3.774201 -2.934368 -3.305870
382 -3.1298537982 -4.846432 -3.096572 4.872697 4.997713 -3.301337 -3.592923 -3.085537 4.917466 -2.866644 3.813801 -3.203510 -4.966378 3.818718 -2.900981 -3.402713
383 -3.8713400189 -4.945252 -3.193783 4.918351 4.965724 -3.244547 -3.542452 -3.055109 4.971385 -2.999263 3.862925 -3.327831 -4.666757 3.734282 -2.990416 -3.424902
384 -3.5905331765 -4.833137 -3.138647 4.916431 4.894291 -3.328944 -3.564620 -2.966134 4.892406 -2.968430 3.870556 -3.207266 -4.652540 3.712318 -2.899950 -3.370324
385 -3.4495762375 -4.770903 -3.300151 4.965516 4.993245 -3.238584 -3.478044 -3.073493 4.922647 -2.913462 3.855338 -3.336121 -4.722982 3.796184 -2.794552 -3.365601
386 -3.6382684962 -4.748900 -3.066676 4.826430 4.979073 -3.264611 -3.671052 -2.999483 4.994336 -2.933096 3.891187 -3.264744 -4.644990 3.728807 -2.939061 -3.434435
387 -3.7229846733 -4.969600 -3.196339 4.981913 4.939108 -3.278547 -3.600782 -3.153887 4.917249 -2.973305 3.835319 -3.273047 -4.637207 3.776863 -2.971268 -3.466660
388 -3.8306129694 -4.853348 -3.184643 4.925393 4.983348 -3.259461 -3.589384 -3.018276 4.942212 -2.958162 3.850562 -3.292072 -4.713782 3.737031 -2.944374 -3.464316
389 -3.8208647666 -4.947588 -3.176307 4.993594 4.993946 -3.297031 -3.559342 -3.134233 4.965993 -2.964388 3.849370 -3.271367 -4.708423 3.771957 -2.949215 -3.364019
390 -3.8830848657 -4.865210 -3.209554 4.999816 4.978821 -3.257582 -3.541308 -3.005820 4.938821 -2.960861 3.849309 -3.289812 -4.707914 3.740058 -2.957313 -3.356051
391 -3.8630808582 -4.899455 -3.153690 4.925524 4.993280 -3.286512 -3.527300 -3.130198 4.939617 -2.952547 3.822090 -3.276087 -4.643995 3.780587 -2.937503 -3.389733
392 -3.9130836579 -4.835720 -3.221436 4.973677 4.970593 -3.286270 -3.522900 -3.145014 4.951151 -2.965239 3.832939 -3.266186 -4.644558 3.771304 -2.966229 -3.424586
393 -3.7071409459 -4.826471 -3.238108 4.971519 4.933682 -3.236918 -3.554364 -2.947734 4.965617 -2.967320 3.842608 -3.381811 -4.666772 3.735606 -2.929832 -3.395848
394 -3.7438921046 -4.947706 -3.199688 4.920993 4.958669 -3.289538 -3.523203 -2.942693 4.920110 -2.965174 3.814699 -3.291332 -4.662432 3.772338 -2.931365 -3.368353
395 -3.8240050171 -4.779560 -3.196836 4.998574 4.942862 -3.228203 -3.536142 -3.131665 4.961460 -2.944631 3.849065 -3.274035 -4.643537 3.735134 -2.973028 -3.345061
396 -3.7973059801 -4.863075 -3.192562 4.985049 4.993997 -3.290559 -3.524383 -2.929740 4.974036 -2.962263 3.853071 -3.324558 -4.684151 3.761486 -2.927299 -3.404393
397 -3.8981937353 -4.788199 -3.244247 4.987539 4.974932 -3.283696 -3.514300 -3.158778 4.943744 -2.961439 3.830269 -3.271631 -4.650172 3.756541 -2.952825 -3.446254
398 -3.8475486341 -4.918126 -3.214110 4.967312 4.977527 -3.289881 -3.541115 -3.160540 4.953891 -2.946890 3.841629 -3.285617 -4.631229 3.743597 -2.937854 -3.421473
399 -3.8498497888 -4.858992 -3.215177 4.954538 4.978203 -3.226872 -3.611935 -3.117782 4.951983 -2.977670 3.850785 -3.277508 -4.716760 3.782683 -2.959365 -3.442400
400 -3.6967003495 -4.968584 -3.276002 4.989392 4.944082 -3.298067 -3.540942 -2.940280 4.952022 -2.975444 3.844298 -3.282428 -4.699306 3.724257 -2.960961 -3.353231
401 -3.9589605869 -4.804108 -3.178458 4.998050 4.919674 -3.292234 -3.500072 -3.083950 4.961785 -2.963378 3.852720 -3.321188 -4.701218 3.718177 -2.950571 -3.431143
402 -3.8715262654 -4.794261 -3.153864 4.917832 4.964329 -3.327219 -3.491422 -3.201225 4.970619 -2.961604 3.850742 -3.303145 -4.702555 3.760237 -2.953599 -3.391588
403 -3.7482195952 -4.895184 -3.144446 4.926616 4.999316 -3.332981 -3.516219 -3.200176 4.986280 -2.961225 3.851549 -3.261144 -4.693222 3.708659 -2.970732 -3.412264
404 -3.7708085290 -4.846461 -3.220842 4.934270 4.993111 -3.259455 -3.529162 -3.202454 4.980699 -2.952278 3.864031 -3.289721 -4.704022 3.729463 -2.935525 -3.463042
405 -3.8920343418 -4.817639 -3.173512 4.995896 4.864084 -3.317855 -3.439073 -3.104073 4.981504 -2.881837 3.851648 -3.313029 -4.681974 3.731989 -2.939365 -3.423372
406 -3.9789212669 -4.778627 -3.140383 4.991589 4.956784 -3.279761 -3.563939 -3.070301 4.942676 -2.912554 3.849094 -3.280440 -4.679467 3.764759 -2.970436 -3.423814
407 -3.7788410701 -4.814623 -3.110084 4.938033 4.970585 -3.297883 -3.516478 -3.091087 4.941862 -2.885381 3.848387 -3.221631 -4.649243 3.755687 -2.953788 -3.455817
408 -3.7571977779 -4.883159 -3.173456 4.848740 4.975016 -3.308729 -3.509735 -3.081787 4.937834 -2.828408 3.846814 -3.315162 -4.683818 3.809887 -2.984604 -3.410958
409 -3.9029582051 -4.844177 -3.103076 4.940842 4.968365 -3.312826 -3.496931 -3.069211 4.969183 -2.928036 3.860366 -3.311469 -4.685222 3.747179 -2.987694 -3.447266
410 -3.9753370099 -4.836220 -3.153123 4.954498 4.977992 -3.290076 -3.552947 -3.061129 4.957995 -2.932199 3.868007 -3.305776 -4.690449 3.739835 -2.958096 -3.394160
411 -3.9776762828 -4.688975 -3.088854 4.913967 4.967933 -3.231759 -3.537775 -3.059869 4.891987 -2.891608 3.867019 -3.309804 -4.700382 3.758301 -2.957222 -3.427072
412 -3.9260525229 -4.693367 -3.098926 4.296701 4.906240 -3.368436 -3.500877 -3.055254 4.897965 -2.933504 3.857198 -3.273637 -4.702228 3.767525 -2.971909 -3.424338
413 -3.9626064871 -4.849433 -3.136478 4.913342 4.964419 -3.367413 -3.502027 -3.108104 4.897403 -2.941548 3.834718 -3.288084 -4.682944 3.759288 -2.959905 -3.412980
414 -3.9998242113 -4.770934 -3.112599 4.940468 4.997045 -3.299054 -3.523575 -3.092740 4.913120 -2.948493 3.860262 -3.270821 -4.687396 3.762063 -2.988780 -3.409089
415 -3.9695113770 -4.801627 -3.136262 4.902663 4.997096 -3.326847 -3.498602 -3.117823 4.897449 -2.967033 3.881524 -3.295949 -4.697968 3.793512 -2.982982 -3.395441
416 -4.0157168053 -4.669475 -3.197393 4.929982 4.995499 -3.285568 -3.482589 -3.052278 4.925399 -2.939984 3.848199 -3.265644 -4.681794 3.738041 -2.966736 -3.405635
417 -3.9565099563 -4.615640 -3.154806 4.958228 4.998192 -3.328947 -3.455517 -3.088396 4.895585 -2.922674 3.845407 -3.254949 -4.698581 3.765634 -2.970239 -3.426322
418 -3.8981929405 -4.630667 -3.248060 4.716455 4.711709 -3.241223 -3.544969 -3.039119 4.922043 -2.904052 3.847530 -3.286715 -4.701385 3.744402 -2.993485 -3.380890
419 -3.9144145434 -4.619697 -3.197283 4.757017 4.970061 -3.226982 -3.546149 -3.067955 4.926961 -2.964701 3.849687 -3.241046 -4.690172 3.742918 -2.992669 -3.422940
420 -3.9153721370 -4.693698 -3.107576 4.693680 4.924159 -3.335206 -3.423967 -3.076606 4.880508 -2.996157 3.857006 -3.260466 -4.699096 3.733802 -2.941346 -3.426709
421 -3.9470003096 -4.681323 -3.124234 4.998216 4.966231 -3.238261 -3.486370 -3.044962 4.948812 -2.939387 3.817535 -3.274720 -4.705883 3.746229 -2.944619 -3.426666
422 -4.0048543335 -4.777828 -3.179832 4.948657 4.978470 -3.254721 -3.501905 -3.063723 4.914150 -2.919667 3.832051 -3.293430 -4.677847 3.731300 -2.952818 -3.393110
423 -3.9701103557 -4.754301 -3.230502 4.945106 4.987383 -3.244772 -3.468888 -3.044400 4.962478 -2.993059 3.876291 -3.244259 -4.683822 3.762924 -2.972913 -3.403914
424 -3.9736487946 -4.646613 -3.201550 4.976839 4.891878 -3.337456 -3.518260 -3.076185 4.913869 -2.993767 3.867136 -3.272390 -4.710581 3.739291 -2.988008 -3.401415
425 -4.0030869578 -4.790075 -3.158365 4.936741 4.941791 -3.234123 -3.533828 -3.034208 4.897971 -2.901830 3.864835 -3.262723 -4.699637 3.756567 -2.970987 -3.410238
426 -4.0285282031 -4.722924 -3.229337 4.803745 4.967268 -3.325370 -3.512661 -3.057185 4.889625 -2.962425 3.840590 -3.288976 -4.681237 3.766325 -2.955824 -3.408954
427 -3.8929064660 -4.806790 -3.139040 4.811391 4.989427 -3.377958 -3.509255 -3.099943 4.849909 -2.991368 3.871294 -3.268857 -4.694264 3.787123 -2.934036 -3.432830
428 -3.9530833849 -4.655255 -3.201057 4.335711 4.944100 -3.256628 -3.561763 -3.039858 4.930207 -2.935742 3.865892 -3.300868 -4.697078 3.791187 -2.969751 -3.398918
429 -4.0234068659 -4.744268 -3.191103 4.984480 4.994654 -3.301574 -3.553644 -3.082641 4.878196 -2.937600 3.862314 -3.286965 -4.680839 3.779828 -2.966790 -3.391056
430 -4.0295173853 -4.706737 -3.228014 4.972847 4.989447 -3.323903 -3.439302 -3.064537 4.862160 -2.973102 3.863807 -3.301071 -4.677815 3.747018 -2.938961 -3.410009
431 -3.9497231699 -4.716309 -3.206751 4.728655 4.986713 -3.337553 -3.410388 -3.072288 4.894438 -2.974207 3.854437 -3.324814 -4.678596 3.727353 -2.957533 -3.421633
432 -4.0266739794 -4.783402 -3.248945 4.958021 4.843089 -3.294123 -3.402227 -3.076213 4.907419 -2.950503 3.847785 -3.296348 -4.683040 3.751841 -2.943299 -3.394625
433 -4.0591401815 -4.784406 -3.139298 4.921445 4.795208 -3.293335 -3.471333 -3.063807 4.843099 -2.950615 3.865385 -3.297175 -4.693358 3.752230 -2.966876 -3.410227
434 -3.9590905905 -4.899464 -3.126398 4.995295 4.935571 -3.248625 -3.505359 -3.049682 4.814367 -2.923773 3.877943 -3.318645 -4.706323 3.765059 -2.976392 -3.431794
435 -3.9105085144 -4.712426 -3.043517 4.857891 4.739450 -3.240013 -3.418440 -3.020981 4.844079 -2.981652 3.879287 -3.307188 -4.673498 3.763903 -2.994564 -3.390844
436 -4.0574360606 -4.833807 -3.195557 4.827188 4.843714 -3.274315 -3.471428 -3.082899 4.867410 -2.920733 3.868117 -3.281121 -4.683806 3.772065 -2.966077 -3.409510
437 -3.9902198280 -4.846393 -3.100840 4.995403 4.696451 -3.289864 -3.495810 -3.102031 4.846112 -2.925047 3.877884 -3.312885 -4.708230 3.773288 -2.960958 -3.417012
438 -4.0722280415 -4.687389 -3.169688 4.996791 4.822717 -3.249026 -3.501970 -3.095995 4.861576 -2.949062 3.888658 -3.311397 -4.680450 3.761733 -2.976995 -3.399115
439 -4.0087314684 -4.711167 -3.262641 4.709162 4.755433 -3.259929 -3.498844 -3.095488 4.842382 -2.935454 3.897187 -3.327590 -4.692089 3.746141 -2.981943 -3.404143
440 -3.9891374365 -4.778646 -3.241212 4.872613 4.874083 -3.278968 -3.440017 -3.109627 4.825970 -2.979062 3.905702 -3.312560 -4.661912 3.747943 -2.985253 -3.396035
441 -3.9651391081 -4.733929 -3.137306 4.940026 4.727505 -3.262529 -3.482997 -3.097844 4.821816 -2.966379 3.872051 -3.285533 -4.673100 3.730528 -2.994227 -3.383379
442 -4.0313995268 -4.670851 -3.181163 4.985695 4.940589 -3.202017 -3.509385 -3.059710 4.906212 -2.959514 3.912229 -3.313430 -4.696417 3.763772 -2.972382 -3.423923
443 -3.9800990501 -4.704118 -3.189483 4.786719 4.715880 -3.202222 -3.462710 -3.069630 4.922071 -2.916828 3.918669 -3.290355 -4.657857 3.752364 -2.957899 -3.421320
444 -3.9494895494 -4.560421 -3.260901 4.858959 4.772653 -3.295000 -3.538205 -3.133978 4.892979 -2.921008 3.856938 -3.308405 -4.696926 3.791113 -2.951431 -3.405957
445 -4.0503641896 -4.699286 -3.168133 4.904451 4.942911 -3.302175 -3.444969 -3.078518 4.868461 -2.944033 3.885638 -3.284344 -4.702553 3.767534 -2.964593 -3.398957
446 -4.0450003390 -4.761456 -3.250961 4.946742 4.671283 -3.269394 -3.456841 -3.056091 4.889612 -2.935923 3.893184 -3.301269 -4.662860 3.758878 -2.964097 -3.419102
447 -4.0600440703 -4.710667 -3.239889 4.873806 4.977952 -3.262124 -3.522512 -3.051135 4.873208 -2.966468 3.897507 -3.307170 -4.675778 3.768164 -2.955716 -3.408818
448 -4.0391681546 -4.698374 -3.144260 4.735178 4.855776 -3.242824 -3.512990 -3.068843 4.852597 -2.941743 3.872007 -3.288067 -4.702838 3.779689 -2.967475 -3.411695
449 -4.0613899728 -4.792619 -3.243516 4.995000 4.967272 -3.268339 -3.528894 -3.053528 4.868575 -2.955133 3.873794 -3.306376 -4.708634 3.753720 -2.956006 -3.418777
450 -4.0522154345 -4.796514 -3.214890 4.989301 4.924750 -3.280861 -3.486406 -3.053683 4.858896 -2.956209 3.892658 -3.332285 -4.679807 3.764730 -2.968521 -3.397560
