evaluations raw_y x0 x1 x2 x3 x4
1 5088.7075195312 -1.083727 1.634890 -0.509753 -3.503048 -3.587875
2 4185.8178710938 3.938912 -0.983273 4.013266 0.391842 -4.387668
3 -6696.9272460938 -0.692969 -3.942314 3.041909 -2.819900 4.088773
4 3966.2819824219 -2.671631 -0.036556 -4.254402 -1.285085 -2.234517
5 3303.1074218750 -0.202933 -3.009761 4.489485 4.454971 -3.808590
6 -6301.9121093750 -3.629302 2.070916 -1.824704 2.847704 3.344692
7 588.7535400391 -4.899423 -4.991024 1.416991 3.640625 -0.773689
8 -9111.5195312500 -4.032445 -1.449738 0.146936 -3.680176 1.956973
9 42.6254272461 3.417080 3.704180 -4.826377 -0.874979 0.584139
10 3537.9272460938 -2.005365 2.817304 2.112630 0.029548 -2.655508
11 -5236.6884765625 4.955025 3.572043 0.956922 -4.503571 2.426272
12 2089.2341308594 2.110627 0.982444 -3.338591 1.089265 -1.063260
13 -7560.6987304688 0.705510 -2.766762 2.777491 2.145294 1.419736
14 -7222.6850585938 2.664623 4.773319 -2.827242 4.274923 0.032374
15 -6165.5336914062 1.618129 -1.961042 -1.510322 -1.860031 4.556544
16 -7603.7983398438 1.118374 -3.342592 2.143573 -1.747483 1.841083
17 -6831.5097656250 3.017934 -4.385853 -1.828874 -2.690501 2.757027
18 -9115.0898437500 -4.043534 -4.933994 0.404174 -4.482940 2.144831
19 -5777.8022460938 2.686698 0.707876 4.396045 -1.295183 2.531950
20 -9248.2089843750 -2.137684 -3.803656 -3.954944 -1.058595 1.940453
21 -8897.1884765625 -2.383717 -4.842523 -1.478495 1.073897 2.098521
22 -9009.4267578125 -4.799477 -4.491447 -4.982893 0.330378 2.025169
23 -9325.9462890625 -3.783713 -3.453767 -3.268892 -3.671579 2.392839
24 -8532.3906250000 -3.078333 -4.053588 1.642416 -0.089005 2.299916
25 -9477.6601562500 -4.320957 -4.924006 -0.701210 -1.898021 2.259419
26 -9295.3271484375 -4.520486 -1.104569 -3.000061 -1.870383 2.041470
27 -8968.7324218750 -4.299422 -0.596678 -0.712013 0.032425 1.598356
28 -9038.2578125000 -4.738908 -1.032984 -2.148528 -0.994177 2.101675
29 -7946.7915039062 -2.259504 -3.729650 -4.815755 0.883534 2.798468
30 -7854.7749023438 -4.832178 2.029313 -0.931697 1.192057 1.692257
31 -9986.8144531250 -4.695438 -4.592351 -0.883393 -1.212162 1.831202
32 -8273.0937500000 -4.635842 -3.589071 2.492996 -3.475128 2.669146
33 -9167.7890625000 -2.420642 -3.587355 -2.494695 -2.208505 2.221975
34 -9856.0625000000 -4.774751 -3.607670 -0.790813 -1.833444 1.951870
35 -9918.1640625000 -4.997861 -4.686019 -2.947787 -3.335858 1.946853
36 -10211.2421875000 -3.878029 -4.044849 -2.055021 -0.885416 1.620320
37 -9934.6835937500 -4.819493 -4.171818 1.118293 -1.055597 1.546207
38 -10433.7666015625 -4.152398 -4.285685 -1.618578 -2.221662 1.599676
39 -10262.5439453125 -4.862429 -4.336447 -0.471652 -2.070010 1.638763
40 -9907.8583984375 -3.246456 -4.866887 -1.331305 -1.518593 1.799466
41 -10589.0000000000 -4.947300 -2.957148 -2.320565 -2.057726 1.478421
42 -10620.1328125000 -4.686394 -3.733912 -1.296813 -2.173095 1.461090
43 -10885.1728515625 -4.305924 -3.631443 -1.916240 -3.124354 1.297824
44 -10413.5078125000 -4.916282 -4.496243 -1.180877 -1.525935 1.567463
45 -9747.2187500000 -4.188460 -4.749878 -4.350233 -2.330802 1.924076
46 369.3412780762 -4.660696 -3.012535 -4.752124 -3.378705 0.879813
47 242.5365447998 -4.075592 -3.666347 -2.974339 -1.758229 1.015032
48 -10651.0712890625 -4.896250 -3.981177 0.688033 -2.020329 1.172889
49 297.8939208984 -4.831431 -4.988972 -2.610684 -4.095929 0.543722
50 222.5685119629 -3.249339 -3.102224 -3.142843 -4.234900 1.324180
51 -9606.9541015625 -2.052857 -3.829564 -1.340010 -1.661260 1.638264
52 -10712.6074218750 -4.842206 -4.134335 -1.621213 -3.005671 1.427316
53 -9535.2343750000 -1.998892 -4.687308 -2.324276 -0.788565 1.748907
54 -10413.2617187500 -4.996586 -4.520221 -2.331322 -1.933113 1.636748
55 -8274.1357421875 0.117863 -1.801782 -1.652291 -1.325581 1.345715
56 -10781.1416015625 -4.305968 -4.742608 -1.643135 -2.473970 1.351474
57 -11097.7822265625 -4.967427 -4.605282 -1.668124 -1.583841 1.118811
58 -10432.1171875000 -4.207077 -3.228246 -1.588978 -1.707738 1.492867
59 -10192.6894531250 -4.980012 -1.925449 -1.594904 -4.272197 1.488155
60 -10452.1484375000 -4.124553 -4.725050 -1.950703 -3.993936 1.464830
61 -10110.6396484375 -3.616499 -2.358676 -1.654324 -0.188956 1.237445
62 -10692.8203125000 -4.043370 -4.957002 -1.719355 -3.172895 1.352260
63 100.5775451660 -3.765805 -4.283432 -1.509815 -2.659731 1.102899
64 -10168.9599609375 -4.985485 -2.366634 -1.493553 0.108912 1.331152
65 -10810.1025390625 -4.884578 -4.070451 -1.860673 -3.276064 1.355900
66 -10918.2343750000 -4.877255 -4.218282 -2.041344 -1.876311 1.292574
67 -10882.6298828125 -4.681518 -4.587648 -2.068651 -1.656946 1.287190
68 -10851.6982421875 -4.932377 -4.576075 -1.045212 -1.904083 1.265198
69 -10962.2783203125 -4.761908 -4.083757 -1.518598 -2.457158 1.260990
70 -10650.2822265625 -4.909132 -4.174409 -1.822515 -0.763456 1.356319
71 -10985.1298828125 -4.955240 -4.920934 -1.838948 -1.089317 1.125626
72 -10948.7929687500 -4.873523 -4.541801 -1.907944 -1.532271 1.230129
73 -10923.0048828125 -4.987071 -4.614920 -1.531293 -1.298237 1.204600
74 -11136.8847656250 -4.956676 -4.483092 -1.758138 -1.368579 1.087599
75 -11034.4658203125 -4.887726 -4.998034 -1.856202 -1.814452 1.142408
76 -11059.4716796875 -4.997528 -4.909215 -1.724667 -0.895911 1.050793
77 -10980.9716796875 -4.969657 -4.140967 -2.013251 -0.897724 1.154696
78 -11145.3798828125 -4.870500 -4.192936 -1.537683 -1.800430 1.116817
79 -11064.3828125000 -4.964451 -4.262644 -1.682737 -1.072455 1.110210
80 -11175.5878906250 -4.866568 -4.086090 -1.482318 -1.309961 1.056078
81 -11018.8525390625 -4.797192 -3.776663 -1.582425 -0.872112 1.103113
82 -11169.6103515625 -4.932427 -3.665770 -1.239803 -1.529494 1.050328
83 -11217.1337890625 -4.771497 -4.562243 -1.201742 -1.526775 1.018724
84 -11132.2539062500 -4.975104 -4.518896 -1.237996 -1.640834 1.081040
85 -11305.8134765625 -4.860280 -4.467123 -1.460638 -1.501650 0.979904
86 96.0945129395 -4.997765 -3.489247 -1.832782 -1.466243 0.946593
87 -10946.6445312500 -4.795707 -4.032820 -1.020149 -1.502426 1.186129
88 -10907.7167968750 -4.918221 -4.904669 -1.039281 -1.463718 1.175125
89 -11003.2656250000 -4.811326 -4.810122 -1.176440 -1.288120 1.120424
90 -10966.2929687500 -4.788866 -4.057255 -1.261115 -1.004077 1.143705
91 -11289.9677734375 -4.698222 -4.412425 -1.614483 -1.503098 1.002055
92 -11105.1123046875 -4.847164 -4.488147 -1.344486 -1.673588 1.113879
93 65.4190063477 -4.928298 -4.627969 -1.636046 -1.860029 0.864728
94 -11242.5820312500 -4.780258 -4.576816 -1.620923 -1.160716 0.993732
95 -11347.8876953125 -4.998091 -4.484187 -1.230532 -1.566494 0.937513
96 35.8665466309 -4.693274 -4.484301 -0.942672 -1.362935 0.852041
97 150.2700805664 -4.692277 -4.292303 -0.958972 -1.522886 0.778855
98 -11269.3623046875 -4.874534 -4.317488 -1.098923 -1.632238 0.992635
99 -11208.9062500000 -4.901052 -4.438413 -1.205251 -1.352185 1.013964
100 113.7569427490 -4.756123 -4.273941 -1.220307 -1.314352 0.811025
101 -11230.4433593750 -4.972501 -4.368860 -1.371973 -1.450658 1.019976
102 -11222.4150390625 -4.918106 -4.401972 -1.232802 -1.577849 1.025654
103 -11249.7705078125 -4.948289 -4.635230 -1.086736 -1.504529 0.977958
104 -11285.4472656250 -4.980443 -4.631769 -1.206465 -1.547377 0.965574
105 -11220.7636718750 -4.965829 -4.362535 -1.324225 -1.506479 1.027958
106 -11319.5234375000 -4.942125 -4.516682 -1.209517 -1.591276 0.956193
107 -11305.8242187500 -4.975440 -4.547557 -1.290382 -1.507403 0.961544
108 -11272.9023437500 -4.945298 -4.530716 -1.249175 -1.517599 0.982881
109 -11284.2500000000 -4.971100 -4.451404 -1.178694 -1.569410 0.977403
110 -11337.4804687500 -4.994785 -4.450836 -1.289085 -1.522309 0.947053
111 5402.5839843750 -2.413393 -0.797394 -3.037321 -3.121976 -4.189082
112 4993.1542968750 1.933631 -1.152677 3.497548 1.452928 -4.750090
113 2655.4221191406 0.758673 -0.084572 3.907039 4.335249 -2.434737
114 -8653.0224609375 -3.104591 -4.629792 2.717415 -1.858793 2.179722
115 2149.4567871094 3.205267 -1.858328 1.654295 0.466501 -1.540320
116 -7266.7524414062 -0.471810 3.018411 -1.536410 -1.531114 1.140724
117 -6531.8725585938 2.808235 -2.569019 -0.397673 -4.680644 2.694336
118 -6258.2485351562 -1.694149 2.295810 0.534334 -2.472797 3.168056
119 -6703.2973632812 4.679310 2.800733 -2.892452 -0.102862 0.863821
120 1020.3728027344 -1.168049 1.664567 -0.284377 3.562074 -0.531848
121 700.8728027344 -4.270077 -3.406533 -3.740185 3.944015 -0.222184
122 1754.6424560547 4.244377 4.683456 4.797810 2.652020 -3.062390
123 -5277.7373046875 0.242528 4.153138 -1.748564 1.793688 4.669255
124 3311.5585937500 1.201335 -3.830788 2.289252 -0.674411 -2.265381
125 -6829.3061523438 -4.367751 0.796460 -4.758173 -3.873730 3.986718
126 -7461.9819335938 -1.114406 -4.179930 4.962890 0.044034 2.124409
127 -9772.0732421875 -4.600828 -4.689185 -3.228689 -2.689278 2.099184
128 -7010.3310546875 -4.843177 0.293456 3.855471 3.097086 2.023796
129 -8503.9619140625 -4.454376 1.035657 -2.628741 -2.598222 2.068678
130 -7782.6708984375 -3.634849 1.160057 3.498373 -4.186430 1.764584
131 -9775.8886718750 -4.698215 -4.116371 -0.176073 -4.807528 1.673935
132 -9435.1435546875 -3.043202 -3.872003 -1.327156 -4.114700 2.081892
133 -9787.1015625000 -4.513968 -4.750525 -2.822467 -3.721400 2.021321
134 -9702.9482421875 -4.144944 -4.051251 -4.607832 -2.287247 1.964182
135 -8528.4482421875 -3.989902 -4.710631 -4.422737 1.964658 2.182739
136 -9178.0058593750 -1.268019 -4.538501 -4.657947 -2.886873 1.730538
137 -9659.3535156250 -3.708391 -3.947522 -3.796527 -4.215910 1.968881
138 -8979.9316406250 -2.032237 -4.605949 -4.956389 -3.484444 2.015100
139 -9556.5917968750 -2.425015 -4.048143 -0.637202 -4.725784 1.661592
140 -9837.9873046875 -3.064497 -4.175389 -1.483957 -2.466484 1.861466
141 -9066.0175781250 -2.521349 -3.446983 0.530838 -2.255976 1.977866
142 -10457.5751953125 -3.551563 -3.061425 -2.468876 -2.517795 1.448386
143 -7088.6923828125 4.247507 -2.521188 2.522284 -3.848365 1.395413
144 -9479.2666015625 -2.539980 -2.240969 -2.273664 -4.340700 1.713924
145 -8406.7617187500 -0.507084 -1.888348 -2.667876 -1.291023 1.605880
146 -10447.1708984375 -4.892008 -4.552434 -0.469242 -4.264476 1.295571
147 -9917.5908203125 -4.555915 -2.708658 -4.098104 -1.569354 1.794888
148 48.2185363770 -1.794966 -3.494212 -2.308344 -3.063409 1.376777
149 -10150.6191406250 -3.668198 -3.347193 -4.889535 -0.108427 1.231147
150 -9738.8076171875 -4.015242 -3.086139 -2.177322 0.463248 1.645445
