evaluations raw_y x0 x1 x2 x3 x4
1 3.5432558060 -4.405531 -1.394588 -2.489275 2.582807 3.491669
2 3.5078237057 -4.221655 -2.412744 -4.105727 3.232314 2.322356
3 3.4969017506 -4.705298 -1.836930 -2.361368 0.662290 2.000561
4 3.4983761311 -4.155305 -0.369327 -2.753869 3.499240 1.704939
5 4.5003004074 -4.510896 -2.014440 -1.681913 1.805633 2.310380
6 4.3040041924 -3.116689 -2.315162 -3.388601 1.608223 0.802487
7 4.3426280022 -4.735607 -2.459493 -2.178540 0.595370 1.766466
8 3.5000362396 -4.138232 -1.158502 -3.738039 1.791060 2.754765
9 4.6139197350 -4.514803 -3.006189 -1.916219 2.071158 2.549463
10 3.4117126465 -4.915380 -2.540917 -1.581702 0.402071 1.915296
11 3.5331478119 -4.946912 -1.499306 -3.925003 2.290474 3.635462
12 3.4797301292 -4.473905 -1.333814 -2.459165 2.506192 1.432317
13 3.4950568676 -4.155977 -1.887123 -3.190753 1.201379 2.015608
14 3.6268105507 -4.303412 -0.106234 -3.480716 2.670027 2.612176
15 3.4314949512 -4.953573 0.238683 -2.914261 2.273817 1.284343
16 3.4155554771 -4.920559 -2.952540 -2.405812 2.478443 1.931240
17 5.1097922325 -4.526338 -3.529357 -1.729740 1.736337 0.445011
18 3.5015807152 -4.455746 -2.131348 -1.158766 1.131558 2.218218
19 3.4825518131 -3.901454 -2.668665 -1.577877 3.015654 1.360413
20 3.4829082489 -3.734969 -1.540052 -2.720282 3.082812 1.681946
21 4.2988948822 -4.952974 -1.472658 -2.151376 1.982280 1.126854
22 3.5048313141 -4.860019 -1.474385 -1.251735 2.043551 2.679479
23 4.3627386093 -4.918641 -2.742866 -3.509392 -0.001536 1.172874
24 4.4156794548 -4.993057 -3.392564 -2.849084 1.774324 0.380517
25 4.2856903076 -4.981679 -3.087197 -1.322852 1.974978 0.785628
26 3.4906685352 -4.991203 -1.811490 -3.388379 1.777465 2.073610
27 3.4136185646 -4.952498 -1.602642 -2.864718 2.164017 1.857134
28 4.3407268524 -4.830139 -2.075010 -3.209940 3.672134 1.252848
29 3.4855740070 -4.865527 -2.188386 -2.048977 1.455918 2.675081
30 3.4702417850 -4.342096 -2.173813 -2.526580 3.969741 0.942177
31 4.2636256218 -4.666837 -2.160485 -1.152336 2.548066 0.939990
32 3.4884221554 -4.275532 -2.630145 -1.390518 2.706304 1.938288
33 4.3121023178 -4.712695 -1.859935 -1.998528 4.998522 0.505335
34 4.3063297272 -3.673384 -1.628560 -3.269360 2.193037 1.131297
35 3.4691290855 -4.952560 -3.090968 -2.738489 2.796112 1.699529
36 3.4386005402 -3.732338 -2.027071 -2.205841 1.615686 1.912331
37 3.5312099457 -4.918346 -1.099336 -2.405228 3.032412 2.415070
38 3.4361324310 -4.964530 -3.295367 -3.406361 3.417939 1.815991
39 4.2848844528 -4.159131 -2.617755 -2.548933 2.160310 0.790085
40 3.3961813450 -4.962581 -1.188992 -3.356797 1.334814 1.532190
41 3.4142541885 -4.961083 -2.083843 -2.495801 1.340415 1.816303
42 3.4669044018 -4.834155 -2.903897 -2.018011 4.336742 1.708366
43 3.4716405869 -4.901846 -0.692190 -3.614060 2.492549 1.464226
44 3.4965221882 -4.131379 -1.274871 -3.085114 2.176271 2.311210
45 3.5055098534 -4.769708 -2.312033 -2.585804 2.633565 2.151385
46 4.2945880890 -3.708954 -1.481033 -3.410003 2.137081 1.327045
47 3.4883611202 -4.982493 -2.444604 -2.843204 1.960744 2.185825
48 4.3257780075 -4.702407 -2.601122 -3.604576 2.139025 1.349060
49 3.4134104252 -4.999582 -2.724761 -2.479664 1.733548 1.835554
50 3.4705917835 -4.680530 -1.825620 -1.770180 2.596758 1.881731
51 4.6726627350 -4.515438 -2.658643 -2.812030 3.263903 1.703546
52 4.3250551224 -4.609456 -1.648826 -3.078816 1.837929 1.364433
53 3.4800872803 -4.501978 -2.011931 -2.688567 2.773686 1.569138
54 3.5062954426 -4.868464 -2.610671 -2.528189 3.496237 2.431907
55 4.3233385086 -4.766835 -3.191296 -2.871083 2.437574 1.713165
56 4.3246607780 -4.682264 -3.041580 -3.539059 1.731743 1.552021
57 3.4404215813 -4.929676 -2.589766 -2.226220 2.937776 0.772209
58 4.3367567062 -4.762021 -2.389443 -1.913067 1.738449 1.580338
59 3.4983518124 -4.434428 -2.463812 -1.974299 2.352234 2.043167
60 3.4083595276 -4.921320 -2.296380 -1.877552 1.783894 1.544033
61 3.4672560692 -4.786753 -2.998210 -2.516709 2.520998 1.797912
62 3.5164463520 -4.997471 -1.918377 -2.483198 1.794207 1.989123
63 3.4883670807 -4.097004 -2.150734 -1.929508 3.330199 1.743833
64 3.4134888649 -4.955575 -3.096763 -2.214112 2.204635 1.645201
65 3.4783868790 -4.944845 -2.422778 -2.911278 2.233371 2.309174
66 4.3158559799 -4.834964 -2.134135 -2.062634 2.354087 1.487316
67 3.4888675213 -4.922605 -2.964700 -1.684967 1.171280 2.050578
68 3.3975701332 -4.999872 -2.387761 -3.034942 2.000712 1.569316
69 4.3417062759 -4.755488 -2.079894 -1.697581 0.935956 1.489240
70 3.4095659256 -4.998798 -3.178066 -1.707249 1.420093 1.916891
71 3.4234638214 -4.367476 -2.947587 -1.062634 2.267073 1.490588
72 3.4170839787 -4.940615 -2.525387 -1.902432 2.461228 1.937925
73 4.3416147232 -4.731104 -2.913020 -2.962470 2.442529 1.481080
74 4.3085899353 -4.988202 -2.062857 -2.662632 1.881090 1.332508
75 3.4818830490 -4.842155 -3.199437 -2.417568 2.365626 2.093970
76 4.2694263458 -4.681904 -3.114871 -2.556739 1.607686 1.915751
77 4.3569269180 -4.597068 -3.088922 -2.562150 2.275933 1.246553
78 3.4983875751 -4.966472 -2.172827 -2.907379 2.570868 2.176480
79 3.4739696980 -4.980911 -2.960631 -2.398716 2.536632 1.762752
80 3.4626147747 -4.970689 -1.964928 -2.936441 2.658983 1.742816
81 3.4733221531 -4.913213 -1.950683 -1.993245 2.514177 1.614777
82 3.4906685352 -4.978792 -1.483893 -3.399058 2.199589 2.089722
83 3.4031298161 -4.998856 -2.328919 -2.879294 2.325717 1.818803
84 3.4776976109 -4.965267 -2.491582 -2.429811 2.990554 1.673110
85 3.4990820885 -4.998802 -2.784584 -3.072032 3.014741 2.224867
86 4.2699580193 -4.660048 -2.703162 -2.542178 2.052196 1.949114
87 3.5117430687 -4.988626 -1.826352 -3.247418 2.638048 2.375032
88 3.4763524532 -4.991621 -2.453459 -3.115709 1.771705 2.372118
89 4.3067507744 -4.945243 -2.007282 -2.299160 2.216705 1.298093
90 3.4746539593 -4.984911 -2.387509 -2.125889 2.860108 1.421704
91 3.3984377384 -4.998753 -1.940886 -3.116813 2.182804 1.418359
92 3.4159314632 -4.994485 -2.131992 -2.640442 2.220476 1.827138
93 3.4773364067 -4.999948 -1.778031 -1.814277 2.867969 1.856716
94 4.3409209251 -4.998906 -2.171997 -3.433370 1.936188 1.291273
95 3.4764373302 -4.972104 -2.138616 -2.906668 1.913092 2.019688
96 3.4883611202 -4.998091 -2.575268 -2.780288 2.041960 2.369836
97 4.3223447800 -4.999541 -1.693333 -3.065767 2.343431 1.283886
98 3.4083931446 -4.989069 -2.837639 -2.608555 2.152351 1.515284
99 3.4146001339 -4.935736 -2.135604 -2.657907 2.334700 1.595963
100 4.3676929474 -4.905333 -1.733464 -2.866782 2.030185 1.495326
101 3.4157853127 -4.965798 -2.009266 -2.608447 2.467967 1.575613
102 3.4032554626 -4.996701 -2.253731 -3.403380 2.302832 1.438248
103 4.3067507744 -4.974896 -2.036451 -2.446427 1.961225 1.232724
104 3.4064095020 -4.981153 -2.057356 -2.816926 2.022348 1.403800
105 4.3420495987 -4.998474 -2.215950 -3.393214 1.854265 0.771491
106 3.4032554626 -4.997247 -2.290658 -3.251736 2.313082 1.577561
107 3.4625673294 -4.953669 -2.454501 -2.867168 3.022526 1.472641
108 3.3975701332 -4.925525 -2.465343 -3.470698 1.866733 1.425853
109 3.4617471695 -4.995711 -2.428793 -3.159610 2.538611 1.687277
110 3.4010953903 -4.999550 -2.242630 -3.269483 1.707527 1.659856
111 4.3071813583 -5.000000 -2.668903 -2.264329 2.064118 1.332770
112 4.4628400803 -4.859237 -2.385441 -3.420568 1.664859 1.102833
113 3.4010953903 -4.935230 -2.617989 -3.936978 1.936798 1.933252
114 3.4611880779 -4.939652 -2.975983 -3.613066 2.592411 1.373469
115 3.4618728161 -4.922670 -2.297126 -3.298128 2.560967 1.494430
116 3.4040875435 -4.979453 -1.728320 -3.349633 2.401192 1.399465
117 3.3991920948 -4.923006 -2.855185 -3.316012 1.401504 1.911619
118 4.2949204445 -4.998991 -2.351291 -2.773873 2.333466 1.266191
119 4.3524951935 -4.804068 -2.731361 -3.031462 1.755154 1.799839
120 3.3975701332 -4.939551 -2.423573 -3.988358 1.923756 1.563518
121 4.4493427277 -4.888555 -2.304847 -4.170388 1.785549 1.614321
122 4.3554563522 -4.832551 -2.723359 -3.357992 1.711596 1.716768
123 4.3274345398 -4.995243 -2.809152 -4.255367 1.627130 1.741824
124 3.4745340347 -4.988844 -2.841156 -4.065317 1.504312 1.993026
125 3.4274082184 -4.913666 -2.092502 -3.922082 0.597497 2.165250
126 4.3338136673 -4.991882 -2.835141 -4.537918 1.780995 1.849182
127 4.4509320259 -4.819556 -2.017722 -4.246701 1.633429 1.791547
128 4.4253129959 -4.885767 -2.359086 -4.144939 2.260218 1.851520
129 4.3259992599 -4.999971 -1.251938 -4.686557 -0.230231 2.228075
130 3.4738492966 -4.927834 -3.015689 -3.536407 1.257491 2.129662
131 4.3781061172 -4.851929 -2.911311 -3.755783 0.207881 1.952957
132 3.4704525471 -4.997517 -2.076315 -4.273023 0.916281 2.233051
133 4.3228502274 -4.933504 -2.491888 -4.254514 0.283717 2.296714
134 3.4737644196 -4.919962 -2.984383 -3.223567 1.434362 2.229288
135 4.6000533104 -4.419452 -3.212745 -4.997348 0.490820 2.118341
136 3.3958506584 -4.956348 -2.635697 -3.766811 0.484418 1.953831
137 4.3223171234 -4.988940 -2.755520 -4.245070 0.099787 2.196734
138 3.4910216331 -4.957401 -1.899755 -4.164725 1.565490 2.116727
139 3.4745340347 -4.950203 -2.176913 -4.152816 1.264526 2.036689
140 4.6875400543 -4.847106 -2.972795 -4.999878 -0.101117 2.604659
141 3.4704525471 -4.939900 -2.378271 -4.561248 1.466159 2.799847
142 3.4704525471 -4.932729 -2.773119 -4.634676 0.915796 2.335186
143 4.4485931396 -4.995118 -3.213218 -4.522973 -0.829678 2.723989
144 4.5610446930 -4.988493 -2.089150 -4.989715 0.790805 2.764493
145 3.4704525471 -4.959682 -2.690156 -4.579735 1.450685 2.605091
146 3.4800078869 -4.184949 -3.017884 -3.665185 0.926728 2.226836
147 4.5604600906 -4.999818 -3.124861 -4.901961 0.772704 2.189505
148 4.3501415253 -4.992390 -2.458558 -4.582572 0.703134 1.976628
149 3.4796690941 -4.948516 -2.752068 -4.195904 0.921848 2.946582
150 4.2735462189 -4.644826 -2.341309 -4.661689 0.933434 2.954712
151 4.4408817291 -4.872799 -3.052146 -4.661393 0.853822 2.405033
152 3.4287278652 -4.958702 -3.225678 -3.781558 0.037440 3.341629
153 4.3066730499 -4.941593 -2.996390 -4.496676 0.604472 3.028492
