evaluations raw_y x0 x1 x2 x3 x4
1 3.5552672237 -0.230841 1.826909 1.137710 -2.336435 -4.296783
2 3.4315092979 11.602482 -4.307063 -5.136039 14.871047 -26.448819
3 3.9798311040 14.605996 5.585604 1.769296 14.996452 -28.042697
4 3.9852378086 10.507070 6.346679 4.029198 4.313645 -22.448949
5 3.4236690336 10.694912 -6.844878 -16.976965 13.617464 -21.704637
6 5.1253033600 -3.708739 -11.127508 -5.126418 21.659100 -31.453980
7 5.1864288400 -15.204850 -33.294168 -23.113798 27.108122 -20.649793
8 5.1047284000 16.279569 -7.197827 -20.767666 -5.588573 -26.509834
9 3.5924149901 1.827445 -8.162242 7.696662 1.280968 -58.333949
10 3.6043621920 2.946935 -21.034547 0.795899 23.399912 -33.114996
11 4.6987168400 -1.069976 -4.518038 -18.294406 17.188310 -10.427360
12 3.4444693670 29.328270 -3.479716 -19.108296 30.567694 -12.805037
13 3.6091244563 11.832907 -3.168449 -0.016594 9.809956 -13.792806
14 3.4236690336 30.392760 -16.931058 -14.557776 6.454786 -26.701802
15 3.4236690336 8.701085 -26.852102 -10.688134 22.235975 -20.316049
16 3.5434000627 -3.888807 8.736004 -0.461865 3.721122 -52.548814
17 3.4534732666 17.224558 -4.699936 -2.622936 13.509502 -27.750423
18 5.1864288400 -8.490003 -9.502811 -27.881021 8.362505 -18.059665
19 3.6916209907 25.265746 2.977521 -15.138366 20.231749 -30.449798
20 3.4671375302 7.954554 -2.920852 -9.465067 14.877257 -21.195922
21 3.4236690336 21.980430 -11.663430 -12.236488 35.002353 -12.183278
22 4.5756826400 -8.368292 0.720850 -17.232990 15.785597 -16.068426
23 3.5489811398 3.073668 -0.536777 2.087583 -2.393913 -22.348698
24 3.7655887565 2.713250 4.847990 -26.366876 13.835201 -5.191998
25 4.2968708200 2.657883 -14.933940 -5.367931 11.302941 -25.212785
26 3.4236690336 5.158674 -9.560747 -26.571617 12.798292 -23.037045
27 3.4236690336 8.369119 -15.864699 -8.230447 10.548703 -20.197134
28 3.4236690336 11.407355 -6.953669 -20.042258 14.953281 -16.793812
29 3.4270178285 18.394536 -8.328941 -4.430827 18.105289 -33.338266
30 3.4236690336 19.464487 -8.719475 -11.328858 15.217064 -22.793795
31 4.4099381800 -2.736933 1.723589 -11.859243 11.208700 -20.401840
32 4.4356793000 0.525884 -5.821283 -8.223019 17.432806 -22.997161
33 3.5089193261 16.996660 -2.232718 -12.823968 15.033854 -17.034770
34 3.4236690336 11.705499 -5.072800 -19.152012 12.770736 -19.480598
35 3.4439560819 9.516534 -3.668180 -15.916764 14.021265 -18.694617
36 3.4235563507 12.146878 -4.801924 -12.512990 9.451487 -24.175724
37 3.4236690336 8.491482 -6.736347 -10.894797 17.260531 -21.454207
38 3.6857944858 9.315127 2.821600 -12.165956 11.417928 -23.586423
39 3.4236690336 16.222835 -7.979364 -6.564188 12.771191 -23.151516
40 3.7774773274 9.999658 6.063509 -12.557881 15.472001 -23.588058
41 3.4236690336 12.077730 -7.077628 -13.650118 12.360401 -28.183407
42 3.5259199430 18.471598 -1.589434 -7.530720 17.592271 -22.060546
43 3.4315092979 15.296049 -4.339678 -15.314322 7.666297 -23.971839
44 3.6513044179 11.782020 1.472412 -9.689206 6.440408 -24.920331
45 3.6083649485 16.603937 0.610071 -5.280182 3.986645 -27.599433
46 3.5512455283 14.522956 -1.070047 -19.954585 6.631683 -18.234349
47 3.6121598438 11.724628 -0.115562 -13.175943 11.693242 -24.908129
48 3.4315092979 10.626746 -4.390427 -12.419835 6.656548 -26.248216
49 3.5066492698 19.268157 -2.257936 -15.445209 9.800314 -26.187992
50 4.2647657400 11.667008 -4.494350 -11.481885 3.949767 -22.696365
51 3.4236690336 15.690554 -5.549143 -10.267384 7.652241 -22.260312
52 3.5066492698 14.600788 -2.366754 -12.396355 10.933690 -27.402668
53 3.4236690336 11.555502 -8.430879 -12.531964 10.314224 -22.644016
54 3.4236690336 12.271832 -5.242644 -12.574481 9.520611 -19.322015
55 3.4265689805 13.092676 -4.683273 -12.641301 6.624273 -24.751929
56 3.4315092979 8.088209 -4.268716 -15.453920 9.702239 -21.960760
57 3.4236690336 12.318551 -5.955782 -13.642714 8.116484 -18.578135
58 3.4298132314 16.123910 -4.485610 -12.257060 7.219845 -27.809136
59 3.4444693670 11.961314 -3.591816 -9.044057 8.022578 -24.376393
60 3.4236690336 11.948947 -6.371050 -15.227148 10.639479 -24.814289
61 3.4439560819 10.777803 -3.722985 -10.509988 6.634530 -23.021379
62 3.4315092979 12.479970 -4.449556 -12.664366 9.926586 -22.542604
63 3.4236690336 12.037530 -4.991098 -11.296454 9.972349 -23.619664
64 3.4236690336 13.325390 -5.937566 -11.334215 6.638007 -22.048709
65 3.4236690336 10.902878 -5.256677 -10.413456 10.324278 -22.616856
66 3.4319643840 10.862666 -4.217671 -13.862817 9.336995 -23.848902
67 3.4236690336 11.575742 -5.061956 -12.161138 9.161368 -24.823772
68 3.4298132314 12.473390 -4.469147 -13.412883 7.169957 -23.298557
69 3.4573869446 14.794070 -2.998316 -13.509374 9.705535 -24.412079
70 3.4448593766 13.269192 -3.395037 -11.589783 8.402532 -25.839530
71 3.4444693670 9.646297 -3.491316 -12.594234 9.189744 -26.417919
72 3.4520208653 12.139526 -3.028790 -12.776402 7.967751 -23.055991
73 3.4236690336 11.430475 -6.637703 -11.557786 8.536422 -24.108142
74 3.4319643840 11.525472 -4.174543 -12.786701 10.577349 -26.130805
75 3.5068861958 12.504262 -2.422083 -10.766415 8.507370 -24.395025
76 3.4236690336 12.431178 -5.342333 -13.585472 9.796574 -24.176218
77 3.4444693670 11.992771 -3.572140 -11.625172 9.166520 -23.994262
78 3.4236690336 11.180403 -5.238903 -12.720586 9.080033 -25.014438
79 3.4236690336 12.803334 -5.007051 -12.850952 6.956263 -23.297780
80 3.4236690336 11.698856 -5.235404 -12.897489 9.522541 -23.897845
81 3.4236690336 11.351261 -5.385968 -12.419146 10.370411 -24.638823
82 3.4315092979 11.078725 -4.355762 -12.623211 8.442635 -25.072350
83 3.4236690336 12.317605 -4.998140 -12.893880 8.338562 -24.652736
84 3.4235563507 12.623493 -4.796094 -11.475053 9.413721 -23.984573
85 3.4236690336 11.159972 -4.909729 -11.154898 9.280336 -25.029290
86 3.4265689805 12.542608 -4.658660 -11.797156 9.314694 -24.496784
87 3.4298132314 12.597711 -4.489518 -12.219658 8.823841 -24.199243
88 3.4236690336 11.318865 -5.070578 -11.430748 8.403657 -23.849530
89 3.4265689805 12.264839 -4.691765 -13.837175 9.116264 -24.975860
90 3.4236690336 12.175941 -5.765333 -12.340170 10.009291 -24.373738
91 3.4235563507 12.103227 -4.832659 -12.608195 9.911735 -24.355268
92 3.4271367494 12.317002 -4.637679 -13.138629 10.367421 -24.581514
93 3.4236690336 11.449130 -5.116799 -11.804730 8.382723 -24.266783
94 3.4236690336 12.788262 -4.947237 -11.659404 9.178904 -24.568921
95 3.4315092979 11.871014 -4.261187 -12.684647 9.718130 -24.312126
96 3.4236690336 13.098529 -5.547626 -12.233628 9.294315 -24.119118
97 3.4265689805 12.241275 -4.702588 -13.136211 9.013392 -24.510874
98 3.4315092979 12.414704 -4.432253 -12.920042 9.785446 -24.066081
99 3.4236690336 11.757779 -5.053701 -13.030993 9.873741 -24.072663
100 3.4236690336 12.323754 -5.624972 -12.669731 9.426979 -24.033431
101 3.4236690336 12.056693 -5.666164 -12.778380 9.185544 -23.850208
102 3.4298132314 11.878874 -4.490154 -12.691171 9.253300 -24.146863
103 3.4236690336 11.841004 -5.426961 -12.607434 9.058574 -23.854402
104 3.4265689805 12.192912 -4.664504 -11.967946 9.610255 -23.893065
105 3.4236690336 11.764079 -4.940829 -12.616862 9.384941 -24.308052
106 3.4235563507 12.307978 -4.786631 -12.158766 9.040091 -23.952859
107 3.4236690336 12.591043 -4.942516 -12.109783 9.459362 -24.042342
108 3.4315092979 12.486213 -4.247044 -12.689532 9.393671 -24.115075
109 3.4265689805 12.396960 -4.651251 -12.642443 9.218392 -23.704463
110 3.4236690336 12.260625 -5.234153 -12.470652 9.709766 -23.929798
111 3.4236690336 12.047664 -4.916395 -12.454171 9.955543 -24.633515
112 3.4236690336 12.483941 -5.076230 -12.382080 9.419903 -24.534938
113 3.4236690336 12.200545 -4.871698 -12.294227 8.994655 -23.700693
114 3.4271367494 11.914752 -4.641226 -12.388929 9.266581 -24.206647
115 3.4275918355 12.258268 -4.602195 -12.171817 9.452240 -23.970485
116 3.4298132314 12.425645 -4.530985 -12.641776 9.528069 -24.355068
117 3.4235563507 12.201423 -4.758643 -12.549309 9.367558 -23.832731
118 3.4236690336 12.227987 -4.917355 -12.507023 9.863718 -24.069710
119 3.4236690336 12.198246 -5.097989 -12.565899 9.694466 -24.449666
120 3.4235563507 11.985939 -4.775546 -13.083704 9.782999 -24.533892
121 3.4236690336 12.449618 -4.847037 -12.733646 9.410120 -24.170094
122 3.4265689805 12.075212 -4.716969 -12.401131 9.550096 -24.403429
123 3.4236690336 11.792128 -4.986616 -12.630942 9.580435 -24.274668
124 3.4235563507 12.025497 -4.802354 -12.619538 9.695389 -24.311370
125 3.4236690336 12.368022 -4.996023 -12.577760 9.499981 -24.235708
126 3.4236690336 12.061598 -5.027747 -12.648112 9.550679 -24.141699
127 3.4275918355 12.126459 -4.608858 -12.433185 9.504842 -24.214180
128 3.4236690336 12.121134 -4.878127 -12.685054 9.629037 -24.319812
129 3.4236690336 12.008269 -4.841678 -12.554304 9.440341 -24.393011
130 3.4236690336 12.067925 -4.861837 -12.492424 9.390507 -24.313296
131 3.4235563507 12.274104 -4.786801 -12.474078 9.684297 -24.487587
132 3.4235563507 12.105731 -4.832771 -12.751855 9.461420 -24.160314
133 3.4265689805 12.131765 -4.643978 -12.656113 9.365514 -24.095082
134 3.4235563507 12.205773 -4.750589 -12.373560 9.403105 -24.142327
135 3.4236690336 12.161962 -4.850151 -12.466900 9.373476 -24.106912
136 3.4235563507 12.118908 -4.736106 -12.629145 9.380892 -24.295131
137 3.4235563507 12.096282 -4.818707 -12.568721 9.527721 -24.053131
138 3.4235563507 12.110327 -4.800169 -12.388841 9.409640 -24.248515
139 3.4235563507 12.113376 -4.798379 -12.517237 9.532972 -24.116710
140 3.4236690336 12.051198 -4.857603 -12.347283 9.540365 -24.246836
141 3.4235563507 12.034585 -4.754720 -12.394941 9.547826 -24.166941
142 3.4235563507 12.051015 -4.723905 -12.439639 9.381743 -24.299618
143 3.4235563507 12.177319 -4.808830 -12.592501 9.473206 -24.145091
144 3.4265689805 12.124038 -4.713452 -12.437472 9.449785 -24.149597
145 3.4235563507 12.198457 -4.791453 -12.518961 9.467703 -24.173322
146 3.4235563507 12.227625 -4.825838 -12.489580 9.382903 -24.086917
147 3.4235563507 12.064675 -4.834234 -12.581359 9.459253 -24.213506
148 3.4235563507 12.038421 -4.835828 -12.467376 9.393384 -24.198273
149 3.4235563507 12.101081 -4.736802 -12.500278 9.437712 -24.177907
150 3.4236690336 12.171267 -4.900368 -12.508168 9.460343 -24.162259
151 3.4235563507 12.149373 -4.751352 -12.508201 9.408888 -24.231678
