evaluations raw_y x0 x1 x2 x3 x4 x5 x6 x7 x8 x9 x10 x11 x12 x13 x14
1 0.7551207129 -3.362737 -2.599942 3.394100 -3.384611 -2.772105 -0.341727 -4.635988 3.384749 -2.542195 -4.015822 3.766378 -4.080335 -2.775705 3.876520 3.339893
2 0.1429937528 -5.000000 4.551458 -1.190475 -5.000000 5.000000 5.000000 -5.000000 -4.820849 -3.848184 -5.000000 2.739724 -5.000000 1.429403 5.000000 -5.000000
3 0.0246542301 0.316818 4.793192 -1.545070 5.000000 5.000000 5.000000 5.000000 -5.000000 -5.000000 -5.000000 5.000000 -1.308538 -4.527688 -0.452777 -0.263388
4 0.8713051311 -4.573885 5.000000 2.262785 5.000000 3.291844 3.167741 5.000000 -5.000000 -5.000000 -5.000000 5.000000 1.777839 3.826855 3.315443 4.575576
5 -0.3507705463 -4.726632 5.000000 -3.474399 -2.842184 5.000000 5.000000 2.673792 5.000000 5.000000 -1.951954 -0.885458 3.987215 3.293379 4.652702 0.522661
6 -0.5462550421 5.000000 -1.511365 4.516141 -5.000000 5.000000 5.000000 -5.000000 -4.306365 -2.822500 -0.732214 -2.848181 5.000000 5.000000 3.587646 2.260500
7 0.4245525393 5.000000 -4.497089 -5.000000 -2.146721 -5.000000 0.085765 -5.000000 -0.397721 3.703058 1.550476 -5.000000 5.000000 2.755741 5.000000 -2.996614
8 0.3228071757 -5.000000 -5.000000 5.000000 5.000000 4.618643 5.000000 -0.208574 -5.000000 -5.000000 2.837196 -5.000000 -1.147475 0.212177 2.833325 3.326562
9 -0.1644440468 -4.733570 2.669972 5.000000 3.687674 5.000000 3.456721 2.347593 -5.000000 0.852473 5.000000 -0.095412 -5.000000 -3.626923 5.000000 4.613429
10 -0.7396754580 5.000000 3.704696 5.000000 -5.000000 -5.000000 5.000000 -2.743390 5.000000 -5.000000 -4.780041 -1.068141 5.000000 5.000000 5.000000 5.000000
11 -0.3823735456 5.000000 5.000000 1.559344 -3.513561 -0.612082 -4.769653 -5.000000 -5.000000 2.500341 -5.000000 -1.507934 5.000000 5.000000 -5.000000 -5.000000
12 -0.4672361492 -5.000000 5.000000 -0.820346 5.000000 5.000000 -4.758377 4.980093 5.000000 -5.000000 5.000000 -0.756312 -4.410569 3.628075 -4.823112 -1.976528
13 -0.2609495900 5.000000 5.000000 5.000000 5.000000 5.000000 -5.000000 -5.000000 -0.231374 -5.000000 2.517226 -5.000000 -0.046678 4.777625 5.000000 2.997994
14 -0.1668595087 3.188951 5.000000 5.000000 -5.000000 -5.000000 -4.100006 -5.000000 5.000000 -5.000000 5.000000 -5.000000 5.000000 -5.000000 5.000000 0.385395
15 0.0862900821 -5.000000 -5.000000 5.000000 -3.738941 -0.633050 5.000000 0.440467 5.000000 2.187381 -0.997416 -5.000000 4.898878 -2.149512 5.000000 4.149372
16 -0.8487039762 -0.408713 5.000000 -5.000000 -5.000000 -1.930195 -1.589216 1.905398 5.000000 0.889553 -4.667904 -5.000000 3.755912 5.000000 5.000000 -2.836023
17 -0.0968252120 2.731309 -5.000000 3.063916 -5.000000 -3.395020 -5.000000 -1.207536 5.000000 -0.550603 -0.415184 -5.000000 -0.518035 -0.713461 5.000000 -1.815664
18 -0.4033434026 -1.219521 0.874068 -5.000000 -1.622613 3.794796 5.000000 3.078912 5.000000 -5.000000 -5.000000 -2.452971 -5.000000 5.000000 5.000000 -5.000000
19 0.2101526352 5.000000 1.469124 5.000000 -5.000000 5.000000 -3.023363 3.623533 5.000000 -5.000000 -5.000000 5.000000 5.000000 1.307684 5.000000 0.437534
20 0.8534171208 -5.000000 5.000000 1.703554 -5.000000 -5.000000 -5.000000 -1.992506 0.460967 3.289781 -5.000000 -3.772229 -4.095341 -1.395493 0.365063 5.000000
21 -0.0531032863 3.382137 5.000000 -4.686908 -2.428609 1.306333 5.000000 3.228123 -2.939810 -0.864588 -5.000000 -5.000000 5.000000 -5.000000 -4.735858 5.000000
22 -0.7494449147 -5.000000 -5.000000 -5.000000 -5.000000 3.513790 -5.000000 5.000000 -5.000000 5.000000 5.000000 -5.000000 -4.492469 -4.762003 -1.342088 5.000000
23 -0.5736474917 5.000000 0.741945 -5.000000 5.000000 -5.000000 5.000000 -5.000000 3.803125 5.000000 -5.000000 -5.000000 5.000000 5.000000 5.000000 -5.000000
24 -0.4468580492 5.000000 -0.161818 5.000000 1.302267 -5.000000 -5.000000 5.000000 5.000000 -2.987178 5.000000 5.000000 -0.933004 5.000000 0.784664 -5.000000
25 -0.3238946934 -3.178281 5.000000 -5.000000 -5.000000 5.000000 -5.000000 -5.000000 5.000000 5.000000 2.639974 -5.000000 5.000000 -1.110960 5.000000 -5.000000
26 -0.0892172250 5.000000 1.106868 -5.000000 2.486245 0.174576 -0.354525 4.104707 5.000000 -5.000000 5.000000 -1.690489 -3.715974 5.000000 5.000000 -5.000000
27 -0.6430954837 -5.000000 -5.000000 -3.504087 5.000000 2.085661 -5.000000 -5.000000 4.777028 -0.135099 -2.825128 -5.000000 -3.817284 5.000000 5.000000 -5.000000
28 -0.5755611616 -5.000000 5.000000 -5.000000 5.000000 -5.000000 1.090447 -5.000000 5.000000 0.035528 5.000000 -5.000000 5.000000 4.019187 -5.000000 -3.462306
29 -0.1789553959 -0.723403 5.000000 -5.000000 -5.000000 -5.000000 -5.000000 5.000000 1.789250 3.140119 5.000000 -5.000000 5.000000 -5.000000 5.000000 -1.244924
30 -0.4516672353 5.000000 5.000000 -5.000000 -1.116576 -5.000000 5.000000 5.000000 5.000000 0.290944 -5.000000 -1.950938 5.000000 5.000000 -5.000000 5.000000
31 -0.9368147291 -3.412039 5.000000 5.000000 -5.000000 -5.000000 5.000000 -5.000000 -2.422655 3.714512 -2.147733 -5.000000 5.000000 5.000000 4.577541 -5.000000
32 -0.2683678193 -0.406441 5.000000 0.749946 4.662711 0.441155 -2.619153 -5.000000 5.000000 5.000000 -5.000000 -5.000000 -5.000000 5.000000 -5.000000 -5.000000
33 -0.8910991331 -5.000000 5.000000 5.000000 5.000000 5.000000 5.000000 -5.000000 -5.000000 -1.635951 -5.000000 -3.513430 5.000000 5.000000 5.000000 2.249848
34 -1.1265753965 -5.000000 -5.000000 5.000000 5.000000 5.000000 -0.530658 -5.000000 -5.000000 5.000000 5.000000 5.000000 -1.770387 5.000000 -5.000000 -5.000000
35 -0.8715237296 -5.000000 -5.000000 5.000000 5.000000 -0.308972 -2.173743 -3.709755 5.000000 1.434683 3.377978 5.000000 5.000000 5.000000 5.000000 5.000000
36 -1.3386680212 -3.291843 -5.000000 5.000000 5.000000 5.000000 -5.000000 -5.000000 -5.000000 5.000000 3.887365 5.000000 5.000000 5.000000 -3.196866 -5.000000
37 -0.3633750119 5.000000 -5.000000 5.000000 -0.303745 3.290862 5.000000 -5.000000 5.000000 5.000000 5.000000 -3.668226 5.000000 -5.000000 5.000000 2.026418
38 -1.0776384368 -5.000000 5.000000 5.000000 -1.641999 5.000000 -5.000000 -5.000000 3.846645 -5.000000 5.000000 5.000000 -2.073053 5.000000 -5.000000 -5.000000
39 0.3631661310 -2.622418 -5.000000 5.000000 0.644025 -5.000000 -5.000000 -5.000000 1.851018 5.000000 -1.020032 0.713335 -5.000000 -5.000000 -5.000000 4.812856
40 0.0283653319 -1.118391 -0.187710 -1.353552 -5.000000 5.000000 -5.000000 -5.000000 -0.368529 -5.000000 -0.214061 5.000000 2.246904 5.000000 -5.000000 -5.000000
41 -1.0677537057 5.000000 -5.000000 5.000000 5.000000 -5.000000 5.000000 -5.000000 -5.000000 5.000000 5.000000 5.000000 5.000000 5.000000 5.000000 -5.000000
42 -0.4805304811 -5.000000 -5.000000 -5.000000 2.062433 -5.000000 -0.642052 -4.064270 -5.000000 -5.000000 5.000000 5.000000 -5.000000 5.000000 -5.000000 4.966767
43 0.1529875608 -5.000000 5.000000 -4.154522 5.000000 2.271770 -5.000000 5.000000 -5.000000 0.094965 -5.000000 5.000000 -5.000000 -4.508606 -0.298682 -5.000000
44 -0.1376856312 -1.232175 5.000000 -0.426554 5.000000 -5.000000 -0.890404 -5.000000 -5.000000 5.000000 5.000000 3.428200 5.000000 0.366833 3.134284 -0.339130
45 -1.2205124673 -1.643363 3.859104 5.000000 5.000000 5.000000 5.000000 5.000000 -3.801239 5.000000 5.000000 5.000000 5.000000 5.000000 -5.000000 -5.000000
46 -0.7823657009 5.000000 -1.081778 5.000000 -5.000000 -4.455152 -5.000000 5.000000 5.000000 5.000000 5.000000 -1.363144 -5.000000 5.000000 5.000000 5.000000
47 -0.7551902375 5.000000 -5.000000 1.159933 -5.000000 -5.000000 5.000000 -5.000000 0.021176 -5.000000 -5.000000 -3.636366 5.000000 5.000000 5.000000 -5.000000
48 -0.5171063436 -5.000000 -5.000000 5.000000 5.000000 5.000000 4.710826 -5.000000 0.047543 5.000000 -5.000000 -2.473880 5.000000 5.000000 -5.000000 5.000000
49 -0.9595295322 -4.331832 5.000000 -5.000000 5.000000 5.000000 5.000000 -2.078579 -4.387431 -3.172381 5.000000 -5.000000 -5.000000 5.000000 -5.000000 -5.000000
50 0.4830802228 1.450254 0.655514 -5.000000 5.000000 4.988990 5.000000 0.321977 -3.126323 3.236220 -0.593280 5.000000 5.000000 5.000000 -4.105084 5.000000
51 -0.6524423059 -5.000000 -5.000000 -1.605648 -5.000000 -5.000000 -4.411438 -1.319113 -5.000000 -5.000000 -3.847478 -5.000000 4.973954 -0.527259 5.000000 -5.000000
52 -0.7633128361 5.000000 -5.000000 5.000000 5.000000 5.000000 5.000000 -5.000000 5.000000 -5.000000 5.000000 -5.000000 4.473294 3.287801 -5.000000 5.000000
53 -0.6891511301 -5.000000 -1.173464 5.000000 2.418816 5.000000 5.000000 -5.000000 -2.728921 -3.627816 5.000000 5.000000 5.000000 -5.000000 5.000000 2.613942
54 -0.3850444149 -5.000000 -4.302285 4.068448 5.000000 -5.000000 5.000000 -5.000000 -5.000000 5.000000 1.562466 -5.000000 -5.000000 5.000000 -5.000000 5.000000
55 -0.1964983832 -5.000000 0.724663 5.000000 5.000000 5.000000 -5.000000 5.000000 -5.000000 5.000000 -2.328612 5.000000 5.000000 5.000000 5.000000 2.671623
56 -0.5166681688 -0.221749 -5.000000 5.000000 -5.000000 5.000000 -5.000000 5.000000 -0.178655 -0.633617 5.000000 -5.000000 5.000000 1.660636 -5.000000 5.000000
57 0.0847128803 1.573888 5.000000 5.000000 -5.000000 1.302026 -5.000000 5.000000 -5.000000 2.391092 -5.000000 5.000000 5.000000 5.000000 -5.000000 5.000000
58 -0.7753834472 5.000000 -5.000000 -4.015551 5.000000 5.000000 -5.000000 5.000000 -5.000000 5.000000 5.000000 -5.000000 5.000000 1.861780 -5.000000 -5.000000
59 -1.1853117460 -5.000000 -4.394736 -4.570821 5.000000 5.000000 -4.548317 -5.000000 5.000000 5.000000 -5.000000 5.000000 -5.000000 -5.000000 5.000000 -5.000000
60 -0.6528778617 -5.000000 2.785729 5.000000 5.000000 -5.000000 -5.000000 5.000000 5.000000 -5.000000 -0.915825 -3.280746 5.000000 5.000000 -5.000000 5.000000
61 -0.8450445033 -3.259582 1.273228 5.000000 5.000000 5.000000 -3.544173 -5.000000 4.438633 5.000000 5.000000 3.894594 -5.000000 5.000000 -5.000000 -5.000000
62 -0.2491492201 -5.000000 -5.000000 5.000000 -5.000000 5.000000 -0.430369 -5.000000 0.578753 5.000000 5.000000 -5.000000 5.000000 5.000000 -2.747195 -0.544261
63 0.0357340885 -4.351625 0.218161 -0.666239 4.518535 -4.463961 5.000000 -5.000000 -5.000000 5.000000 5.000000 1.962428 5.000000 5.000000 -3.095821 -5.000000
64 -0.2154748188 -5.000000 -5.000000 -5.000000 5.000000 5.000000 -5.000000 -5.000000 -4.027242 -1.363216 1.606770 -3.731975 5.000000 -4.190365 5.000000 -5.000000
65 -0.2416916815 -5.000000 -5.000000 3.036761 5.000000 1.776799 -5.000000 5.000000 -5.000000 -5.000000 4.757209 -0.519718 4.937361 5.000000 -3.932930 -2.542544
66 -0.7597102119 -5.000000 -1.978566 -5.000000 5.000000 -5.000000 5.000000 1.346643 -5.000000 5.000000 -4.930485 -5.000000 5.000000 5.000000 -5.000000 -5.000000
67 -0.5249068766 -5.000000 -5.000000 5.000000 5.000000 -5.000000 1.494198 -5.000000 -1.191969 5.000000 5.000000 5.000000 5.000000 -5.000000 -5.000000 -5.000000
68 -0.3851232980 -5.000000 -5.000000 -5.000000 5.000000 2.459621 -1.211529 -5.000000 5.000000 1.421233 5.000000 -5.000000 5.000000 -5.000000 3.535979 -5.000000
69 0.8197667547 5.000000 -5.000000 2.099957 2.012094 1.524153 -0.492363 1.699601 5.000000 5.000000 5.000000 2.757023 5.000000 5.000000 5.000000 -5.000000
70 -0.5959880092 -5.000000 0.786710 5.000000 -5.000000 -0.066609 -5.000000 -1.580754 -5.000000 -5.000000 -5.000000 5.000000 5.000000 1.106770 -5.000000 5.000000
71 -0.4247043365 -5.000000 -5.000000 5.000000 -1.523159 5.000000 -5.000000 -5.000000 -5.000000 5.000000 -3.779375 0.367844 -5.000000 5.000000 -2.792387 5.000000
72 -0.6185594345 -2.564748 -5.000000 -4.413620 3.898571 5.000000 4.638629 -5.000000 -1.488737 -4.611891 -4.986788 5.000000 5.000000 3.952369 3.427628 5.000000
73 -1.2425326390 -0.553967 -5.000000 5.000000 5.000000 -5.000000 5.000000 -5.000000 -5.000000 -5.000000 5.000000 -5.000000 5.000000 -5.000000 2.423694 -5.000000
74 -0.3801153104 -5.000000 -5.000000 5.000000 5.000000 1.537756 -5.000000 3.841134 2.934794 5.000000 5.000000 5.000000 -5.000000 -0.596586 5.000000 5.000000
75 -0.4902595944 1.491233 -4.225697 2.621465 5.000000 5.000000 -5.000000 -5.000000 5.000000 5.000000 -5.000000 5.000000 5.000000 -3.583244 5.000000 -5.000000
76 -0.6857444142 -1.635260 -3.922374 -5.000000 -3.317351 5.000000 -5.000000 -0.806155 5.000000 5.000000 5.000000 -5.000000 -2.606749 2.143829 -0.752456 -5.000000
77 -0.5203556775 -5.000000 -1.011749 5.000000 5.000000 -0.343380 -5.000000 4.323176 -5.000000 -5.000000 5.000000 5.000000 -2.767730 5.000000 5.000000 -5.000000
78 -0.3745314351 2.136097 -3.847073 5.000000 5.000000 5.000000 1.066414 -5.000000 -3.065398 5.000000 5.000000 -5.000000 -4.269520 -5.000000 -5.000000 5.000000
79 -0.3662972639 4.678528 -5.000000 5.000000 5.000000 5.000000 5.000000 -5.000000 -4.720752 -5.000000 5.000000 5.000000 2.290422 5.000000 -5.000000 0.125046
80 -0.4542291281 -5.000000 -5.000000 5.000000 -5.000000 5.000000 -5.000000 2.546417 3.414824 -3.741336 0.846063 5.000000 1.227186 -1.659855 -5.000000 -0.798957
81 -0.0207919822 5.000000 2.471371 -5.000000 -5.000000 5.000000 -5.000000 2.389026 2.638941 5.000000 5.000000 -5.000000 4.373133 5.000000 -5.000000 -2.949666
82 -0.2947850213 -5.000000 -2.529528 3.906703 3.252517 2.335063 -2.180232 -5.000000 5.000000 -1.629771 -4.702977 5.000000 -3.913561 5.000000 -5.000000 -5.000000
83 -0.9278013098 -5.000000 5.000000 5.000000 4.921089 5.000000 -4.853944 5.000000 -3.432052 5.000000 -5.000000 -3.492048 -1.466929 5.000000 -5.000000 -5.000000
84 -0.6779400449 -5.000000 -5.000000 5.000000 5.000000 0.832074 -5.000000 -5.000000 -5.000000 1.237332 -5.000000 5.000000 5.000000 5.000000 -5.000000 -5.000000
85 -0.4964244570 -2.350828 5.000000 5.000000 5.000000 -5.000000 4.820129 5.000000 -5.000000 5.000000 5.000000 4.163824 5.000000 -1.375037 -1.463834 -5.000000
86 -0.0161563666 0.514851 -2.868341 5.000000 3.334036 -5.000000 5.000000 5.000000 -5.000000 -5.000000 4.689314 -5.000000 4.148896 4.735619 -5.000000 -4.491243
87 -0.4134882988 -5.000000 -3.566705 5.000000 -5.000000 0.073047 5.000000 4.065592 -5.000000 -5.000000 1.024239 5.000000 5.000000 -5.000000 2.573970 -5.000000
88 -1.0034762420 -5.000000 -5.000000 2.787325 5.000000 -4.302216 -2.678647 5.000000 5.000000 5.000000 -5.000000 -3.073640 5.000000 5.000000 0.638581 -5.000000
89 -0.6211715047 -5.000000 -1.771291 -1.410682 5.000000 5.000000 -5.000000 -5.000000 -5.000000 5.000000 5.000000 5.000000 -4.357840 5.000000 5.000000 5.000000
90 -0.8778908948 5.000000 -5.000000 -5.000000 0.928447 5.000000 -5.000000 1.277992 -4.469970 5.000000 -5.000000 3.457463 5.000000 -5.000000 2.876802 -5.000000
91 0.8485688637 -5.000000 0.653046 -4.032360 5.000000 0.197148 5.000000 -0.611447 5.000000 -1.542951 -5.000000 2.506219 -3.325496 5.000000 1.631324 -5.000000
92 0.9401215944 -0.820352 -5.000000 -5.000000 5.000000 5.000000 1.902859 5.000000 -5.000000 -5.000000 3.199460 1.627919 5.000000 1.286257 -2.077122 2.872053
93 -0.3370579437 2.779613 5.000000 4.543727 5.000000 5.000000 -2.425852 -5.000000 -5.000000 4.314669 -5.000000 5.000000 3.947060 0.233976 -5.000000 2.260262
94 0.6277204977 0.961702 4.823112 5.000000 5.000000 5.000000 1.707245 5.000000 -5.000000 -3.050357 5.000000 0.429341 0.216204 5.000000 -2.865877 0.558530
95 -0.4825310669 -5.000000 -5.000000 -5.000000 5.000000 -5.000000 0.303796 5.000000 -5.000000 5.000000 5.000000 -5.000000 5.000000 5.000000 5.000000 -5.000000
96 -0.1609613005 -2.485654 -2.683711 5.000000 0.605438 -1.097782 -4.723766 -5.000000 5.000000 5.000000 5.000000 -5.000000 -4.986815 5.000000 3.156095 -5.000000
97 -1.1808659279 -4.933939 -5.000000 5.000000 5.000000 3.414298 -5.000000 -5.000000 -5.000000 -1.773865 -5.000000 3.566994 5.000000 5.000000 4.932742 -5.000000
98 0.2654631129 5.000000 -5.000000 5.000000 -3.181274 -4.898920 -5.000000 -5.000000 -5.000000 1.960144 1.729551 5.000000 5.000000 -5.000000 0.424433 -5.000000
99 -0.4114109543 -4.519861 -5.000000 -2.693006 -5.000000 5.000000 -5.000000 -5.000000 -5.000000 5.000000 5.000000 -1.649329 4.700064 5.000000 -5.000000 -5.000000
100 1.1774588463 -4.857323 2.944263 0.378938 5.000000 -5.000000 -5.000000 -5.000000 5.000000 3.096203 0.583963 -0.264244 -0.869110 3.930481 -5.000000 -5.000000
101 0.3826501075 -5.000000 -5.000000 0.444542 5.000000 5.000000 3.479859 -5.000000 1.463661 -2.889003 -5.000000 5.000000 -2.581600 2.088648 -3.379236 5.000000
102 -0.6306427929 -5.000000 5.000000 -1.008729 -1.578283 -5.000000 5.000000 -5.000000 -3.736814 5.000000 5.000000 -5.000000 5.000000 -5.000000 5.000000 -0.470615
103 -0.0745859133 -4.294753 -5.000000 5.000000 -5.000000 3.589315 -5.000000 2.653922 -5.000000 1.266189 -5.000000 0.136514 -5.000000 5.000000 5.000000 -5.000000
104 -0.9582484863 5.000000 -5.000000 -1.983706 -1.248687 5.000000 -5.000000 -5.000000 -5.000000 5.000000 -5.000000 5.000000 5.000000 5.000000 5.000000 -5.000000
105 0.5308176323 0.890984 -1.157448 3.700439 5.000000 5.000000 -2.891918 -4.998253 -5.000000 -5.000000 5.000000 -3.927861 5.000000 -2.489639 -3.825254 3.275741
106 -0.7650765157 -4.958419 -5.000000 5.000000 5.000000 5.000000 -5.000000 -5.000000 2.279062 -3.983263 5.000000 -5.000000 -1.895638 3.067762 -5.000000 -5.000000
107 0.3860539429 5.000000 4.302025 0.328963 5.000000 0.778858 0.621965 -5.000000 -5.000000 5.000000 -0.605115 0.704118 5.000000 3.187530 -5.000000 -5.000000
108 -0.0957611903 -5.000000 -0.954126 5.000000 -5.000000 5.000000 -0.593714 2.746145 -5.000000 5.000000 -0.088481 5.000000 0.644366 5.000000 -0.572752 -5.000000
109 -0.9908256366 -0.775302 -5.000000 5.000000 4.690568 5.000000 -5.000000 -5.000000 -5.000000 -3.637265 5.000000 -5.000000 -5.000000 -4.259740 5.000000 5.000000
110 0.4204090936 -5.000000 -4.850226 3.043246 5.000000 0.499132 -5.000000 -5.000000 0.777261 0.482055 5.000000 5.000000 -5.000000 5.000000 3.056140 -5.000000
111 0.1117948503 2.916782 -5.000000 4.278957 5.000000 1.009806 -5.000000 -3.952867 -1.356113 4.006452 5.000000 2.448555 5.000000 -2.972932 -5.000000 -2.710443
112 1.0320860548 -5.000000 -5.000000 5.000000 5.000000 5.000000 -5.000000 -4.308092 0.730595 0.146862 -5.000000 -2.594874 2.886299 4.327476 -2.383193 -5.000000
113 -0.1203717866 -5.000000 -5.000000 5.000000 3.535762 -4.511657 -5.000000 4.880631 -5.000000 2.288914 4.926970 5.000000 1.721077 1.444425 0.708433 -5.000000
114 0.4057745419 -5.000000 5.000000 1.354935 4.626595 1.522928 -1.738498 -0.672253 -5.000000 5.000000 4.342531 5.000000 5.000000 -1.040841 3.274363 -5.000000
115 -0.2942280276 -5.000000 1.236535 1.749059 5.000000 5.000000 -5.000000 -5.000000 -5.000000 1.550768 3.386877 -0.183374 5.000000 5.000000 5.000000 -2.095760
116 0.1461653047 -5.000000 -2.664015 5.000000 2.604574 -2.944369 -5.000000 -5.000000 5.000000 0.259522 5.000000 -5.000000 1.533933 5.000000 4.498056 -2.337240
117 -0.0961471779 -5.000000 -5.000000 5.000000 5.000000 -5.000000 -5.000000 -2.792216 0.300582 3.484731 5.000000 -5.000000 5.000000 5.000000 -5.000000 -2.447886
118 0.0489976719 -1.675950 -5.000000 1.851262 3.279000 5.000000 -5.000000 -2.063231 -5.000000 0.652054 5.000000 3.644521 5.000000 5.000000 -5.000000 -3.512372
119 0.0489280432 5.000000 -0.192842 5.000000 5.000000 5.000000 -5.000000 -5.000000 3.347155 1.289478 5.000000 5.000000 4.983075 3.430665 -3.110194 -2.505448
120 -1.4693804319 2.610778 -5.000000 -5.000000 2.326871 5.000000 -5.000000 -5.000000 -3.258855 5.000000 5.000000 3.779239 5.000000 -1.627958 -4.392939 -5.000000
121 0.5341134970 5.000000 0.125730 -2.552149 4.105579 5.000000 2.595076 -2.820195 -5.000000 5.000000 5.000000 5.000000 4.770087 -5.000000 4.800109 -5.000000
122 0.7638119347 5.000000 -5.000000 -5.000000 -2.563963 5.000000 -5.000000 -5.000000 0.154146 5.000000 2.652336 4.353405 0.500729 4.939790 -3.912012 -0.837423
123 0.8040459258 -0.062453 0.286015 -0.538125 4.975492 1.468406 1.065274 5.000000 -0.242716 5.000000 5.000000 0.414421 3.557946 3.642423 5.000000 -5.000000
124 -0.9208262767 5.000000 5.000000 -5.000000 5.000000 -1.880622 -0.132861 -5.000000 -5.000000 5.000000 1.288687 3.882222 -4.980011 -0.179194 -5.000000 -2.120954
125 -0.3574233782 5.000000 -2.193561 -5.000000 -2.903230 -4.064132 -5.000000 -4.355938 -5.000000 -5.000000 5.000000 0.654127 1.314334 5.000000 3.467173 -3.289188
126 0.1182264146 4.470089 -5.000000 -2.917843 -1.737206 -5.000000 -5.000000 0.937906 5.000000 5.000000 -0.361744 -0.096519 5.000000 -1.101450 -5.000000 -5.000000
127 0.2276021523 5.000000 -5.000000 1.529107 5.000000 5.000000 -3.905505 -5.000000 5.000000 5.000000 5.000000 0.283367 0.731677 -5.000000 4.725849 -5.000000
128 0.2268291983 1.805673 -5.000000 -5.000000 5.000000 2.237186 -5.000000 -3.352447 -5.000000 5.000000 5.000000 5.000000 0.614740 5.000000 -2.283505 -5.000000
129 1.1962692306 2.140082 -0.850561 -5.000000 -3.234247 1.618304 2.921769 -5.000000 3.268282 0.359522 0.659693 5.000000 5.000000 -5.000000 -5.000000 -1.075335
130 -0.3732147120 -5.000000 -1.799835 -2.294934 -3.108870 -3.775831 -5.000000 -4.268127 -0.624172 2.357441 -5.000000 -5.000000 5.000000 -5.000000 -5.000000 -5.000000
131 -0.3409605766 5.000000 -5.000000 -5.000000 -2.343659 5.000000 -5.000000 -4.490976 -5.000000 5.000000 -0.376622 5.000000 -5.000000 -5.000000 -5.000000 0.415039
132 -0.9723342358 5.000000 -4.759696 -5.000000 3.452455 -3.091670 -2.215717 -5.000000 -5.000000 5.000000 5.000000 -1.034341 4.007518 -0.577151 -4.864708 -5.000000
133 -0.4207851458 -4.414578 5.000000 -5.000000 1.327665 4.817330 -5.000000 5.000000 -5.000000 -0.004263 3.913481 5.000000 -1.415666 -3.788206 -5.000000 -5.000000
134 1.3913987207 -4.656854 -5.000000 0.392621 -5.000000 3.359270 -3.299721 -5.000000 3.254122 2.606578 5.000000 4.396359 1.777824 0.396102 -5.000000 -0.168012
135 -0.4132133989 -5.000000 4.402694 -4.799906 4.732341 5.000000 -5.000000 -5.000000 2.402851 -3.987769 0.020330 5.000000 5.000000 -5.000000 -5.000000 -0.995904
136 0.0090850699 0.062244 -5.000000 -0.726048 4.570730 -0.413212 -5.000000 -3.826195 -5.000000 5.000000 5.000000 3.407178 0.825420 5.000000 -2.804340 -5.000000
137 0.5789123116 5.000000 -5.000000 -2.733028 5.000000 1.462197 -5.000000 -3.927180 3.740239 1.971966 3.489150 5.000000 3.104254 -0.897490 -5.000000 -5.000000
138 -0.0869939573 5.000000 -5.000000 -5.000000 0.922964 -0.014334 -5.000000 -5.000000 1.822419 5.000000 5.000000 5.000000 5.000000 -0.019416 -2.718072 -5.000000
139 -0.3776268011 1.454855 -5.000000 4.823714 5.000000 5.000000 -2.464768 -5.000000 -4.722575 5.000000 2.552580 -5.000000 2.426652 -5.000000 -3.412135 -5.000000
140 -0.1432235629 -5.000000 -5.000000 -3.957660 5.000000 5.000000 -5.000000 -5.000000 -1.207982 5.000000 5.000000 -2.908843 0.684065 0.156193 -5.000000 -5.000000
141 -0.0906776250 1.339617 -5.000000 -5.000000 4.657990 5.000000 -5.000000 4.140076 -5.000000 0.415348 5.000000 -1.171016 5.000000 -5.000000 -0.775012 -5.000000
142 0.3310329466 3.058175 -0.010365 -5.000000 5.000000 2.270531 2.100543 -5.000000 -5.000000 -2.218629 4.294591 5.000000 5.000000 -5.000000 2.841885 -5.000000
143 0.2882616204 5.000000 -5.000000 -5.000000 5.000000 2.005792 -5.000000 -5.000000 -5.000000 5.000000 4.734665 -0.849782 1.469008 -5.000000 2.110359 -5.000000
144 -0.1229895891 5.000000 -5.000000 -2.902163 3.931553 5.000000 -5.000000 -5.000000 -3.779009 5.000000 5.000000 1.140060 5.000000 0.278819 -2.724614 -5.000000
145 0.6148186415 1.325658 -1.889993 -0.729497 5.000000 5.000000 -5.000000 -2.399785 -5.000000 0.597424 3.446415 3.599740 3.940534 3.961678 -3.853970 -5.000000
146 -0.6653306683 5.000000 -5.000000 -4.204812 -2.542238 5.000000 -5.000000 -5.000000 -5.000000 5.000000 -2.972531 -4.155617 -5.000000 5.000000 1.374936 -0.797252
147 0.7575358046 0.745262 4.360798 0.594724 2.857199 3.504612 -4.380818 -5.000000 -5.000000 2.032714 1.749740 5.000000 5.000000 -2.898674 -5.000000 -5.000000
148 0.9243098550 0.282915 1.433766 0.015293 -0.330798 5.000000 -0.594066 -0.839103 -5.000000 1.302465 5.000000 -0.819162 5.000000 5.000000 -5.000000 -5.000000
149 1.0392728208 1.132608 -1.280237 -2.497011 -0.081139 1.205291 -5.000000 -1.642630 -0.752559 5.000000 4.599711 1.381154 5.000000 -1.307533 -5.000000 -1.045000
150 0.0882228523 -5.000000 -5.000000 -4.162611 1.997371 4.687041 -2.983753 -5.000000 -5.000000 5.000000 4.073266 5.000000 4.327673 0.268444 -4.915861 0.950329
151 -0.6415831617 5.000000 -5.000000 -5.000000 -1.628155 3.346029 -3.783012 -5.000000 -5.000000 5.000000 5.000000 5.000000 -5.000000 -3.653435 -5.000000 -5.000000
152 0.0220159361 -1.558993 -5.000000 -5.000000 -0.053142 5.000000 -5.000000 -5.000000 -2.302406 5.000000 5.000000 3.238713 5.000000 -5.000000 -1.993284 -1.604941
153 0.6632355953 5.000000 -4.944301 -5.000000 3.655340 0.267770 -5.000000 -5.000000 0.821588 1.360453 5.000000 3.802910 5.000000 5.000000 -1.347070 -5.000000
154 0.3642475860 0.553803 -5.000000 -2.613303 4.184123 5.000000 -3.729189 -1.666116 -5.000000 5.000000 4.430767 2.596350 1.968837 1.230008 -5.000000 -4.975307
155 0.1009303553 2.567692 -1.674754 -2.420493 -1.732136 5.000000 -5.000000 -5.000000 -0.296551 5.000000 5.000000 -1.180860 5.000000 -1.093443 -5.000000 -5.000000
156 0.0263987118 3.235421 -5.000000 -3.838989 5.000000 3.459025 -5.000000 -3.456553 -1.437967 -1.550546 5.000000 5.000000 5.000000 -0.160008 -2.108154 -3.872152
157 -0.2370907407 0.753031 -5.000000 -1.396834 5.000000 5.000000 -5.000000 -4.913801 -3.176145 4.003391 -2.740308 5.000000 4.830478 -5.000000 -4.594003 -5.000000
158 0.6670865472 5.000000 -5.000000 -0.575733 4.502101 3.480148 -5.000000 -5.000000 0.260376 -2.201435 4.993940 -0.537971 -1.079918 1.393457 -5.000000 -0.874765
159 -0.2257677014 5.000000 -5.000000 -2.393738 -3.682067 5.000000 -1.131310 -5.000000 -4.491818 5.000000 5.000000 4.097315 0.365056 -1.077999 -5.000000 -5.000000
160 0.2370659972 0.278117 -5.000000 3.850775 -0.092342 5.000000 -5.000000 -3.118310 -1.540847 2.153071 5.000000 3.204229 5.000000 -2.640813 -5.000000 -0.732419
161 -0.5041249921 -4.398108 -5.000000 -5.000000 5.000000 5.000000 -3.681234 -5.000000 -3.869479 -2.277529 5.000000 4.188176 5.000000 -3.303179 1.213232 -4.905649
162 1.1311332264 5.000000 -4.636787 -2.624211 0.229433 5.000000 -5.000000 -5.000000 1.602819 5.000000 5.000000 5.000000 5.000000 -0.721670 -3.902008 1.759255
163 0.3875245064 1.728068 -5.000000 -5.000000 4.187880 5.000000 -5.000000 -5.000000 -2.793232 1.883419 5.000000 -5.000000 5.000000 -1.893175 -5.000000 -4.922797
164 -0.5466358915 5.000000 -1.618282 -4.056399 -5.000000 5.000000 -0.271446 -5.000000 -5.000000 5.000000 5.000000 4.656009 5.000000 -5.000000 -5.000000 -5.000000
165 -0.6220086820 -0.980398 -2.218500 -3.289768 2.839022 5.000000 -5.000000 -3.571481 -4.487962 4.383013 5.000000 5.000000 4.010500 -4.266966 -3.827040 -5.000000
166 0.1042742383 5.000000 -5.000000 -5.000000 5.000000 0.996900 -5.000000 -4.919007 -1.238086 4.472539 -0.122041 5.000000 4.368570 -1.960063 -5.000000 -1.181043
167 -0.6265742175 4.749451 -4.538506 -3.744774 -3.109090 5.000000 -3.334121 -5.000000 -5.000000 5.000000 5.000000 2.460752 2.687756 -5.000000 -2.511938 -5.000000
168 0.6563452156 2.592338 -4.275228 -5.000000 3.124068 5.000000 -1.516877 -4.665887 -0.964397 5.000000 5.000000 3.730516 5.000000 1.568906 -5.000000 -5.000000
169 -1.0204150551 2.068200 -0.636882 -4.744361 -0.384640 5.000000 -5.000000 -1.622214 -4.938473 4.214738 5.000000 4.107125 5.000000 -5.000000 -5.000000 -4.846013
170 -0.4426615197 5.000000 -5.000000 -5.000000 5.000000 5.000000 -5.000000 -2.479282 -5.000000 4.995352 5.000000 4.274330 5.000000 -0.606121 -5.000000 -3.627617
171 -0.8128068536 3.815990 -5.000000 -5.000000 -2.109476 5.000000 -3.620034 -0.584231 -5.000000 -0.046926 5.000000 5.000000 3.548686 4.979658 -4.062633 -5.000000
172 -0.1849126035 -2.298910 -1.757469 -5.000000 1.139237 0.820422 -5.000000 -1.531234 -0.581552 5.000000 4.437946 0.354326 3.580491 -1.541574 -5.000000 -5.000000
173 -0.1832251285 5.000000 0.877925 -5.000000 1.279204 2.648189 -2.264067 -5.000000 -5.000000 5.000000 5.000000 5.000000 5.000000 -0.844895 -3.274571 -0.868479
174 -0.2771582754 3.492062 -5.000000 -2.154750 0.622991 0.690019 -5.000000 -4.898588 -5.000000 5.000000 5.000000 3.334991 5.000000 -5.000000 -5.000000 -2.384982
175 0.3278324159 4.090592 -3.670850 -1.162640 3.731350 5.000000 -2.361216 -3.156050 -2.582928 1.467823 2.027728 2.993954 5.000000 -0.412473 -0.877654 -5.000000
176 0.4658909657 5.000000 -1.616892 -3.881494 0.455822 5.000000 -0.870413 -5.000000 -4.218594 5.000000 4.705070 3.539324 5.000000 -3.146374 -4.110465 -0.983967
177 0.9817602806 4.837374 -1.538938 -3.085835 2.307777 3.623050 -5.000000 -5.000000 0.046039 1.470837 4.231021 3.286959 2.480966 0.457011 -3.717801 -5.000000
178 0.2841617630 2.887432 -5.000000 -2.693883 5.000000 3.269569 -2.652921 -2.558921 -5.000000 5.000000 -2.092731 5.000000 5.000000 1.495249 2.106942 -5.000000
179 0.8452334376 -2.764082 -5.000000 0.122512 2.296370 4.984004 -1.304324 -3.860350 -3.729348 5.000000 5.000000 1.884218 3.195708 -1.326324 -5.000000 -5.000000
180 -0.2533427162 -2.464415 -3.307390 1.530374 5.000000 5.000000 -4.536195 -5.000000 -5.000000 5.000000 4.831021 0.705715 4.459547 -0.939734 -5.000000 -0.916942
181 0.1910721716 0.148037 -5.000000 -5.000000 -1.309675 5.000000 -5.000000 -4.676679 3.355195 4.189748 4.994621 -0.539819 5.000000 -5.000000 -4.224889 -3.847790
182 -0.5533370497 2.221190 -5.000000 -5.000000 3.925169 3.954429 -4.970526 -5.000000 -5.000000 5.000000 2.517154 5.000000 -0.782484 -0.121624 -5.000000 -4.757737
183 -0.1190397334 1.009968 -3.383450 -5.000000 2.941887 5.000000 -4.480963 -5.000000 -3.295739 3.057150 5.000000 2.346493 4.566478 1.288585 -4.339328 -5.000000
184 1.5439077439 2.591128 -2.429104 -4.272744 2.023678 5.000000 -5.000000 -5.000000 -2.184813 1.837775 2.876697 3.156306 4.651243 -4.132306 1.612887 -5.000000
185 0.3429779894 -1.390389 -3.937045 -5.000000 0.068005 4.264656 -4.239155 -5.000000 -5.000000 5.000000 5.000000 0.143495 5.000000 -4.636173 -3.873072 -4.638202
186 -0.0765607033 1.448092 -1.015130 -5.000000 1.239857 -0.176587 -0.217723 -4.902666 -0.788596 4.401337 5.000000 3.642603 5.000000 -0.519838 -2.567340 -1.419060
187 0.6532505980 -0.901343 -5.000000 -5.000000 1.767281 4.779345 -4.214818 -4.017874 -0.468546 5.000000 1.080001 5.000000 5.000000 1.905215 -5.000000 -4.553072
188 0.1845127444 0.519978 -3.674928 -2.761414 0.861316 4.994021 -3.407704 -5.000000 -5.000000 4.261136 4.305074 5.000000 3.228805 0.156908 -5.000000 -5.000000
189 -0.0351958499 0.063410 -5.000000 -3.825210 1.102564 3.305182 -3.380625 -5.000000 -1.311397 3.872269 5.000000 0.566792 5.000000 -0.088749 -5.000000 -4.393821
190 1.0887866307 1.143214 0.441039 -0.991996 4.354426 3.135947 -5.000000 -3.249510 -0.333906 5.000000 5.000000 5.000000 5.000000 -0.503024 -2.735935 -5.000000
191 0.4405181976 -2.119734 -3.922372 0.743890 4.821101 4.988763 -5.000000 -5.000000 -2.361845 4.024288 5.000000 1.713444 3.241303 -0.909714 -2.625924 -2.811221
192 -0.1902432395 5.000000 -5.000000 -5.000000 5.000000 5.000000 -2.915254 -4.258166 -1.607955 2.717957 4.148322 2.276508 0.857856 -5.000000 -5.000000 -5.000000
193 -0.7896885812 4.617896 -5.000000 -3.120431 3.652503 3.990480 -5.000000 -5.000000 -4.689575 4.597687 4.013424 3.902477 5.000000 -1.903992 -5.000000 -5.000000
194 0.2572789966 2.055414 -5.000000 -5.000000 1.863479 5.000000 -5.000000 -5.000000 -5.000000 1.594530 5.000000 5.000000 5.000000 -0.815711 -3.893598 -1.991992
195 0.3691561264 1.502744 -2.499165 -4.414173 -0.848546 2.153341 -5.000000 -5.000000 -5.000000 5.000000 5.000000 4.455843 5.000000 2.223062 -5.000000 -5.000000
196 -0.0057593225 2.780810 -5.000000 -3.366547 1.220116 5.000000 -4.446419 -1.794125 -1.213632 5.000000 5.000000 1.875682 0.916934 -4.845191 -4.629503 -5.000000
197 0.2261623725 5.000000 -5.000000 -2.919201 1.628779 5.000000 -4.798660 -3.885048 -1.640833 5.000000 2.851973 5.000000 5.000000 -1.271902 -5.000000 -2.947789
198 -0.0355631649 3.779003 -5.000000 -1.570618 4.432876 4.203388 -5.000000 -5.000000 -5.000000 4.050978 2.782479 4.067928 4.527823 -1.367776 -5.000000 -5.000000
199 -0.1388740845 0.486316 -5.000000 -4.522216 -1.838523 3.843780 -5.000000 -5.000000 -2.896467 3.963926 3.856210 2.414625 5.000000 -2.829359 -0.985432 -4.095579
200 0.1840966938 0.066209 -5.000000 -4.230947 1.478660 2.479159 -4.194695 -3.171537 -3.138837 5.000000 4.821628 1.603680 5.000000 -0.325172 -2.904178 -5.000000
201 -1.0132345554 4.264973 -5.000000 -5.000000 -0.424070 1.646301 -3.504164 -5.000000 -4.395525 4.142850 3.718769 5.000000 5.000000 -1.759271 -5.000000 -5.000000
202 -0.1915228643 5.000000 -5.000000 -3.824660 4.062102 5.000000 -5.000000 -5.000000 -2.172019 3.117586 5.000000 2.408227 5.000000 2.895312 -5.000000 -5.000000
203 -0.4606895161 0.808616 -5.000000 -5.000000 1.320424 5.000000 -5.000000 -2.950346 -3.458634 5.000000 5.000000 3.861821 5.000000 -2.679004 -5.000000 -5.000000
204 1.0806802488 2.548509 -5.000000 -1.171469 0.728159 0.154140 -5.000000 -2.473814 0.550134 5.000000 4.925709 1.414451 4.074056 -4.096774 -1.377223 -3.502676
205 -0.7200070416 -0.570277 -4.911377 -4.455809 5.000000 5.000000 -5.000000 -5.000000 -3.416064 5.000000 4.095938 5.000000 5.000000 -0.723702 -5.000000 -1.954665
206 -0.7874574731 3.081457 -3.367432 -5.000000 3.774356 2.644791 -5.000000 -5.000000 -1.928208 2.721590 5.000000 1.657673 5.000000 -2.149808 -2.272293 -5.000000
207 0.4015128789 4.400155 -4.413049 -5.000000 0.913098 4.723017 -5.000000 -5.000000 -1.741739 3.583989 5.000000 4.099674 3.063848 -0.695305 -5.000000 -3.997153
208 0.0219414067 1.790342 -2.659451 -5.000000 2.905682 2.805007 -2.157160 -5.000000 -3.289031 3.309480 5.000000 3.811757 3.625259 -3.429671 -2.175004 -5.000000
209 0.1173426945 5.000000 -4.880388 -5.000000 3.004001 5.000000 -5.000000 -2.748312 -5.000000 5.000000 5.000000 4.188309 1.461350 -0.858341 -5.000000 -5.000000
210 0.2154694515 2.860606 -5.000000 -4.877817 3.011255 5.000000 -5.000000 -5.000000 -3.049826 4.734464 5.000000 4.526351 3.860300 2.626702 -5.000000 -4.269336
211 -0.5693827542 2.734599 -3.657835 -5.000000 0.036812 5.000000 -5.000000 -5.000000 -4.665170 4.096237 5.000000 4.340106 3.539808 -3.592237 -4.498269 -4.044823
212 0.1531394719 0.724469 -5.000000 -3.923646 2.185451 2.994295 -5.000000 -5.000000 -4.207482 4.875763 5.000000 3.481846 5.000000 0.325172 -5.000000 -5.000000
213 0.2424396990 0.764148 -4.752190 -5.000000 0.687357 5.000000 -5.000000 -4.639989 -1.573374 4.791342 5.000000 0.495319 2.697088 -2.345436 -5.000000 -4.558559
214 1.2956192634 1.242069 -5.000000 -5.000000 0.796395 3.439850 -5.000000 -5.000000 0.278292 4.544735 1.310612 1.303810 2.267102 0.200694 -0.513046 -5.000000
215 -0.4794454614 3.173841 -4.677230 -2.270778 2.038519 5.000000 -4.689274 -5.000000 -3.980690 5.000000 5.000000 4.849819 5.000000 -1.334226 -4.952824 -4.938707
216 -0.0371923512 -0.526313 -4.751341 -3.893719 1.874425 5.000000 -5.000000 -5.000000 -3.964678 5.000000 5.000000 3.320065 5.000000 -2.606011 -5.000000 -3.200848
217 -0.8381051687 1.309837 -4.555771 -5.000000 1.186349 4.566835 -4.375132 -4.769804 -3.095530 5.000000 5.000000 5.000000 4.836107 -1.974994 -4.513618 -5.000000
218 -0.3380595525 2.239646 -3.865475 -5.000000 3.624964 5.000000 -5.000000 -3.400620 -5.000000 5.000000 4.278371 4.482644 1.280325 -0.859426 -4.447529 -5.000000
219 0.1821085142 3.521153 -5.000000 -5.000000 4.017146 5.000000 -2.261348 -3.909614 -2.622803 0.516790 5.000000 5.000000 3.174242 0.319924 -5.000000 -5.000000
220 -0.0815232303 3.682276 -4.811133 -5.000000 1.632136 3.110796 -4.722953 -5.000000 -4.824680 3.824902 5.000000 5.000000 4.042700 -0.917667 -1.413425 -5.000000
221 0.8350267577 0.478368 -3.956644 -5.000000 0.479647 4.440547 -5.000000 -4.789705 -4.667076 5.000000 5.000000 1.248570 4.236412 -2.581311 -4.459666 -4.534287
222 -0.8223591044 3.968462 -4.448955 -3.553926 0.738203 5.000000 -5.000000 -5.000000 -1.425890 4.424542 4.162461 4.414992 5.000000 -2.990151 -3.243100 -5.000000
223 -0.2346010899 0.772429 -4.585776 -1.865433 5.000000 1.999065 -5.000000 -5.000000 -3.614744 3.837014 5.000000 2.079182 5.000000 -1.257494 -2.293832 -4.066208
224 -0.3459492667 4.495460 -5.000000 -5.000000 3.015671 5.000000 -4.437201 -3.403323 -5.000000 5.000000 5.000000 3.651612 5.000000 -1.353325 -5.000000 -5.000000
225 -0.0050544025 0.574084 -4.482574 -5.000000 0.762164 4.926420 -4.806010 -3.138499 -0.707981 2.934864 5.000000 5.000000 3.888689 -5.000000 -5.000000 -5.000000
226 -1.4062964766 4.043158 -3.126759 -4.284413 3.556696 4.549181 -1.999253 -4.303892 -1.763685 4.705824 3.397328 4.028678 5.000000 -1.506848 -4.795809 -4.795578
227 0.3938548332 1.429854 -5.000000 -5.000000 3.713906 3.313996 -4.570593 -5.000000 -2.748277 5.000000 5.000000 1.874463 3.704795 -2.739200 -3.124927 -3.984195
228 -0.2125201697 1.092344 -5.000000 -5.000000 3.201766 3.544742 -5.000000 -5.000000 -2.521418 3.161903 4.998770 4.043806 5.000000 -1.889256 -5.000000 -5.000000
229 -0.2318260856 2.492232 -4.907412 -5.000000 0.040048 5.000000 -3.536009 -4.136111 -4.550864 2.745134 5.000000 4.532271 5.000000 -1.009454 -5.000000 -3.750434
230 -0.0411958046 2.366233 -5.000000 -5.000000 3.672202 5.000000 -5.000000 -2.914192 -3.402164 4.021374 4.158508 4.175889 5.000000 -4.075165 -2.439580 -5.000000
231 0.4224204263 2.992813 -5.000000 -5.000000 3.643411 4.259234 -4.784618 -2.899944 -2.480494 5.000000 4.508523 4.355395 3.034697 -1.861025 -5.000000 -3.325870
232 -0.0671837479 2.764655 -3.273065 -2.554309 1.692697 4.902589 -4.374343 -5.000000 -2.606072 5.000000 4.831863 1.793908 4.512249 -1.165813 -2.207591 -4.895297
233 0.9775730340 3.008136 -4.303183 -4.516196 1.478776 5.000000 -5.000000 -5.000000 -1.769341 5.000000 5.000000 3.337461 2.242738 0.267551 -4.463287 -4.301802
234 -0.1519762475 2.996245 -5.000000 -4.309086 4.170150 4.856664 -4.494117 -5.000000 -2.257674 5.000000 5.000000 5.000000 3.197924 -0.861991 -5.000000 -4.250376
235 -0.8801260475 3.997573 -5.000000 -5.000000 2.863764 5.000000 -5.000000 -4.559430 -2.755728 5.000000 5.000000 2.313475 3.857373 -1.690725 -4.474968 -5.000000
236 -0.5894249543 5.000000 -5.000000 -5.000000 -0.085901 5.000000 -4.623052 -4.833824 -3.831012 4.910856 4.643133 5.000000 4.192251 -2.954462 -4.418455 -5.000000
237 0.6730368682 1.436662 -5.000000 -5.000000 0.805424 2.621731 -4.272649 -4.322315 -2.480805 5.000000 4.524473 2.875384 4.702898 -2.479079 -4.604653 -5.000000
238 -0.2597814496 3.320655 -4.168922 -4.799835 1.041535 5.000000 -2.820788 -5.000000 -3.931597 4.654358 5.000000 4.275779 0.746984 -1.898155 -5.000000 -5.000000
239 0.1357372771 3.354589 -5.000000 -5.000000 2.729139 4.673928 -5.000000 -5.000000 -4.845451 4.759069 3.854153 4.821024 4.609392 -1.144985 -4.250903 -4.087866
240 -0.0478109356 4.809686 -4.435130 -4.013263 3.164304 5.000000 -5.000000 -5.000000 -0.814896 4.088064 5.000000 2.101055 5.000000 -0.745332 -1.907003 -3.642724
241 -0.6643606364 3.768780 -3.021578 -5.000000 3.374392 3.990067 -5.000000 -5.000000 -0.355537 5.000000 3.123881 3.978226 4.410354 -2.247666 -3.040371 -5.000000
242 0.4562016127 3.427039 -4.911999 -5.000000 2.876705 5.000000 -3.950506 -5.000000 -2.910755 5.000000 4.879972 3.823514 5.000000 -2.578514 -3.963296 -4.226421
243 1.4908107258 1.024341 -5.000000 -4.934338 1.657614 4.312403 -5.000000 -3.970268 -5.000000 3.552215 4.687987 4.195928 3.148323 -2.110346 -3.473883 -5.000000
244 0.4131945604 2.240384 -5.000000 -3.692061 0.803048 5.000000 -5.000000 -4.073499 -2.948115 5.000000 2.950910 3.436756 5.000000 -2.290583 -3.820052 -5.000000
245 -0.7148620227 2.090793 -3.361356 -4.001482 1.840035 5.000000 -4.451045 -4.658691 -3.827152 5.000000 4.041618 2.632286 5.000000 -1.745843 -5.000000 -5.000000
246 -0.3573865786 3.424119 -5.000000 -5.000000 3.004740 5.000000 -5.000000 -4.087527 -3.397829 5.000000 5.000000 4.244524 4.184201 -2.027824 -3.061724 -4.095520
247 -0.2446296437 4.550111 -5.000000 -5.000000 3.737723 5.000000 -5.000000 -3.242290 -4.813880 4.161252 4.105997 2.705106 5.000000 -1.408024 -5.000000 -5.000000
248 -0.4149640267 2.671081 -4.857356 -5.000000 3.620289 5.000000 -3.119552 -4.905344 -3.533837 5.000000 4.185754 3.571827 3.781622 -0.520603 -5.000000 -4.296771
249 -0.2916662397 2.027087 -5.000000 -5.000000 2.046056 4.353532 -4.382591 -3.343973 -5.000000 5.000000 5.000000 3.615534 5.000000 0.262862 -4.549136 -4.705682
250 -0.0689084644 2.568084 -5.000000 -5.000000 1.541957 5.000000 -4.912171 -5.000000 -3.262173 4.222026 4.726554 5.000000 4.015595 -2.557948 -4.174128 -5.000000
251 -0.9312246158 2.796922 -5.000000 -5.000000 3.737159 5.000000 -5.000000 -4.333416 -2.985421 5.000000 5.000000 1.210851 5.000000 -0.438523 -5.000000 -5.000000
252 -0.4157577555 4.351219 -4.785680 -3.357931 2.985741 4.933106 -5.000000 -4.225362 -3.893340 5.000000 3.984392 3.318459 4.067586 -1.908148 -5.000000 -5.000000
253 -0.3901387183 2.330871 -3.933620 -4.388310 2.684933 5.000000 -5.000000 -5.000000 -5.000000 5.000000 3.841451 1.570354 5.000000 -1.927248 -5.000000 -3.108459
254 -0.1587374157 1.706337 -5.000000 -5.000000 2.321239 4.097268 -5.000000 -5.000000 -2.994603 5.000000 4.658797 2.601520 2.415105 -2.353371 -3.340465 -4.896311
255 0.2820461865 1.780321 -3.842121 -5.000000 1.939330 5.000000 -5.000000 -5.000000 -2.476385 4.809160 5.000000 5.000000 4.990939 -2.949935 -5.000000 -5.000000
256 0.0210692794 1.465635 -5.000000 -5.000000 0.494624 5.000000 -5.000000 -4.649943 -5.000000 3.595577 4.225235 4.091560 5.000000 -0.544973 -3.039608 -5.000000
257 -1.2240379180 3.997453 -5.000000 -5.000000 3.808770 4.255047 -5.000000 -4.378249 -3.473239 5.000000 4.905498 3.613106 5.000000 -0.905104 -3.225839 -5.000000
258 -0.1126403262 3.506738 -3.396673 -5.000000 0.984021 4.542395 -4.932503 -4.190353 -3.876604 4.683541 4.640009 2.936326 5.000000 -1.703796 -5.000000 -4.854517
259 1.3834660791 2.058064 -4.700874 -4.320820 1.314267 4.283380 -4.084710 -4.452156 -3.409518 4.651694 4.627235 1.937292 5.000000 -0.692919 -5.000000 -4.999671
260 -0.6141723831 1.468186 -3.586790 -4.591425 2.674168 4.987755 -5.000000 -5.000000 -2.218251 5.000000 5.000000 5.000000 4.916319 -1.984014 -4.453091 -5.000000
261 -0.6122269665 2.037705 -5.000000 -5.000000 2.649695 5.000000 -5.000000 -4.952882 -3.551532 5.000000 5.000000 3.520963 5.000000 -3.504880 -4.366858 -5.000000
262 -0.6708951732 3.932738 -4.295050 -4.117674 1.055268 5.000000 -5.000000 -5.000000 -3.654282 3.842393 5.000000 3.226108 5.000000 -1.991329 -4.261365 -5.000000
263 -0.6193848604 1.634575 -5.000000 -5.000000 3.772901 5.000000 -4.710195 -4.382411 -2.237528 4.373039 5.000000 4.066541 5.000000 -2.053890 -5.000000 -4.014838
264 -0.2118136030 2.775222 -5.000000 -4.359234 0.848647 4.860222 -5.000000 -5.000000 -3.556210 4.327082 4.568981 5.000000 4.533536 -2.823842 -3.925972 -5.000000
265 -0.9858313392 2.930042 -5.000000 -5.000000 2.138756 5.000000 -5.000000 -4.771375 -2.307489 5.000000 5.000000 3.976732 5.000000 -0.837436 -4.793146 -3.476885
266 -0.5481585344 2.411482 -5.000000 -5.000000 2.468847 4.165052 -5.000000 -5.000000 -3.206762 4.881999 5.000000 3.744765 4.569138 -1.860070 -3.730498 -5.000000
267 -0.6838138136 2.966785 -5.000000 -5.000000 3.647471 3.770994 -5.000000 -4.615958 -2.051433 5.000000 5.000000 3.268617 4.291798 -1.564674 -3.423369 -5.000000
268 -0.5103854327 3.596604 -5.000000 -5.000000 2.885525 4.134022 -4.408391 -5.000000 -2.584974 5.000000 3.852296 4.320035 4.211123 -2.690223 -3.045089 -5.000000
269 0.7133861203 2.830771 -4.291855 -5.000000 1.836576 4.253414 -5.000000 -5.000000 -2.574637 5.000000 4.760736 5.000000 4.642669 -0.693157 -3.707544 -5.000000
270 -0.5008867617 3.693768 -4.689010 -4.553487 1.569080 5.000000 -5.000000 -4.344530 -1.355075 4.471974 5.000000 3.394175 3.596983 -0.454787 -3.277286 -5.000000
271 -1.0539078278 3.272832 -3.349649 -5.000000 3.013742 3.715317 -4.881183 -5.000000 -3.873297 4.371448 5.000000 4.030482 5.000000 -0.509484 -5.000000 -4.309966
272 -0.1648014331 3.170596 -5.000000 -5.000000 2.778562 5.000000 -4.386036 -5.000000 -2.928085 4.730915 5.000000 4.658938 5.000000 -1.798199 -5.000000 -4.700784
273 -0.7431872773 3.253841 -5.000000 -4.064313 3.145646 5.000000 -4.910091 -4.379242 -1.851494 4.861679 5.000000 3.530969 3.803553 -1.789992 -2.952485 -5.000000
274 0.3003499070 3.109569 -5.000000 -4.770295 2.976627 4.844822 -3.834639 -5.000000 -4.578163 4.758585 4.218868 4.235459 4.365767 -1.862306 -5.000000 -5.000000
275 0.0899622859 2.978751 -5.000000 -4.847901 3.064759 5.000000 -5.000000 -3.903953 -3.699524 4.908738 3.525314 4.111000 5.000000 -2.378939 -4.947960 -5.000000
276 -0.5597194195 2.836428 -4.750394 -5.000000 2.121191 5.000000 -3.751305 -4.590544 -3.079402 4.381134 5.000000 5.000000 5.000000 -0.256413 -4.111619 -5.000000
277 -0.2484978480 2.363337 -5.000000 -4.518948 1.375465 5.000000 -5.000000 -4.974775 -4.355200 5.000000 5.000000 3.866155 5.000000 -2.556202 -4.838089 -5.000000
278 0.4167733277 2.450950 -4.308862 -4.327594 1.873898 4.885964 -4.867375 -5.000000 -4.838548 5.000000 4.450519 3.310066 4.061726 -2.286117 -5.000000 -4.622778
279 -0.3950223989 1.687410 -5.000000 -4.887222 2.560234 4.954395 -4.626953 -4.730494 -3.019349 4.995898 5.000000 3.062080 4.898189 -1.910532 -4.593603 -5.000000
280 -0.4071854746 2.129945 -5.000000 -5.000000 2.537416 5.000000 -5.000000 -5.000000 -2.114920 5.000000 5.000000 3.101962 5.000000 -0.866937 -3.453755 -5.000000
281 0.0930607608 1.736665 -4.769525 -5.000000 3.668085 5.000000 -5.000000 -5.000000 -3.468279 5.000000 4.147727 2.689638 4.255053 -0.763867 -3.693056 -3.811348
282 -0.8371816068 2.713150 -3.324079 -3.588508 2.629733 4.017044 -5.000000 -3.938418 -4.768012 5.000000 3.571755 3.141688 4.908986 -1.694155 -3.674628 -5.000000
283 0.3093952661 3.847794 -4.864911 -4.136135 3.117026 5.000000 -5.000000 -4.458371 -1.246639 5.000000 5.000000 3.298852 4.661871 -2.577343 -5.000000 -4.972447
284 -0.0262921437 2.513812 -4.895183 -4.945690 1.800938 4.573034 -5.000000 -5.000000 -3.096820 5.000000 5.000000 4.180092 4.323378 -1.655879 -3.754946 -5.000000
285 -1.0851209514 2.891083 -5.000000 -5.000000 2.113279 3.936050 -4.304966 -5.000000 -2.699244 5.000000 5.000000 5.000000 5.000000 -2.052252 -2.712805 -5.000000
286 -0.0738262254 2.359244 -5.000000 -4.655435 3.545127 5.000000 -4.506330 -3.950863 -3.695867 4.668694 4.477135 2.477131 4.747253 -2.405698 -4.369265 -5.000000
287 -0.4543653222 3.242824 -5.000000 -4.907880 3.432753 4.985160 -4.656601 -5.000000 -4.019319 5.000000 5.000000 4.988304 5.000000 -1.352821 -4.161065 -4.869229
288 -0.1505988282 1.721725 -4.352951 -5.000000 2.196691 5.000000 -4.579627 -4.280872 -2.306262 5.000000 4.796498 3.580176 4.600190 -2.082243 -4.653898 -5.000000
289 0.6669136015 1.818802 -4.176648 -5.000000 0.849885 5.000000 -5.000000 -5.000000 -4.289600 5.000000 5.000000 3.233261 5.000000 -1.008725 -3.693352 -4.138594
290 0.2324146865 2.416481 -4.672385 -4.948018 2.696608 5.000000 -5.000000 -4.407157 -3.027100 5.000000 4.689519 2.937731 5.000000 -1.031243 -4.627995 -5.000000
291 -0.4552316740 2.343603 -5.000000 -4.987031 2.483534 5.000000 -5.000000 -5.000000 -3.690924 5.000000 5.000000 4.005996 4.436271 -1.069940 -5.000000 -4.690647
292 0.4433485673 2.433730 -4.174913 -5.000000 2.056319 5.000000 -4.844189 -5.000000 -3.665546 4.973833 4.115929 3.510202 4.591047 -2.315132 -4.208006 -5.000000
293 -0.4601849952 2.751666 -5.000000 -5.000000 2.683386 5.000000 -4.632189 -5.000000 -3.093332 5.000000 4.694176 4.495301 5.000000 -1.971192 -5.000000 -5.000000
294 0.9886719962 2.384576 -4.810632 -4.217814 1.690323 4.671219 -4.794923 -4.898201 -2.896563 3.810510 4.628892 3.289655 4.311967 -1.199511 -3.721229 -4.696756
295 0.3455983438 2.973535 -5.000000 -4.252255 1.632272 5.000000 -4.446328 -5.000000 -3.195606 4.694396 3.936110 2.902518 5.000000 -1.473352 -3.818754 -5.000000
296 -0.7609098803 2.299356 -5.000000 -5.000000 1.958202 4.420892 -4.981661 -5.000000 -3.561746 4.877344 5.000000 3.978191 5.000000 -1.984704 -4.639954 -5.000000
297 -0.0815576172 3.310629 -5.000000 -4.688950 1.529478 5.000000 -4.510924 -5.000000 -3.342264 4.592638 4.391453 4.221011 5.000000 -2.184784 -4.469386 -5.000000
298 -0.3369599062 2.165751 -4.607404 -5.000000 2.155901 4.833799 -4.161039 -3.922262 -1.799863 5.000000 4.734084 3.966706 4.291891 -0.502202 -4.244532 -4.746133
299 0.3457362717 2.802630 -5.000000 -5.000000 1.700725 4.753170 -5.000000 -4.303758 -3.976931 4.509565 4.398908 2.013269 5.000000 -0.504886 -3.946424 -5.000000
300 0.0830271546 2.230029 -4.564488 -4.774433 1.679265 4.736178 -5.000000 -5.000000 -2.472835 5.000000 5.000000 4.021336 3.804738 -1.835565 -4.057972 -5.000000
301 0.7174506166 1.727342 -4.473455 -5.000000 1.990384 4.678352 -5.000000 -5.000000 -2.306034 3.878853 3.871743 3.039515 4.752226 -2.908446 -4.195441 -5.000000
302 0.1126350577 3.133998 -4.801641 -5.000000 2.959265 4.663981 -5.000000 -5.000000 -3.102088 4.720770 4.998136 3.321373 5.000000 -2.709493 -4.481816 -4.838223
303 -0.8005645135 2.568617 -4.619911 -4.750445 2.617814 5.000000 -4.267122 -4.427018 -3.197327 4.774140 5.000000 4.455294 5.000000 -0.972708 -4.870788 -4.986361
304 -0.4557386453 3.016430 -5.000000 -4.917536 3.273379 5.000000 -5.000000 -4.771000 -3.246569 4.754598 5.000000 3.913459 4.736146 -1.919404 -3.826698 -4.616109
305 -0.6642362032 2.149927 -5.000000 -4.998648 2.023719 4.774615 -5.000000 -5.000000 -2.067075 5.000000 5.000000 3.846503 4.611481 -2.072421 -4.622619 -4.347345
306 -0.3824218328 2.962731 -4.476614 -5.000000 2.595971 4.749622 -5.000000 -5.000000 -2.876034 5.000000 4.850457 3.164205 5.000000 -0.922347 -4.594909 -4.757998
307 0.4993618604 2.821643 -5.000000 -5.000000 2.550653 4.799106 -5.000000 -4.919753 -4.023716 5.000000 5.000000 3.734946 4.679382 -1.131048 -3.908194 -4.541558
308 -0.1057654283 3.515535 -5.000000 -5.000000 2.224832 4.464599 -5.000000 -4.942141 -3.558952 5.000000 4.622731 4.344390 4.476204 -1.498417 -3.617275 -5.000000
309 -0.7885239318 2.455833 -4.429848 -5.000000 1.870174 5.000000 -5.000000 -5.000000 -3.665337 5.000000 3.881743 3.852086 4.950822 -1.989427 -4.516600 -4.842729
310 0.6113780928 2.027806 -4.511112 -4.718198 2.454846 5.000000 -5.000000 -5.000000 -3.595228 5.000000 4.691498 4.546940 4.683415 -1.787912 -4.474432 -4.555441
311 -0.4887882503 2.411771 -5.000000 -4.876774 2.735293 5.000000 -5.000000 -5.000000 -4.226190 4.990004 5.000000 2.994330 4.305418 -1.622856 -4.404378 -4.750692
312 -0.3376097100 2.301933 -4.925289 -4.899202 1.790290 4.874888 -4.544172 -5.000000 -3.191892 4.998741 5.000000 3.493309 5.000000 -1.516650 -3.852945 -4.909855
313 0.5755534159 2.667812 -4.975213 -4.981288 1.500064 5.000000 -5.000000 -4.722014 -3.830033 4.725002 4.126823 3.314803 4.752446 -1.324209 -4.738014 -4.878501
314 -0.5614176749 2.456374 -5.000000 -5.000000 2.059500 4.973114 -4.595295 -4.521087 -3.377437 5.000000 4.112489 4.236452 4.778601 -1.946768 -3.798478 -4.971086
315 -0.4174474870 2.340203 -5.000000 -5.000000 2.610360 4.739172 -5.000000 -5.000000 -2.738589 4.751285 4.771592 3.598453 5.000000 -1.465725 -3.345504 -5.000000
316 -0.0588020539 2.558435 -4.515061 -4.908845 2.543106 4.889724 -5.000000 -4.932101 -3.000606 5.000000 5.000000 4.203590 5.000000 -1.103883 -4.496386 -4.835455
317 -0.9525765161 2.485558 -4.873567 -3.982929 2.136920 4.937302 -4.996350 -5.000000 -3.501438 5.000000 5.000000 3.858030 5.000000 -1.308787 -4.068575 -4.801007
318 -0.4613908739 3.357875 -5.000000 -5.000000 2.170334 5.000000 -5.000000 -4.886262 -3.613864 4.502584 4.844154 4.003881 5.000000 -1.763243 -4.268297 -4.986043
319 -0.1402735790 2.992520 -5.000000 -5.000000 2.016466 5.000000 -4.801985 -4.760866 -3.726844 5.000000 4.692913 3.603896 5.000000 -1.469739 -4.668322 -4.504687
320 -0.5361152574 3.342845 -5.000000 -5.000000 2.407929 5.000000 -4.520650 -5.000000 -3.823454 4.785142 4.974061 3.161644 4.892086 -2.219086 -3.777010 -5.000000
321 -0.2748365551 2.422690 -4.814852 -5.000000 3.087012 4.693104 -5.000000 -5.000000 -3.117611 4.924182 5.000000 3.746315 3.863536 -1.943820 -4.267164 -4.927848
322 -0.2008534130 2.784532 -4.306689 -4.483827 2.243482 5.000000 -4.670752 -5.000000 -3.234773 4.551880 4.931482 3.488091 5.000000 -1.428382 -3.793976 -5.000000
323 -0.5245246238 2.339963 -5.000000 -4.926320 1.448559 5.000000 -5.000000 -5.000000 -3.859077 5.000000 4.610057 4.024755 5.000000 -1.678854 -4.839630 -4.662213
324 -0.5230928043 2.543128 -5.000000 -4.825018 1.702575 4.823374 -4.747147 -5.000000 -2.865898 5.000000 5.000000 3.508230 5.000000 -1.830919 -4.731191 -5.000000
325 -0.4759956180 2.269198 -4.070417 -4.826895 1.635745 4.625423 -4.563462 -5.000000 -3.297503 5.000000 4.056290 3.914125 4.460070 -2.178463 -4.743523 -5.000000
326 -0.7640836169 3.435459 -4.551335 -5.000000 2.264326 5.000000 -5.000000 -5.000000 -2.905075 5.000000 3.770409 3.800000 5.000000 -1.486617 -4.766837 -4.566645
327 -0.7498030084 2.741009 -4.820363 -5.000000 2.284116 5.000000 -4.816108 -4.961393 -3.566790 5.000000 4.814134 3.728883 4.915881 -1.674399 -4.568613 -5.000000
328 -0.4258659973 2.135071 -4.564325 -5.000000 2.514493 4.950428 -3.796173 -5.000000 -3.209030 5.000000 4.850099 3.713980 5.000000 -1.496197 -4.841384 -5.000000
329 -0.5393463301 2.738282 -5.000000 -5.000000 2.188130 4.549652 -5.000000 -5.000000 -3.379162 5.000000 5.000000 4.168784 5.000000 -1.526908 -4.103171 -5.000000
330 -0.2702727834 3.243130 -4.961794 -4.657919 2.274950 4.520270 -5.000000 -5.000000 -3.374878 4.817873 5.000000 3.490191 4.683636 -1.513415 -4.576522 -4.899203
331 -0.0188730225 2.222215 -4.710948 -4.754420 2.586318 4.910398 -4.475052 -5.000000 -3.973293 5.000000 4.484701 3.613170 4.736987 -1.394675 -4.531533 -5.000000
332 -0.4628550868 2.279163 -5.000000 -5.000000 2.854733 5.000000 -5.000000 -4.617963 -3.441468 4.730041 5.000000 4.076603 5.000000 -1.296807 -4.068281 -5.000000
333 -0.2736966029 2.785997 -4.959228 -4.505772 2.077890 5.000000 -4.675949 -5.000000 -2.938398 4.744077 5.000000 3.607068 4.928768 -1.455821 -4.509051 -5.000000
334 -0.6295209805 2.458367 -5.000000 -4.214328 2.459638 4.710857 -5.000000 -5.000000 -2.712475 4.727148 5.000000 4.048823 5.000000 -1.216558 -4.617346 -5.000000
335 -0.1064694610 3.058247 -5.000000 -5.000000 2.529029 5.000000 -5.000000 -4.967613 -2.887875 4.863369 5.000000 3.847167 4.339109 -0.683457 -3.590944 -4.992262
336 0.0372147647 2.255250 -4.384339 -5.000000 2.468251 4.794268 -5.000000 -4.825100 -3.739497 4.898011 4.593379 3.627256 5.000000 -1.752560 -4.943773 -4.556453
337 -0.7148513263 2.434902 -4.811078 -4.566032 2.264763 4.291812 -4.765035 -4.969704 -3.238037 5.000000 4.601323 3.571135 4.855964 -1.683032 -4.603122 -5.000000
338 -0.4175027514 2.754819 -4.120480 -4.704260 2.236143 4.864088 -5.000000 -5.000000 -2.864762 5.000000 5.000000 4.414034 5.000000 -1.729392 -4.140514 -5.000000
339 -0.4600453101 2.449100 -5.000000 -5.000000 2.470791 5.000000 -4.019377 -5.000000 -3.321569 5.000000 4.846657 3.586643 4.941016 -1.399818 -4.166498 -4.550747
340 -0.0831126595 2.181562 -5.000000 -5.000000 1.916126 4.887326 -5.000000 -5.000000 -3.075065 5.000000 4.661415 3.722650 5.000000 -1.873488 -4.781986 -4.863906
341 -0.0623609656 2.846031 -5.000000 -4.821830 2.963730 4.908711 -4.871429 -5.000000 -3.075926 5.000000 4.687639 3.136229 5.000000 -1.919633 -4.636328 -5.000000
342 -0.2984221636 2.665310 -4.480701 -4.957384 1.948262 5.000000 -5.000000 -4.587640 -3.022411 5.000000 5.000000 3.566152 5.000000 -1.079055 -4.068110 -5.000000
343 -0.9287670321 2.589320 -5.000000 -5.000000 2.482338 5.000000 -5.000000 -5.000000 -2.765981 5.000000 4.995530 3.462119 4.942636 -1.810176 -4.431975 -4.516120
344 -0.2937302630 2.773246 -5.000000 -5.000000 2.759638 5.000000 -4.692266 -5.000000 -3.362161 5.000000 4.733481 3.468323 5.000000 -1.498796 -4.581579 -5.000000
345 -1.0799912028 2.577055 -5.000000 -4.942084 2.205851 5.000000 -5.000000 -4.756730 -3.297257 4.653226 4.912352 3.854834 5.000000 -1.125190 -4.418146 -4.710745
346 0.2232155667 2.243187 -4.737670 -4.983340 2.488699 4.479134 -4.921263 -4.806009 -2.995252 4.650481 4.734421 4.005012 5.000000 -1.491160 -4.453212 -4.974305
347 -0.6864145091 2.749325 -4.540910 -4.824515 1.810886 4.839419 -4.944244 -5.000000 -3.232815 5.000000 5.000000 4.278717 5.000000 -1.551161 -3.676165 -5.000000
348 -1.4386245825 2.496212 -4.837471 -4.689732 2.488473 5.000000 -4.530323 -4.866120 -3.052264 4.838796 4.867774 3.735847 5.000000 -2.007422 -4.402805 -4.832055
349 -0.4363242246 2.602510 -5.000000 -5.000000 2.403273 5.000000 -5.000000 -4.914215 -3.047606 5.000000 4.971312 3.765194 5.000000 -1.781317 -4.244259 -5.000000
350 -0.6451449688 2.482142 -5.000000 -5.000000 2.242141 5.000000 -4.686488 -5.000000 -3.076056 4.984556 5.000000 3.849697 4.716151 -1.316791 -4.371992 -4.597908
351 -0.0340668639 2.929524 -4.831849 -4.697448 2.442691 4.402708 -4.922458 -4.865551 -3.390179 5.000000 4.638346 4.204637 4.872303 -1.577667 -4.607834 -4.930971
352 -0.5580309471 2.223337 -4.542032 -4.854130 2.310695 4.795560 -5.000000 -5.000000 -3.545522 5.000000 5.000000 4.177126 4.826747 -1.519791 -4.715098 -4.990712
353 -0.2796281560 2.804174 -4.750849 -5.000000 2.204471 5.000000 -4.746553 -5.000000 -2.600261 5.000000 4.924377 3.371796 5.000000 -1.063305 -4.322222 -5.000000
354 0.2631300826 2.549307 -4.542371 -4.998505 2.450204 4.571718 -4.835821 -4.969784 -3.376062 5.000000 4.528967 3.819805 4.695633 -1.181882 -3.895066 -4.530966
355 0.2368555854 2.258094 -4.932329 -4.822617 2.289613 5.000000 -5.000000 -4.706048 -3.374803 4.713036 5.000000 3.217751 4.774400 -1.459351 -4.245315 -4.906306
356 -1.0290530129 2.515991 -4.653390 -4.628585 2.069608 4.941719 -4.783332 -4.901366 -3.335736 4.477494 4.314435 4.047231 4.997117 -1.642501 -4.826614 -4.987882
357 -1.2947714561 2.722012 -5.000000 -5.000000 2.270726 5.000000 -4.777740 -5.000000 -3.121374 5.000000 4.908868 3.576908 5.000000 -1.648673 -4.151580 -4.791193
358 -1.2972191851 2.578134 -4.797392 -5.000000 2.127154 4.931062 -5.000000 -4.512121 -3.348281 5.000000 5.000000 3.952330 4.647855 -1.759282 -4.316836 -4.977745
359 -0.5472802729 2.623412 -5.000000 -5.000000 2.618952 5.000000 -5.000000 -4.571078 -3.533052 4.751962 5.000000 3.934557 4.647521 -1.567370 -4.247267 -4.659703
360 -0.9641882180 2.532965 -4.628245 -4.899439 2.018437 5.000000 -4.840975 -5.000000 -3.633890 5.000000 5.000000 3.989932 5.000000 -1.638428 -4.023360 -5.000000
361 -0.3248996488 2.653404 -5.000000 -5.000000 2.252664 5.000000 -5.000000 -5.000000 -3.074118 4.856738 4.757297 3.698640 5.000000 -1.332425 -4.227581 -5.000000
362 -0.0088407664 2.728463 -5.000000 -5.000000 2.616013 4.897210 -5.000000 -5.000000 -3.707075 5.000000 5.000000 4.232741 4.768277 -1.893339 -4.570994 -5.000000
363 -0.9976471544 2.604002 -4.716468 -4.688730 2.085404 4.845888 -4.871997 -5.000000 -3.307223 5.000000 5.000000 3.659615 5.000000 -1.862377 -4.610837 -5.000000
364 -1.2349175412 2.722415 -4.614977 -4.685886 2.245052 5.000000 -4.733771 -4.946903 -3.322236 4.848050 5.000000 3.683279 5.000000 -1.659642 -4.156407 -4.808396
365 -1.0202442251 2.761069 -4.955148 -5.000000 2.004455 4.913269 -5.000000 -5.000000 -3.358480 4.942438 5.000000 3.871654 5.000000 -1.356291 -3.966814 -4.819793
366 -0.3432667274 2.632111 -4.851933 -4.921820 2.250503 4.969547 -5.000000 -5.000000 -3.102082 4.585953 4.839239 4.190932 5.000000 -1.442682 -4.097522 -4.790213
367 -0.6577261705 2.908141 -5.000000 -5.000000 2.280632 4.905362 -5.000000 -4.881288 -3.489160 4.661649 5.000000 3.906804 5.000000 -1.646775 -4.926321 -5.000000
368 -0.2736400427 2.461171 -4.953190 -5.000000 2.494462 5.000000 -4.861125 -5.000000 -3.043171 5.000000 5.000000 4.089731 4.788907 -1.495760 -4.271396 -5.000000
369 -0.6565389377 2.783915 -5.000000 -4.964144 1.726438 5.000000 -4.631842 -5.000000 -3.180683 5.000000 4.898560 3.859240 5.000000 -1.892390 -4.912386 -4.996574
370 -0.1754821459 2.968447 -5.000000 -4.955747 2.270923 5.000000 -5.000000 -4.763432 -2.838547 5.000000 5.000000 3.626807 4.687103 -1.627563 -4.240672 -4.930208
371 -0.8774269299 2.878342 -4.828338 -4.914114 2.733735 4.712091 -4.827815 -5.000000 -3.199703 5.000000 4.830198 3.994263 5.000000 -1.529085 -4.599512 -5.000000
372 -0.4766683123 2.708044 -5.000000 -5.000000 2.447183 5.000000 -5.000000 -5.000000 -2.824563 4.721678 5.000000 3.807868 5.000000 -1.857387 -4.409534 -4.907743
373 -0.9033994451 2.494165 -5.000000 -4.801168 2.658832 5.000000 -5.000000 -4.814149 -3.052522 4.929461 4.906855 4.101182 5.000000 -1.644855 -4.432832 -4.921175
374 -1.5490987044 2.662969 -5.000000 -5.000000 2.322906 4.938955 -4.887636 -4.571658 -3.121632 4.721189 4.845101 3.644447 4.945098 -1.577629 -4.669307 -4.812338
375 -1.8069013888 2.659540 -4.866692 -5.000000 2.426536 4.959277 -4.689334 -4.579750 -3.244348 4.864661 4.898423 3.644614 4.873066 -0.786798 -4.680234 -4.647737
376 -0.3950939917 2.576841 -4.829645 -4.717301 2.119381 5.000000 -4.859582 -4.192543 -2.913506 4.940699 4.892458 3.715254 5.000000 -0.587232 -4.152060 -4.773556
377 -1.2431346852 2.648524 -4.816828 -4.985045 1.999561 4.922260 -4.658939 -4.409124 -3.323554 4.748269 5.000000 3.652497 5.000000 -0.920489 -4.614515 -4.438497
378 -1.2108424647 2.658634 -4.991458 -4.951586 2.329733 5.000000 -4.558283 -4.877188 -3.492961 5.000000 4.839475 3.471612 4.756831 -0.445017 -4.812405 -4.777329
379 -0.7367649217 2.539735 -4.978203 -5.000000 2.481355 4.874469 -4.626703 -4.696437 -3.512466 4.974944 4.999919 3.684676 4.778953 -0.833598 -4.692116 -4.923484
380 -1.1925761684 2.435416 -4.842577 -4.948166 2.281660 5.000000 -4.359809 -4.390812 -3.194405 4.706843 4.919133 3.465984 4.827469 -0.872275 -4.843835 -4.939344
381 -1.2113272239 2.492188 -4.778503 -4.878956 2.387299 4.790840 -4.521353 -4.554522 -3.153873 5.000000 4.795088 3.563714 5.000000 -0.724953 -4.641093 -4.262710
382 -0.4508802480 2.754805 -4.852012 -4.856454 2.240345 4.918861 -4.733883 -4.582534 -3.010526 4.895079 4.675097 3.517156 5.000000 -0.713593 -4.911626 -4.628588
383 -1.2711209988 2.649596 -4.627613 -4.827933 2.776104 4.812762 -4.455516 -4.467435 -3.307453 4.659991 4.934378 3.655107 5.000000 -0.869672 -4.285678 -4.718271
384 -0.2075223230 2.667622 -4.696094 -4.840859 2.434499 4.858136 -5.000000 -4.839547 -3.127648 4.850975 4.706646 3.614747 4.723049 -0.700430 -4.927958 -4.433683
385 -1.0164418825 2.444388 -4.950086 -4.738837 2.459694 4.877512 -4.519012 -4.097888 -3.221112 5.000000 5.000000 3.568926 5.000000 -0.769127 -4.522025 -4.668985
386 -1.5847072306 2.676914 -4.600167 -4.844443 2.247456 5.000000 -4.651196 -4.664189 -3.318696 4.779533 4.954341 3.683464 5.000000 -0.678891 -4.737670 -4.725457
387 -1.6112387291 2.892921 -5.000000 -4.934593 2.326957 4.917946 -4.645265 -4.573990 -3.233669 4.719017 4.965498 3.532132 4.851423 -0.873220 -5.000000 -4.769550
388 -0.5657925944 2.460183 -5.000000 -4.895623 2.335707 4.750381 -4.785224 -4.881811 -3.498491 5.000000 4.940295 3.736547 4.985904 -0.773554 -4.481790 -4.621071
389 -0.3513896825 2.632552 -4.921454 -4.866786 2.529424 4.791819 -4.731304 -4.797992 -2.997278 4.672673 4.988867 3.536721 5.000000 -0.746550 -4.272453 -4.425723
390 -1.6820561798 2.760691 -5.000000 -5.000000 2.588614 5.000000 -4.712688 -4.640459 -3.231741 4.858237 5.000000 3.834232 5.000000 -0.823198 -4.722549 -4.722489
391 -1.3689312324 2.373658 -4.571426 -5.000000 2.401735 4.624838 -4.298261 -4.403551 -3.092746 5.000000 4.909858 3.562222 4.982417 -0.854331 -4.587397 -4.826273
392 -0.8876589779 2.737561 -4.864131 -4.699837 2.238847 5.000000 -4.854103 -4.664853 -3.439444 4.836761 4.923120 3.741948 4.741603 -0.971393 -4.685505 -4.689632
393 -1.0849954779 2.459753 -5.000000 -4.979855 2.431858 4.934894 -4.671041 -4.513866 -3.115790 4.901096 4.613006 3.588422 4.935017 -0.927124 -4.618309 -4.494459
394 -1.5574904050 2.537752 -4.927804 -5.000000 2.354531 4.982923 -4.789852 -4.620843 -3.166747 4.815283 4.846129 3.708695 4.912337 -0.840229 -4.788869 -4.666104
395 -0.4210853872 2.536651 -4.658887 -5.000000 2.608500 4.915846 -4.743098 -4.759254 -3.396203 4.904592 4.699159 3.497538 4.660478 -0.584013 -4.404326 -4.527656
396 -1.7780000818 2.663086 -4.650851 -4.827805 2.415039 4.949669 -4.736095 -4.468752 -3.254316 5.000000 4.925402 3.431264 4.949137 -0.445146 -4.541059 -4.701492
397 -1.1811945649 2.769426 -4.842834 -4.740450 2.213146 5.000000 -4.654385 -4.586710 -3.086596 4.762340 4.834424 3.678991 4.878959 -0.585139 -4.493897 -4.673448
398 -0.1723227489 2.718160 -5.000000 -5.000000 2.403411 5.000000 -4.853296 -4.593686 -3.246250 4.896171 4.640708 3.578737 4.634511 -1.061453 -4.878102 -4.633661
399 -1.1047326504 2.971890 -5.000000 -5.000000 2.211334 4.750543 -4.707767 -4.530889 -3.271260 5.000000 5.000000 3.643546 4.911187 -0.606097 -4.924231 -4.553521
400 -1.4412877753 2.379386 -4.990865 -5.000000 2.404514 4.864450 -4.533260 -4.571764 -3.352128 4.673374 4.886671 3.798869 4.932236 -0.612271 -4.849225 -4.722335
401 -0.8778013077 2.463607 -4.835597 -5.000000 2.455459 5.000000 -4.665729 -4.729984 -3.282356 4.785574 5.000000 3.549135 4.803795 -0.916221 -4.503005 -4.297021
402 -0.8280992117 2.713077 -4.975475 -5.000000 2.661675 4.919662 -4.692414 -4.444478 -3.278397 4.858671 4.795191 3.706469 4.948595 -0.652621 -4.871955 -5.000000
403 -0.1093100636 2.726824 -4.935657 -5.000000 2.780251 4.997011 -4.584044 -4.653515 -3.145281 4.624393 4.857063 3.632377 4.774142 -1.049381 -4.795622 -4.615413
404 -1.4764250171 2.787724 -5.000000 -5.000000 2.294751 5.000000 -4.608886 -4.607326 -3.276430 4.752161 4.998629 3.694279 4.940606 -0.831116 -4.856875 -4.441517
405 -0.4385892795 2.606574 -4.617769 -4.925452 2.505262 5.000000 -4.747952 -4.737300 -3.497013 4.926632 4.814442 3.740108 5.000000 -0.680504 -4.931883 -4.681548
406 -0.5700746104 2.696387 -4.794856 -4.896832 2.618954 5.000000 -4.673840 -4.244518 -3.168348 4.954692 4.846230 3.803922 4.767097 -0.897628 -4.822943 -4.561954
407 -1.2506553868 2.677089 -5.000000 -4.952521 2.415469 4.992709 -4.603710 -4.585467 -3.390908 4.822230 5.000000 3.705938 4.856951 -0.646032 -4.636355 -4.653022
408 -1.7830381023 2.864435 -5.000000 -4.957469 2.369024 4.976488 -4.487672 -4.615902 -3.175960 4.775341 4.851739 3.602980 5.000000 -0.557348 -4.607618 -4.765021
409 -1.6551206692 2.752328 -5.000000 -4.847276 2.487822 4.938886 -4.662293 -4.698449 -3.146599 4.973301 4.909998 3.564888 4.926482 -0.806674 -4.643418 -4.708004
410 -1.5252523407 2.653106 -4.788267 -5.000000 2.496200 4.905299 -4.443032 -4.445471 -3.416890 4.973886 4.786432 3.727097 4.917477 -0.777470 -4.701724 -4.626165
411 -1.6157467033 2.714533 -4.910558 -4.875166 2.392769 4.964433 -4.604422 -4.706779 -3.231456 4.749556 5.000000 3.567974 5.000000 -0.888956 -4.656764 -4.686646
412 -1.5242340923 2.520835 -4.867708 -5.000000 2.488138 5.000000 -4.671737 -4.669727 -3.285659 4.937334 5.000000 3.543805 4.775317 -0.896349 -4.713124 -4.497669
413 -1.0798759341 2.557945 -5.000000 -4.926811 2.554763 5.000000 -4.840889 -4.431421 -3.209131 4.846956 4.874292 3.767635 4.783251 -0.766322 -4.635506 -4.821099
414 -0.9185709826 2.847947 -4.938133 -4.911325 2.157700 5.000000 -4.944518 -4.555241 -3.086947 4.709383 4.768469 3.486206 5.000000 -0.875866 -4.682900 -4.613644
415 -1.0523075800 2.753604 -4.870715 -5.000000 2.524493 5.000000 -4.539781 -4.591516 -3.300257 4.797829 4.832740 3.705348 4.753684 -0.889747 -4.627786 -4.599064
416 -1.2771547909 2.690185 -4.662815 -5.000000 2.451793 5.000000 -4.763934 -4.704282 -3.370515 4.887613 4.959315 3.702694 4.843131 -0.836324 -4.761424 -4.571204
417 -1.6229476112 2.572704 -4.816742 -5.000000 2.431505 5.000000 -4.774847 -4.451678 -3.264705 4.860973 4.910847 3.737312 4.867959 -0.602752 -4.834296 -4.789611
418 -0.8113036419 2.658079 -4.797075 -5.000000 2.346132 4.860392 -4.628196 -4.542189 -3.443680 4.982309 5.000000 3.603770 4.666103 -0.973219 -4.627348 -4.539106
419 -1.3686784675 2.615751 -4.819479 -4.989471 2.311876 5.000000 -4.832965 -4.568205 -3.307341 4.964070 5.000000 3.491388 4.864471 -0.933314 -4.507216 -4.521162
420 -1.2590575538 2.661619 -4.951747 -4.951377 2.388617 4.984519 -4.758491 -4.715975 -3.324138 4.894366 4.948497 3.564265 5.000000 -0.858516 -4.552520 -4.554427
421 -0.9485624786 2.680030 -4.998672 -5.000000 2.500388 4.779222 -4.604060 -4.569338 -3.474945 4.682744 4.999418 3.654202 4.807088 -0.810452 -4.603462 -4.761641
422 -0.8702469753 2.530206 -4.928076 -4.985174 2.477122 4.906939 -4.719874 -4.535336 -3.217950 4.734429 4.849212 3.676040 4.734198 -0.766222 -4.546269 -4.700786
423 -1.2499827294 2.782549 -4.787219 -4.906783 2.379208 5.000000 -4.761965 -4.630787 -3.309499 4.817486 4.988997 3.553511 4.686894 -0.845853 -4.745225 -4.560313
424 -1.8966805621 2.578872 -4.770665 -4.976652 2.537176 4.871666 -4.743575 -4.444853 -3.235090 4.778369 4.862902 3.987496 4.922049 -0.694654 -4.661780 -4.751477
425 -1.7256997536 2.540420 -4.718759 -4.932075 2.536041 4.901753 -4.801692 -4.442409 -3.429504 4.843447 4.779550 3.924516 4.942232 -0.456211 -4.628472 -4.671514
426 -0.8771396827 2.382743 -4.844544 -4.862340 2.512766 4.878574 -4.754855 -4.544157 -3.030508 4.634735 4.911881 4.127249 5.000000 -0.584496 -4.631571 -4.707190
427 -1.2449793730 2.576106 -4.812742 -4.881729 2.515047 4.858175 -4.795630 -4.462002 -3.093855 4.879846 4.836649 3.851302 4.973104 -0.691621 -4.535217 -4.721056
428 -1.1512492221 2.687188 -4.897188 -4.998735 2.420506 4.823630 -4.918910 -4.434192 -3.218467 4.818371 4.958668 4.117818 4.718578 -0.686125 -4.441830 -4.714331
429 -0.5591877633 2.466482 -4.635535 -4.859470 2.384810 4.834675 -4.864230 -4.213890 -3.116128 4.708714 4.965179 3.984309 5.000000 -0.722639 -4.551047 -4.854509
430 -1.5464660482 2.827601 -4.942931 -4.817390 2.521988 4.880120 -4.849987 -4.317222 -3.339730 4.878328 4.896334 3.918811 4.952213 -0.552153 -4.832071 -4.630120
431 -1.4973363173 2.721745 -4.759108 -4.845460 2.677203 4.818677 -5.000000 -4.340065 -3.230231 4.982218 4.829325 3.905609 4.912476 -0.640578 -4.755328 -4.661773
432 -1.4925754865 2.690807 -4.846951 -5.000000 2.477551 4.950308 -4.752932 -4.518681 -3.364453 4.744251 4.916583 4.066622 4.844431 -0.806479 -4.589982 -4.692779
433 -1.4240036876 2.515710 -4.724395 -4.951432 2.524434 4.934210 -4.814060 -4.336102 -3.218854 4.848248 4.651636 3.989578 4.933989 -0.740443 -4.672800 -4.757127
434 -1.1024690289 2.720386 -4.682809 -4.945700 2.497241 4.898068 -4.758286 -4.527206 -3.242613 4.609838 4.740327 3.960286 4.908598 -0.654592 -4.769459 -5.000000
435 -1.3009455655 2.440272 -4.770178 -4.989045 2.292544 4.717555 -4.788435 -4.408507 -3.184198 4.637672 4.953706 3.950002 4.907857 -0.608590 -4.532660 -4.809081
436 -1.3327013350 2.449610 -4.812938 -4.870218 2.696099 4.878589 -4.865464 -4.366584 -3.315502 4.702537 4.876077 4.000090 4.866115 -0.714225 -4.664655 -4.704789
437 -1.2607470857 2.520911 -4.785699 -5.000000 2.531161 4.945015 -4.656093 -4.359724 -3.276514 4.811359 4.870625 4.120583 5.000000 -0.677849 -4.681369 -4.869237
438 -1.3414776593 2.609991 -4.854204 -4.880224 2.589587 4.886564 -4.629528 -4.450406 -3.271605 4.695839 4.878574 4.097953 4.926546 -0.594728 -4.828477 -4.637337
439 -1.6063693219 2.457830 -4.776419 -4.805722 2.579683 4.944324 -4.660128 -4.360947 -3.295782 4.771364 4.827410 4.064191 4.945781 -0.819424 -4.640777 -4.674818
440 -1.3102659121 2.608162 -4.859410 -5.000000 2.532976 4.985768 -4.918923 -4.438668 -3.159167 4.721633 4.768504 3.942313 5.000000 -0.795040 -4.743163 -4.634836
441 -1.5692067203 2.450043 -4.775631 -5.000000 2.620329 4.921647 -4.745769 -4.427836 -3.199071 4.775564 4.906532 3.999325 4.932604 -0.661547 -4.682740 -4.837912
442 -0.8930611230 2.720447 -4.911354 -4.874560 2.605217 4.884722 -4.634346 -4.422878 -3.296414 4.814057 4.816930 4.098609 4.821531 -0.664414 -4.536320 -4.585511
443 -1.3479718559 2.498683 -4.723909 -5.000000 2.722862 4.750518 -4.655484 -4.484773 -3.177643 4.794816 4.899013 3.847610 4.979382 -0.798465 -4.605021 -4.820149
444 -1.5888171739 2.739356 -4.816714 -5.000000 2.625278 4.878331 -4.636034 -4.487098 -3.300558 4.743865 4.930472 4.098857 4.939763 -0.790498 -4.602947 -4.764377
445 -1.7407062205 2.574712 -4.863692 -4.932598 2.414636 4.862020 -4.705794 -4.471999 -3.212144 4.812796 4.965829 4.029407 5.000000 -0.661100 -4.610906 -4.777361
446 -1.2130297701 2.542003 -4.745450 -5.000000 2.571131 4.839724 -4.785528 -4.420558 -3.150310 4.777377 4.811960 3.997207 4.952943 -0.623145 -4.597191 -4.843403
447 -0.6992975221 2.596948 -4.864709 -4.963981 2.396260 4.819864 -4.782106 -4.234050 -3.264781 4.751162 4.835599 4.079175 4.893163 -0.711749 -4.563908 -4.896522
448 -1.4588551183 2.474707 -4.748466 -4.941726 2.551069 4.918665 -4.677475 -4.372178 -3.309059 4.816449 4.989226 3.950041 5.000000 -0.731565 -4.554478 -4.689844
449 -1.8405182174 2.629528 -4.864121 -5.000000 2.346752 4.907821 -4.702574 -4.405376 -3.247325 4.941866 4.825058 4.040036 4.891434 -0.668688 -4.653609 -4.809528
450 -1.3245055487 2.619549 -4.761330 -5.000000 2.494873 4.734514 -4.738572 -4.421794 -3.132473 4.710713 4.758822 3.999104 4.853978 -0.707360 -4.756801 -4.719210
451 -1.2443302457 2.597554 -4.679025 -5.000000 2.579668 4.929075 -4.779834 -4.442486 -3.341486 4.605294 4.824229 4.077577 4.990830 -0.715040 -4.702036 -4.732898
