evaluations raw_y x0 x1 x2 x3 x4
1 1186.7405726350 -3.559106 2.483843 1.649982 -0.047071 -0.578235
2 2959.1901251450 2.537423 2.213110 -4.183047 2.546525 -2.337312
3 -3615.5233369395 0.069957 -1.200249 1.701832 4.372344 4.514917
4 2400.1537960984 -1.735372 0.754700 4.200651 -4.254299 -1.706699
5 -6358.1167396378 -4.242959 3.020822 2.423830 -4.810451 3.343403
6 -7635.7485522494 1.423198 -2.684744 3.407521 -0.447135 2.083021
7 -9859.8690700225 2.277093 -4.181018 -0.041460 4.321310 0.628721
8 2795.9706967590 -4.794309 -4.384728 -2.184656 -3.357150 -1.232096
9 -7490.6149504489 4.760211 -0.515154 -1.274790 -1.284089 1.410693
10 4350.3066115083 0.544327 -3.145129 0.511297 3.029719 -3.935084
11 -8257.9707520583 -1.349607 -1.856820 -2.347428 1.336908 2.372670
12 3734.6890375900 3.291019 3.867174 -0.654981 2.191007 -3.548737
13 510.5076860943 -2.529787 -0.248096 4.780431 -2.910935 0.158894
14 -3921.0850918319 4.108271 1.544364 -3.195090 -2.127831 3.702104
15 5424.5583850512 -0.720468 4.740811 -4.960024 0.525112 -4.620440
16 -9306.3674629607 3.670037 -4.538072 -2.305798 2.076158 1.103487
17 -10255.8230256479 -1.936491 -4.128138 3.558866 4.866363 0.954764
18 -6769.5542241473 4.394461 -0.289725 -1.221510 4.383711 1.503315
19 -8954.7402578535 4.293882 -3.773463 2.309060 4.126834 0.560173
20 -7257.0355849830 4.322636 -2.777216 3.779300 4.449378 1.348494
21 -9529.6060556089 -2.900802 -1.631347 -1.099989 1.619469 1.697490
22 -11305.7482961012 -3.023882 -4.794043 4.284713 3.616839 0.665420
23 441.6611798845 -4.406643 -4.999206 -2.374082 4.196285 0.578006
24 -10698.7368731860 -1.508583 -4.901114 0.650331 3.278157 1.056465
25 -11260.7496811509 -4.616939 -2.656815 -2.966437 2.084790 1.224952
26 1124.5766582821 -1.300933 -4.504591 2.945190 -4.013891 -0.066871
27 -9954.3054678297 -3.204961 -4.700466 1.898928 2.307750 1.855361
28 -8257.2112020595 3.417815 -3.738349 0.346057 3.170630 1.418098
29 637.7725305212 4.481087 -4.777908 2.451809 -3.961813 0.248322
30 -9783.6539705554 -0.169814 -4.387441 3.555604 -1.391478 1.405699
31 -10196.0371773443 -1.348128 -2.624362 4.424877 2.036054 0.698445
32 -10500.8175121433 -0.727093 -3.192817 2.799101 2.431563 0.569812
33 -9882.6978181181 -2.363509 -1.470332 4.246033 1.676681 0.922226
34 -10449.0404716599 -0.160186 -4.773116 3.021625 2.327776 0.805997
35 -9452.7424919044 -0.401211 -2.506880 4.209879 4.352194 0.812955
36 -11124.0267340650 -1.378075 -4.977337 3.873058 2.329297 0.597183
37 -10991.7202010014 -1.951720 -4.971358 3.281210 4.429508 0.695713
38 -10978.3681847652 -3.948834 -2.411794 3.744856 3.574147 0.624501
39 -11071.4059482519 -4.536617 -2.509280 3.952893 2.680613 0.759159
40 -11378.0561811028 -4.313262 -4.673442 4.777097 4.705305 0.752336
41 -11623.8726370487 -4.223464 -4.482066 4.194991 3.688257 0.645598
42 -10947.6678206973 -4.878710 -2.547976 4.404555 3.125252 0.857811
43 -10654.5460512380 -4.228312 -2.857060 4.883136 4.382824 0.852232
44 -11218.9581285443 -4.990524 -3.579612 4.207101 4.458431 0.833433
45 -11530.7668476432 -4.110355 -4.896501 3.730992 3.153970 0.843223
46 19.6460096252 -4.497221 -4.791399 4.125432 2.547250 0.542319
47 -11938.8324641385 -4.716885 -4.976069 4.261250 2.105202 0.755914
48 -11614.0347839996 -4.203298 -4.883095 4.644290 3.138082 0.739838
49 -11840.2322405370 -4.728860 -4.565105 3.710524 2.859632 0.722576
50 -11699.8237736918 -3.905419 -4.609810 3.433253 3.421410 0.628278
51 -8551.2203957956 -3.333612 0.341451 4.824913 3.070442 1.494645
52 -8756.8449300946 -3.494916 3.993607 3.402290 1.071897 0.875476
53 -10390.1435470398 -4.882922 -3.454426 4.396778 2.390495 1.475502
54 -10087.6255825902 -2.690494 -4.733230 4.717044 1.970032 1.484119
55 -9788.4951544009 -3.267473 -2.289137 2.960191 1.871499 1.428995
56 -10440.1431588914 -3.364223 -4.027101 4.466886 2.782529 1.203348
57 -10967.0906733008 -3.324112 -3.621264 3.823828 2.849888 0.799414
58 -11240.5164417216 -4.584995 -4.681626 3.439343 2.905121 1.132867
59 -10867.3409119343 -3.468925 -4.524475 3.985394 2.751806 1.081940
60 -11106.6747710456 -4.756538 -4.436744 3.414871 2.589189 1.232531
61 -11489.6706906348 -4.624830 -4.077396 3.958967 2.058745 0.872869
62 -11626.1310668649 -4.933885 -4.878940 4.668678 2.460076 0.935245
63 -11617.3757675244 -4.992162 -4.897320 4.349587 2.051379 1.010482
64 -11810.6956206286 -4.610589 -4.857666 3.949850 1.872659 0.833459
65 -11261.3192665111 -4.529439 -4.257110 4.545227 1.817634 1.017891
66 -11894.9035327104 -4.707981 -4.994458 4.226041 1.990214 0.798176
67 -11567.6232838804 -4.006952 -4.780855 4.198690 2.028900 0.820973
68 -11392.1354917828 -4.078167 -4.253713 4.281299 2.105107 0.831251
69 -11731.6734301826 -4.518778 -4.630581 4.292567 2.027286 0.782810
70 -11587.9277486516 -4.129752 -4.371928 4.358004 2.001693 0.738414
71 -11742.9482551506 -4.531221 -4.702571 4.321664 2.070576 0.787764
72 -11762.4616038315 -4.649081 -4.641557 4.262134 2.058591 0.792349
73 -11871.3031849751 -4.723486 -4.816722 4.302717 2.096876 0.766603
74 -11905.4823142381 -4.561794 -4.973844 4.266610 2.080243 0.745962
75 -11667.2408610894 -4.213415 -4.691647 4.232321 2.076960 0.773989
76 -11946.9349605281 -4.867630 -4.801221 4.288203 2.106311 0.744068
77 -11838.7532723704 -4.450243 -4.976098 4.282135 2.089274 0.765324
78 -11872.8834124046 -4.657662 -4.866995 4.268346 2.083847 0.765445
79 -11921.0167843262 -4.676851 -4.905277 4.251010 2.112065 0.744629
80 -11929.3211197184 -4.737777 -4.939870 4.271322 2.110911 0.757996
81 202.5973537459 -0.597189 3.884203 -1.338069 4.114533 0.171089
82 -6277.6153073344 -2.448150 1.004744 -4.702756 -3.137822 3.828422
83 3504.1541901548 0.120075 1.742604 -2.020088 3.090843 -3.029782
84 -9875.2235796555 -4.670369 -1.797422 3.960576 -2.445149 1.812649
85 -5292.0220845805 -2.023653 -1.640883 -4.167737 -0.012339 4.682365
86 -3990.8500585839 0.552318 3.650623 -2.700443 1.931334 3.641226
87 2802.4483932212 -3.105312 -3.484371 -0.680428 -1.613119 -1.644570
88 -6866.5770768012 2.331067 0.453244 2.274575 4.509804 1.462284
89 3047.2684562131 2.650920 -2.864752 -3.197003 -3.964991 -1.727017
90 5398.1093074114 -3.983269 -3.678357 2.760065 -2.251451 -4.556613
91 -7785.6060074138 1.166431 2.561788 0.099505 2.413864 0.966871
92 1271.9733922467 3.001886 -0.876051 0.859539 -0.447256 -0.680941
93 2865.7616649043 4.019561 4.397467 1.107143 1.607238 -2.817834
94 4122.4752932049 4.732854 0.322684 4.522078 -4.505609 -3.752741
95 -7632.4464996109 -1.252924 -4.357599 3.377181 0.857506 2.915279
96 -9735.8483092639 -0.801659 -3.669048 -0.317064 -4.660008 1.942068
97 -9362.7928130637 -4.842676 0.540258 -1.177636 2.041116 1.743703
98 -7044.5190389811 0.543078 -0.257998 4.463235 -1.876314 2.185686
99 -10635.3874105507 -4.835350 -4.934275 -2.115856 -2.341124 2.430102
100 -7284.5347052521 -0.260395 0.494567 4.487839 -1.259379 1.992533
101 -10898.4665897668 -4.810262 -3.933307 -0.602212 -2.195055 1.919001
102 -10135.7925863807 -3.207375 -4.921580 -0.544568 -4.811905 2.480231
103 -9929.9427381257 -4.958733 -4.757741 2.015897 1.846784 2.284358
104 -10189.5664623771 -1.466419 -4.822247 -4.777503 -4.118046 2.306061
105 -11242.5497235155 -3.791408 -4.879114 -3.717076 -3.716215 2.006451
106 108.0149802430 -4.392880 -4.394960 -4.146782 -3.841370 1.763867
107 -10686.3432898256 -4.756326 -4.829053 -0.101998 -2.088201 2.192919
108 -11044.6020109656 -3.527008 -3.680772 -1.362347 -4.329858 1.705450
109 -10933.7747345540 -3.993246 -4.598322 0.237819 -3.399749 1.887695
110 -10754.8032181006 -4.703518 -2.025485 -3.981449 -4.054253 1.972737
111 -9727.7418158511 -2.737553 -3.963296 -2.253058 0.951616 2.151727
112 -10391.3099521143 -2.572203 -4.848582 -0.939903 -1.211903 1.922808
113 -9529.9848730682 -4.718142 -4.785300 -2.362622 3.149550 2.726676
114 -10692.3940046334 -2.410682 -4.917451 -2.793157 1.284563 1.652494
115 -9511.5652119744 -2.538023 -4.685209 -4.668727 1.710427 2.523742
116 -10577.4363396465 -3.717607 -4.995201 -2.477381 -0.726233 2.149982
117 68.1538588242 -3.147209 -4.883367 -4.403962 -2.759127 1.704650
118 -10654.9093278864 -3.430023 -4.796109 -2.929816 -3.361542 2.221055
119 -9863.6127629314 -3.160976 -4.845550 -2.694728 0.018801 2.437060
120 -10836.2312504459 -3.154500 -4.812999 -3.624848 -3.933296 2.136791
121 -11361.2281757537 -4.822076 -4.973765 -4.077155 -3.680878 2.191105
122 -11260.3286332445 -4.733254 -4.935645 -3.323791 -4.114920 2.208836
123 -11277.0755218862 -4.334028 -4.940209 -3.647067 -4.660222 2.176559
124 -10975.3586869469 -3.845411 -4.994616 -3.360706 -3.817120 2.202246
125 -10660.1077493389 -2.626377 -4.982920 -3.907053 -4.176556 2.215234
126 -11076.0509022300 -4.845255 -4.812422 -3.906157 -2.802067 2.275761
127 -11351.7893958634 -4.106623 -4.946275 -3.674313 -4.791970 2.090919
128 -11298.0312285647 -4.982959 -4.792313 -4.490383 -3.973899 2.281057
129 -11026.1484368548 -3.891858 -4.982865 -3.871034 -4.729963 2.279702
130 -11168.3397518484 -4.682069 -4.778335 -4.250856 -2.496978 2.174612
131 -11289.7494524691 -4.528209 -4.875578 -3.814476 -3.743187 2.140915
132 -11211.2522731295 -4.491895 -4.918396 -4.093662 -3.985094 2.232468
133 -11376.4600854798 -4.948660 -4.886258 -3.982074 -4.016673 2.207442
134 -11188.7935303608 -4.435572 -4.947036 -3.965571 -4.085997 2.239555
135 -11393.1749498442 -4.721155 -4.982537 -3.926543 -3.345193 2.114493
136 -11288.2325275817 -4.990228 -4.891750 -3.832883 -2.716893 2.170224
137 -11390.7615051935 -4.947105 -4.910442 -3.649837 -3.078970 2.109799
138 -11446.3298901107 -4.793456 -4.950691 -4.010941 -3.950238 2.138304
139 -11376.2127748930 -4.683535 -4.991713 -3.851479 -4.131810 2.171985
140 -11442.3640631077 -4.994313 -4.925278 -3.787762 -2.616024 2.064566
141 -11185.4223018899 -4.178353 -4.980911 -3.740354 -3.218438 2.113911
142 -11195.4693738323 -4.489677 -4.860753 -4.020122 -3.170028 2.165313
143 -11103.7639087793 -4.188972 -4.931808 -3.899391 -3.413785 2.186236
144 -11495.1339659325 -4.497622 -4.988277 -4.098485 -4.789095 2.118176
145 -11410.4167187018 -4.409901 -4.990662 -3.886678 -4.208833 2.098563
146 -11047.4503330526 -3.973150 -4.839968 -3.834859 -4.101161 2.204153
147 -11331.5392866263 -4.551464 -4.838678 -3.500508 -4.008782 2.107041
148 -11433.5849742648 -4.377197 -4.975831 -3.558381 -4.953910 2.103921
149 -11190.7592333400 -4.324394 -4.835804 -3.951254 -3.786955 2.168141
150 -10870.5124027300 -3.203017 -4.810165 -3.667300 -3.250620 2.076669
