evaluations raw_y x0 x1 x2 x3 x4 x5 x6 x7 x8 x9 x10 x11 x12 x13 x14
1 5.3978118264 -3.679538 -0.550432 -4.306346 2.064814 4.592747 4.216988 2.966002 -0.420033 -4.898608 -1.248536 -2.208880 0.310600 3.555545 -1.822810 -3.777194
2 5.4125415786 -3.911692 -0.596250 1.782803 -1.535474 -0.104180 2.793064 3.648048 4.393660 -4.618504 1.308172 -4.636793 3.410159 -0.099716 -2.342055 3.896848
3 4.3811136112 0.541874 1.157642 -2.438794 1.309487 2.208895 -4.091520 1.168752 -0.897428 1.657892 -3.763237 4.095319 -4.591272 -3.128814 -4.135085 1.761106
4 4.6388459274 4.066074 -1.896726 3.500790 -0.143161 4.938955 0.328889 -0.530448 1.859448 -0.094430 3.709665 0.338842 -4.980278 0.460884 -3.619769 -2.328834
5 3.8411858301 -2.222165 -0.085747 2.709311 -2.932286 1.737948 -2.131604 1.714100 4.915204 -1.221762 -1.740899 -4.200010 2.439899 -0.796658 3.875222 0.305730
6 4.3632584727 2.550064 -2.121042 0.642511 -3.146887 0.470189 -4.137152 -4.810637 -4.252307 2.393585 1.662338 -0.802915 1.235904 1.698688 -2.881952 0.852488
7 4.1735302823 -1.531553 -1.788635 2.062122 2.239897 -1.099126 1.102248 2.496092 3.373894 4.207963 0.367254 1.669790 2.712587 0.782896 3.170114 3.412215
8 5.0988429246 -2.925833 -1.060955 -2.087268 -4.681623 -4.121034 -0.837131 -0.313983 -4.347602 -2.337217 -4.954979 0.309000 -3.120119 -4.339102 3.425389 1.428271
9 5.5916062001 2.706723 -3.079134 4.325729 -0.390737 1.315872 4.450926 0.417792 -1.008320 -3.118284 2.306398 3.539777 4.808637 -4.620029 0.559534 -1.643428
10 4.9304396857 4.876129 -3.982863 -0.794764 -1.757055 -0.716469 3.728179 -3.131698 -3.402148 1.313899 -2.676060 -2.429824 -2.294248 2.125397 -3.838477 3.565439
11 4.4888069053 0.123435 -4.927428 1.363550 -0.002584 2.545915 -0.184929 -0.040672 0.939803 -2.207437 3.393365 4.779541 -4.324751 0.587188 -3.152987 -4.398505
12 4.9732330498 -0.178067 3.195091 -0.611627 1.548324 0.716232 -3.743823 -4.283137 2.363867 -2.837928 1.824632 -3.178366 -4.348631 4.641515 1.868445 2.782233
13 4.7878382526 0.975853 -2.903350 1.579433 -1.100214 -2.643913 -0.013571 -1.013835 -4.696021 -1.396796 4.461774 2.539289 -4.099497 -0.538078 1.328410 4.572000
14 4.4285926815 1.281920 0.136529 3.681332 -3.299343 -3.514546 -1.859706 1.637311 2.275903 -3.503278 -2.341104 1.603251 -0.933269 1.161297 2.460939 -1.294891
15 4.6724138128 -0.096915 4.477900 -3.261919 0.614341 4.322514 2.317283 4.078284 1.026223 -0.643294 0.747313 3.283189 0.679217 1.425501 -1.654266 1.479890
16 4.2625821609 -0.415704 2.361488 0.998092 3.019843 -2.889770 -3.648316 2.728366 -2.358354 3.036348 4.254895 -3.826478 -1.794630 -3.695190 1.985601 0.701065
17 4.9661985844 2.973055 0.614727 -3.723250 0.232316 -4.352038 0.427228 3.048413 -0.750639 -3.956385 -0.607960 -3.599908 2.899327 -3.545197 -1.322934 4.918782
18 4.5088026907 3.712238 3.632493 2.892981 3.895841 -4.794962 -4.790256 -1.763854 0.279199 -3.707428 0.883197 -2.815309 -0.694714 1.520994 -1.027535 1.909200
19 4.6658531376 1.460366 1.919256 -1.347854 -1.363824 0.875023 0.637429 4.335325 -1.284400 -0.316737 -2.146246 4.370487 -2.726639 3.723387 -3.935077 3.765960
20 4.1578296148 1.109723 4.681544 -0.109754 -2.325167 1.991847 -2.705582 -3.222470 4.582694 0.849545 2.486839 1.350913 2.248272 -3.916109 0.950757 -0.270553
21 4.8302974555 4.329993 -3.374237 4.837066 1.775467 3.469387 1.670201 -0.590024 2.888054 -0.904382 3.096055 2.302137 1.681811 1.891509 2.277310 2.585988
22 5.9090759731 -2.333679 -4.440900 -0.150650 3.799638 -3.398806 -1.210306 -2.130832 3.540313 3.756831 -3.240111 3.831775 -2.825489 -2.535558 -4.700068 -4.694667
23 4.3233263442 1.858008 -3.734657 -1.871527 -2.757578 -2.177547 -0.544844 -1.908740 -1.766940 -4.129466 2.040221 -1.755854 -2.442525 -4.204199 -4.861924 2.420791
24 5.6813965222 -2.097631 -0.207798 3.980183 -0.973412 3.747084 -2.809619 4.705723 -4.784567 0.275821 -4.676213 -0.447747 -0.346885 0.219815 -0.992127 0.040656
25 4.7585647528 -2.599147 -3.598279 -4.355642 -0.654033 -0.242020 1.451314 -3.699196 4.221933 2.264301 2.988307 -3.337913 -2.108516 -0.771918 -0.017862 0.456762
26 4.3495449518 -3.011184 -2.674092 0.360104 -2.017894 -3.984739 3.277969 -1.423911 -2.250573 1.188535 2.607223 0.592540 3.502039 3.943245 2.829183 3.168311
27 4.8950889173 -1.779134 2.144066 2.504646 4.638219 -3.666751 -4.467632 0.250219 4.042289 1.864127 0.198794 3.034622 -3.762136 -2.195584 3.531383 -0.743007
28 5.4116384603 3.389991 1.740698 -3.112610 0.337561 2.876345 4.656282 2.067057 -2.557585 3.508767 4.939816 1.931404 3.171757 -4.915970 -2.652203 -3.365075
29 4.4796078758 3.579971 0.485445 4.559429 0.965639 1.131633 3.963184 -0.968851 -0.309969 -1.616422 -3.581646 -1.049667 1.658858 -1.338138 4.988450 2.262600
30 5.8868852688 1.941798 4.909738 4.431738 1.066746 4.357451 3.501727 -4.730599 3.035303 -4.483645 -1.977110 -4.366979 -1.513062 -1.053227 -0.560004 -4.041348
31 5.7575994114 -4.531512 1.626868 -1.044174 -3.625578 -2.399608 -2.089938 -3.955309 2.609832 -1.865071 -1.453775 2.597572 -3.410149 -2.678896 -4.505794 -4.234301
32 5.8811074478 4.460529 2.638984 -3.589119 -4.952213 -4.758193 -3.281011 2.149809 -1.619286 1.963186 -0.536080 -4.992757 4.648817 3.059471 4.178543 1.108853
33 3.8845871028 3.185144 -0.969355 -4.911245 2.482034 3.140731 0.853153 -2.869714 1.607084 2.901531 4.727782 0.968140 3.918248 2.360445 0.186045 -2.106676
34 4.9500558275 -4.678483 1.333712 -2.795572 -3.698691 -0.475923 -2.468918 4.794825 0.691083 -3.258052 -0.075937 -2.594679 -0.330665 2.715175 1.178130 -2.738957
35 3.6505476341 2.211149 0.857072 -0.449106 3.270815 -0.867570 -3.119125 0.820619 2.065566 4.963615 -3.062843 4.750915 0.835186 -2.946756 3.978498 -3.090362
36 5.7630638825 -3.303217 -1.393158 3.393600 -4.371035 1.520896 -1.567614 4.272180 -2.895579 2.665424 -4.348803 -0.660972 -1.376462 3.293649 -0.470030 -2.951508
37 3.7591272785 0.761889 4.028650 3.119803 2.921863 -3.216525 2.499952 0.673469 -1.925985 0.454354 -4.328509 1.209295 0.005773 4.958305 -2.159272 -0.827200
38 4.2997339554 -1.020967 -4.329963 1.052487 -2.499816 3.307864 1.318636 -1.554776 0.444388 4.657818 -1.199581 0.092463 3.697763 2.919962 -1.988509 -1.668774
39 4.9162443509 -1.297495 3.358565 -2.246449 3.503182 -1.550974 -1.243423 3.315953 -3.127271 0.695971 4.100637 2.796712 4.200844 4.431961 0.338969 -1.038028
40 6.2676518352 -0.619060 3.792713 -2.687632 -4.313558 -1.702490 3.052067 -4.339292 -3.639034 4.091065 -0.966251 -3.936023 4.497118 -3.411379 4.655317 4.194706
41 6.0784979837 -3.586983 -2.362703 -1.623727 4.930166 2.596246 -4.745849 -2.755064 -4.020705 3.255279 -2.947487 -0.250020 1.052511 4.299974 4.399323 4.528859
42 4.6770095456 -0.927414 2.945280 -3.956712 4.183282 4.106610 2.696185 -3.624653 3.721611 -1.961455 3.596513 -1.998508 -3.531036 -2.015380 -3.263276 -0.426903
43 4.4811251722 4.761697 -1.445796 2.243316 2.600291 -1.989821 -0.606445 1.404112 0.014564 -2.730168 1.203806 4.190946 -1.187729 -1.461348 1.662237 -4.903521
44 5.2934096019 -4.301383 -4.720249 0.212066 -4.005967 -1.360043 4.887279 -2.448532 1.390793 -0.403167 -0.312213 -1.654721 0.460641 -0.329135 -0.281368 -3.593409
45 5.4741629342 -4.880362 4.173081 -4.763120 4.427075 0.139625 2.039790 3.888335 -3.829205 4.538753 -4.018277 -1.406894 2.065275 -1.672808 2.776572 -2.415755
46 3.4283309793 1.663398 2.207185 0.002485 -1.697166 -0.567926 -0.884144 -2.081951 2.510062 4.915107 -0.167126 -1.652138 1.488207 -0.704331 3.170370 0.902143
47 3.9642518437 0.891028 4.100946 -3.457182 -2.083220 -1.301146 -0.606950 -4.787364 3.061791 4.328189 -3.017031 3.801009 -0.012413 0.717653 1.735780 -1.018037
48 4.3653048214 3.688727 -3.373263 -1.552422 -2.157165 -1.097885 -1.696447 -1.139667 2.702308 4.831826 -0.724682 4.976586 0.745691 -1.742754 1.695587 -0.439248
49 4.4870303814 0.700867 4.730977 -3.376590 4.806382 0.620478 0.625514 0.981210 2.574317 -1.162663 1.156675 -2.049726 1.362899 0.209463 3.735480 -4.234040
50 3.7066259872 0.846005 2.935880 -1.050323 2.972419 0.164945 0.850406 -4.852144 1.261032 -0.587928 -3.396295 4.544877 1.105953 -0.272196 3.988934 2.742278
51 4.4030573878 2.870385 3.067545 -2.253090 0.892777 -1.573977 -2.428767 2.048599 2.759509 4.386925 -4.339837 1.322743 2.595040 2.728648 1.048582 1.717644
52 4.8352053646 0.727222 4.835742 3.660942 -2.198047 -0.451707 -0.019002 -3.506485 1.628105 2.997654 -3.310703 2.610149 1.027626 1.337786 4.310922 0.557455
53 3.6998999378 1.168102 2.586149 1.890875 -1.362667 -1.668657 0.999395 0.550980 2.824229 0.752988 -3.180209 0.565162 0.675936 -3.100820 4.132927 -3.168910
54 4.4780322433 0.846934 -1.225134 2.714648 -4.069840 -0.104087 0.649399 -4.066948 3.400350 4.347467 -2.891482 0.702395 2.591076 -3.193009 2.856660 2.609335
55 5.3341528268 1.049826 4.306728 -4.184923 3.353759 -2.373471 1.481485 3.869265 1.279519 3.318877 -0.760265 3.638449 0.665683 -3.777589 2.549368 -1.595454
56 3.1843787430 0.883473 -0.106333 -0.291045 3.606125 -0.263653 -2.723157 -2.240505 2.153497 4.088264 -4.126015 1.407263 1.858051 -0.050785 2.036555 -0.704451
57 4.1522695201 2.103952 -1.375116 -0.393046 -2.045817 0.920646 -4.025595 -3.386557 2.828094 0.226037 0.202054 -3.625299 0.219042 2.459127 4.542154 -0.701138
58 4.9548552902 1.934359 -4.386551 0.378108 -2.084180 -1.643152 -2.919435 -3.811711 1.479105 -1.864657 -4.593463 -4.652763 -0.216679 -0.132104 3.696851 -2.503679
59 4.0326040233 2.484452 2.061779 0.309117 -1.783604 3.691213 -1.845692 -0.646586 1.503451 -0.181083 3.868077 0.564706 3.350540 -3.766757 0.940340 -1.693510
60 4.2299475197 2.621911 1.194423 1.138282 -1.641653 -4.077049 -0.778957 -3.099488 2.735378 2.408297 -1.477470 1.764284 3.153483 -3.351300 4.256583 -2.108634
61 3.9094506164 0.152959 2.356121 -0.384621 -1.159523 -0.394740 0.530380 -1.554782 2.686859 -2.310244 2.225434 2.405361 2.299009 2.814872 -0.626698 -1.900530
62 5.0200072979 1.693550 1.326847 1.233129 1.611207 2.613146 -3.782231 -1.223888 2.445814 1.529496 2.039764 -4.495321 1.684177 -3.612992 2.944600 3.362219
63 4.5557064167 -0.509193 2.049921 -0.472065 -1.356169 2.860953 3.841021 -0.467880 2.645967 -0.417889 1.133035 -3.726929 2.662695 4.527953 -1.225921 -0.650289
64 4.9020255244 -0.348388 1.589218 0.235953 4.694482 4.993253 1.231311 -0.433189 0.167049 -0.985519 -2.429563 -3.203602 2.324142 -0.504187 3.833313 -4.463087
65 4.4850048871 0.659230 -0.771782 -1.781358 0.336476 1.428676 2.824775 -1.338059 4.183415 0.622621 1.655453 4.446498 2.551710 0.704221 0.249465 3.898114
66 4.9944884684 0.232103 -1.775160 -0.392427 0.257555 -0.099815 -1.731384 -0.595605 3.141171 1.984162 -0.985548 -0.178908 4.664014 0.484286 4.417765 -0.652648
67 5.6856671579 1.437405 -1.152693 -0.479268 4.895054 0.427864 1.303685 -0.412983 1.870505 1.439010 0.399734 3.411952 0.765129 4.929175 4.248387 -3.205128
68 3.8581793688 -0.375456 3.530145 1.007910 2.421142 -0.993557 -3.263822 -0.744568 3.593195 -1.845968 -1.687784 -0.687954 0.826673 4.881629 2.977265 1.962632
69 4.2757602912 2.431163 2.295627 -0.056793 0.113762 0.454101 -4.683756 -0.280313 2.414044 3.405907 -2.637129 -0.788795 -1.630685 -1.138675 4.061137 3.111857
70 4.9645817179 2.253251 2.364125 -0.679191 4.162502 -0.574656 4.327851 -4.152817 1.748291 4.075671 -4.370506 0.959803 1.439679 2.270993 1.707182 -1.636901
71 3.7272616668 1.465603 -1.763227 -2.335014 -0.588555 -1.128095 -1.697238 -1.551405 4.333657 1.911604 1.892267 2.895029 2.810623 -0.293450 -0.874085 -0.463666
72 3.2505136259 -2.122035 -0.319531 -1.515022 -0.885939 0.719417 -1.747019 -4.675340 2.272605 -0.380957 -0.988492 -2.664722 2.896263 -2.064155 -1.096097 -1.799336
73 3.5931485891 4.014342 2.207322 -1.199862 2.080816 2.250783 -0.740268 -1.162055 -1.115881 4.788812 -0.329245 3.397051 1.470892 -1.388486 -1.186344 -0.798245
74 4.4857958168 0.691431 -0.753543 0.948285 1.447724 -2.130042 -3.085765 0.216711 4.661939 -3.256818 -3.382639 3.943570 2.496863 -0.764018 4.626792 -0.736703
75 3.7039916605 -1.207461 2.495886 -1.819929 -0.079647 0.828123 -0.807133 -4.336363 4.111641 3.043286 -4.314282 -1.714642 2.152392 1.228722 1.590602 0.868673
76 3.1766864656 1.629545 -0.384217 0.423128 -0.090156 0.391006 -2.308304 -1.008711 1.108630 4.849970 0.279255 2.108605 2.197844 -0.275165 1.132112 -0.452521
77 4.3857195482 -2.114725 -0.502542 0.947711 1.555795 -1.312305 -1.793288 -1.659892 3.235176 3.978850 -4.561661 -1.619121 1.575728 -1.313711 1.626541 -0.657542
78 3.3831956780 -0.750553 -1.207107 -0.397964 2.175409 -0.907071 -2.559985 -1.837375 1.757642 3.142838 -3.519339 0.015724 1.835423 -1.558318 1.557368 -0.727966
79 3.0137143503 0.467234 0.956898 0.613122 1.613033 -1.125206 -2.712491 -2.047887 3.088227 1.874389 -1.702937 -2.137740 1.355468 -1.046738 2.827582 -0.509851
80 4.1652291146 -2.455683 -0.134583 -0.497345 2.185128 -0.264455 -3.843904 -3.441568 3.541454 2.221938 -0.078821 4.811528 1.363257 -1.011897 0.243170 -1.553988
81 3.1986616581 0.629871 0.090823 -0.239651 0.751736 -0.153213 -1.863812 -0.742477 2.399063 0.533270 -4.943113 -2.352145 1.166761 -0.441364 0.661523 -0.064783
82 3.1789207981 0.284913 1.588775 0.706895 -1.065397 -1.707847 -1.867493 -2.755569 0.739440 -0.106662 -2.588635 -3.565051 0.813278 -0.778961 0.960189 -0.619537
83 3.0221486449 1.076388 0.933859 0.669313 -2.431445 -0.925678 -1.882661 -1.882849 2.173000 2.579331 1.486850 0.891667 0.907962 -1.848457 4.477543 0.232179
84 3.1327237567 1.109016 1.467379 -0.121180 2.008174 -0.261249 -2.012822 -4.868261 1.745888 0.858545 1.982239 -3.143530 1.649936 -2.595464 3.367352 -1.071809
85 3.1842875458 0.311645 0.640225 -0.570340 -1.189507 -0.143567 -3.628560 -3.090617 2.548290 2.211806 -1.852647 0.050416 1.843451 0.341922 1.657553 0.104778
86 3.1488285384 0.547241 -0.239051 0.320857 1.465249 -1.403788 -2.061538 1.350837 1.757823 0.988684 -1.683720 -0.748235 1.731416 -1.425683 1.805489 0.111701
87 3.3381607903 1.405875 -0.042616 0.817500 2.769870 -0.567626 -2.149414 -3.488588 1.988868 -0.411571 1.038466 -3.720581 1.811305 -1.254110 -0.767172 -0.385902
88 3.6739673634 0.332208 1.818542 -0.123940 -0.535749 -0.807505 -2.814377 -4.884099 4.101265 3.949117 -1.839654 -3.299275 1.890418 -0.396483 -1.090416 0.457388
89 3.8772250040 0.987633 2.056230 -0.361543 4.854029 -0.536851 -2.573451 1.637603 -0.568281 0.606540 -2.964638 1.212253 1.879598 -2.674245 3.582354 -0.993447
90 3.2947028548 1.107904 0.175789 -0.434284 -0.226491 -0.184235 -1.641878 -4.186174 0.028231 2.885051 -3.185680 0.607883 1.279417 -2.543852 -1.408502 -0.173222
91 3.7552281781 0.979322 1.675407 -0.257117 -1.898226 0.004237 -1.683564 -4.453646 4.571715 1.901242 2.300121 1.006876 1.441990 -0.501897 0.753431 -0.573307
92 4.4342285765 1.325285 0.311959 0.552534 -1.709855 -2.363135 -1.995549 -4.781117 2.862360 0.351307 -3.317353 1.521753 1.049829 -1.751803 4.683042 -0.332564
93 3.3550270300 1.355279 0.599608 -0.562501 2.848090 -1.235446 -2.685797 1.107295 0.946926 3.031121 -2.995901 -2.870445 1.879475 -2.413331 1.297151 0.407328
94 2.7446212156 1.560864 -0.355120 0.039906 0.193908 -1.121595 -3.825919 -4.319959 2.019362 0.233313 -0.023216 2.352174 1.017794 -2.057910 1.955239 0.721664
95 3.6259336300 1.651183 -0.112528 0.410777 1.761375 -0.462517 -3.924394 -1.286191 2.496720 1.837384 -3.369528 1.852295 1.766195 -1.946766 -0.370819 -1.238560
96 4.4900213195 1.776040 -1.334843 -0.622789 2.478645 -0.502594 -4.221275 -3.164437 1.160811 3.912928 0.715000 4.320259 0.471886 -2.109114 2.243280 1.482759
97 2.7215215832 2.015559 -1.223942 -0.715224 4.029789 -0.127826 -2.968682 -1.943036 1.832659 0.881598 1.277178 -1.762756 0.531909 -0.343034 2.655978 -0.225816
98 4.3496686647 0.827472 -0.439833 0.648025 -2.575554 -1.386577 -3.458030 -3.798221 0.872487 2.564660 1.065483 -1.584903 0.361710 -1.652852 1.465432 -0.568477
99 3.5327471599 2.357887 1.376273 -0.003761 2.134382 -1.256314 -3.915800 -3.226254 2.456768 -0.867759 -0.967226 3.671211 1.020035 -0.441274 1.680176 -0.660628
100 4.4734663409 1.313018 1.322251 -0.352086 2.553043 -1.448189 -4.243964 -4.420436 3.147664 -2.342194 1.101435 3.454641 0.592124 -0.980589 1.941845 1.270052
101 4.7091536243 2.738750 -0.644240 -1.359870 3.526097 -0.667951 -2.690778 -3.509006 1.445200 1.458917 -0.576115 -2.751842 1.045794 4.204819 -1.547873 -0.016871
102 3.9159622688 2.276275 -0.486505 -1.573588 4.386252 -0.136154 -2.757477 -0.066203 1.420701 1.316442 0.826300 -0.872899 0.486665 -4.793951 -1.184506 0.718367
103 2.0239604551 1.889575 -0.002510 -2.100442 2.031033 0.018333 -2.036405 -3.054105 1.118441 3.224787 -1.233771 -1.840077 0.942356 -0.661514 4.061604 -0.827912
104 3.0963820257 2.234259 -2.274070 0.085983 2.089478 0.542662 -2.372121 -2.965962 1.948546 0.667109 -0.878746 0.118301 0.906236 -3.476200 1.363982 0.381006
105 3.3434792523 2.551239 -1.211753 -1.308596 4.416816 0.252270 -2.029971 -0.471536 2.207123 1.758667 -0.227481 -1.529113 0.901935 0.962774 -0.851369 -0.416549
106 3.0349584482 1.282886 -0.949751 -2.860292 1.777758 -0.048370 -3.074808 -1.663995 1.872588 0.629451 -2.297521 -1.378779 1.610975 -2.370452 -2.109018 0.095511
107 4.0564105631 1.613616 1.443258 -0.378246 1.594875 1.343984 -0.729175 0.348644 1.606713 -2.343607 1.224039 4.111175 1.414527 -2.059321 -0.293242 0.546770
108 3.7083826540 1.992822 -2.795836 -1.406008 0.457646 0.148318 -0.482698 -3.509859 0.933964 2.761838 0.111247 3.546633 1.847710 -2.093745 -0.539971 -2.678821
109 4.2335599681 4.149192 -0.220716 -0.858919 3.140094 -1.513374 -1.589886 -2.991482 2.166364 1.250268 2.553902 -4.627335 0.581770 0.408225 3.071726 0.357929
110 4.2059946808 1.610427 -1.584413 -2.440813 2.728540 0.106129 0.240074 -0.665467 0.568055 -3.610129 -2.666033 -0.540768 1.442685 -0.705480 2.089226 0.325990
111 3.6670516350 3.539212 1.295298 1.397341 -2.373381 0.178880 -0.749149 0.779010 2.353403 1.965589 -4.162548 -2.984553 -0.038798 -1.742368 -0.244174 -2.618206
112 2.9475528881 2.553346 2.047232 -2.752016 0.433828 -1.350417 -0.893543 -0.869875 1.117762 0.020242 -0.313036 0.275906 1.245324 -0.865737 4.331508 1.831849
113 3.6104292887 1.424747 2.214391 -4.036642 0.288279 1.616029 -3.597062 0.400014 0.250289 1.276790 1.224317 -2.165591 -0.463014 0.591936 0.873772 0.050073
114 4.9757246422 -1.460401 0.472092 2.169937 4.947212 1.329334 -1.584790 -4.687300 -0.353812 1.730336 -4.891513 -2.472261 0.711622 -2.419221 3.001307 -1.246482
115 3.6814362274 1.862631 0.856618 -3.436191 -1.492411 1.682492 -1.142815 -0.732700 -0.128950 4.286121 1.683262 0.315115 2.172354 1.296279 4.097406 1.216351
116 3.4955733150 2.155135 1.803708 -3.448574 2.790608 1.821490 -4.231504 1.473109 3.911682 0.888545 2.155197 1.749577 0.106881 0.665679 1.340171 -0.833474
117 4.1574946828 0.396790 1.543339 -0.396062 1.722794 -0.680082 -2.266803 -4.039633 -1.626969 4.722330 -1.799714 1.058531 1.525390 0.070629 4.969877 2.185459
118 3.3137441909 0.549161 1.834458 -3.705118 3.742288 -1.001607 -1.760970 -3.241351 1.232522 2.685187 -0.856678 0.044312 1.043894 -1.793589 -0.736357 1.437385
119 4.4624859288 0.130277 2.152821 -3.410912 1.243727 -0.627535 -2.586436 2.207514 0.118794 1.526209 -4.763044 -3.634800 1.665477 -2.380499 2.799520 0.417801
120 3.6845191701 -0.006911 -3.371387 1.305084 2.920151 0.315119 -1.482710 -2.155556 0.406618 3.591663 -0.019657 -2.373556 1.734692 0.286935 -0.134025 -2.592071
121 2.9514453956 2.861871 -1.425778 -2.800245 1.152328 1.028149 -1.942229 -0.859332 0.313755 1.565448 0.070365 -4.082220 1.489178 -0.801026 3.952102 -2.119110
122 3.9067601195 1.691691 -0.694437 -1.770949 3.822920 -0.085370 -0.847951 -0.973358 0.531986 4.421683 0.978893 -1.930931 0.805118 -1.093289 0.376490 -1.053656
123 4.3169970860 2.700052 -0.684551 -0.769140 1.369085 0.118564 -2.608248 -1.687950 1.636761 1.764746 -1.226768 -0.589424 1.626555 -1.463233 4.519136 0.381015
124 3.3148004417 1.310541 0.291808 -2.640342 0.327199 0.767850 -2.962250 -2.636426 0.851699 2.160914 -1.305675 0.091661 1.477658 -0.839169 3.567735 0.155018
125 1.9806318721 2.841889 -0.226092 -1.114225 0.070005 -0.302541 -1.826885 -1.956083 0.951071 2.075579 -0.909073 -2.793320 0.355230 -1.184280 2.076648 0.702040
126 8.5054725113 1.674055 -0.273654 -3.567151 -0.754476 0.916934 -1.242861 -4.071738 0.789530 0.121904 0.353124 -1.370611 0.502110 -0.549045 3.414692 -1.163254
127 3.7308553977 2.261170 -1.272173 2.434463 0.254830 1.416998 -2.413402 -2.830930 1.273990 1.470920 0.775347 -0.939325 0.550873 -0.476945 0.827516 1.658466
128 3.6833286768 3.633989 0.548775 -0.779346 1.249582 -1.152222 -2.015919 -3.330797 1.560135 1.728927 -0.872416 0.875705 0.435801 -1.486209 1.644920 3.134714
129 4.1905904207 2.540779 -0.625632 -4.489550 1.561166 1.986324 -1.891774 -2.597854 1.576869 1.252465 -2.171161 -2.756539 0.150710 -1.389893 3.109130 1.367418
130 3.0516482194 2.351655 0.231845 0.137904 -0.675917 -1.571079 -2.480502 -2.063509 1.311057 2.144597 0.839556 -0.187501 0.948992 -1.394189 2.622760 -1.117178
131 3.6836990930 3.801024 1.475729 -1.612403 1.320431 -0.007338 -2.343716 -2.025962 0.582703 1.494617 -2.058782 -2.498935 0.043486 -2.216786 -1.593750 0.267665
132 2.6647538860 3.393341 -1.912747 -0.504868 -1.366653 1.010162 -1.246328 -1.943900 4.023265 1.978561 -0.963270 -3.061268 0.056019 -0.302336 -0.890317 0.325740
133 3.4138154049 1.680242 -0.118192 -1.012255 0.514459 -1.512884 -1.733909 -1.978538 0.511108 1.838056 -1.267095 -4.866951 0.791380 -1.593792 1.350944 -0.257403
134 2.9922517207 2.211426 0.186756 -1.918640 -1.547937 0.603502 -2.071505 -1.901976 -0.136841 1.941502 0.695385 2.212163 0.211776 -2.535277 0.540457 2.380403
135 3.4015579721 2.131404 -2.509831 -1.933669 -0.696050 0.327240 -1.306529 -1.797409 -0.454417 1.818113 -2.252396 -3.566320 0.279475 -0.700529 0.777763 1.085240
136 3.1655169979 2.941247 -1.106762 -2.116052 -0.221323 0.668933 -2.620485 -1.289290 4.426931 2.868489 -2.185940 -0.403525 0.235088 -1.112074 0.070598 -1.232140
137 4.0235059581 2.793559 2.825500 -0.823125 2.302695 0.141519 -1.115497 -1.736961 4.680657 2.033522 3.527942 -4.506321 0.714842 -1.066405 -1.266519 2.746175
138 4.5540401197 3.130972 -3.508425 -0.152688 -1.369452 0.955398 -2.720563 -0.958837 -1.894853 1.667019 4.334238 -4.816433 0.083570 -3.323251 4.415740 1.545097
139 3.5989281764 2.946528 1.447781 -1.355808 0.242091 0.325674 -1.203718 -2.224280 0.535460 2.659372 -1.289789 1.539882 0.552840 -0.981567 3.735982 -0.929142
140 3.8632222672 2.340888 -3.402106 -0.827568 -2.467941 0.225786 -1.899536 -2.698604 -2.296076 2.100483 3.664034 0.436723 0.738003 -2.025016 1.570328 0.817237
141 4.0715888037 3.405315 1.627731 -0.830728 1.299387 -0.286218 -1.438772 -1.502094 -0.208661 2.498578 0.625239 -2.030363 0.274570 -2.184623 3.538315 0.659315
142 2.8946734655 2.944905 -0.417647 -0.898462 0.930315 -0.906955 -2.085707 -1.416151 1.834996 2.227385 0.630677 -2.439489 0.497827 -1.284878 2.999589 0.867916
143 3.7493819782 2.532799 1.195207 -1.440042 0.890429 -1.330969 -2.391481 -1.464018 0.955422 2.527432 -1.042716 -1.425542 0.158373 -1.506550 1.642929 1.391002
144 3.3107936520 2.569226 0.385139 -0.619454 0.061291 -0.872960 -1.635318 -1.599772 1.082478 2.260124 -2.043487 -1.333337 0.363806 -1.722393 1.221679 0.498199
145 3.6295265517 2.832252 -1.482611 -0.755974 -0.724071 -0.133764 -2.222687 -2.081310 1.592917 2.348446 -1.764465 -2.280059 0.337396 -1.574529 0.644429 0.507196
146 3.9083681226 2.433616 0.627383 -1.641050 1.536535 -0.408485 -1.720500 -1.666674 2.721722 2.235912 -0.106107 -2.132865 0.811137 -0.609042 2.395533 -0.467038
147 3.5381855303 2.497806 -0.531056 -1.426746 -0.672473 -0.710294 -2.161690 -1.371473 -0.088455 1.810089 -1.280647 -4.852947 0.026652 -0.715602 2.764830 -0.807503
148 3.8576863770 2.654898 0.655144 -1.357464 -0.501396 -0.259690 -1.682312 -2.284460 -1.498529 2.029555 -0.914492 -1.863519 0.602568 -1.369120 1.533885 1.529566
149 3.3276624645 3.335942 -0.153031 -1.446270 -1.690830 0.076080 -1.243222 -1.781010 0.814115 2.076628 -0.215421 -3.668329 0.151579 -0.582920 1.517464 -0.281738
150 2.5581676791 2.085523 -0.883266 -1.310393 -0.623029 0.085159 -1.671442 -1.637219 0.750455 1.915275 -2.125783 -1.789089 0.201734 -0.692446 1.982238 0.368398
151 3.5456176750 2.551194 -0.491316 -0.765856 -1.827610 -0.619438 -1.840400 -2.140915 0.472074 2.012728 -1.816481 -3.155415 0.685450 -0.611046 2.597142 0.732498
152 2.9152527892 1.822694 -0.180944 -1.310385 1.994345 -0.015449 -2.115491 -2.464819 0.679750 1.552279 -0.596912 -0.306406 0.265833 -0.914156 1.674178 0.722964
153 3.2593930481 1.916158 -1.098209 -1.529330 1.599551 -0.407085 -2.043482 -2.768980 1.222104 2.118776 1.075742 -2.459802 0.358899 -0.536055 2.057267 1.446460
154 2.9325508529 2.998914 -0.069703 -1.620983 0.559766 -0.255615 -2.250787 -1.239853 0.719804 2.322308 -0.136989 -3.218281 0.369842 -0.076722 2.090134 1.336102
155 3.5573996107 2.311234 -0.853945 -0.545881 1.720291 -0.175390 -2.390792 -1.147018 1.200850 1.518902 1.465356 -3.018215 0.395805 -2.280787 2.243712 1.299910
156 3.1265434874 3.475877 -0.038988 -1.190536 -0.075906 -0.283255 -1.735011 -1.927490 1.016886 1.734031 -1.650986 -2.379322 0.600784 -1.675664 2.355605 1.109498
157 2.2040342108 1.907410 -0.375008 -1.197103 -0.140606 -0.037309 -1.979839 -1.932514 0.988425 2.336286 -0.170617 -2.828906 0.397633 -1.599087 2.072743 1.178607
158 3.0502503767 3.101351 -0.813413 -1.148451 0.276844 -0.552524 -1.717654 -2.015039 1.202901 2.386355 -0.526363 -3.088322 0.208815 -1.043150 2.389948 0.716152
159 2.5259809759 1.890106 -0.955954 -1.370712 0.003906 -0.188619 -1.920181 -1.940480 1.225516 2.091701 -0.825812 -1.658674 0.425441 -0.668402 2.489916 0.275467
160 3.1142118294 3.714533 0.512379 -1.369301 -0.111491 -0.017268 -2.034326 -1.658278 0.982717 1.613898 -1.242844 -2.109551 0.387946 -1.502086 1.700300 0.851238
161 2.5103547469 2.393512 -0.051948 -0.980912 0.408676 -0.286618 -2.031297 -1.935704 1.275030 2.050849 -1.703304 -3.091032 0.235962 -0.920460 1.200314 1.385974
162 2.6988048855 2.522743 0.027680 -1.027917 0.464093 -0.586736 -1.519477 -1.966643 0.793424 2.115452 0.016641 -4.006039 0.298684 -0.851956 1.787034 0.742982
163 3.3401100661 2.441282 -0.147181 -1.226858 0.568789 -0.176784 -2.101065 -1.879805 1.347051 2.034454 -0.332889 -1.659112 0.462851 -1.465943 2.671535 1.277358
164 3.3052691430 2.373489 -0.256788 -1.118529 0.480902 0.007395 -2.152881 -2.290923 1.309427 2.052225 -1.510089 -2.514034 0.327661 -1.267864 1.385258 0.897703
165 2.6442405984 2.651372 -0.484408 -0.840574 0.715476 0.015412 -1.888240 -1.663861 1.091973 1.971538 -1.573610 -2.186226 0.253526 -1.008944 1.765112 0.650037
166 2.8419059693 3.229017 0.420795 -0.799667 0.285742 -0.951506 -1.492376 -1.838397 0.647425 2.165764 -1.163142 -2.986873 0.567139 -0.930744 1.083059 0.494859
167 2.4713417812 2.594620 -0.800077 -0.898943 -0.068891 0.050114 -1.672307 -2.064553 0.828233 2.325482 0.008578 -2.641760 0.100797 -1.173031 2.300998 0.302167
168 2.9804692009 2.566016 -0.019893 -1.319033 0.181288 -0.279859 -1.653720 -1.972228 0.820589 1.697214 0.181536 -3.030889 0.402653 -0.731914 2.847067 1.381101
169 2.6144334928 2.518275 -0.159567 -1.299376 -0.080840 0.317746 -2.180284 -1.916340 1.019167 2.248609 -1.264667 -2.965919 0.588811 -0.719237 1.737803 1.046423
170 3.1111203490 2.729800 -0.758020 -1.341536 0.092387 -0.904907 -1.469468 -2.022229 0.782751 1.647611 -1.985277 -2.780972 0.622200 -0.729577 2.322047 0.463891
171 2.7257571733 2.658458 -0.598856 -1.113725 0.092681 -0.416894 -1.902085 -1.933200 0.921733 1.902267 -1.206625 -2.969782 0.411664 -1.347496 2.331644 0.762047
172 2.8004020678 2.540405 -0.030094 -1.269300 0.103867 -0.180510 -1.689172 -1.890558 0.998909 2.174592 -0.636665 -3.086096 0.365155 -1.344513 2.063672 0.507949
173 2.2532043786 2.697660 -0.182407 -1.246516 -0.004479 -0.167335 -1.870239 -1.988098 0.991078 2.164838 -0.771311 -2.714383 0.303932 -1.319739 2.082906 0.819886
174 2.3106453356 2.582390 -0.175111 -1.167033 0.011440 -0.234704 -1.858900 -2.017082 0.878195 2.203526 -0.819969 -3.058962 0.437736 -1.008433 2.135193 0.468597
175 2.5006657560 2.956701 -0.024106 -0.976891 -0.054856 -0.144128 -1.764398 -1.917610 0.827403 2.211731 -0.366155 -2.581541 0.436450 -1.468748 2.166501 0.752880
176 1.8436426449 3.328230 -0.070814 -0.967439 -0.105295 -0.273391 -1.759087 -1.975499 0.868820 2.111591 -0.912585 -2.966096 0.250368 -0.972199 1.902935 0.780722
177 2.1780215944 2.343897 -0.058947 -0.984994 0.032472 -0.257940 -1.833490 -1.952252 0.897636 2.208037 -0.705882 -2.362983 0.454655 -1.200936 2.020037 0.976854
178 2.6579665737 2.344437 -0.361715 -1.155404 -0.106199 -0.470244 -1.790474 -1.933762 0.892032 1.931091 -0.391703 -2.725356 0.319647 -1.069153 2.212450 0.779148
179 1.8714289754 3.281273 -0.079187 -0.990959 0.146548 -0.455565 -1.890894 -2.061834 0.779783 2.076989 -1.080011 -3.090336 0.319406 -1.017797 1.926750 0.944019
180 2.1113329586 2.440052 -0.093916 -1.128803 0.227315 -0.167566 -1.920485 -1.973483 0.965847 2.264050 -1.018430 -2.712826 0.181301 -0.990234 2.035064 0.565883
181 2.0036504132 3.097055 -0.082273 -1.023874 -0.239659 -0.248009 -1.797817 -2.230713 0.869569 2.270143 -1.162198 -3.087075 0.224384 -1.105301 1.860558 1.119007
182 2.1270385071 2.769826 0.032571 -0.921492 -0.162263 -0.181153 -1.773975 -2.043156 0.748664 2.004944 -0.452630 -3.500277 0.059863 -0.777533 2.054784 0.925051
183 2.2331664986 3.917160 0.016695 -0.785671 -0.159299 -0.163139 -1.855085 -2.199070 0.983712 2.245591 -0.874336 -2.860388 0.311420 -0.869447 1.795235 0.444963
184 1.9793076013 3.283494 0.154250 -0.900113 -0.081265 -0.219548 -1.833068 -2.069773 0.776540 2.219773 -1.202596 -2.987072 0.083331 -0.966144 1.973746 0.597693
185 2.0676978738 3.121063 -0.282599 -0.903716 -0.149032 -0.168014 -1.874563 -2.016623 0.752830 2.172872 -1.047123 -3.312229 0.134575 -0.805348 1.778667 0.889938
186 1.9246139415 2.999504 -0.031718 -0.940349 -0.052603 -0.300266 -1.834588 -2.069253 0.788171 2.171920 -0.511403 -2.540104 0.104882 -0.954602 1.981637 1.058098
187 3.0355236060 4.344633 -0.320171 -1.092853 -0.104824 -0.362573 -1.674064 -2.220951 0.756902 2.189092 -1.206335 -2.473764 0.413090 -0.961528 2.044233 1.123571
188 2.6096353636 2.437680 -0.010304 -1.147308 -0.216031 -0.328975 -1.778193 -2.204655 0.789407 2.138814 -1.293816 -3.012729 0.317799 -0.832781 1.825442 0.710348
189 1.9856588733 4.211093 -0.173957 -1.099839 -0.021923 -0.327188 -1.838511 -1.988301 0.878718 2.003120 -0.960472 -3.325445 0.204504 -0.995073 1.972565 1.054969
190 2.4524614995 4.123350 -0.251647 -0.818000 0.042495 -0.236407 -1.854084 -1.866855 0.759055 2.043590 -0.652592 -2.580791 0.497971 -0.998848 2.010974 1.109918
191 2.2464582286 3.440687 0.079214 -0.863730 -0.043062 -0.473822 -1.699376 -1.804226 0.988906 2.149788 -1.101739 -3.133175 0.174322 -0.762382 2.047783 0.968920
192 2.3808370925 3.272941 0.017048 -0.899570 -0.264719 -0.243166 -1.755162 -2.120096 0.681966 2.252275 -1.113236 -2.926273 0.207952 -0.860657 2.056645 0.690276
193 2.2772648880 3.579839 0.005762 -0.948643 0.100702 -0.176369 -1.811451 -2.169502 0.905120 2.238710 -1.122780 -3.147003 0.328923 -1.021838 1.634853 0.988542
194 2.7337693736 3.329023 0.050038 -1.007206 -0.309296 -0.439186 -1.832619 -1.942905 0.707271 2.131241 -0.482969 -2.887786 0.076760 -0.944240 1.703262 0.514252
195 2.7492682383 3.253924 -0.029786 -0.832671 -0.316914 -0.195117 -1.711474 -1.956968 0.691272 2.100008 -0.442905 -3.056036 0.432699 -0.857554 2.142596 0.418294
196 2.0498937792 3.472521 -0.088890 -0.913616 -0.093424 -0.232155 -1.774688 -2.006399 0.890799 2.233510 -1.052298 -2.921960 0.200182 -1.067943 1.944033 0.666537
197 1.7648491335 3.198239 0.010299 -0.874257 -0.022845 -0.198543 -1.749464 -2.062801 0.934867 2.158986 -0.779159 -3.165787 0.198122 -1.066866 1.950169 0.849031
198 2.2470608143 3.228458 -0.042975 -0.918988 -0.236891 -0.259863 -1.769559 -1.927091 0.775611 2.190548 -0.729182 -3.154532 0.237610 -0.864506 1.828964 0.832411
199 1.7249088578 3.277670 -0.201669 -0.931735 0.002863 -0.228784 -1.731473 -1.949966 0.858693 2.036987 -1.006336 -2.872980 0.188745 -0.853608 1.972645 0.883972
200 1.7309944852 3.047429 -0.008463 -1.015832 0.002759 -0.279278 -1.790870 -2.004366 0.874305 2.066389 -0.837681 -2.759806 0.285236 -0.957156 1.844603 0.749565
201 1.6191970687 3.161773 -0.218061 -0.838502 0.047308 -0.195695 -1.771535 -1.887932 0.863748 2.044646 -1.168754 -2.907594 0.124793 -0.912817 1.950964 1.013206
202 1.8998096359 3.158483 -0.368368 -0.938297 -0.011438 -0.189779 -1.688094 -1.835597 0.927502 1.966345 -0.867668 -2.812139 0.242419 -0.883876 1.992463 0.907030
203 1.6013305319 3.134299 -0.091082 -0.834529 -0.072546 -0.218006 -1.834102 -1.823204 0.884971 2.030614 -0.970614 -2.996385 0.127966 -0.839194 2.067196 0.769740
204 1.6130745753 3.249574 -0.111071 -0.960433 -0.004453 -0.172156 -1.823633 -1.841675 0.844474 2.061360 -0.850087 -3.156770 0.140335 -0.910466 1.841346 0.902987
205 1.7791325891 3.214073 -0.337331 -1.025226 0.061195 -0.202151 -1.694025 -1.973952 0.937025 1.935559 -0.955888 -2.966558 0.126552 -0.919708 2.078393 0.774369
206 1.8500509553 3.149744 -0.160922 -0.779165 -0.030121 -0.190450 -1.776668 -1.613608 0.789498 2.003288 -1.067648 -2.776973 0.102892 -0.900632 2.110933 0.931603
207 2.0756244384 3.185186 0.058074 -0.755010 -0.044167 -0.246423 -1.844780 -1.670091 0.920926 2.025829 -0.936413 -3.209274 0.139967 -0.894834 2.144278 0.673393
208 1.4162344986 3.070112 -0.028421 -0.886613 -0.025889 -0.222710 -1.786777 -2.028299 0.797256 2.084032 -0.797444 -3.012113 0.084464 -0.844116 2.062646 0.932542
209 2.1520759467 3.264050 -0.253267 -0.842475 -0.040230 -0.171448 -1.906832 -1.665808 0.835146 2.055154 -0.863829 -3.214145 0.141795 -0.783752 1.981130 0.704092
210 1.4765851899 3.092889 -0.000398 -0.856323 -0.110509 -0.244704 -1.767156 -1.710351 0.921530 2.018478 -0.997120 -3.002309 0.081143 -0.860125 1.891175 0.913436
211 1.9022358321 3.081814 0.241116 -0.699291 -0.062333 -0.264283 -1.659633 -1.872928 0.916603 1.915888 -0.898704 -2.924750 0.006451 -0.979699 1.957059 0.675934
212 2.0675834602 2.746641 0.325293 -0.723715 0.038836 -0.235610 -2.033627 -2.002150 0.853660 1.910880 -0.999515 -3.370995 -0.016854 -0.807033 1.981006 1.190466
213 2.0382110128 3.536379 0.317082 -1.067704 -0.219860 -0.100506 -1.985747 -2.106730 1.042330 1.947762 -0.672069 -2.835356 -0.079600 -0.783493 2.087682 1.082200
214 1.8650761071 3.488898 0.010422 -0.705209 0.082192 -0.149919 -1.912490 -1.962570 0.895850 1.981023 -0.689167 -2.951708 0.072939 -0.734009 2.072587 1.069083
215 2.1160039371 3.074959 -0.357245 -0.878686 -0.289240 -0.272954 -2.024560 -2.177713 0.759111 1.905057 -0.933613 -2.696030 -0.023755 -0.758052 1.892515 0.996121
216 1.9249142661 2.825764 0.093916 -0.914040 -0.016298 -0.133756 -1.594824 -2.238278 0.564858 2.114726 -1.077650 -3.157712 -0.050566 -0.880534 1.919227 0.931033
217 2.1208992494 3.119704 -0.268617 -0.892762 -0.064755 -0.072788 -1.801860 -2.288936 0.961148 1.946001 -0.768511 -2.540658 0.088700 -0.814477 1.673411 1.040022
218 2.4381818856 3.093854 -0.221599 -1.040447 -0.030030 -0.256378 -1.687811 -1.967726 1.037452 2.189600 -0.616364 -3.317674 0.056508 -0.704215 2.346786 1.060057
219 1.7366221877 2.931985 -0.093204 -0.740309 0.094814 -0.335011 -1.740679 -2.254527 0.801375 1.982030 -1.022303 -2.867316 -0.055390 -0.996903 1.965805 1.014294
220 2.2766192902 3.323163 0.086438 -0.842099 0.126017 -0.112134 -1.659928 -1.888578 0.645194 2.083884 -1.068471 -2.793998 -0.067503 -0.731356 1.636196 0.836095
221 1.8348879440 3.087833 -0.166459 -1.035623 0.174330 -0.287184 -1.580794 -2.158035 0.898549 1.905603 -0.980040 -2.791780 -0.057162 -0.784899 1.962616 0.859259
222 1.9448642510 2.671449 0.223555 -0.779844 -0.087334 -0.311462 -2.015061 -1.900125 0.914401 1.896673 -1.126497 -2.797871 -0.114963 -0.787094 1.953690 1.152031
223 1.6902124221 2.845437 -0.050104 -0.877631 -0.191303 -0.242134 -1.989981 -1.705391 0.900835 1.884766 -0.665918 -3.055253 -0.004175 -0.919447 2.094250 1.141243
224 2.0216122997 3.293576 -0.016571 -0.856672 0.202376 -0.151977 -1.655463 -1.906297 0.976449 1.899120 -1.189913 -3.252189 -0.008131 -0.814463 2.136941 1.114230
225 1.6014926999 2.976117 0.075682 -1.043221 -0.160055 -0.178007 -1.557734 -1.821681 0.950469 2.112524 -0.891294 -3.087198 0.106638 -0.898855 2.179995 0.922364
226 1.4300799605 3.098121 -0.005421 -0.956958 -0.139527 -0.177038 -2.062348 -1.854365 0.870222 2.014556 -0.689404 -2.902923 0.046108 -0.890610 2.035242 0.851217
227 1.5987565592 2.868617 0.080392 -0.935999 -0.067124 -0.202958 -1.727934 -2.125948 0.769125 2.085960 -0.792605 -2.894340 0.062963 -0.810547 2.015695 0.949973
228 1.6830805644 2.885088 -0.064211 -0.972778 -0.047744 -0.243808 -1.775611 -2.170067 0.813509 2.057882 -0.631490 -2.962579 0.105322 -0.781548 2.055097 0.995089
229 1.7646139246 3.118109 -0.047220 -0.986916 0.105282 -0.261448 -1.662622 -1.970828 0.777619 2.079105 -0.688072 -2.883361 0.106270 -0.842750 1.981005 0.870080
230 1.8018229112 3.249133 0.078546 -0.870440 -0.027616 -0.184213 -1.648669 -2.097899 0.847872 2.061743 -0.658111 -3.046936 0.072383 -0.866372 2.052288 0.888411
231 1.3585866631 2.891724 0.052703 -0.868721 -0.102224 -0.236973 -1.908359 -1.879104 0.800643 2.129578 -0.978263 -3.038700 0.012590 -0.895739 1.979372 1.000623
232 1.8242146003 2.913548 -0.136132 -0.810679 0.011464 -0.200748 -1.669361 -1.845580 0.847361 2.121765 -0.649862 -2.947327 -0.002063 -0.840791 2.136563 0.951069
233 1.4752340529 3.010257 -0.050681 -0.834117 0.092900 -0.226050 -2.124915 -1.916113 0.824777 2.071905 -0.951939 -2.919204 0.062287 -0.784116 2.085746 0.857975
234 1.4047632902 2.854576 -0.028831 -0.908464 -0.047128 -0.210957 -2.075325 -2.174241 0.809688 2.082099 -0.824863 -2.899091 0.021371 -0.904497 2.017805 0.941775
235 1.8698920911 2.859795 -0.011671 -0.810202 0.201162 -0.282315 -1.447261 -2.161526 0.736997 2.093138 -0.943900 -3.017037 0.067961 -0.803301 2.068905 0.947545
236 1.3317973509 2.956170 0.097773 -0.790135 0.025099 -0.214371 -2.000887 -1.821644 0.832581 2.096129 -0.864537 -2.994147 -0.006342 -0.919487 2.062213 0.967160
237 1.4180942905 2.816836 -0.030459 -0.921315 -0.217900 -0.217765 -1.965718 -1.926091 0.866052 2.171938 -0.846157 -2.975980 -0.020958 -0.932381 1.997238 0.965227
238 1.5888675967 2.908157 0.050030 -0.905315 -0.186413 -0.277638 -2.065797 -1.718374 0.772032 2.179814 -0.976430 -2.979675 -0.035256 -0.973678 1.969170 1.055730
239 1.6562935354 2.925115 0.001306 -0.826204 -0.097624 -0.179229 -1.696962 -1.660159 0.794399 2.127621 -0.899614 -2.980997 0.057817 -0.886756 1.888990 0.967513
240 1.5567924015 2.822214 0.084161 -0.889709 0.029742 -0.157630 -1.757190 -1.720219 0.856843 2.171588 -1.038191 -2.936421 0.092390 -0.887599 2.055774 1.009512
241 1.6791668537 2.877867 0.176623 -0.871271 -0.223319 -0.156165 -2.154257 -1.674511 0.769940 2.121213 -0.919776 -3.046857 -0.005766 -0.950700 2.100011 1.000153
242 1.5182508091 3.013746 0.245096 -0.829901 -0.109935 -0.185252 -2.193980 -2.017275 0.801271 2.123675 -0.911398 -2.918157 -0.098445 -0.981787 2.101073 0.955130
243 1.5397615227 2.969776 0.018905 -0.851344 0.281948 -0.244928 -2.199268 -1.859563 0.880524 2.049269 -0.848045 -2.907083 0.021605 -0.969230 1.951224 0.911378
244 1.6959424915 3.046731 0.230540 -0.729817 0.263623 -0.214970 -2.163047 -2.021741 0.826739 2.128491 -0.960753 -3.044444 0.100033 -0.972012 1.934274 0.968287
245 1.7422499121 3.012106 0.009786 -0.744191 -0.185467 -0.120982 -2.198508 -1.806145 0.814868 2.095878 -0.715546 -3.093113 -0.066482 -0.951977 2.125652 0.892520
246 1.7794510948 2.831696 0.048769 -0.797168 0.235093 -0.298113 -2.139149 -1.889620 0.849243 2.114073 -0.677714 -2.911313 -0.055445 -0.966604 2.027499 1.062144
247 1.2769279041 2.896055 0.088592 -0.867531 -0.162171 -0.148748 -2.070577 -1.917651 0.834319 2.120477 -0.912775 -2.972331 -0.096744 -0.876940 1.973742 0.964752
248 1.5463860834 2.850307 0.013090 -0.776625 0.136414 -0.167866 -1.941513 -1.762501 0.842740 2.114555 -0.703556 -2.966601 -0.065622 -0.985314 2.020619 1.052939
249 1.4485999457 2.920839 0.128462 -0.754742 0.077597 -0.223056 -1.979762 -2.014495 0.858333 2.067018 -0.834129 -3.027085 0.106709 -0.897115 2.158727 0.984479
250 1.2401766363 2.895500 0.011455 -0.842626 0.057164 -0.150725 -2.114557 -1.812275 0.855489 2.070025 -0.934274 -2.898924 0.016422 -0.939329 2.032093 0.977681
251 1.2462231405 2.802864 -0.080850 -0.881538 -0.076901 -0.109033 -2.074066 -1.911895 0.918372 2.102533 -0.927870 -2.896843 -0.005177 -0.879720 2.100561 0.924316
252 1.3041840696 2.815233 -0.009338 -0.845443 -0.101862 -0.163352 -2.002378 -1.837569 0.883786 2.124704 -1.068250 -2.956455 -0.100593 -1.007697 1.965553 1.006594
253 1.3898305734 2.762675 0.078595 -0.830965 0.027913 -0.181612 -2.032281 -1.896361 0.928111 2.076951 -1.061970 -2.804128 0.111514 -0.889751 2.092505 0.958720
254 1.5518501436 2.844590 0.064793 -0.915009 0.056684 -0.113147 -2.179647 -1.777330 0.849919 2.057450 -0.757333 -2.757374 -0.006975 -0.971972 1.963153 0.910388
255 1.5073313114 2.845496 -0.037975 -0.772989 0.059343 -0.055362 -2.234305 -1.739659 0.844285 2.012970 -0.940075 -2.976610 0.135625 -0.888039 1.934191 1.078139
256 1.2572469660 2.839782 0.070750 -0.947002 0.026547 -0.215651 -2.196226 -1.953571 0.908037 2.113299 -1.035833 -2.837051 -0.052708 -1.002899 1.969931 0.967613
257 1.3047467705 2.782834 -0.104440 -0.893424 0.048892 -0.096192 -2.080662 -1.737753 0.929624 2.080447 -0.918051 -3.044125 0.126793 -0.958417 2.029556 0.968522
258 1.5870819518 2.968030 0.081750 -0.745495 0.020616 -0.076554 -2.267088 -1.834929 0.857152 2.053378 -0.757535 -3.005745 0.017563 -0.849877 2.082485 1.041376
259 1.3417699635 2.910666 0.020616 -0.932416 0.146410 -0.081977 -2.262601 -1.882205 0.875806 2.124347 -0.975067 -2.987885 -0.110310 -0.992066 1.949224 0.903343
260 1.2374209796 2.893293 -0.081044 -0.943585 0.146758 -0.064840 -2.208427 -1.800746 0.916008 2.049394 -0.967894 -3.040344 0.022850 -1.016553 2.111503 1.049679
261 1.4610013388 2.748768 -0.135550 -0.950086 0.111026 0.003621 -2.318041 -1.911843 0.900485 2.107096 -0.827231 -3.004319 0.017067 -0.947589 2.028904 1.134252
262 1.5247823361 2.659723 0.003178 -0.953707 0.086177 -0.141937 -2.224961 -1.899286 0.865921 2.103047 -1.023455 -3.193172 -0.066140 -0.947796 2.097260 0.951426
263 1.1717689016 3.062989 -0.181973 -0.979900 0.119275 -0.026901 -2.103549 -1.915590 0.927102 2.009332 -0.883252 -3.097307 0.077573 -0.938601 2.096401 1.034139
264 1.6591969388 3.189988 -0.186118 -0.904346 0.167345 -0.077849 -2.382091 -1.809490 0.891038 2.056968 -0.970568 -3.149160 0.073399 -1.014691 1.993935 1.047484
265 1.5706811000 2.755228 -0.053397 -0.934311 0.073351 -0.012323 -2.405907 -1.789514 0.863881 2.045391 -1.008030 -3.028693 -0.056967 -1.099608 2.162951 1.014055
266 1.1434250850 2.995124 -0.091324 -1.014324 0.189984 0.074274 -2.001123 -1.981942 1.003750 1.992060 -1.006569 -2.971877 -0.058473 -0.952154 2.195197 1.014449
267 1.2103136468 3.059245 -0.104726 -0.947717 0.254876 -0.062005 -2.033907 -1.909186 0.973941 2.039387 -0.911558 -3.005477 -0.058735 -1.023457 2.157275 1.113554
268 1.0348785559 3.051720 -0.075546 -0.943938 0.046531 0.043916 -2.159814 -1.968140 0.904786 1.976022 -0.965769 -3.025891 -0.049252 -0.961352 1.951097 1.095879
269 1.2138617060 3.017240 -0.148356 -1.044300 0.038495 0.034015 -2.151571 -1.894923 0.881938 2.028527 -1.017437 -3.012760 0.001259 -0.921014 2.219265 1.117111
270 1.0463372210 3.101160 -0.082282 -1.002294 -0.044661 0.065830 -2.085639 -1.943388 1.025095 2.020468 -0.884153 -2.995444 0.045088 -0.960407 1.935255 1.164284
271 1.4533387055 2.999137 0.091996 -0.957011 0.022131 0.309318 -2.171999 -2.011288 0.957754 2.078476 -0.885939 -3.098762 -0.190316 -0.959889 1.887975 0.818312
272 1.9311108460 2.875479 -0.217840 -1.004922 -0.288771 0.410170 -1.915153 -2.117051 1.062630 1.906455 -1.006521 -2.991657 -0.062527 -1.063547 2.077735 1.458187
273 1.6981472545 2.967913 0.071026 -1.060733 0.328069 0.363143 -2.028208 -2.057619 1.100594 2.053385 -1.051308 -3.042903 -0.217057 -0.833787 1.809342 1.093558
274 1.8717279614 3.227515 0.036928 -1.107805 0.109847 -0.295304 -2.176848 -1.850239 1.045885 1.881668 -1.149723 -3.091889 -0.042849 -0.920878 1.696297 0.785461
275 2.3345296811 2.859584 -0.255391 -0.826328 -0.316570 0.178017 -2.357085 -1.934423 1.132617 2.029898 -1.138165 -2.832104 -0.235574 -0.836058 2.116149 1.288820
276 1.5705270637 3.207451 -0.169915 -0.944730 0.054743 0.261635 -2.009754 -1.798061 0.982194 2.030284 -0.876400 -2.825600 -0.170677 -1.091117 2.063535 0.951804
277 1.9007802708 3.284639 -0.057179 -0.915821 -0.258038 0.216769 -2.005655 -2.150450 0.718658 1.839486 -0.817139 -3.084911 0.081551 -1.081363 2.210078 0.988951
278 1.9110244715 3.466466 -0.154622 -0.805298 -0.270396 0.316621 -1.900456 -1.829297 1.119161 1.931233 -0.937279 -2.905365 0.079307 -1.094091 2.010932 0.930190
279 1.3519125846 3.198030 -0.028123 -1.093961 0.167967 -0.035189 -2.044167 -1.863132 0.877363 2.076800 -1.032222 -2.828862 -0.018130 -0.867520 2.145987 1.061422
280 2.0037395862 3.355493 -0.190950 -0.775593 0.370994 0.263762 -2.068122 -1.993780 0.876523 2.038627 -1.015528 -2.895768 0.066762 -1.121281 2.138425 0.915244
281 1.6386009292 3.021462 0.015846 -1.035502 0.250569 0.155374 -1.939343 -2.027985 0.860348 1.953167 -0.879423 -3.309221 0.108107 -1.096007 1.775278 1.085922
282 1.5362583658 2.912699 -0.062318 -1.078613 0.149971 -0.129358 -1.949924 -2.016323 0.686604 2.016647 -1.048833 -3.111174 0.093086 -1.033947 2.070066 1.337302
283 1.9774324821 2.936447 -0.098185 -0.810929 0.303511 -0.051266 -2.214765 -1.998915 0.880950 2.114692 -1.168704 -2.977898 -0.185328 -0.776301 2.300669 0.783914
284 1.4143669355 2.975923 0.018257 -1.006235 0.033406 0.178506 -2.069757 -1.981954 0.710518 1.984661 -0.921520 -3.184433 0.056537 -0.793050 2.165777 0.968093
285 1.3369304890 3.151001 -0.027819 -0.927812 0.116378 -0.112601 -2.020323 -1.959315 0.998271 2.001580 -0.942413 -2.974902 -0.207699 -1.001192 1.655097 1.120796
286 1.1396769970 3.008413 -0.064092 -0.955440 0.027148 0.027213 -2.060028 -1.857631 0.875429 2.053659 -0.868690 -3.044643 -0.011168 -0.919843 2.084059 1.094665
287 1.1808146054 2.953410 -0.000544 -1.020967 0.062895 0.110941 -2.117892 -2.077921 0.984650 2.016418 -0.909494 -3.135423 -0.012254 -0.882630 1.856262 1.149710
288 0.9492301748 2.953999 -0.030634 -0.928007 0.005604 0.002215 -2.021307 -1.858549 0.906890 1.902667 -0.887071 -2.958845 -0.018499 -0.955323 2.036177 1.017092
289 1.0205058948 3.074815 -0.063237 -0.903311 0.038625 -0.042041 -2.047793 -1.949158 1.037660 1.973990 -0.914334 -2.976881 0.009306 -0.962491 2.022325 1.098862
290 0.9600622771 3.042489 -0.032396 -0.967706 0.117268 0.003989 -2.033405 -1.992638 1.058369 2.019772 -0.920813 -3.097348 -0.045539 -1.017978 1.983841 1.061003
291 1.0330708065 3.031230 -0.122608 -0.942507 -0.040468 0.006584 -1.999334 -1.961443 1.079559 1.866111 -0.891167 -3.076068 -0.069618 -0.890313 2.025781 1.020576
292 1.2390252532 2.997152 0.061102 -0.922038 -0.010941 -0.017952 -2.046150 -1.874073 1.104954 1.709872 -0.900811 -2.895120 0.060189 -0.913028 2.051362 1.156527
293 1.1838307671 3.004355 0.070711 -0.973095 -0.029775 0.014090 -2.053777 -1.830031 1.121072 1.833911 -0.886404 -3.060551 0.092603 -0.920526 2.006514 1.063089
294 1.1010555028 2.966759 0.079499 -0.941918 0.033814 -0.106392 -2.013343 -1.879927 0.819152 1.960957 -0.899917 -2.913784 0.005385 -0.947163 2.131045 1.101504
295 0.9783129227 3.036733 -0.070830 -0.937740 -0.001857 0.013510 -1.904768 -1.910541 1.090309 1.914792 -0.882288 -3.006333 -0.021581 -1.027006 1.975381 1.046642
296 1.1938932600 3.013189 -0.120433 -0.962848 0.077169 -0.069776 -1.981974 -1.909796 0.927115 1.882339 -0.806094 -2.936095 -0.116588 -1.014589 2.186189 1.023908
297 1.3189418071 2.921242 -0.010222 -0.885267 -0.048580 0.113130 -1.920621 -1.778719 1.098664 1.937223 -0.791694 -3.075856 -0.122016 -1.044927 2.039019 1.067260
298 1.0611696511 2.918149 -0.116112 -0.937384 -0.027367 -0.059729 -2.021356 -1.810461 1.086751 1.957379 -0.988382 -3.046494 0.013062 -1.009234 1.955507 1.115306
299 1.0261430238 2.971506 -0.046598 -0.904297 0.083361 0.037830 -1.978307 -1.968741 1.050355 1.895455 -0.901320 -2.983179 0.084973 -0.959884 2.066368 0.993045
300 0.9837740728 2.950248 -0.002384 -1.009545 0.015301 -0.005632 -1.936504 -1.770620 1.034251 1.995005 -0.942512 -3.094042 0.062499 -0.963858 2.021665 0.995041
301 1.0232324263 3.028566 -0.113161 -1.009817 -0.028309 0.057034 -2.026752 -1.953617 1.039905 1.848507 -0.973568 -3.026330 -0.112570 -0.989860 1.986230 1.105475
302 1.0388587773 3.029731 -0.063362 -0.997917 0.019554 0.015701 -2.134367 -1.828484 1.108401 1.949878 -0.954425 -3.053032 -0.018006 -0.922014 1.913289 0.978672
303 1.3031764956 3.052096 0.047954 -0.985902 -0.018827 -0.098952 -1.954332 -1.943862 0.870213 1.806845 -0.783437 -3.059884 0.090517 -0.866454 2.073595 1.128253
304 1.2016322276 3.033177 -0.047137 -0.908107 0.004515 0.119513 -1.956649 -1.790072 1.103889 1.883017 -0.881114 -2.999366 -0.036279 -0.996889 2.005420 1.147162
305 1.0265797024 2.954243 -0.050490 -0.989012 0.011966 -0.091371 -2.034520 -1.794921 1.028776 1.976073 -0.983675 -2.869285 0.034036 -0.933776 1.933261 0.993078
306 0.9044977242 2.958085 -0.026429 -0.908127 -0.034195 0.063810 -1.996449 -1.916666 0.980909 1.904026 -0.938798 -2.954731 -0.076041 -0.932792 1.996597 1.009600
307 0.9290360068 2.943991 0.021550 -0.942808 0.032593 0.062618 -2.024354 -1.876873 0.923949 1.925260 -0.931809 -2.943053 -0.014006 -0.982203 2.032905 0.987378
308 0.9782924534 3.002457 -0.067975 -0.955369 -0.000387 0.011346 -2.047273 -1.894160 0.999724 1.952167 -0.859335 -2.992532 0.016901 -0.937223 2.079462 0.959406
309 1.0421550545 2.919253 0.020616 -0.927588 0.030818 -0.019409 -1.969110 -1.871232 0.972893 1.907405 -0.882530 -3.032769 -0.021843 -0.955583 2.101338 1.047523
310 0.9963791931 2.992543 -0.057477 -0.934628 0.028686 -0.048388 -2.068519 -1.906245 0.940310 1.933322 -0.851571 -2.965835 0.028197 -0.939068 1.968445 0.953457
311 0.9861002774 2.936439 -0.058181 -0.931667 -0.083747 -0.000938 -2.004272 -1.896474 1.061675 1.950359 -0.981295 -2.973651 -0.068458 -0.950854 1.939010 1.054859
312 0.9091274992 2.982617 -0.035543 -0.934790 -0.042712 0.004099 -2.064822 -1.891160 1.029267 1.900889 -0.983970 -2.937153 -0.044055 -0.939009 1.955360 1.008561
313 0.8947057040 2.985105 -0.002796 -0.949675 0.011683 0.040160 -2.013322 -1.882618 1.040594 1.923273 -0.958901 -2.888826 -0.070682 -0.966943 1.959620 0.977463
314 0.9905210037 2.996361 -0.046475 -0.949233 -0.049437 0.009174 -2.027287 -1.864639 1.077705 1.943646 -0.990495 -2.919673 -0.046361 -0.950661 2.055426 1.012118
315 0.9387681228 2.998878 -0.009168 -0.887327 0.025368 0.060489 -2.061285 -1.915808 0.907272 1.906776 -0.962588 -2.965986 -0.033020 -0.960807 2.004007 1.059516
316 0.9266750836 3.004289 -0.019576 -0.962220 0.040631 0.034518 -1.978226 -1.929300 1.000903 1.959450 -0.983140 -2.875810 -0.059566 -0.993182 2.027343 1.007912
317 0.8601482147 2.940695 -0.005698 -0.997546 -0.022235 0.001253 -2.010405 -1.933982 0.989889 1.959972 -0.922537 -2.914414 -0.013104 -0.982753 1.969308 1.024777
318 0.9586121781 3.012118 -0.005537 -0.943340 -0.005298 0.068915 -1.960884 -1.923115 1.115117 1.901484 -0.987377 -2.844678 -0.041530 -0.938191 2.028006 0.955573
319 0.8560917778 2.956849 -0.010410 -0.936245 0.008427 0.022491 -1.987086 -1.925391 1.040818 1.909275 -1.015852 -2.892449 -0.046372 -1.000937 1.997048 0.991494
320 0.9706928684 3.001975 0.044217 -0.909453 -0.033024 0.000804 -1.995543 -1.874023 1.061117 1.907287 -0.917234 -2.854751 -0.092811 -0.972865 1.973238 1.001678
321 0.9168924675 2.968437 0.010861 -1.005339 -0.018055 -0.088335 -2.073331 -1.896311 0.971774 2.012803 -1.041416 -3.050184 -0.031483 -0.987870 2.055182 1.031176
322 1.0801810002 3.039121 0.058279 -1.016003 -0.080917 -0.069540 -1.915392 -1.854274 0.962767 1.927008 -0.924976 -2.841077 0.008248 -0.930421 1.948763 1.108836
323 1.0248853072 2.939306 0.068940 -0.892530 -0.028031 -0.044255 -1.958455 -1.894152 0.949251 2.007701 -1.027763 -3.054829 -0.090350 -0.973024 1.999332 0.872928
324 0.9811507307 3.021762 0.081027 -0.998041 -0.058363 -0.008857 -2.033949 -1.944108 1.081434 1.900796 -0.979577 -3.034202 -0.006134 -1.090551 2.002025 0.924413
325 0.9372577404 2.961351 -0.031717 -0.965394 -0.062885 0.134437 -2.001332 -1.937203 1.028144 1.970569 -1.049231 -2.996848 -0.053987 -0.963735 1.973250 1.112173
326 0.9321137909 2.917604 0.038581 -1.027456 -0.005635 0.036940 -2.049290 -1.935326 1.079698 1.957952 -0.991761 -3.015059 -0.006241 -1.015279 1.951308 0.975958
327 0.9271414793 2.911788 0.031005 -0.924518 -0.084078 0.050189 -1.974228 -1.960884 0.958910 2.013798 -0.964251 -2.994615 -0.024021 -0.980042 2.067377 0.973654
328 0.9834877784 2.995333 0.103804 -0.942147 0.096722 -0.084314 -2.098097 -1.992112 1.108182 1.982291 -1.006374 -3.009590 -0.016278 -0.961593 2.056235 1.064366
329 1.0134655944 2.902738 0.063001 -0.931120 0.013588 0.059688 -1.984727 -1.845331 1.103104 1.940425 -1.015874 -3.030322 0.056845 -0.998154 1.876682 1.007000
330 0.9425076180 2.952045 -0.020007 -0.886062 0.015837 -0.069696 -2.025600 -1.926270 0.944526 1.947749 -1.041166 -2.951433 0.012504 -0.993553 2.027352 1.077738
331 0.9998829369 2.948683 0.076939 -0.964484 -0.070404 -0.118849 -1.972086 -1.938575 0.960522 2.000990 -0.971248 -2.824392 0.066532 -1.011300 2.062593 0.919877
332 1.1477331036 3.030871 -0.032934 -1.026011 -0.056305 0.064991 -1.945221 -1.868706 1.047720 1.904098 -1.030907 -2.749963 0.025291 -1.090091 2.129781 1.064618
333 0.9515786342 3.006569 -0.018309 -0.915867 -0.044913 -0.029300 -2.027650 -1.896312 0.909981 1.925101 -1.078386 -2.974690 -0.040219 -0.975429 2.089121 0.954182
334 1.0026604531 3.036940 -0.047226 -0.984482 -0.015378 -0.027826 -2.113096 -2.007563 0.951651 1.931247 -0.941383 -2.928818 -0.038185 -0.985332 1.912858 0.909999
335 1.0397172219 2.975639 -0.063480 -0.999438 -0.008143 -0.066457 -2.092553 -1.952223 1.095196 2.004886 -0.954232 -2.828998 -0.114516 -1.090543 1.905805 1.083697
336 0.9158658066 2.992459 -0.004800 -0.922100 0.064974 -0.010162 -1.963847 -1.956626 0.990932 1.951042 -1.004718 -2.849531 -0.028436 -0.993922 1.987469 0.974086
337 0.9286303912 2.921138 0.006806 -0.894451 0.026602 0.044370 -1.933017 -1.984638 1.023464 1.920905 -1.043063 -2.868769 -0.013492 -1.006101 1.976554 0.998483
338 0.9774137380 2.912485 -0.021264 -0.934168 -0.051752 0.088501 -2.039691 -1.902791 1.077803 1.910194 -0.945280 -2.865352 -0.001879 -0.981129 2.055763 0.986396
339 0.9683373701 2.972890 -0.015167 -0.973255 -0.045713 0.081337 -2.009060 -1.969403 1.017144 1.915717 -1.037128 -2.908730 -0.098821 -0.997724 1.969850 0.927710
340 0.9270883405 2.994323 -0.019247 -0.947152 0.044108 -0.034924 -2.052500 -1.950611 1.064935 1.935789 -1.033876 -2.906518 -0.000362 -0.995537 1.957781 0.966553
341 0.8782339834 2.939720 -0.026271 -0.976640 0.001761 0.015376 -1.990751 -1.888796 1.015485 1.965334 -0.996023 -2.952738 0.006649 -0.993069 2.011967 1.044789
342 0.8909441753 2.981605 0.004588 -0.919621 -0.033087 0.092686 -2.035959 -1.952324 1.010735 1.888916 -0.977957 -2.926746 -0.015214 -0.989741 1.965609 1.046272
343 0.8899074110 2.975675 -0.009490 -0.968552 0.002541 0.008908 -1.953180 -1.979367 1.091217 1.893045 -0.975918 -2.871670 -0.003549 -1.038279 2.025059 1.033794
344 1.0070086487 2.960387 0.034199 -0.967616 0.005903 0.040810 -2.037199 -1.923864 1.040258 1.912619 -1.080347 -2.837361 -0.030108 -1.032530 2.031375 1.008730
345 0.9395744296 2.994200 0.036145 -0.966256 -0.039289 0.068630 -2.026671 -1.935513 1.055376 1.959033 -1.044432 -2.878929 -0.016411 -1.008829 2.038184 0.947176
346 0.8934776972 2.973246 -0.046352 -0.969114 -0.026426 0.035715 -1.966256 -1.974304 0.992511 1.908734 -1.038062 -2.951368 0.009060 -0.971429 2.058739 0.998408
347 0.8857966106 3.005022 -0.000665 -0.929206 -0.029961 -0.005132 -1.943663 -1.974640 1.064478 1.962669 -1.066711 -2.957389 0.010981 -1.025468 1.952613 1.051390
348 0.8805201118 2.957963 -0.010992 -0.904562 0.059538 0.050984 -1.968234 -1.964700 1.002748 1.921816 -1.000514 -2.964009 -0.075576 -1.009679 1.946686 0.965750
349 0.9179844190 2.969616 0.002688 -0.949694 -0.038674 -0.015821 -1.954380 -1.969680 1.043742 1.910074 -1.050745 -2.926671 -0.062417 -0.986197 2.001734 1.045422
350 0.8836824299 2.916274 0.001952 -0.972111 0.033360 -0.005679 -2.055246 -1.982641 1.036162 1.947780 -1.035193 -2.942529 -0.012310 -0.985671 2.017272 0.998503
351 4.1272940605 1.336860 -1.265656 -3.977856 0.174421 -1.085645 1.623432 -4.433430 1.208405 4.810817 1.554721 -1.881373 2.051691 0.212924 -4.866454 -2.263619
352 5.6797641638 -1.525828 -1.974542 -4.548111 1.377996 -0.527671 3.626130 -0.736769 -1.633288 -1.322373 1.670553 -2.499785 -2.485008 -4.880634 -4.689998 1.480860
353 4.5246877146 -1.126799 3.982882 2.548103 0.671832 4.693611 -2.964761 2.662118 -0.496664 -0.026086 -2.365185 -3.443294 -3.773428 1.026157 -3.241332 -2.795225
354 4.3850078453 1.825015 -1.654865 4.032467 1.467354 -1.414188 -4.580811 3.475536 -2.360298 2.044193 -3.598497 0.329609 -0.695750 -1.988974 -2.954838 0.038505
355 4.0627072399 -4.872625 -0.125985 -0.551838 -4.608975 0.193585 1.761615 -1.426715 1.494606 -2.662913 -1.028628 -0.133920 -1.121064 -3.505725 3.816108 -2.052384
356 5.4393820233 0.402450 -2.748428 0.689097 3.867531 -3.388843 -3.139205 -2.194905 2.554127 3.775520 4.767566 4.348328 -1.987768 4.545647 -0.981406 -3.392154
357 4.8246759138 0.159349 2.858700 -3.671828 1.926963 -4.273851 -2.300844 2.271972 2.112972 4.608875 -2.242869 4.874373 -4.939476 -4.014325 -1.149698 -4.048747
358 4.6749162704 0.928143 3.374311 4.525781 -3.202882 -3.909310 1.162719 2.467889 4.085786 -0.831973 4.216840 2.647160 -3.473294 0.476982 1.911410 0.894072
359 5.0669339459 -3.850836 -3.117218 -3.001940 1.681262 3.944971 2.464228 -0.026815 3.600065 -2.793754 4.509997 1.082321 1.270766 4.979403 -3.848608 4.332989
360 5.5411292942 -3.338236 3.874746 3.485880 -2.192572 2.368511 1.222651 -4.555821 4.256081 -4.115218 3.166743 3.152340 2.244550 1.915909 3.309373 -3.633017
361 6.2130054077 4.765765 -2.476938 4.852573 3.565276 -4.432884 4.086616 -2.471542 -4.496314 -3.135301 0.061644 4.077692 2.756956 -1.136402 -1.539381 -4.323113
362 8.4150208808 -0.958354 4.435966 -0.972673 4.492108 -3.756500 -0.323506 3.702920 -0.270893 -4.561475 1.017758 -2.997994 0.947979 -1.314832 -3.571198 4.487305
363 6.1290532138 3.020798 -3.343772 0.462277 -1.592118 -4.600211 4.504483 4.071837 -3.127469 2.770548 -4.799734 0.492996 3.420359 -2.706639 0.256619 -4.530916
364 3.5635120085 -0.674276 -2.874615 0.275559 -0.245872 1.987887 2.097988 -3.527851 2.108939 -2.083982 0.339148 4.201111 2.521551 -0.000963 -2.724790 1.442792
365 3.9005209174 -0.023811 -4.745609 -1.840104 0.991587 0.625479 3.034811 1.971762 0.479751 -0.663543 -4.584949 0.013345 -4.242997 4.013425 0.865096 2.397900
366 4.1849900717 2.730400 2.012816 1.490336 -2.769943 2.248448 -1.140930 4.659638 3.866653 -0.199043 2.539676 -3.121751 -0.157443 -3.387382 2.434376 -1.080680
367 4.6951029977 2.834674 -2.195935 1.882997 2.326757 4.454960 0.226073 -0.946288 -2.864323 -2.515844 3.619947 -4.676569 -0.528170 2.233281 -4.024353 -0.440714
368 4.4192096852 -3.103367 -0.486603 -4.944171 2.832095 -2.343809 -0.810754 -3.003523 -1.016086 -4.358511 -0.584841 -2.744097 1.671302 -0.473955 4.281833 -0.234934
369 6.1457964116 -4.251955 0.536685 3.364024 -2.989512 -2.708468 -1.430166 -3.731074 4.626583 0.353725 -0.535447 -1.942570 -4.579155 -4.304130 -4.427242 -0.631563
370 4.3757811403 -2.123578 -4.350077 -1.208127 3.423061 2.953961 -3.335976 -0.469129 1.776627 4.169818 4.074420 2.385395 -1.508684 0.857774 2.198393 1.963552
371 5.0009836786 0.672964 -0.994606 1.115869 -4.136435 -2.978163 -3.466862 3.014108 4.902759 -4.978894 2.770185 4.613468 3.488284 -0.324230 2.865302 -2.653541
372 5.2039604792 3.519106 -4.850373 -4.118524 -3.688853 2.688542 2.991016 -1.605008 -1.871028 1.435011 -1.369921 3.863176 0.647774 0.604468 -2.538613 -1.492068
373 4.7545310104 1.516042 -0.670602 -2.212485 4.713890 -1.933030 -4.292551 1.512521 0.003143 -3.378654 -2.731546 1.284092 4.356041 3.113394 -1.889446 3.873026
374 4.1786853961 2.460317 4.988245 2.954999 4.234585 1.473347 -0.605526 4.811260 -3.809316 0.664705 0.637316 2.113859 -0.965243 -3.021512 -1.888218 1.041087
375 4.6418386422 -0.548434 0.861474 4.131107 -1.443900 1.367541 -0.426215 1.725827 2.676278 1.465450 -0.232389 -1.447881 -4.092344 -0.956585 4.600375 -2.528621
376 4.3105056426 1.942697 1.436201 -2.531590 1.132322 -2.169306 -2.717744 0.258853 0.677968 3.637331 -4.186250 -3.838298 -2.993752 2.823996 4.812040 3.066486
377 4.0562632217 -1.413792 0.010603 -2.672701 -0.738669 -0.307947 0.653733 0.665524 0.227358 2.475309 -4.521461 -0.472126 0.441802 1.396466 -0.261059 -1.253169
378 5.8533963138 -3.917565 4.315693 4.676499 -2.424711 3.110448 -4.872538 -1.889257 -4.082352 4.508279 2.028683 -3.451894 -2.259780 2.509135 3.960373 -3.174508
379 4.9887628649 -2.086656 -3.880758 -1.530169 0.016330 1.211830 4.210778 0.493977 -4.910116 4.102636 -3.093122 -1.441471 -4.460608 1.704529 4.388155 -1.756525
380 4.3565671591 -4.433260 -4.146652 -0.099510 -3.651305 4.120179 -1.981281 -1.723624 1.288169 -4.069798 -1.709955 -0.625511 3.076057 -1.523540 -0.693005 1.824233
381 5.4053565674 -3.566595 -1.714714 2.304713 0.424771 -0.780765 -4.031332 1.424921 -0.750102 2.122330 -3.931813 1.605490 4.624919 -4.690611 0.391229 4.747736
382 27.7476033758 4.825561 -1.001207 -0.642622 4.988796 0.956517 -4.370017 4.383686 -4.640200 -1.206306 2.953155 -4.874972 0.202780 4.277746 1.404685 4.787595
383 5.9097203754 2.115282 1.592370 -4.566982 3.031477 0.465950 -0.041103 -3.309891 4.388267 3.336788 4.980669 -4.481302 -1.710234 3.258517 -4.323833 0.377205
384 5.2674910448 4.215198 4.627403 3.808495 -3.409211 -3.198266 -1.546815 -2.846956 -2.557938 3.049851 1.384193 2.952342 -3.216234 1.567286 1.570347 0.262003
385 5.4631069536 3.761067 -4.043581 2.682412 -0.470896 -4.885876 4.586311 -1.173940 -2.284496 0.138195 3.243440 -4.129980 4.281314 -1.732229 -1.286005 -4.746977
386 4.3136953255 1.010805 3.473882 -1.230307 -1.987813 -1.730987 0.467662 0.861925 -3.484481 -0.516070 -1.602798 3.241827 -2.600351 -2.144121 -0.432635 3.364699
387 4.6346959010 4.110407 1.026042 -2.014892 -0.983185 -0.089290 3.222741 -4.028355 3.379680 -2.198501 -2.804755 3.462557 -1.375199 -4.451244 2.572119 -4.840770
388 6.1459376491 -2.538483 -3.549534 -3.419657 4.109003 -1.611149 4.790876 -4.852801 -1.230809 -3.773619 -3.243355 -2.185606 4.863989 3.491351 -3.118229 2.600317
389 3.6271795601 -2.694283 3.162586 -0.147482 -4.924971 3.874520 2.195691 -2.574443 -2.052992 1.704624 -0.952546 1.750774 2.990025 2.700135 0.774101 2.236110
390 3.9514377076 -2.944998 2.183905 -3.537399 2.502792 3.633684 -3.712794 -4.259905 0.777847 2.881448 0.943022 -0.868955 0.033485 -2.964065 1.074783 -3.746957
391 4.5778850651 4.535539 1.721959 -2.962119 -1.727122 1.691111 2.614552 3.372236 2.971317 0.833069 -3.749978 0.955810 -3.304145 -3.771906 3.170431 2.931566
392 5.3106328405 -4.582584 2.664149 0.908303 -3.986684 -3.477423 0.795372 4.168720 -0.840897 -3.472837 0.130349 -4.053444 3.875233 -0.650622 3.633666 3.638563
393 3.4919985926 -1.743731 0.607866 3.082499 -1.218467 -0.709698 -1.869676 2.812921 3.085693 -1.519610 -2.026974 -1.205962 1.661369 4.574315 1.853140 0.749558
394 4.6063504674 -0.161325 2.539217 1.998614 -4.553491 3.376237 3.750826 -0.327806 -4.163299 -1.829087 3.697256 0.625131 1.128440 3.772317 -0.044078 3.992825
395 4.1383227302 3.343333 0.297844 1.340318 2.618364 4.855643 -2.488241 1.146724 -3.311969 1.092533 2.212171 2.014283 3.951614 -2.485883 -2.178792 -0.894162
396 4.7479551856 -2.429078 -4.741590 3.282771 2.388450 -0.293129 -4.961334 -2.359207 2.523752 -3.994253 -1.118810 1.974720 -0.929188 1.388310 4.402492 0.044245
397 4.7385207009 -1.597004 2.813548 4.608996 1.567564 2.178900 1.401871 0.328395 3.540285 2.214562 -1.006483 1.406976 -1.259764 3.807271 4.264006 1.773537
398 5.2109590063 -2.929325 2.452623 0.452959 -3.872665 -1.327601 -0.894816 2.643327 4.465034 -4.867686 -3.371810 -2.951496 0.333181 4.961067 -3.252651 0.350564
399 9.4993737688 -0.635725 1.356340 -1.732717 -0.428385 0.311716 1.039230 -0.429797 0.189271 1.079761 -1.401507 0.008205 -3.074459 4.383015 4.371798 0.300444
400 3.6586381902 -1.271071 -2.943534 -1.747000 1.547211 -0.448186 0.859244 -2.366505 1.664142 -1.269594 -1.503441 -1.865128 4.671732 2.847797 -0.949400 0.148816
401 3.5872410704 -0.822101 -1.085927 0.684225 -3.056602 -3.968785 -3.188203 3.478142 0.264331 0.753813 -1.924701 -2.927909 2.424753 -0.896295 -3.498253 1.320310
402 4.9021442578 -2.218998 -1.388713 2.872182 -0.677054 -2.944448 -4.919034 2.527841 1.453039 -3.818194 -2.364218 -4.693280 4.557316 2.804934 -1.193203 0.087097
403 4.8701693107 -0.607109 -1.312665 -2.100946 -3.145660 4.579607 -4.851215 -2.324621 4.921679 -1.387538 -2.157208 -4.422875 2.972824 0.202031 0.801263 1.453346
404 4.5280981778 -2.134866 -1.009984 3.727137 -0.735302 3.393004 -3.260806 0.511298 -1.972119 3.185014 -1.722734 -3.754794 4.486505 2.471446 2.803630 0.137466
405 5.1227738825 -1.289206 0.406536 2.864027 2.555073 -3.819883 -0.301488 4.389922 3.668726 3.040386 -2.847558 1.130386 4.945630 4.623254 -3.812173 0.232585
406 5.0802849196 -1.734230 -3.676829 4.631836 -4.888730 -4.718434 1.392558 1.379891 4.878156 1.975269 -2.099596 0.758668 4.093383 -0.774524 -2.893957 0.413927
407 4.8587623633 -2.058597 3.883531 3.898512 3.944927 2.530345 -4.203053 -0.400317 -0.198547 0.454643 -3.289234 2.537929 3.052319 0.217786 4.570633 0.591470
408 5.3332190586 -1.167103 -3.115476 4.084720 -2.624494 4.812556 3.341531 -2.648777 3.745567 3.282008 -1.607665 -2.332958 1.425080 4.675704 -2.371122 0.100669
409 5.0094448743 -2.905475 -3.018514 2.611789 4.175148 4.933032 -4.031812 2.534345 4.299792 3.870728 -1.370059 -1.078256 4.686275 1.996910 -3.693642 0.926820
410 5.0781983042 -1.021022 2.396457 3.502941 0.926604 -0.504432 -1.825338 4.447288 3.558976 2.680640 -0.559613 -4.522785 4.155749 -0.031767 -0.297073 1.500751
411 4.2311656033 -2.017920 -2.137806 2.424532 -2.589272 0.621084 0.068896 2.730747 2.754927 -3.668833 -2.400692 1.196551 2.372017 3.046097 2.520837 0.460492
412 4.2320599281 -2.354249 0.648397 2.579243 1.317296 -3.353303 -3.706459 3.310800 0.487811 0.791421 -2.066862 1.217567 0.213084 4.437999 -0.175358 1.017019
413 3.4281280975 -1.993886 3.484988 0.909270 -3.873075 -1.408259 -1.698763 -0.106605 3.490646 -4.201539 -2.167577 0.093667 0.853376 2.724272 0.039269 0.689188
414 3.5363157408 -1.236966 0.731366 4.999123 -0.568898 -2.905954 -4.384812 0.388873 0.892498 -2.903552 -2.088408 -1.255297 0.269891 2.810121 1.369540 1.057102
415 3.7142203445 -1.313213 3.050094 1.186089 0.420931 -1.520441 -3.212144 1.989608 2.984304 -4.059950 -2.631912 -2.579155 1.025036 3.350268 -0.813463 0.765457
416 4.5988887656 -2.526042 3.482168 3.406980 -1.656786 -2.640966 -3.992495 -0.694425 4.941225 -2.366093 -2.039010 2.884983 0.558387 4.000833 0.134936 0.886815
417 4.8631442953 -1.930582 1.697108 1.499321 -3.955749 -3.233134 -4.523381 -1.713228 3.887372 -2.126741 -1.501714 -2.603397 0.510582 2.692682 1.484487 0.388184
418 5.1364292800 -1.680580 4.568766 3.522125 -4.210216 0.310819 -4.273776 0.272742 2.835347 -3.973555 -1.455780 -2.305055 1.144830 2.568279 2.561085 0.965858
419 4.9746759490 -2.179224 4.615366 3.502973 -2.635224 -4.092779 -2.751106 0.844384 2.535130 -3.809152 -2.325975 2.546575 0.427874 1.885758 1.271965 0.619647
420 4.2353867629 -2.250325 1.447222 -1.070474 -4.541036 -0.679045 -2.248613 -0.274132 3.360160 -3.650836 -1.621066 -0.811970 2.200315 0.514910 -2.296284 0.947408
421 3.8505217716 -1.653028 1.051768 1.816199 -3.166458 0.113709 -3.729724 -2.492618 4.230344 -2.055003 -2.240689 2.811348 2.357146 4.876913 1.759222 1.037577
422 3.7211581008 -1.724388 2.692118 3.036075 -3.780706 -1.458009 -2.432435 1.503689 1.316353 -2.892264 -2.453093 0.093773 3.136160 2.123400 -1.160762 1.036149
423 4.2801086729 -2.043164 4.113408 -1.314520 -4.728934 -3.416251 0.680354 -1.606509 0.819756 -3.863481 -2.362204 -1.158021 1.478326 2.369499 -0.835304 0.718731
424 3.4651943856 -1.967146 4.370890 -0.626447 -1.358284 0.837748 0.964156 0.254020 3.378624 -3.063611 -2.525442 2.264984 2.365017 0.965396 1.958088 1.032772
425 3.7557204288 -1.821589 1.248955 -1.193875 -2.944713 -3.294399 0.139672 -1.313572 2.106662 -3.866226 -2.442801 -1.522021 1.600862 4.485273 0.139838 1.090000
426 4.7536654932 -1.584313 4.577457 -1.645425 -1.100404 0.262963 0.658485 1.678637 4.837732 -4.642189 -2.918397 -2.339640 1.580668 1.855860 -1.790264 0.586888
427 3.1649128368 -1.991847 1.995048 2.835028 -4.970366 1.343168 -0.393026 0.726766 1.967922 -4.898415 -1.406607 -0.310521 1.076078 1.968932 -0.935379 0.315198
428 4.2313205839 -1.648374 3.140854 0.541739 -0.991216 -0.501796 -2.123364 0.136449 4.567820 -4.317952 -2.430722 -1.205979 2.435467 1.238361 0.250314 0.398885
429 3.8405258601 -2.294240 1.074871 1.161094 -4.867466 -1.872076 -1.703775 -0.380335 1.307612 -3.607825 -2.613439 2.630409 -0.119981 1.672440 2.287378 0.933299
430 4.6293489655 -1.726773 4.448056 1.078513 -1.989153 -2.307071 1.031128 -2.000359 4.702435 -4.345619 -2.531246 -2.479887 2.482633 1.085398 0.483546 0.465277
431 3.3953781771 -2.030711 1.253247 1.587460 -4.943609 3.980206 -1.546834 2.054644 3.019543 -4.128739 -0.720967 1.767317 1.108449 2.059612 -1.123758 0.556341
432 3.8975314716 -1.711710 0.977343 0.196148 -4.311391 0.141268 -2.557949 2.367908 0.533023 -4.537555 -1.276096 1.662206 0.013768 2.935100 -1.882366 0.666962
433 3.7778120610 -1.650432 3.577673 3.285678 -2.185125 2.874912 0.151667 -0.738706 -0.737575 -3.062779 -1.540128 -0.555177 -0.003014 3.491613 -1.977229 0.603668
434 3.9878635996 -1.833884 1.226748 4.791735 -2.634212 2.853893 -3.014602 2.283242 1.707553 -4.457266 -1.172066 -0.405701 2.907222 3.388303 0.085402 -0.014868
435 4.0385517221 -1.470641 2.724652 4.176433 -2.618328 -0.326296 0.666033 -2.041895 2.061807 -4.578017 -1.101505 -2.608553 1.300482 3.160758 -1.947465 0.255340
436 2.8912747973 -2.129670 0.100998 2.007590 -3.953683 3.795638 -0.593434 -0.006593 2.923599 -2.886279 -1.388014 -0.539974 -0.061506 -0.754072 -2.427436 -0.130409
437 2.8741649430 -2.051116 -0.378460 1.089323 -3.765880 2.039513 -2.667320 0.280594 0.471433 -4.984766 -1.013988 2.173886 1.877589 2.191923 -0.161002 0.123929
438 4.2533471390 -2.357062 4.687991 3.650996 -4.641851 0.037261 0.478660 2.636813 -0.099996 -3.965958 -0.850073 1.329993 2.058257 0.210112 -1.520427 0.169095
439 4.9863093624 -1.535162 2.186913 1.693781 -4.790527 2.396928 0.747070 0.520981 4.419629 -4.925278 -1.160438 2.240047 0.967244 4.295537 -3.230635 0.448935
440 4.6556413788 -2.293770 2.967386 0.128375 -4.522087 2.607716 0.057211 -0.229944 1.693079 -4.910270 -0.653459 -1.255222 3.306849 4.521090 -3.083338 0.461057
441 3.1922960599 -1.736367 -3.237481 -1.172907 -1.417757 -0.037102 -0.606393 -0.850233 -1.798799 -4.919858 -0.372785 -0.046222 2.790018 -0.242018 -1.001405 0.588231
442 3.5206617413 -2.494224 -2.965677 0.124205 -2.312213 1.572797 -1.608298 1.913612 -1.950310 -2.693408 -0.497528 4.143615 0.183738 0.934366 0.685156 0.427293
443 4.1167419755 -2.481748 1.434656 3.658558 -3.040830 4.756121 -3.219425 -2.511526 -0.705475 -4.129209 -1.893449 0.130318 0.237128 -0.020860 0.760676 0.573080
444 4.1322124275 -2.092502 -2.614710 3.062843 -2.975304 4.505824 -4.122165 -1.778531 -0.265584 -3.375812 -0.803730 -0.372319 -0.674603 -0.379522 -0.860915 0.525235
445 3.6559087524 -2.320978 -2.302031 1.709940 -1.967132 4.070724 -0.175104 -0.598681 0.076261 -4.910958 -1.545903 -0.443399 1.522390 1.510317 0.043394 -0.204410
446 4.0014713204 -2.085448 -2.926700 -0.599759 -4.387385 4.865848 -4.729378 -0.965436 -0.954854 -2.603238 -0.148911 4.020317 -0.181477 1.689823 -1.627336 0.202031
447 4.4673288228 -1.909299 -3.189469 -1.127257 -4.317625 3.881091 -3.734083 2.731329 -1.104832 -2.351043 -1.601624 3.693276 3.634978 1.259837 -1.399248 -0.044056
448 3.7370236918 -1.772481 -1.790184 -1.348027 -4.116384 2.780288 -3.180840 0.087727 -1.464434 -4.177163 -1.871365 3.503977 -0.285431 -0.243466 -1.184825 -0.318873
449 4.2261310407 -1.941139 1.857866 0.270583 -2.775071 4.244854 -2.391573 0.565809 -2.101976 -3.413241 -1.862561 4.650713 2.966564 0.682359 -0.303917 0.581535
450 3.1757056748 -2.139932 -2.101370 -1.181759 -2.667254 4.358260 -1.991950 2.614033 1.402671 -2.414208 -0.978675 0.055373 1.853127 -0.298909 -1.083425 -0.302543
