evaluations raw_y x0 x1 x2 x3 x4
1 3.7400703512 3.276804 -2.957727 -1.812930 1.114351 3.355208
2 3.8584114810 3.565571 -2.889897 1.315989 2.021150 1.702288
3 3.7067181738 4.084950 -1.813513 0.588727 0.535535 -1.192023
4 3.8458760377 3.470050 -2.015517 -0.085443 1.325379 2.730453
5 3.8989286827 4.995949 -1.990140 -0.175613 1.426109 2.396692
6 3.6147909593 3.738937 -2.528564 -1.214856 -0.177069 0.257274
7 3.7717762378 3.560343 -3.076405 0.490318 0.942983 1.792412
8 3.8773134811 3.516809 -1.868416 1.880660 -0.017059 2.640651
9 3.7564305121 4.352333 -3.243328 0.151230 0.230066 1.864125
10 3.6430070862 4.924609 -3.511853 -1.873092 -0.399620 1.588825
11 3.6111384601 3.960416 -3.633698 0.728766 -0.992467 -0.071835
12 3.7531285955 4.281769 -2.419008 -1.190898 0.963818 1.642305
13 3.7016211022 4.908560 -2.761396 -2.899332 0.128990 2.708846
14 3.6411724488 4.932748 -4.271030 -0.418174 -0.225262 0.668129
15 3.7214108176 3.254165 -1.308967 -0.365219 -0.903001 1.866802
16 3.6406819301 4.495972 -2.279819 -0.098012 -1.618746 0.175661
17 3.5685869023 4.669691 -3.374371 0.956127 -1.657828 -1.587426
18 3.7256748949 4.582503 -3.790000 0.127990 -0.854157 2.576150
19 3.5898031707 3.172577 -2.506358 -1.172757 -0.610136 0.613975
20 3.7303400303 4.140721 -0.612696 -2.765861 1.636972 0.351328
21 3.4797647538 2.321224 -3.855071 0.704671 -1.900016 -0.320691
22 3.7316160150 4.956818 -2.083669 -0.620455 -1.054664 1.581982
23 3.7154151369 3.639359 -1.491283 -0.334031 -0.250228 0.841174
24 3.7013542008 3.375236 -2.142224 1.341545 -1.514121 1.019074
25 3.6783239236 4.637585 -3.316627 3.767370 -2.827916 -0.714004
26 3.4763367328 2.795659 -3.619223 -0.621763 -0.835973 -0.847938
27 3.4119171122 2.937523 -4.126009 -1.015227 0.271829 -2.688551
28 3.5591787758 4.211184 -2.229024 2.798268 -3.676952 -2.315061
29 3.5028792349 3.274227 -4.654614 2.049757 -3.600671 0.416475
30 3.6788428746 3.780853 -2.726840 1.070396 -0.607264 0.041271
31 3.7060617402 2.497004 -3.965469 1.678584 -1.736723 3.715076
32 3.5401065957 3.669617 -2.817535 0.141421 -0.969438 -1.677142
33 3.5183408024 2.271347 -4.087049 -0.023856 0.415748 -0.733106
34 4.2658016368 3.904325 -4.056072 -0.188448 -2.026025 -2.498030
35 3.3971038171 1.153674 -3.686218 -0.037145 -0.152423 -2.241217
36 4.4767830483 3.535085 -4.084294 -0.685489 -2.767973 -2.686424
37 4.5483448123 2.396668 -4.832868 -0.871152 -2.175097 -1.929555
38 3.4039324048 2.253233 -3.264773 -1.276632 1.299576 -3.816673
39 4.3655663810 4.041461 -4.552085 -0.282067 -2.010420 -2.918980
40 4.3321029057 2.384630 -4.238049 -0.758137 -1.544042 -1.438936
41 3.5459304152 0.598816 -2.158930 2.718034 -1.455320 -1.220869
42 4.3206917826 4.910149 -4.493528 1.593722 -2.457810 -4.683817
43 4.3881459704 1.828306 -3.113393 -2.524903 2.723104 -4.723242
44 3.6421707955 4.338967 -4.156738 1.274442 -0.279822 -0.467320
45 3.4513839018 2.364604 -2.962191 -3.147777 0.367527 -0.329026
46 4.2973853030 1.720341 -2.113207 -4.996644 2.250898 -1.921472
47 3.4746518123 2.655060 -2.029636 0.533414 -3.011746 -1.315329
48 3.5416476481 0.453484 -1.712945 -0.669751 3.709939 -3.398141
49 3.4878610401 1.743273 -0.879962 -1.346941 0.143457 -2.522300
50 3.4260115121 1.907055 -2.921226 -0.483451 -1.300510 -1.496040
51 3.5204368347 1.861666 -2.496718 -1.701761 1.251837 -1.023429
52 3.5981075856 1.871002 -3.047785 1.160042 0.388259 -0.681977
53 3.5383333891 4.080931 -2.710178 -0.279433 0.251073 -3.036520
54 3.4298258244 3.320813 -2.046491 -2.369830 -0.771286 -2.339095
55 3.4471109944 1.418542 -1.469231 -0.903641 1.170031 -4.021463
56 3.7241953202 3.134412 -0.912397 1.006474 -0.051997 -0.568252
57 4.4337858966 -0.041780 -1.821600 -1.183396 -1.989393 -1.427263
58 4.3655858445 1.444299 -1.148978 -1.617721 0.656913 -4.986194
59 3.5727028707 4.292367 -2.543621 -2.674055 0.804663 -0.777903
60 3.5397743556 3.863721 -3.278587 -1.170681 -0.406219 -0.669009
61 4.4092708933 3.492969 -3.263625 -0.397932 -2.152322 -3.758125
62 3.4437167353 2.731695 -2.045135 -1.173056 0.224138 -3.621977
63 4.2865593824 4.047430 -1.293433 -2.484920 -2.907781 -2.321397
64 4.3461923623 1.547379 -3.035839 0.125735 -1.206153 -3.118014
65 3.4692551592 4.941015 -3.072451 -1.942770 0.362234 -3.581202
66 3.6823263239 4.993703 -2.497142 -0.733380 1.854942 -1.979080
67 3.4810706741 3.037686 -3.372790 -2.100719 1.211297 -1.795136
68 3.5725659722 3.310072 -0.531275 -0.465643 -1.151214 -2.063643
69 4.3563143952 1.634946 -3.147097 -1.343182 -0.916610 -2.025841
70 3.4984809905 2.337243 -1.460270 -0.510820 -0.693287 -2.289502
71 3.4754801642 2.267446 -1.285283 -1.821486 -0.842382 -1.467363
72 4.4198571610 3.900406 -3.078551 -1.758892 -2.027574 -3.180354
73 3.4788394056 2.124794 -2.984038 -1.858453 -0.511337 0.157721
74 3.6343915097 4.967488 -2.672385 -2.848297 0.464712 0.617910
75 4.5177273814 2.681118 -1.801370 -3.414624 -0.702201 -3.686338
76 4.3822935700 3.116236 -2.163979 -1.900772 -0.049183 -4.762340
77 3.5228353001 4.903137 -1.453400 -1.701674 -1.061320 -2.739629
78 4.5029372084 4.232807 -3.167039 -2.589488 -1.210941 -4.025260
79 4.5412500568 3.105292 -4.984098 -0.613757 0.247309 -4.940505
80 3.5854769134 4.977680 -4.823245 -1.041906 -0.549369 0.833996
81 3.4821282936 2.797429 -1.515906 -1.038341 -1.672957 -1.565399
82 3.5549394179 3.615530 -2.075806 -1.708112 -0.542499 -0.598847
83 3.4400257824 2.649585 -3.884592 -1.284755 0.615120 -2.065129
84 4.3761005035 4.041246 -2.912680 -3.565846 0.038215 -3.294539
85 3.5362049495 3.990508 -3.079644 -1.264372 -1.152458 -0.237434
86 3.5725438099 4.492765 -1.868205 -1.131258 -0.367557 -2.027966
87 3.4544672447 2.513402 -1.628883 -2.090399 -1.234949 -1.194652
88 3.4417877699 4.177600 -3.935387 -1.761244 -2.892035 0.482070
89 3.5216004338 3.458834 -3.372401 -2.912533 -0.261732 1.006353
90 3.5541078519 3.551773 -2.115625 0.571195 -1.883991 -1.452326
91 4.3686521662 1.573912 -4.210737 -1.092370 0.216743 -2.425508
92 3.5154402167 3.988428 -3.236670 -1.591450 0.446405 -1.830781
93 3.5690078859 3.590983 -4.770068 -1.947608 -0.288418 2.431030
94 4.4630968775 2.919875 -3.703613 -0.400742 -1.353589 -4.035933
95 4.2683429278 2.750571 -4.146653 -1.123217 -0.307434 -2.175731
96 4.2831104356 2.920279 -4.897856 -1.243057 -2.410123 0.499692
97 3.5146054492 4.193046 -2.838493 -2.224875 -0.248337 -1.124736
98 3.6409933652 3.701270 -3.777172 -2.086548 1.876389 0.968317
99 3.5807368751 3.605509 -2.446489 -0.387644 -0.910197 -0.573743
100 3.4246435367 3.542067 -3.201577 -1.779636 -0.101371 -2.785330
101 3.5394915036 3.070989 -3.600859 -2.037190 0.697072 0.202661
102 3.5121014172 4.457392 -3.545576 -3.588525 0.000794 0.374544
103 3.5338009712 4.477215 -2.616413 -2.038430 -0.103881 -1.517545
104 3.4986875194 3.455416 -3.350826 -1.721181 0.359406 -1.354677
105 3.5296622218 3.784413 -2.929263 -2.205110 0.651945 -1.196843
106 3.4842359177 2.499691 -2.566710 -1.541673 1.356676 -2.694374
107 3.4315629955 4.563961 -3.600067 -2.866544 0.077967 -2.341000
108 3.5543573879 3.563675 -3.329529 -1.738518 0.535284 -0.354119
109 4.4859283120 2.571094 -4.289697 -1.202846 -0.829136 -3.094159
110 3.4728639338 2.725020 -2.557595 -0.992100 -0.385860 -1.999091
111 3.4739499172 3.262639 -3.687973 -1.208602 -0.052824 -1.497730
112 3.4912225572 4.439107 -3.201005 -1.421271 -0.468289 -2.133205
113 3.4233674751 2.809126 -2.811793 -2.286839 0.180148 -2.246029
114 3.4506411489 2.875049 -2.729033 -1.067855 0.324444 -3.126650
115 3.3985936848 1.710671 -3.501451 -0.546457 0.457555 -3.049162
116 3.4848036657 4.887436 -3.504970 -2.420128 -0.184933 -1.710660
117 3.4930574272 3.982631 -3.437210 -1.594964 -0.106616 -1.586030
118 3.4533119595 4.401304 -4.216281 -2.238481 1.068309 -2.677080
119 3.5066374695 4.169073 -2.917528 -0.997152 -0.376067 -2.306159
120 3.4302271768 3.380585 -3.674653 -1.401948 -0.419890 -2.080688
121 3.4142059727 3.495594 -4.152068 -2.185664 -0.254439 -1.470883
122 4.4279021896 0.731290 -3.753712 -0.135617 -0.254500 -3.032460
123 3.5789230415 4.252746 -2.946540 -0.655288 0.299607 -1.705077
124 3.4184373401 2.014141 -3.357210 -1.913249 1.130982 -2.344170
125 4.3510592496 3.209358 -4.152151 -2.240793 0.321901 -2.785950
126 3.4180676816 2.270217 -3.071966 -1.739213 0.491954 -2.429055
127 3.4764390360 2.336248 -3.430169 -0.592311 0.217481 -1.658117
128 3.4825187003 0.868044 -2.059880 -0.165564 0.036312 -1.665046
129 4.4025387796 1.994984 -3.636026 -1.807715 0.241718 -2.940396
130 3.5184708458 3.681825 -4.193701 -2.460128 0.595451 0.222632
131 3.4514833376 4.683930 -3.566697 -2.275394 -0.000003 -2.546395
132 3.4207634036 3.477549 -3.536515 -1.660415 0.028486 -2.724768
133 4.4100866450 1.992216 -2.956474 -2.282788 0.581328 -3.475429
134 4.3374908927 2.396321 -4.371241 -2.273259 1.390057 -2.724397
135 3.4087056228 3.910013 -3.271074 -2.616005 0.001059 -2.718780
136 4.2658393028 1.220436 -3.326024 -1.115892 0.473641 -2.284691
137 3.4327246071 3.572152 -3.504942 -2.158449 0.244939 -2.292486
138 4.3549983987 3.656064 -3.228672 -2.268891 1.061236 -4.703752
139 4.3054590512 3.287488 -4.685155 -1.383771 1.346161 -3.772934
140 4.3005589589 4.095559 -3.647680 -2.349239 -0.127699 -3.081478
141 4.2828818817 2.688812 -3.606406 -1.754716 0.365156 -2.773998
142 4.2796514279 3.398434 -2.907380 -2.272238 0.465512 -3.609636
143 3.4512569410 4.079381 -4.499930 -2.034728 0.354340 -1.608860
144 3.4314854711 3.463564 -3.377209 -2.061499 0.100126 -2.292452
145 3.4576351745 4.993110 -3.588306 -2.824979 0.107478 -2.249463
146 3.4322801613 3.900760 -3.621468 -2.799613 0.835146 -2.463905
147 3.4541031653 3.836325 -3.505190 -2.685947 0.288799 -1.577904
148 3.4342866122 3.736361 -3.998984 -1.725039 0.176626 -2.291591
149 4.2633237093 2.800442 -3.936869 -1.507304 0.173084 -2.461255
150 3.4623134524 3.664309 -3.110723 -1.703256 0.136905 -2.441092
151 4.3622587602 2.925815 -4.178188 -1.903144 0.287651 -2.899174
152 3.4894300362 3.553528 -2.222068 -1.988520 0.211568 -2.380667
153 3.4373349136 3.897130 -3.711343 -2.477406 0.538751 -2.279202
