evaluations raw_y x0 x1 x2 x3 x4 x5 x6 x7 x8 x9 x10 x11 x12 x13 x14
1 2.6089162827 0.383431 4.185510 1.325041 0.520305 2.763591 -2.977989 -2.794833 -4.539660 -4.026029 2.456948 0.126090 3.576612 -1.614279 4.261504 0.771051
2 2.2900340557 -1.534420 4.858896 -0.048897 -3.378817 0.592863 -1.471287 4.874804 -3.557301 -2.883559 1.984156 1.608275 -3.414203 -4.534004 2.601637 -3.348128
3 2.1554038525 -3.248738 -4.516001 -2.212201 0.559396 -2.918208 2.666952 1.944480 4.554591 -4.374579 -3.292303 4.653063 -0.747483 -0.857674 -0.906582 3.473247
4 2.3589308262 -2.904936 -3.342973 -3.369270 1.482530 3.494330 -2.776232 1.003207 -1.808279 3.712430 1.026485 -1.418666 -2.643047 -4.186133 -4.877829 -3.590912
5 1.3119657040 -4.727215 0.154895 -1.766417 -4.846306 0.258734 -0.252103 -3.079680 1.046971 2.775095 -4.461072 -4.582555 -0.915130 -1.674947 -2.455127 -4.469252
6 2.0500650406 3.178845 0.029843 -2.873614 4.204593 -4.310975 4.847129 4.185221 3.486380 -1.727799 -3.055095 3.745214 -4.647076 -3.969148 -3.445182 3.821292
7 2.3407526016 -1.422883 -1.099514 2.521401 1.167453 0.929298 4.312521 -1.502442 3.954564 -3.755897 -2.547342 2.059733 -3.030607 -1.159288 4.461643 -3.696261
8 2.4496455193 0.183771 3.134823 4.504060 0.175455 -2.341167 1.508800 -3.971386 -4.744593 -3.224946 -3.851060 2.914676 1.760873 1.342539 4.851734 2.355097
9 1.2757347822 4.747559 0.593595 0.750268 -4.102128 3.022713 -0.787150 -3.593270 0.390410 -0.114185 4.516361 1.212098 -1.658524 2.149162 0.266375 0.945134
10 1.5724859238 4.840983 -4.563392 1.949933 -2.459755 -0.041541 3.438599 0.730589 -1.247300 4.400624 -0.349299 -2.324586 -3.797131 -3.517297 -1.068774 1.332790
11 2.3783168793 1.818458 -1.779495 4.219990 3.162890 2.878872 -3.133751 -1.442411 -2.049421 0.602686 3.343580 -1.883657 2.752270 -1.298986 2.320856 1.891117
12 2.5120496750 1.595790 1.085864 4.000557 -2.779545 -0.230184 -2.205008 1.551173 4.192494 -1.287872 1.465999 -2.574115 4.005603 -2.925825 1.586573 -0.174193
13 2.1734638214 3.256230 -2.612048 -1.603227 0.978901 -4.441374 0.591136 2.573067 1.669949 -4.929823 -1.097788 -2.412066 -2.070676 0.922009 -4.566597 -1.067192
14 1.5503014326 -4.922888 -3.099838 -4.581787 4.548527 -3.455396 3.911665 2.194609 -3.186925 0.541645 -1.702926 -3.998748 -3.978497 1.735670 -3.341819 3.136149
15 2.5749614239 -1.203870 2.308661 -2.614904 -2.251188 3.728802 -0.595937 3.430379 -2.650227 -0.667859 0.850021 3.284792 -2.895329 0.363273 0.975077 2.254830
16 2.1340963840 2.479855 2.710107 -1.164029 2.141548 -3.363016 -1.285887 -3.384455 3.739582 -4.313876 4.004178 1.867322 -2.499367 2.935742 2.842647 -4.633373
17 2.2681813240 -2.392257 -3.945953 0.313448 -1.719400 -3.964810 1.706408 3.867464 0.008529 3.631081 -2.193885 2.649020 -1.090899 -3.818795 -0.677542 1.825180
18 2.2281651497 -1.790931 2.993748 -1.427711 -3.044516 -0.858806 -4.535294 -4.507467 -2.227434 -2.421191 2.829268 -2.857659 4.568074 -2.473362 3.918397 -4.827946
19 2.1744790077 1.163364 3.650267 3.009347 4.103372 -3.028345 2.460752 4.571726 4.965876 2.986969 1.689663 3.956362 3.079525 2.348881 0.461330 2.773384
20 1.8236633539 -3.619146 -0.434321 3.783747 2.845799 1.276927 -3.718482 -2.593581 0.873838 -2.574282 -1.588492 -0.298949 0.868884 1.105199 -1.679262 4.780177
21 2.1703462601 2.733245 -2.021950 -4.869616 -2.572017 -3.768541 -3.530528 -4.205091 -3.687848 -1.218911 -4.603942 -3.664158 -4.940332 0.115392 4.607362 -0.480885
22 1.8062208891 -4.382618 -3.802088 -4.369514 1.779611 1.520523 3.047820 1.263003 -0.144287 -3.583232 3.732683 -1.105064 1.066408 4.700318 1.386445 4.747331
23 2.0353679657 -4.013490 4.375273 -2.492640 3.375299 -1.382642 2.119751 4.041187 1.224870 4.327375 -0.838305 -3.233486 4.542194 -2.217410 3.731554 -2.191590
24 2.3962368965 1.354761 1.907796 3.447263 3.837428 2.303526 -2.419311 -3.672873 -4.077112 1.830020 -3.560299 -4.254165 -1.706599 1.999180 -4.244647 -4.204867
25 2.1448192596 -2.727588 -3.501322 -0.191446 -0.652366 -1.054749 2.915838 0.340522 -2.450524 1.159910 3.188799 -1.642898 -2.198634 4.196176 -2.283564 4.399514
26 1.7012465000 -3.853442 0.419926 1.074869 -4.359913 4.824901 -4.821372 -0.436872 2.238373 3.273839 4.299327 3.056499 4.942747 -4.765849 -0.039631 -1.876755
27 1.8148951530 3.562523 -1.272234 2.567443 -3.847682 -4.782501 0.863814 2.507363 0.705710 -0.780749 4.726942 -0.508985 -0.506907 3.130418 3.469193 -3.969399
28 2.6283931732 0.835317 3.967527 -3.581459 2.554523 -1.719899 -1.778088 3.206307 -3.308282 0.995171 -2.733483 2.374207 1.449636 3.712383 2.044548 -2.090747
29 2.4662499428 -0.087940 -1.666654 -0.396031 -1.663170 -0.674840 -0.334066 -0.214734 2.584768 4.573648 -4.215157 0.643219 -4.294445 -0.266991 -4.552228 -1.407636
30 2.8418292999 -0.300675 -2.941729 -3.769763 -2.073853 -1.893401 -1.179006 -1.675532 -0.982641 1.597920 2.184920 4.163945 2.077570 -4.967254 3.232373 4.319372
31 1.6629858017 4.249699 2.409133 3.354214 -0.417938 -1.615439 -2.034427 0.913057 -0.545831 2.544059 -1.326088 2.136755 0.575193 0.617710 -0.195003 -0.079723
32 2.6594104767 0.557892 -2.213060 -3.914086 4.633631 4.402586 1.947401 0.309060 -1.562120 -2.054860 0.033033 -4.787268 3.294742 -3.238715 -3.216474 -0.567812
33 2.1757538319 -2.116677 1.467006 1.687648 2.037096 1.981069 -4.734986 4.513051 3.361011 -0.364196 -1.957287 4.499450 2.143644 4.515546 -1.360663 -0.807772
34 2.1578137875 2.147126 -4.148160 2.812367 -4.681387 2.389101 4.512093 -2.501591 -1.110207 4.941253 -0.259287 -3.218621 -1.279199 3.598413 -3.670272 0.137400
35 2.6045782566 -0.412186 1.883109 -3.023125 3.626122 0.543619 0.211077 3.655656 2.907171 0.318004 3.596275 -3.810504 -0.141996 -1.996391 1.857743 -2.490534
36 1.8388968706 4.367923 3.288289 2.224561 0.009306 1.128970 3.610611 -0.742044 -0.621016 2.022296 2.726438 4.897494 4.251893 -2.696920 -4.068442 1.451891
37 1.7431037426 4.024004 3.879561 0.422509 4.805776 -0.546532 -3.249929 2.955005 3.218449 1.420694 1.369824 1.321149 1.433835 -0.006952 -1.896920 -2.849983
38 2.3925518990 -1.979569 -0.681157 -0.609771 -0.167439 4.258769 1.411787 -0.863606 0.138373 2.320807 -4.010480 -0.780728 3.884999 4.000047 -1.630850 0.361379
39 2.4058537483 -0.803869 0.826105 -0.987294 -3.586946 3.329105 0.498256 0.101425 4.618802 -4.601117 -2.955590 0.933909 -4.510940 -3.025001 0.670438 -2.644919
40 2.0777263641 3.776608 -0.966305 -4.122879 1.231094 -4.604519 -4.022829 -1.958430 1.933249 -1.581594 0.592345 -1.976587 0.394534 4.824599 -0.540152 -3.135026
41 2.4439556599 -0.685025 1.262662 0.982762 -0.844139 3.996957 1.174474 -4.993784 -4.868561 -2.152206 -4.891686 -0.727328 -3.537642 2.758263 1.028985 2.848444
42 2.1974532604 2.825988 -4.890107 4.807419 2.659563 -2.186885 -4.217499 -1.006514 2.400653 -0.077627 4.855460 -0.068480 -0.072625 3.233660 3.161044 -1.494877
43 1.7971847057 -3.186362 -0.208853 1.533116 -4.256528 1.836376 -0.020437 -2.309208 1.478670 4.081201 -0.643883 0.359614 2.797772 -0.704973 2.396672 1.206275
44 1.6514596939 -4.151581 -2.462430 4.763616 -1.006575 -2.764321 4.640528 1.706346 -4.255787 -3.178806 0.489580 -4.432287 0.321715 1.551235 -2.958750 3.923607
45 2.3615956306 1.924040 4.665720 -2.064960 -1.381814 4.725981 3.754243 -4.667321 -2.925169 3.010461 0.243812 3.450014 2.379079 -0.337125 -2.572629 3.272067
46 1.3178128004 4.908686 2.229371 -1.328902 -4.969362 2.302647 1.081662 1.037420 -2.485125 2.942990 4.270007 0.376076 -0.336725 4.864720 -3.575861 0.928368
47 1.4456124306 4.951542 -3.395898 1.959918 -4.215305 -0.404064 2.263522 -3.699639 -1.803132 -2.619808 2.712956 3.698748 -0.807583 4.530025 -2.458329 4.379032
48 1.3748570681 4.962388 -0.080631 -1.393450 -1.883910 3.927833 -0.062786 0.195893 -3.016389 2.110529 2.332513 -2.260429 0.158979 1.566978 4.424857 -1.970350
49 1.6214485168 4.707197 -3.509931 -1.739683 -3.278846 3.344575 -2.949518 -3.333032 -2.729157 1.588985 3.520578 2.969170 -4.429769 3.238635 -3.584963 2.560228
50 1.4152936935 4.995565 0.391615 2.416611 -4.301731 4.528676 1.845067 -0.687485 -1.342001 -0.584496 4.354801 -2.261405 -2.927671 -1.827485 -0.900412 -3.172055
51 1.3935848475 4.936362 4.523198 2.949735 -3.523705 -0.575882 2.464323 -0.983078 -1.046268 -1.793086 2.769375 -3.072369 -3.553768 3.312811 3.072363 3.197830
52 1.6487530470 4.900424 -2.126095 4.323299 -2.792923 3.973439 2.542186 -1.855113 -3.482215 1.890344 4.952827 3.055316 -1.925267 2.650116 4.561851 2.797218
53 1.4505290985 4.824867 1.489558 4.340749 -1.560402 -1.147374 0.641553 -4.310885 2.787151 4.466949 0.520272 -3.314709 -3.167427 4.283526 0.957272 2.927118
54 1.4517823458 4.972277 -0.595714 -0.585105 -4.486478 1.256956 -3.559681 0.083098 -2.137953 4.311154 -0.215219 2.848399 -0.929723 4.760011 1.016758 -1.332324
55 1.5180106163 4.862633 -0.757127 2.939228 -4.697838 4.549584 0.996171 -3.633832 0.835581 -4.360691 1.286605 2.896803 -2.023526 1.713062 1.819757 3.087643
56 1.3208278418 4.938164 1.653454 0.616369 -3.014730 2.795617 -2.100995 -0.078691 3.233630 1.817898 3.947000 -3.286612 -0.539428 3.334364 1.429180 2.841877
57 1.6096425056 4.714435 -1.753126 -0.865840 -4.667945 -0.018334 -4.810732 1.152627 4.988804 3.176375 0.564944 -2.355102 1.668605 -1.216262 -1.016827 4.623629
58 1.6142262220 4.992271 3.833871 -1.250560 -1.213746 4.021638 1.339500 -4.526528 -4.129326 2.890257 4.675182 -2.992482 1.397604 0.517456 -3.511270 1.185387
59 1.5742988586 4.781958 4.105362 -0.100382 -3.304287 4.967597 -2.068177 -2.584339 1.390858 2.968629 4.006001 -1.065748 -2.956431 1.659334 -3.314972 0.010959
60 1.7696886063 4.362751 4.046311 2.834902 -1.601238 3.796770 -3.764240 -4.245621 -2.524907 1.745179 3.604291 4.839694 -4.563550 2.349873 1.579878 0.852692
61 1.1813741922 4.923851 1.512970 0.169681 -4.778342 4.201650 -0.360229 -2.421734 -1.449440 2.206208 2.633351 -1.085558 -0.108663 0.718887 0.460571 1.477964
62 1.0704767704 4.994139 -0.794748 -0.353903 -3.673812 1.283826 -0.208204 -1.821410 -0.462155 -1.106350 4.202726 -0.899111 -0.369350 2.818644 1.475104 0.452305
63 1.3771306276 4.892010 2.452309 1.063631 -4.866810 3.767360 -2.321856 -2.961380 2.256688 2.335176 2.897391 2.445451 0.576244 -0.173271 0.812531 -0.174790
64 1.1693526506 4.976823 0.924026 1.640068 -2.778365 0.815671 -0.426500 -2.895947 -1.862383 0.859561 4.405680 -0.894340 -1.945871 1.926598 -0.059272 0.084471
65 1.2925369740 4.998319 1.616892 0.382753 -4.679632 1.442242 -1.706293 -4.339077 1.541507 -1.223047 4.259736 0.444590 -1.040586 0.448523 1.745975 3.055352
66 1.2355726957 4.987980 1.542562 -1.212323 -2.914727 -1.299516 0.276242 -3.358862 -1.704427 -2.205108 1.608593 -2.307447 0.088305 0.833540 2.076016 -0.868171
67 1.1908473969 4.977196 -2.393052 -0.949505 -4.307036 0.193744 1.421796 -3.113672 -2.201560 -0.309431 4.296064 -2.629076 0.004602 2.956822 1.162882 1.898348
68 1.1188791990 4.963320 0.912079 -0.323439 -4.452998 0.478303 0.301426 -0.342242 -0.465814 0.933012 3.952331 -1.348722 1.627441 2.734377 1.679760 -0.465121
69 1.2921396494 4.946908 1.584347 -2.216464 -3.680214 3.202507 0.642657 -2.823623 -0.908680 0.991861 4.665228 -1.381098 0.449093 4.238596 0.593055 -1.163706
70 1.2570009232 4.968323 -1.546427 1.505064 -3.062201 3.646426 0.257197 -2.712134 0.058806 -2.321573 2.723800 -2.596998 1.317168 4.955813 2.117865 1.338795
71 1.2752521038 4.919253 -1.364100 0.055601 -3.685625 3.130473 0.886500 -0.068305 0.902009 0.032952 1.830158 -1.456958 -2.391208 4.728966 2.687955 -2.017637
72 1.1309030056 4.957118 -2.188240 0.364639 -4.496126 2.191448 -1.013460 0.580400 -1.045402 -0.286782 4.142066 -1.451313 0.978891 1.939968 1.082706 2.706664
73 1.1762448549 4.975634 0.388718 0.051151 -4.439536 -0.865888 0.163789 -3.730480 -2.002415 0.771171 4.546686 -0.893810 -0.376220 2.610736 1.812356 -1.905888
74 1.1807774305 4.942846 0.887539 1.048120 -2.667439 0.561806 -1.099649 -0.189750 -2.534876 -1.941307 3.455603 -0.815617 0.485930 0.773428 0.425876 2.920568
75 1.1219288111 4.975592 -0.932546 -0.585695 -4.766127 -0.181737 1.143536 -4.265195 1.075953 -1.063618 2.939054 -1.326191 -0.622117 3.232849 1.461741 0.035068
76 1.1989744902 4.871656 -1.087891 0.726516 -4.395312 0.678168 -1.041315 0.283506 -0.586873 -2.514909 4.985261 -0.819644 -2.140951 1.669105 0.567552 1.232129
77 1.1726630926 4.952375 -1.745351 0.446004 -4.710812 -0.234988 -1.424615 -2.554293 -0.983063 -2.385769 3.156190 -0.842807 1.516841 3.834813 0.468236 1.966083
78 1.3193845749 4.766993 -1.363048 -1.101194 -4.323470 0.012589 1.295484 -2.394015 -1.668165 -1.782570 4.909759 0.650363 -2.306237 1.040553 1.510265 1.931779
79 1.0768377781 4.894437 -1.951993 0.012979 -4.740573 1.437351 -0.020992 -0.543895 -1.790386 -1.035080 3.377457 -1.174402 -1.548689 2.009058 -0.601662 0.393905
80 1.1759294271 4.877426 0.184452 0.574643 -3.865765 0.117387 0.629492 -0.646503 -0.977829 1.021630 3.910340 -2.135844 -2.634835 0.588594 1.241442 2.405923
81 1.0961476564 4.912100 -0.044382 0.024282 -3.948848 0.886998 -0.173633 -0.886216 0.163955 -0.077676 4.577775 -2.040434 0.054371 2.774031 0.548211 0.777450
82 1.0551505089 4.998295 -1.581220 -0.300159 -4.267150 1.077574 -0.244009 -0.818729 0.676586 -1.271716 3.562348 -1.390515 0.384085 3.664399 0.752886 -0.371361
83 1.0868628025 4.959878 -1.791656 -0.504686 -3.140155 1.677054 -0.126271 -2.642508 -1.223844 0.074243 3.376813 -1.582033 -0.633064 2.042674 1.341070 0.331373
84 1.0221334696 4.980364 -1.182096 0.283470 -4.938188 1.494012 -0.295998 -1.098606 0.272971 -0.216661 3.121153 -1.423621 -0.204439 2.380984 0.713907 -0.815529
85 1.0712114573 4.986318 -0.810941 -0.573907 -4.857357 2.260141 0.426695 -2.076818 0.541828 -1.291953 3.732304 -1.605138 0.302469 3.357770 0.845860 -0.336579
86 1.0115245581 4.963414 -0.658954 0.313660 -4.594411 0.268913 -0.430437 -1.211575 -0.204812 0.940894 2.300091 -1.899569 -0.754381 2.339939 0.092045 -0.139493
87 1.0378589630 4.985143 -1.216365 0.428694 -4.177191 0.866609 0.231287 -1.644129 -1.093963 -1.479665 3.301461 -1.133676 -0.677960 2.256390 0.722995 -0.658068
88 1.0260779858 4.974421 -0.853948 -0.178480 -4.653886 1.922926 0.144135 -1.748275 1.068691 -1.350000 2.423102 -0.395969 -0.484127 2.540194 -0.102303 -0.868574
89 1.0867912769 4.998660 -2.474540 0.802652 -4.448823 0.695745 -0.766747 -0.521994 0.890001 -0.394004 3.533552 -0.862672 -1.049938 3.525373 0.517950 0.181554
90 1.0814111233 4.925519 -1.137026 0.170779 -4.578638 0.607570 -0.206749 -0.804586 1.357313 -0.291447 2.761443 -0.873324 0.629383 1.727089 0.169423 -2.077951
91 1.0543128252 4.899894 -1.585581 0.165451 -4.751403 0.099516 -0.630585 -1.762840 0.025748 0.728530 2.453626 -1.195753 0.102334 3.119518 -0.241214 -0.501442
92 1.0237697363 4.912677 -1.317706 0.045921 -4.946313 1.205163 0.265770 -1.454714 -0.287579 -0.327388 1.527071 -0.972648 -1.534837 2.248889 -0.596959 1.179857
93 0.9994285107 4.999806 -0.310842 0.139793 -4.500208 1.415437 -0.213908 -2.089978 0.199682 0.976923 1.259297 -1.463193 -0.348742 3.072586 0.427965 -0.321772
94 1.0059823990 4.992495 -0.016154 0.289446 -4.233285 1.509692 0.063830 -1.386808 0.232227 0.831906 2.682399 -1.005402 -0.624000 1.906528 0.176596 -0.211683
95 0.9747035503 4.997414 -0.652679 -0.011113 -4.906940 0.279414 0.247329 -0.902707 -1.116467 0.025994 2.152356 -0.776122 -0.097849 2.864055 0.088883 -0.583122
96 1.0964593887 4.947950 -0.284314 0.501159 -3.357031 -0.121842 1.348895 -3.166834 0.094092 -1.175219 -0.388328 -0.616057 0.704414 3.479824 -0.902797 0.221776
97 1.1118026972 4.968437 1.430482 0.237543 -4.647302 0.049023 -0.946729 -0.094443 1.245206 0.506572 0.095700 -1.002507 -1.474055 4.718056 -0.743020 0.335770
98 1.1041051149 4.993445 0.237106 1.343002 -4.315469 1.599698 -0.384355 -2.105843 -1.118969 1.479853 0.655878 -2.276169 -1.926020 1.600873 1.865106 0.327034
99 1.1361293793 4.927877 -0.915872 -0.778530 -4.778534 -0.284572 0.066419 -3.282060 0.686207 2.054336 2.622992 -1.484105 -1.340477 1.862016 0.010899 1.022961
100 1.0843169689 4.954779 -0.857361 -0.176758 -2.714697 1.223054 0.008332 1.633670 -1.519988 -0.028185 1.109166 -1.329880 -2.028920 3.543665 0.154022 -0.726714
101 1.0249911547 4.994742 0.022445 -0.667363 -4.857141 1.773944 -0.349782 -2.397135 0.070699 -0.433859 -0.483418 -1.172207 0.812743 3.610860 -1.149572 -1.070147
102 1.1503733397 4.885791 0.580273 0.931757 -4.773175 2.073565 0.708160 -1.349718 -0.529085 -1.620619 1.772124 -1.072952 -0.188093 2.174993 -1.617482 -3.130224
103 1.1256926060 4.980802 -1.608817 -0.503914 -4.337084 -1.296949 1.764334 0.996315 -3.287969 0.262650 0.290322 -1.969515 -0.041344 2.789846 -0.920466 1.942958
104 1.1198236942 4.952485 -1.099900 -1.263791 -4.303934 1.731654 1.087854 1.380697 -0.196990 0.562160 -0.382618 -2.469925 -0.733887 1.739850 -1.601079 -1.734874
105 1.1854428053 4.967864 -2.372690 0.415161 -4.916446 2.375387 0.884924 1.138402 -3.764661 -0.020477 3.459313 -0.525278 -1.295535 4.692603 0.494129 1.062071
106 1.1063405275 4.981524 -0.747159 0.112158 -2.986378 2.201735 0.481643 0.168186 0.250111 -0.583694 0.648457 1.604357 2.107205 0.445245 -0.764855 1.727452
107 1.0995216370 4.982839 -1.048466 -0.431510 -3.464604 0.517230 -0.145341 0.540337 -1.988704 1.691423 2.166961 -1.911935 1.958953 3.499443 -0.718314 -1.566602
108 1.1360090971 4.869364 -0.160313 1.364534 -4.907624 2.055052 -0.913183 0.191603 0.538719 0.671080 0.161215 1.307138 1.358906 2.532569 0.185277 -0.396829
109 1.0416944027 4.982435 1.353148 1.314127 -4.731530 0.760303 -0.020051 -1.520760 0.696473 -0.337936 -0.432810 0.104458 -0.756325 0.597196 0.645214 1.487762
110 1.0876079798 4.892017 0.595659 -0.585609 -4.573577 0.957667 -0.457237 -1.495296 -1.363131 1.633147 0.183030 -2.152166 -0.237853 1.501718 1.425012 0.567169
111 0.9897871017 4.983533 -0.313888 0.540290 -4.965159 0.783978 0.586228 -1.498314 -0.591476 0.031623 1.100417 -1.343930 -0.963671 2.494299 0.800830 -0.266834
112 1.0031032562 4.991325 -0.807383 0.487757 -3.929906 -0.512291 0.426085 -0.759758 -1.848150 0.748848 0.812809 -0.414913 -0.742874 2.347001 -0.847736 -0.048771
113 0.9875037074 4.989645 -0.449867 -0.328794 -3.970775 0.600456 0.058210 -0.930348 -0.325563 0.419476 0.852009 -0.202879 0.751073 3.192394 -0.025373 0.568209
114 1.0071280003 4.982559 0.422562 -0.011221 -4.998589 0.822030 0.699760 -0.157241 -1.096594 -0.082953 1.040775 -1.264365 -1.118374 3.940276 0.060618 0.714400
115 0.9878901839 4.999978 -1.655980 -0.455133 -4.771154 0.855659 0.082441 -1.473130 -0.910660 0.314037 1.032528 -1.521901 0.953169 2.040158 -0.306020 0.353820
116 1.0289168358 4.978260 -0.103259 -0.475809 -4.634636 0.560610 0.281315 -2.253461 -2.129480 -0.256136 2.799414 -0.490558 -0.323272 2.022907 -0.762805 0.637512
117 1.0057960749 4.990054 -0.477722 0.681660 -3.973738 1.087585 -0.311617 0.081248 -2.018202 0.286275 1.040031 -1.504349 -0.666926 2.122746 -0.181118 -0.891672
118 1.0347230434 4.980022 -1.544226 -0.385728 -4.240534 0.673648 -0.233841 -2.299109 -1.054033 -0.670966 1.835403 -0.041218 0.674651 3.968249 -0.343050 0.253061
119 0.9778316021 4.995089 -0.706329 -0.191131 -4.901113 0.782148 0.576376 -0.180987 -0.400195 0.432977 2.022209 -1.304341 -0.410000 2.866302 -0.380386 0.372907
120 0.9977075458 4.990991 -1.204019 0.117733 -4.657758 1.350656 0.658472 -0.674689 -1.111081 -0.207115 1.705855 -1.711583 0.595149 2.403292 -0.474325 -0.927359
121 0.9960407019 4.984399 -0.494586 0.100646 -4.866296 0.614601 -0.197962 -2.059502 -0.826806 0.340312 1.667340 -1.181439 0.404032 3.697215 -0.215594 0.239473
122 0.9836097360 4.989702 -0.122770 -0.717206 -4.829331 0.906009 0.406656 -0.461069 -0.746092 -0.498422 1.429906 -1.702053 0.632794 2.184426 -0.366551 0.613821
123 0.9856128693 4.991775 0.003211 0.256957 -4.463365 1.318677 0.456313 0.147120 -1.100233 0.262772 2.061441 -0.365199 -0.201896 1.882744 0.390942 0.715561
124 0.9776237607 4.986382 -0.370970 -0.225392 -4.421273 0.183707 -0.075871 0.060089 -1.520668 -0.861628 1.207011 -0.590939 -0.811036 2.031309 -0.823346 0.361241
125 0.9682803750 4.995549 -1.045032 0.300354 -4.709369 1.001989 0.126404 -0.409442 -0.813427 -0.008592 0.808422 -0.801072 -0.305263 2.758801 0.239017 -0.352251
126 0.9873183966 4.997892 -1.027543 -0.400560 -4.942856 0.493012 0.290080 -1.457534 -1.449729 0.458050 1.543567 -1.993643 -0.564089 2.477999 -0.386641 -0.475416
127 1.0152910948 4.924332 -0.056922 -0.195984 -4.790883 0.319470 0.548457 -1.192856 -1.816956 -0.011447 -0.499512 -1.177234 -0.494738 1.511442 -0.657200 0.182875
128 0.9907294512 4.974732 -0.101016 0.047485 -4.132524 0.957465 -0.378952 -1.671691 -0.721230 -0.730645 0.548443 -1.583210 0.615273 1.522401 -0.454762 0.548259
129 1.0174121857 4.957086 -0.845294 -0.442234 -4.154731 1.909552 0.145080 -1.312935 -0.360843 -0.435616 -0.364429 0.270888 0.060928 1.494848 1.007835 0.079854
130 1.0281724930 4.999299 -0.470303 0.725453 -4.904582 1.836208 0.765916 0.854643 0.104748 -0.577413 1.734406 -1.776140 -0.200920 1.538007 0.883842 0.678674
131 1.0088855028 4.973895 -1.541871 0.088984 -4.505273 -0.095947 -0.003360 -0.144141 0.260900 -0.753242 0.333535 -1.488079 0.536450 2.156357 -0.729022 0.032858
132 0.9863617420 4.993064 -1.177458 0.329497 -4.647632 0.679408 -0.041145 -1.514060 -0.213119 0.245325 -0.220638 -0.506878 0.853877 1.740541 0.134927 -0.831100
133 0.9851461649 4.999705 -0.096616 0.560612 -3.666822 1.385792 -0.091062 -1.320588 -0.094276 -0.020207 0.770864 -0.872389 -0.008077 2.141721 -0.047420 -0.752031
134 1.0038836002 4.971546 -0.525759 0.795082 -4.048423 0.073860 -0.366118 -0.052470 -0.685496 -0.763850 0.955531 -1.195994 -1.283631 2.353406 0.587575 -0.152830
135 1.0094256401 4.980601 -0.868374 -0.402444 -4.237959 1.917898 0.397270 0.400469 -0.120040 -0.741201 0.413499 -0.588541 -0.273393 3.171379 -0.384158 0.849425
136 0.9766483307 4.993456 -1.178423 0.171708 -4.926329 0.562736 0.087983 -0.926117 -0.127821 0.009374 -0.186228 -0.433252 -0.927306 1.885749 1.227854 0.809610
137 0.9900645018 4.987638 -0.566861 -0.448058 -4.709988 0.372790 -0.167798 -0.535701 -1.753669 0.401518 0.312713 -1.810721 0.114678 2.478858 -0.079819 -0.661301
138 0.9863449335 4.992036 -1.005892 0.137313 -4.717592 1.130296 0.027299 0.076928 -0.718130 -0.678441 1.792086 -1.463390 0.292234 2.320950 0.559943 -0.476814
139 1.0106213093 4.998662 -0.458411 -0.077821 -4.526671 1.923089 -0.164602 -0.705733 -1.872697 -0.092860 -0.111624 -1.728587 0.333160 2.843797 -0.063699 -0.936447
140 0.9892341495 4.992708 -0.160844 -0.415747 -4.827717 -0.189848 0.716754 -1.173296 -0.462256 -0.635510 0.023239 -0.379722 -1.203087 2.972870 -0.416351 -0.447416
141 0.9656168222 4.996459 -0.687839 0.463402 -4.987294 0.512141 0.198054 -0.409809 -0.788778 -0.362043 0.732031 -1.327964 -0.120199 2.684298 0.474641 0.245414
142 0.9627665877 4.992573 -0.881849 -0.100657 -4.871668 1.120925 -0.069841 -0.664674 -0.889031 0.101481 0.246051 -1.215864 0.250332 2.580935 -0.001774 0.100011
143 0.9752146602 4.992136 -0.560224 0.635043 -4.975302 1.431482 0.214568 0.110516 -0.998036 0.170908 0.963894 -1.178322 -0.012790 2.486337 0.197062 0.200568
144 0.9689885378 4.971946 -0.803419 -0.012665 -4.798279 0.718559 0.214942 -0.751115 -0.636681 0.053239 1.080358 -1.262968 -0.922565 2.411658 -0.133371 0.282025
145 0.9845952988 4.969361 -0.503807 0.191036 -4.460425 0.706576 0.344271 -0.629659 -1.152740 -0.290587 0.652057 -0.757998 0.171595 2.939297 0.158842 -0.288314
146 0.9670733213 4.984176 -0.311421 0.040452 -4.271763 0.571174 -0.272110 -0.078490 -0.962845 -0.294453 0.738680 -0.900213 0.260276 2.260371 -0.289756 0.472768
147 0.9743676782 4.995970 -1.278358 0.115955 -4.858543 1.196776 0.175806 -1.124730 -0.358782 0.010475 0.318314 -1.609668 0.792390 1.996791 -0.277778 0.170474
148 0.9782376289 4.990594 -1.153481 -0.444777 -4.801266 1.310649 -0.145900 -0.266576 -1.265706 0.339729 0.233197 -1.084805 -0.275228 2.702796 0.174661 0.535157
149 0.9790242910 4.998274 -1.329885 0.187791 -4.457469 1.036694 -0.196060 -0.063326 -0.948425 0.226516 0.926031 -1.559391 0.730452 2.456187 0.000599 0.516715
150 0.9600533247 4.991385 -0.377386 -0.295769 -4.951648 1.144901 -0.266412 -1.100517 -0.493714 -0.060632 0.523581 -1.396960 -0.212046 2.280981 0.551838 0.665780
151 0.9704849720 4.990227 -0.085858 -0.120653 -4.924797 1.737871 0.030138 -1.481420 -1.136776 -0.455262 0.405370 -1.118294 -0.731705 2.012392 0.009404 0.163116
152 0.9672290087 4.985253 -0.800581 -0.250540 -4.540308 1.496470 -0.229820 -0.621719 -0.335802 0.413842 0.267008 -1.198094 -0.294549 2.020794 -0.001134 1.227248
153 0.9675981402 4.999088 -0.380175 0.000952 -4.446581 1.622044 -0.019938 -1.377619 -0.396929 -0.358124 1.219765 -1.720723 -0.147639 2.029149 0.194788 0.769988
154 0.9598658085 4.986761 -0.635472 -0.377619 -4.892395 1.143325 -0.391293 -0.954432 -0.230707 0.045664 0.832748 -1.023300 0.391962 1.785182 0.527715 0.432016
155 0.9721021056 4.992457 -0.332875 -0.464049 -4.976117 1.512467 -0.473821 -0.971044 -0.407092 0.178755 1.070475 -1.935093 0.152575 2.282658 0.588937 0.604684
156 0.9641622305 4.994514 -0.155798 0.003831 -4.444855 0.967590 -0.055117 -0.774457 -0.494743 -0.116078 1.412472 -1.535142 -0.122340 2.369275 0.041966 -0.014403
157 0.9623315334 4.993355 -1.151780 -0.059120 -4.269890 1.047383 -0.485271 -0.411144 -0.464370 0.419943 1.118254 -0.442623 -0.165408 1.843021 0.243633 0.288774
158 0.9823226929 4.962204 -0.992010 -0.762963 -4.874980 1.105911 -0.231103 -0.607138 0.317653 -0.177796 0.289804 -1.096377 0.000934 2.394293 0.389722 0.182129
159 0.9704736471 4.998724 -0.914763 -0.669940 -4.591237 1.587100 -0.366040 -1.517310 -0.426602 0.417944 1.089732 -0.766755 -0.210061 2.391283 0.127304 0.405260
160 0.9666508436 4.985693 -0.565991 -0.013666 -4.385145 1.076654 -0.427562 -0.783066 -0.760504 0.122660 0.305676 -0.567486 0.389114 2.035802 0.283165 0.664561
161 0.9510734081 4.992862 -0.398528 -0.412091 -4.997346 0.648139 -0.088707 -0.748782 -0.595868 0.387090 0.586513 -0.716715 -0.181696 1.809534 0.318862 0.324351
162 0.9695382118 4.988949 -1.193600 -0.196188 -4.700721 1.385331 -0.483866 -1.326876 -0.361147 0.104993 1.062402 -0.997244 0.231479 2.329750 0.105085 0.773235
163 0.9645126462 4.989534 -0.297166 -0.555163 -4.602864 0.729321 -0.308632 -1.315457 0.315243 -0.417984 0.959822 -0.693805 -0.184569 2.026362 -0.025677 0.304872
164 0.9579356909 4.984543 -0.259425 -0.068679 -4.710098 1.022877 -0.343937 -1.168642 -0.515876 0.100728 1.027467 -1.254610 -0.180358 1.774688 0.154953 0.649771
165 0.9610235095 4.995224 -0.952404 -0.148119 -4.696424 0.954523 -0.603046 -1.494309 0.024785 0.134977 0.995274 -0.885970 0.431391 1.251982 0.112580 -0.111584
166 0.9591153860 4.999565 -0.078606 -0.286908 -4.865182 0.978302 0.116584 -0.418763 -0.407153 -0.106415 0.630578 -1.006034 0.384198 2.251514 0.391799 0.201086
167 0.9581612945 4.998448 -0.399725 0.009774 -4.566429 0.581000 -0.019862 -0.213922 -0.413001 0.288879 -0.069412 -0.814532 -0.118411 2.443126 0.109312 0.385498
168 0.9743003845 4.984888 -0.100166 -0.533569 -4.556760 0.200203 0.108264 -0.877888 -1.066111 0.235481 1.153494 -0.532864 -0.278126 2.127726 0.263142 0.056367
169 0.9577198625 4.994739 -0.065459 -0.339206 -4.927303 0.508596 0.276861 -0.532754 -0.214706 0.399863 0.743635 -0.714648 -0.176744 2.177275 0.143234 0.533985
170 0.9679147005 4.994774 -0.677156 -0.532965 -4.789366 0.709127 -0.282887 -0.474978 -0.242513 0.275753 1.206215 -0.130368 -0.639651 1.404165 0.825495 0.766232
171 0.9556930065 4.999616 -0.546946 -0.563208 -4.557642 0.613098 -0.184789 -1.021892 -0.460098 0.209175 0.297094 -0.923062 -0.635777 1.968946 -0.013897 0.787574
172 0.9642468691 4.996477 -0.829657 -0.047054 -4.432566 0.394695 0.095740 -0.547379 -0.217544 0.693851 0.295307 -0.420046 -0.458053 2.161503 0.490834 0.102342
173 0.9592449069 4.993817 -0.735574 -0.613006 -4.972535 1.223087 -0.404592 -0.741008 -0.021499 0.273350 0.483134 -0.432621 -0.058579 1.566454 0.718399 0.424598
174 0.9613713026 4.977874 -0.616720 -0.054544 -4.769805 0.669374 0.048260 -0.489065 -0.319995 0.549153 0.903347 -0.910617 -0.528427 1.981793 0.044112 0.063438
175 0.9618124962 4.979773 -0.771517 -0.091223 -4.840775 0.459443 -0.365712 -1.364046 0.040660 -0.007432 0.704264 -0.843260 -0.025690 1.639561 -0.004100 0.911440
176 0.9570575953 4.996468 -0.258395 -0.584278 -4.693706 0.325294 -0.124069 -0.579833 -0.584429 0.143475 1.100301 -0.670290 -0.651868 1.453171 -0.102149 0.003315
177 0.9564104080 4.998781 -0.287992 -0.284724 -4.978291 1.066464 -0.326490 -0.548271 -0.071373 0.698926 0.525345 -0.552481 0.100911 2.239370 0.276986 0.633570
178 0.9696072340 4.988812 -0.628042 -0.240508 -4.410548 0.913779 0.062910 -0.712867 -0.323239 -0.079947 0.948294 -1.105787 0.412386 2.257771 0.529704 0.872436
179 0.9655566216 4.973978 -0.327331 -0.796745 -4.875912 0.553938 -0.172219 -0.609893 -0.438826 0.068684 0.501141 -1.208085 -0.236448 1.636317 -0.031847 0.009817
180 0.9682232141 4.986217 -0.517643 -0.423896 -4.365264 0.111094 -0.264773 -0.921122 -0.231916 0.176510 0.622190 -0.709873 0.408212 1.316786 -0.127770 -0.161280
181 0.9670288563 4.968908 -0.356574 -0.361239 -4.983105 0.539967 -0.033595 -0.443988 -0.708430 0.184293 0.735140 -0.593589 -0.112311 1.846408 0.569689 0.156198
182 0.9664865136 4.970964 -0.508260 -0.382797 -4.699620 0.901580 0.071513 -0.696120 -0.724370 0.150174 0.858024 -0.865487 -0.115887 2.099104 0.222178 0.632319
183 0.9501112700 4.990035 -0.248528 -0.390541 -4.984929 0.758647 -0.190058 -1.067733 -0.290480 0.155874 0.448009 -0.516524 -0.088859 1.751480 0.085545 0.140165
184 0.9589022994 4.979882 -0.547588 -0.308161 -4.811664 0.913969 -0.106490 -0.989741 -0.683821 0.457191 0.674721 -0.556365 -0.322974 1.863992 0.093244 0.398751
185 0.9567232728 4.978999 -0.332074 -0.227828 -4.895842 0.505306 -0.206569 -0.885192 -0.498767 0.391668 0.573627 -0.532728 -0.005908 1.797717 0.039905 0.358165
186 0.9474325180 4.998706 -0.274771 -0.254096 -4.779409 0.546684 -0.085583 -0.877252 -0.263211 0.024433 0.786541 -0.529111 -0.202393 1.555516 0.261250 0.427947
187 0.9482058287 4.999969 -0.330415 -0.466555 -4.823083 0.974813 -0.035644 -1.049008 -0.220930 -0.091441 0.625752 -0.406780 -0.044720 1.772616 -0.007217 0.340818
188 0.9448956847 4.997613 -0.334979 -0.275505 -4.999967 0.892868 -0.259730 -1.210661 -0.297717 0.261779 0.574757 -0.564252 -0.168102 1.667172 -0.072833 0.181442
189 0.9493203163 4.998590 -0.404570 -0.425052 -4.807009 0.747208 -0.298398 -0.799621 -0.446211 -0.002602 0.595049 -0.366581 -0.154586 1.475134 0.327495 -0.010396
190 0.9532248974 4.984659 -0.241227 -0.193107 -4.878271 0.679406 -0.261783 -1.007466 -0.194756 -0.032708 0.258478 -0.462699 -0.197048 1.505920 0.173515 -0.076732
191 0.9463821650 4.998368 -0.067910 -0.236417 -4.976649 0.814652 -0.296689 -1.013529 -0.265326 0.248961 0.911546 -0.830257 -0.296728 1.736612 -0.159809 0.120871
192 0.9524160624 4.997848 -0.337059 -0.103056 -4.733110 0.940048 -0.298524 -1.371598 -0.539493 0.507055 0.375678 -0.680427 -0.224859 1.923114 -0.109752 0.199022
193 0.9470643997 4.998154 -0.390686 -0.304843 -4.930332 0.741538 -0.319534 -1.439184 -0.026751 0.293508 0.253614 -0.793415 -0.427493 1.546622 0.160564 0.365677
194 0.9505622387 4.990551 -0.499610 -0.075976 -4.677618 0.655158 -0.274399 -1.245232 -0.487993 0.025653 0.659740 -0.457534 -0.223426 1.396495 -0.089997 0.286665
195 0.9496457577 4.995006 -0.340278 -0.194996 -4.902168 0.625072 -0.272875 -1.533301 -0.398323 0.192843 0.903601 -0.775722 -0.316489 1.483351 -0.006450 0.216484
196 0.9537791014 4.989163 -0.329265 -0.429780 -4.896195 0.696128 -0.350130 -1.025696 -0.499538 0.403790 0.593510 -0.367667 -0.323556 1.710340 -0.295968 0.456127
197 0.9565215707 4.989890 -0.186476 -0.157019 -4.703490 1.056230 -0.443664 -1.214986 -0.595019 0.086445 0.635255 -0.848119 -0.423656 1.954108 0.165943 0.150143
198 0.9512940645 4.989345 -0.520960 -0.342135 -4.875001 0.855648 -0.106159 -1.089340 -0.407124 0.104643 0.623583 -0.360490 -0.377945 1.585340 0.100590 0.045122
199 0.9508589506 4.996854 -0.507119 -0.346376 -4.725796 0.980073 -0.411111 -0.905741 -0.065480 0.282363 0.467871 -0.399104 -0.087784 1.814233 -0.317376 0.023180
200 0.9435641170 4.998907 -0.607343 -0.230120 -4.971355 0.686591 -0.232936 -0.990777 -0.059424 0.183342 0.552446 -0.407280 -0.347963 1.502167 -0.084395 0.441182
201 0.9488598108 4.992442 -0.456247 -0.064355 -4.970717 0.495268 -0.241958 -1.147909 0.103837 -0.032231 0.616534 -0.693067 -0.327198 1.685940 0.152840 0.499922
202 0.9562755823 4.979875 -0.690064 -0.224255 -4.860313 0.603976 -0.084828 -0.930865 -0.361571 0.431189 0.644626 -0.407377 -0.271851 1.741437 -0.149444 0.437746
203 0.9517592192 4.995596 -0.362965 -0.115413 -4.635774 0.526461 -0.174190 -0.898995 -0.188088 -0.057807 0.879267 -0.202934 -0.125017 1.510462 0.100621 0.150584
204 0.9596425295 4.977160 -0.857795 -0.257296 -4.930368 0.530478 -0.143266 -1.289062 -0.146964 0.273245 0.276230 -0.248592 -0.270701 1.261687 -0.238101 0.617001
205 0.9505335689 4.993354 -0.476577 -0.155733 -4.853546 0.568612 -0.292479 -1.119317 0.073673 0.072614 0.771832 -0.227117 -0.331869 1.337417 -0.213600 0.310389
206 0.9480366707 4.999805 -0.834365 -0.194684 -4.836486 0.487275 -0.384307 -0.837078 -0.030492 0.353920 0.777209 -0.697336 -0.370388 1.808974 -0.171788 0.271431
207 0.9575818777 4.978243 -0.573284 -0.280838 -4.891825 0.859751 -0.124093 -0.742012 0.151428 -0.041521 0.491027 -0.258703 -0.200313 1.756352 -0.051265 0.443054
208 0.9479109645 4.995832 -0.665553 -0.341096 -4.933899 0.464431 -0.330659 -1.046061 -0.135235 -0.026210 0.388152 -0.549170 -0.060878 1.772822 0.026686 0.472708
209 0.9470805526 4.993599 -0.820871 -0.117217 -4.902109 0.589524 -0.039102 -0.851568 -0.003662 -0.070678 0.520070 -0.658963 -0.604720 1.359398 -0.062032 0.426510
210 0.9494504333 4.993947 -0.617221 -0.202280 -4.856233 0.990423 -0.360675 -1.079999 0.023689 -0.026573 0.789334 -0.273666 -0.188950 1.609544 -0.226244 0.435959
211 0.9476774931 4.998592 -0.864586 -0.182215 -4.843167 0.798903 -0.126629 -1.317969 -0.299123 0.008832 0.689109 -0.462986 -0.469473 1.326725 -0.168132 0.719057
212 0.9491181970 4.989115 -0.742147 -0.106863 -4.999280 0.627578 -0.174220 -1.092340 -0.091036 0.018237 0.756553 -0.490347 -0.394695 1.674679 0.052886 0.338553
213 0.9523555040 4.989713 -0.589375 -0.329263 -4.835517 0.699164 -0.378060 -0.946201 0.139142 -0.057711 0.560816 -0.392254 -0.313191 1.667293 -0.245176 0.577221
214 0.9511783719 4.996798 -0.364407 -0.113214 -4.841961 0.843350 -0.180624 -1.133939 0.095488 0.356197 0.493617 -0.326894 -0.327482 1.782372 0.163721 0.123778
215 0.9528277516 4.984290 -0.398458 -0.142431 -4.856668 0.822013 -0.220156 -1.203807 -0.358591 0.306258 0.472231 -0.539087 -0.367818 1.289802 0.197395 0.748591
216 0.9502176642 4.987086 -0.543607 -0.230670 -4.986476 0.641935 -0.219707 -0.900098 0.031593 0.119669 0.435426 -0.290957 -0.334471 1.555142 -0.123965 0.513977
217 0.9466920495 4.993082 -0.715063 -0.217708 -4.995986 0.721270 -0.286503 -0.840946 0.042914 0.124344 0.578066 -0.420706 -0.358045 1.530968 -0.196811 0.462929
218 0.9450517893 4.996773 -0.615405 -0.244973 -4.883362 0.657583 -0.311882 -0.836379 -0.028996 0.091946 0.722301 -0.527387 -0.281659 1.371767 -0.164883 0.466563
219 0.9512059689 4.987555 -0.688638 -0.131882 -4.962747 0.622888 -0.208132 -1.022242 -0.033090 0.274338 0.574378 -0.276005 -0.221803 1.487197 0.003726 0.405332
220 0.9505020380 4.988859 -0.642877 -0.189158 -4.878319 0.620904 -0.176083 -1.042880 0.013880 0.138434 0.712717 -0.435500 -0.284656 1.499723 -0.068755 0.532369
221 0.9465912580 4.996706 -0.660184 -0.289168 -4.972183 0.827879 -0.200762 -1.096309 -0.114114 0.260018 0.671114 -0.275421 -0.461124 1.385622 -0.173557 0.430068
222 0.9500398040 4.994708 -0.727027 -0.277165 -4.841296 0.535935 -0.174269 -0.906078 0.054364 0.247248 0.712993 -0.378363 -0.464522 1.500862 -0.051474 0.496624
223 0.9514912367 4.983343 -0.539970 -0.264647 -4.969718 0.667891 -0.313959 -1.079623 -0.065980 0.244717 0.395344 -0.467979 -0.424514 1.522678 0.018964 0.368572
224 0.9463292956 4.999493 -0.573153 -0.223327 -4.836592 0.538372 -0.283925 -0.958761 -0.040323 0.170878 0.706038 -0.319649 -0.263680 1.397191 0.052757 0.281825
225 0.9459301233 4.992477 -0.514376 -0.218706 -4.981420 0.764141 -0.268812 -0.976196 0.070625 0.090951 0.528418 -0.473320 -0.285720 1.450533 -0.137045 0.310970
226 0.9446449280 4.998584 -0.489309 -0.323203 -4.843459 0.760849 -0.212758 -0.882198 0.010284 0.071355 0.577852 -0.493447 -0.494973 1.349560 -0.184912 0.316401
227 0.9439750314 4.999795 -0.581797 -0.156593 -4.932356 0.556129 -0.320770 -1.022945 -0.151333 0.168206 0.571804 -0.334834 -0.329449 1.468160 -0.118472 0.370583
228 0.9440749884 4.999680 -0.673917 -0.321497 -4.952787 0.808567 -0.183484 -0.846179 -0.029069 0.136026 0.642642 -0.456585 -0.445902 1.467166 -0.064593 0.578889
229 0.9488496780 4.987912 -0.528017 -0.180424 -4.984331 0.738231 -0.145478 -1.071906 0.058662 0.178153 0.485463 -0.417129 -0.461837 1.347095 -0.034554 0.310234
230 0.9493476152 4.992573 -0.716823 -0.336618 -4.993008 0.676569 -0.202145 -0.868639 -0.003185 0.293217 0.524218 -0.331008 -0.446342 1.583254 -0.075100 0.546526
231 0.9487057924 4.991401 -0.616379 -0.230752 -4.918791 0.641323 -0.188853 -0.932896 -0.029131 0.214059 0.575323 -0.381816 -0.415633 1.563527 -0.077160 0.500419
232 0.9440149069 4.997809 -0.643215 -0.229546 -4.913660 0.687220 -0.215422 -1.012119 -0.110803 0.124160 0.514289 -0.451359 -0.277455 1.464739 -0.116116 0.461500
233 0.9440553784 4.999259 -0.644645 -0.210911 -4.966832 0.630278 -0.187469 -1.001171 -0.113542 0.180446 0.544241 -0.338438 -0.288220 1.551490 -0.155355 0.436952
234 0.9454866052 4.995432 -0.550306 -0.267577 -4.929840 0.694490 -0.259882 -1.061073 -0.041802 0.137424 0.472923 -0.420274 -0.295453 1.427164 -0.122644 0.470997
235 0.9476016760 4.991334 -0.546487 -0.201846 -4.902334 0.663059 -0.186189 -0.996845 -0.055106 0.141116 0.520504 -0.425934 -0.376296 1.512176 -0.068786 0.460871
236 0.9441697001 4.999361 -0.646582 -0.227710 -4.964874 0.661460 -0.223999 -0.934696 0.004173 0.158983 0.601754 -0.350548 -0.355026 1.482487 -0.135101 0.401135
237 0.9438990355 4.998935 -0.622654 -0.235366 -4.946421 0.696622 -0.184056 -0.930300 0.012451 0.241894 0.512386 -0.451775 -0.307635 1.459246 -0.053548 0.370567
238 0.9433560371 4.999738 -0.610954 -0.192819 -4.932109 0.754784 -0.187638 -0.956905 -0.120955 0.154921 0.547551 -0.379534 -0.301503 1.541487 -0.070562 0.517528
239 0.9469319582 4.995198 -0.555228 -0.262471 -4.932180 0.676658 -0.272370 -1.056471 -0.028789 0.135118 0.634326 -0.338046 -0.356393 1.573272 -0.121731 0.398471
240 0.9446350336 4.997486 -0.632424 -0.234997 -4.998094 0.625637 -0.253972 -0.916579 -0.043325 0.229017 0.528164 -0.417787 -0.313838 1.531701 -0.020601 0.509659
241 0.9461097717 4.994908 -0.549979 -0.155598 -4.865372 0.741026 -0.237125 -0.983423 -0.155893 0.165504 0.557945 -0.366946 -0.269286 1.543275 -0.114194 0.454949
242 0.9443172812 4.998978 -0.677062 -0.141594 -4.912891 0.768264 -0.219107 -0.938762 -0.099491 0.142069 0.625553 -0.386452 -0.245537 1.551862 -0.071267 0.555665
243 0.9455697536 4.993691 -0.550339 -0.165012 -4.996401 0.712926 -0.196118 -0.975427 -0.180808 0.146013 0.588111 -0.349340 -0.234149 1.536182 -0.029311 0.470774
244 0.9446570873 4.997973 -0.631170 -0.188485 -4.921976 0.794438 -0.215562 -0.901102 -0.198975 0.097847 0.515412 -0.321621 -0.359525 1.581522 -0.020056 0.590693
245 0.9443051219 4.997568 -0.581502 -0.148012 -4.907082 0.812743 -0.218258 -0.957375 -0.069439 0.127636 0.579085 -0.395352 -0.332897 1.533001 -0.108609 0.465438
246 2.3437485695 -3.096295 3.692266 -3.009620 0.189551 -2.716992 -2.451713 1.996168 1.552150 -0.155583 0.111374 -0.012457 -1.754703 -3.226452 -1.932509 0.876546
247 2.3874533176 1.432313 -4.893187 1.792554 -1.498003 2.723689 1.197657 3.297859 0.952197 -3.130956 4.130636 -3.615298 -4.669871 -1.310708 -2.546805 4.105097
248 1.7367904186 -4.357438 0.429555 0.511684 3.681880 -4.891764 4.919509 -2.622327 0.054924 0.359754 -4.941913 4.573345 -1.208059 -1.885783 0.917368 3.554706
249 1.9138689041 3.663694 1.093784 3.513194 0.382015 -2.158172 3.169341 -0.118000 4.350288 4.343597 -3.146958 2.225669 3.340564 0.286928 1.866061 3.420741
250 2.0779943466 2.812518 -4.186377 -2.916232 -4.397980 4.733679 -1.836887 -0.347746 -1.704634 -0.755446 -4.421363 -4.257465 1.489080 -1.195223 -2.606904 -2.928245
251 1.9012664557 -3.806418 0.908076 -1.644255 1.234810 -1.388548 -0.144098 2.424707 -1.455775 0.290523 3.249281 2.720431 1.850463 -3.563867 3.350597 3.066191
252 1.7335573435 4.483335 4.819579 4.514164 0.760907 1.671233 3.605270 -1.880119 4.206169 3.108608 3.569470 -1.105920 -3.518258 3.309854 -4.700221 0.270279
253 1.6414499283 4.233057 0.191616 -0.631319 3.025724 -3.549957 -0.954198 1.055444 -3.868474 3.983556 2.626210 0.206120 -4.280122 -2.571953 0.011549 -1.224328
254 2.2972245216 2.012454 -3.984692 1.496102 3.900985 -0.393784 -1.171038 -4.093091 1.397052 -0.853173 0.911852 1.640852 1.931201 -2.043928 4.682750 1.580036
255 2.5484092236 -0.079045 3.652255 2.017196 -0.082759 -2.877426 0.444649 0.645790 -0.919395 4.595072 -0.928695 -1.917760 -3.260561 3.608323 1.956786 -3.372132
256 2.5225815773 -1.173866 -3.011285 4.961275 -2.727602 -3.222912 4.747412 3.994000 4.932736 -3.380498 -2.615255 3.798597 -4.521285 0.346380 -0.770276 -2.337644
257 2.4384646416 0.839220 3.431536 2.555727 -0.857735 -2.401157 -3.728418 1.452437 3.111838 1.179001 -1.907499 1.982217 1.214915 4.459411 -2.989428 4.472682
258 1.4584128857 -4.277394 -1.341129 0.657906 -4.680516 2.404599 0.898249 0.280634 2.023530 0.586978 -3.723836 3.164433 0.467565 -3.220406 -1.300813 -3.074099
259 2.0549113750 2.617804 -1.628223 2.328913 -4.053911 1.030397 2.669774 3.556000 -4.498948 -2.800508 3.670854 4.263225 -3.991670 2.455634 -1.067040 2.887161
260 2.2360596657 3.176069 -2.322768 -4.030927 4.133981 3.058047 1.426925 -3.564172 3.713795 -4.522522 4.649084 -3.034178 3.067998 -4.128121 0.358441 -2.622752
261 2.3402297497 -3.543200 -3.366475 -4.677317 2.597399 4.451715 -4.370469 -1.325342 1.186591 -2.266892 -2.885571 4.339501 3.718842 -4.445420 -0.919674 4.644211
262 1.9173383713 3.721877 1.769550 1.039771 -4.122391 0.481469 -4.270998 -2.300652 3.584896 -4.983227 -0.388681 -2.161261 4.111532 1.893985 -3.565247 1.084881
263 2.3933899403 -0.935058 3.005125 3.870700 -2.497824 -4.543480 -2.328399 -3.856508 -4.204078 4.867372 1.228353 -2.506771 0.850897 -2.217474 -4.416065 -1.965500
264 1.6980404854 -3.898651 -0.370889 0.237067 -3.461732 -1.169938 3.984413 -2.476427 -1.279220 -4.265635 1.759674 3.472471 4.953314 4.147527 2.853647 2.137567
265 2.5265173912 -2.048922 2.728584 -3.276019 0.930737 2.817310 1.943176 3.678695 4.009414 -1.504292 -1.620804 0.561768 -1.627338 1.190819 2.462534 2.665206
266 1.6289293766 4.898745 4.108754 2.371711 -3.309517 1.946653 -0.765284 4.627051 2.543432 2.579691 2.248810 -0.925895 4.020331 2.135207 4.509784 -0.726030
267 2.0323123932 4.628613 -0.218075 -4.922417 1.885346 3.337021 -4.802709 4.339496 -4.585851 2.281365 1.475774 4.999227 -3.676939 2.748718 0.642249 2.485673
268 2.3999619484 -0.260098 -2.336006 -4.272504 2.930029 -3.989396 3.364960 -2.853639 -0.639056 3.297053 3.055088 -4.020101 -4.933307 0.700943 4.950624 -4.992534
269 2.4219288826 -2.129067 -2.574102 -1.010203 -2.097232 -0.213344 -2.791306 -0.008661 1.742531 3.730647 4.942887 -3.383701 2.469357 -0.026648 -4.068585 -1.831476
270 1.8617417812 4.049244 2.371615 -0.385867 -0.112368 4.998489 -2.762009 -4.831421 -4.797710 -0.377269 0.687822 4.018383 1.302743 1.493847 -4.908093 0.335642
271 2.4331521988 0.668001 -4.388646 2.833196 4.566116 1.314991 -4.695126 -4.215719 -2.859120 -4.746631 -1.226288 -1.566121 -0.134713 -4.972068 -4.189992 0.771612
272 2.1100096703 -2.374014 -1.134171 4.151394 -3.071857 3.725054 2.975203 -0.590846 2.173877 3.473845 -4.684226 2.448483 -2.487629 -3.669784 2.613601 2.095640
273 2.1336991787 2.503677 1.958649 -0.060499 4.788872 0.666297 0.298680 1.833973 0.320546 4.165444 1.907305 -4.338927 2.180887 4.999223 -3.206782 -4.157241
274 2.4698221684 0.299654 -0.671431 0.839568 3.578202 3.545352 -4.084991 0.777805 -1.072482 -2.710879 4.492725 3.378622 -0.082436 -0.986945 3.744808 -0.975045
275 2.5620551109 -1.660953 -4.755007 -2.463008 1.039966 -0.599205 2.530284 -4.604485 -2.738121 -3.800365 -0.656976 -3.740457 4.429305 -2.528823 -1.770801 4.219966
276 1.9748275280 3.375075 0.728727 3.219835 -0.635523 -0.950876 4.436129 -0.931498 -0.224807 -0.053825 2.875797 -1.424709 -2.278219 3.155212 1.276523 -1.193100
277 2.1183180809 1.629223 2.220156 -1.944767 -3.762305 4.123771 -2.076024 -4.345845 0.717197 -2.419578 -2.541257 -2.902298 2.830610 -4.618912 0.124553 -3.549155
278 2.4307849407 1.756634 -3.783993 -0.330303 -1.229744 3.939856 -1.397563 -3.309088 2.620659 1.294557 -0.220050 -0.666963 0.181786 1.327540 3.216875 -0.510738
279 2.4776995182 0.496768 2.965261 -3.625375 4.397027 -3.835325 -0.435305 4.957903 2.812515 -3.550082 -1.067195 -1.698751 -0.695561 3.730346 3.910177 -4.366157
280 2.4307599068 -1.345074 -1.931224 -2.605593 2.311275 -1.779187 -3.150047 2.947069 -0.501278 2.859957 -4.120418 1.341858 -0.957685 2.844462 -3.877504 -2.278478
281 1.3880426884 -4.715560 4.180364 1.389834 2.103237 1.606380 -1.450952 -1.205320 -2.384658 1.897175 -1.862096 -0.410936 -0.498969 3.899751 1.629656 3.769942
282 2.6468095779 1.104081 0.027551 4.735919 -1.098537 2.238055 0.680457 -1.592217 -3.131503 -1.211915 -3.543058 -4.711153 -2.677060 -3.989443 -1.546671 -0.073800
283 1.9999767542 -2.648951 -0.889636 3.358979 -1.678747 -4.748339 0.101383 4.188779 -3.244874 1.539497 -2.168170 1.094932 4.671200 4.559748 -0.512107 4.966218
284 2.7688324451 -0.440247 1.436769 -2.237265 1.447853 0.048836 -3.415937 -1.988196 3.390508 -3.982720 3.899659 2.926998 2.770864 -0.735367 -0.233931 1.429074
285 1.6944451332 -4.802887 -2.854458 -4.513517 -2.281763 0.202622 4.301501 1.277930 -1.935912 2.477385 0.495271 -4.779294 -2.013458 1.717677 1.158757 -3.694283
286 2.1226735115 -2.879067 1.617736 -1.360720 -4.875112 -1.459522 3.727502 2.639063 0.373637 0.860840 -3.339400 -0.321537 -2.851681 -1.460019 -2.236134 1.675319
287 2.3285543919 2.203741 4.518818 -1.744239 -2.840850 -3.150973 -3.560157 -3.123034 -2.295971 -1.385862 -4.093473 0.485559 0.582053 -2.932884 3.622140 -4.002658
288 2.4408998489 -1.671443 -3.485911 -0.958717 3.408992 -4.282307 1.597476 3.173816 -3.646428 1.675546 -0.078580 1.888002 3.473706 -0.543141 2.303655 -4.753851
289 2.1551909447 -3.285537 -1.693405 3.974121 -0.436355 -2.077586 2.319094 0.366597 -4.062732 -1.829461 1.193879 -2.695348 -3.149003 -0.286571 4.205774 -1.521231
290 2.7924995422 -0.662213 4.736479 -3.823101 2.430706 0.910774 1.779725 2.279395 4.711681 -2.052630 2.467219 0.785749 -1.421677 0.961425 -3.275081 -0.216757
291 1.4186869860 -4.976063 4.405483 2.117327 -0.078348 1.531091 -3.449815 2.875989 0.234528 0.107069 0.225101 0.344058 2.201575 4.148152 -1.199392 4.137812
292 1.4331101179 -4.860887 -0.539465 2.593535 -1.652146 -1.948974 -4.721272 1.121584 1.828912 3.924792 -3.998172 0.716489 1.460842 0.475015 -1.716214 1.735031
293 1.7250829935 -4.960688 4.358616 -0.078597 2.421329 4.816145 -0.260021 -4.010551 -2.361803 4.089554 2.495506 -2.875338 -0.165856 -0.213383 -3.024963 3.028924
294 1.6745188236 -4.349288 2.898098 0.364425 0.233811 2.516979 -4.447636 2.488716 1.871159 2.755443 -1.302540 0.561665 -2.065526 -0.909794 3.364460 0.292415
295 1.4797019958 -4.715809 2.852938 2.664209 2.634934 3.084909 3.184747 -1.479558 1.664859 4.224975 -1.312321 4.694579 -0.795168 3.711042 -0.779373 4.046361
296 1.4050875902 -4.967647 1.535280 1.435261 0.416224 4.252512 -0.122691 -3.955316 0.406898 -0.549672 -1.882460 -0.747726 4.332457 0.630699 3.908087 0.035433
297 1.4190522432 -4.887268 0.569770 2.083147 2.165330 3.889442 0.356605 3.154167 -1.180189 -1.903362 -3.797293 -4.561948 2.235971 2.536533 1.815068 -0.212359
298 1.4973554611 -4.910443 2.443266 0.473152 1.516125 2.185073 -0.899325 -4.741752 -3.496365 -0.068236 -4.244777 -4.500625 3.421686 2.839970 2.920181 4.814725
299 1.4007004499 -4.886011 -0.427282 0.990627 2.239319 -2.699771 2.823232 -2.302518 -0.508009 2.939574 -3.117259 -4.391961 -0.976484 4.402632 -2.690213 3.775913
300 1.3760368824 -4.897228 -0.037848 2.549868 0.187569 4.689205 -1.465671 3.868921 1.533476 2.427718 0.760199 -2.823217 -4.492783 4.353209 1.307881 4.334664
301 1.4076638222 -4.990506 0.923792 4.086163 1.904561 3.109253 -0.237334 2.315677 4.342694 2.864105 3.664011 -4.519706 0.346744 4.539675 -1.311878 4.453986
302 1.3899294138 -4.805391 -4.704086 1.279105 3.074289 3.207094 -1.856244 4.849931 0.577314 2.212607 2.693564 -3.071901 -0.065329 3.588477 -3.311318 4.918140
303 1.2474935055 -4.882434 -1.342399 1.334480 -2.936702 3.472351 2.526839 1.416003 1.818560 2.473008 -1.940333 -0.572179 -0.277301 0.520623 3.069397 3.521188
304 1.4724352360 -4.873206 2.291898 2.481046 -0.142401 2.606373 2.988413 3.752959 4.711473 3.584049 2.840482 -2.896927 -4.679410 3.661168 1.746304 1.433614
305 1.2971297503 -4.835883 3.781694 4.065302 -4.351676 0.939528 2.594176 -0.222621 -1.185955 2.636385 -1.483888 -0.473902 -2.067249 3.623907 3.182853 1.988495
306 1.4790219069 -4.644891 -3.168572 3.342713 -3.656162 4.729065 4.554174 1.307090 2.865183 -0.439702 1.165524 2.685884 0.722783 4.965578 -0.094903 -0.466029
307 1.4355092049 -4.656406 -4.549274 1.631296 -4.745384 3.736116 4.877061 -1.750890 -0.834045 -0.788594 -3.114732 -0.913746 3.888627 3.193304 0.425924 2.293872
308 1.2622696161 -4.700801 -2.103868 2.094531 -4.714949 -0.457468 -0.735784 -1.378160 1.483234 4.808984 -3.602735 -3.833128 -2.245954 4.973383 -1.453261 0.260384
309 1.2102901936 -4.807481 -2.214558 0.369637 -4.847128 1.862035 1.702055 2.581491 0.036466 0.600691 -1.203294 -2.345747 1.563980 0.876910 -0.309302 3.270423
310 1.2951158285 -4.818144 2.831520 2.119661 -2.914963 4.957122 1.581378 2.865383 2.830173 4.375054 -2.368873 -1.188886 0.194398 3.830586 -0.627345 0.222831
311 1.5400657654 -4.786671 0.132635 1.640550 -3.638488 -3.112997 -2.196577 -1.569668 -4.966173 2.602195 -3.789101 -0.080124 -4.001789 1.780124 1.747009 -3.488823
312 1.4560884237 -4.806128 -4.686312 3.343803 -4.774765 -1.234753 4.499159 -1.920613 -1.305757 2.285634 0.983801 -2.769826 -3.541765 1.664876 -1.815659 1.888815
313 1.2057301998 -4.983433 -1.172154 0.959399 -2.005877 -2.195025 0.416724 3.844024 -1.815408 -1.463230 -1.268515 3.945874 0.484946 1.793644 -1.025246 3.685362
314 1.3454035521 -4.997279 2.318809 3.744299 -4.684521 -2.043225 -0.523673 -1.148513 3.812071 -1.760287 -3.014856 0.609872 3.989205 -3.391718 -0.576992 -0.663677
315 1.2462843657 -4.976832 -4.629116 -0.813508 -3.439705 -1.569661 -1.953535 2.042904 1.041511 3.860037 4.499067 1.117882 0.952613 3.012168 0.792043 3.362863
316 1.4568865299 -4.462366 -3.388000 2.712619 -4.543706 0.219238 0.483598 4.668831 -0.662345 -3.317306 -0.593440 2.674847 -3.229531 3.174046 -2.149132 0.515438
317 1.4238703251 -4.982713 -3.028181 -0.676147 -2.209442 -4.163766 3.052722 0.665526 -0.672093 1.466175 0.085199 3.756789 2.685604 0.127477 -2.937222 3.238088
318 1.5370199680 -4.635541 -4.031270 1.749174 -4.792105 -1.408573 0.042253 2.892963 2.652382 2.698959 -4.870115 4.496931 3.743200 3.482393 2.735551 -0.468223
319 1.4012175798 -4.749268 0.288666 1.395961 -0.491150 -0.987776 -0.406732 4.939651 1.867170 2.583331 -0.393192 -4.077826 1.470661 1.177431 -1.540637 2.875456
320 1.4183897972 -4.813899 -2.076355 -0.407886 1.013800 -1.068923 3.201079 3.983124 -2.853928 1.953825 -1.333852 0.672432 2.415786 4.331894 2.601992 4.000220
321 1.4730706215 -4.960204 4.243613 3.593575 -0.962449 1.548029 2.077097 -2.040893 -0.830512 -0.713480 -0.814927 -1.742432 -2.075934 3.851738 -4.917054 3.005971
322 1.4248080254 -4.845385 4.898983 2.177925 1.592286 -2.386744 -2.981316 2.784307 -4.252272 -1.112918 -3.989334 0.187393 2.248497 -3.144561 -4.619701 3.957641
323 1.4260747433 -4.800192 -2.594094 0.840695 0.683279 -3.366446 1.982555 -4.027045 0.804704 0.415974 4.969025 -0.368612 4.724479 4.609451 2.561557 1.856599
324 1.4367431402 -4.318176 2.388273 1.329091 -3.802840 2.069820 0.777047 -3.576586 -0.421066 -0.218851 -2.485081 1.177107 -1.231699 3.838964 4.521883 1.626431
325 1.3457757235 -4.916662 -2.570458 2.735805 -4.726878 2.074856 1.657854 -0.092185 4.884122 -3.334250 -0.429182 -2.863246 2.638443 -4.748784 -0.097342 1.283032
326 1.3735550642 -4.948929 0.854694 1.351039 1.413732 3.371692 -0.914569 2.587314 -2.073038 -2.139412 -3.941181 1.717060 2.259903 -0.999564 0.303053 4.338750
327 1.2870613337 -4.824059 -2.728260 0.810803 -2.364745 2.414912 -1.178896 1.627219 4.663237 -2.527892 2.216898 1.197314 -1.180951 1.335365 -2.460399 2.064664
328 1.4601163864 -4.939678 -4.767007 -0.193751 -0.731595 -1.982639 1.876143 3.055005 4.629540 1.933035 -1.560234 -0.402814 2.535094 3.388608 -0.558305 4.455646
329 1.5357336998 -4.685401 -1.128690 3.395111 -3.491984 4.013744 0.236368 3.702745 -4.302789 0.117111 -4.861153 2.486237 0.216295 -3.269124 -4.272560 1.563176
330 1.2873282433 -4.999068 -2.153366 2.767939 -4.615253 1.714156 1.597909 -0.849097 -4.506164 4.314056 1.381385 2.301967 -0.247100 3.348800 -3.981902 3.763463
331 1.0983314514 -4.776740 0.029794 0.323190 -3.654891 0.747919 -0.408263 1.122477 1.562204 2.612282 0.880814 0.820056 -0.418879 4.956659 -1.340462 0.964662
332 1.4616500139 -4.772630 -2.227122 3.212847 -3.861863 -3.500773 3.070065 0.628539 0.410452 -4.213015 0.165834 3.132936 2.377643 2.054282 -3.518257 4.951920
333 1.3806928396 -4.824691 -1.455857 2.636316 -2.949015 -1.599234 -0.277834 3.889756 -3.525216 -0.161501 3.494521 -1.253493 1.902258 -0.981692 3.682104 0.323793
334 1.1828290224 -4.853430 -1.529892 0.056627 -4.460463 0.962443 -1.062965 -0.396466 0.468408 0.004168 -3.572492 0.348729 -2.504822 3.334890 -4.118896 1.888725
335 1.3861147165 -4.965556 -0.949413 -1.305531 -4.067187 -1.008124 -0.104503 1.015486 -3.868055 1.707738 -3.647565 4.431192 0.915052 -0.567788 -4.688588 -1.103069
336 1.4086976051 -4.863943 -1.100943 -0.448864 -4.981849 -1.832796 -0.415939 -0.628226 3.607289 1.299228 1.762794 -3.242284 -4.547927 3.427767 -3.427551 3.667700
337 1.2132544518 -4.766575 -2.933354 0.745299 -4.647415 1.056626 -0.668213 -1.911954 1.643299 2.041350 -0.726309 2.828451 1.676356 4.012200 -1.407707 -0.614234
338 1.2450200319 -4.892033 1.961988 -1.419503 -4.532523 2.742620 -1.066157 -0.270720 0.122018 -1.883356 3.040724 -0.116748 2.680702 4.134746 -0.877340 2.460958
339 1.5004200935 -4.918933 1.648935 -1.188092 -4.145565 -3.435965 -3.320297 4.572638 -0.347679 -0.657250 -4.233441 1.772606 -3.688482 -0.403805 -2.203595 4.699498
340 1.2848113775 -4.750721 3.116896 0.493859 -3.588598 -2.712424 0.849424 1.079251 0.349684 0.035981 -1.094657 2.488911 0.244070 4.555355 -1.026188 1.813807
341 1.2366516590 -4.857517 -3.887966 3.034977 -4.728382 -1.074174 0.509255 1.973789 0.107850 0.669740 -0.833681 -2.717727 0.737304 4.851196 -0.867417 -2.493200
342 1.2727805376 -4.816274 -2.341055 1.035696 -4.637156 3.417258 -0.257683 -0.562680 2.366072 3.057195 0.426015 -4.040892 1.280048 3.980626 2.538433 -2.000555
343 1.1931893826 -4.950362 -4.218318 -0.033461 -1.596465 1.326705 0.944486 0.684523 3.012323 0.661953 2.803149 0.750760 0.286792 2.976752 -0.261418 2.863970
344 1.3104841709 -4.869246 1.033722 -1.494967 -4.898316 2.520055 -1.782284 2.689986 -1.508413 2.376039 -0.968472 3.354496 -2.592891 2.936825 -4.589192 3.414131
345 1.1984623671 -4.889851 -0.916140 0.677806 -0.291479 -0.083559 0.074760 -0.860215 -2.333665 0.778967 4.546703 2.344749 -2.205333 0.492766 1.260771 0.423369
346 1.1205118895 -4.938013 0.559204 1.126544 -4.309356 4.184239 -0.190406 1.012246 0.635301 0.044389 1.556260 1.598077 0.712451 4.916991 0.855336 -1.873848
347 1.2641029358 -4.967774 -3.929882 2.761538 -1.326902 0.550209 -2.256453 3.626527 1.569218 0.373676 4.339141 -1.748257 -3.016592 2.634964 -1.083448 2.857391
348 1.2850308418 -4.958018 0.701640 1.754658 -1.396823 -1.257833 1.476213 0.575373 0.854722 -2.528180 2.963443 3.894052 -1.095834 3.556024 3.361980 0.746252
349 1.3838516474 -4.737570 -4.031593 1.065953 -1.432876 -1.081825 -3.327643 0.924161 -1.143510 -2.190122 3.814228 2.663506 2.272602 1.867698 -1.284633 -1.237334
350 1.3762700558 -4.832287 -4.178043 0.176957 -4.313626 -1.557792 1.835143 3.689999 -1.888829 2.163426 4.875331 -1.350174 -1.240473 3.090226 -4.841142 4.267748
351 1.0828683376 -4.884083 -1.979333 1.322124 -4.779241 2.237371 -1.110901 0.847938 0.145610 2.228069 0.881474 0.140096 -0.704286 4.400029 -2.452284 -0.271643
352 1.1420762539 -4.800396 -1.945868 1.653399 -3.849188 0.004734 -0.618028 1.146349 1.587384 2.750664 2.317155 1.069882 -2.273513 3.692461 -0.250930 0.004904
353 1.0594456196 -4.911767 1.726715 1.617905 -4.677979 0.766173 -0.716714 1.701720 0.350050 2.134603 -1.047270 -0.863363 -0.385183 4.185001 0.052562 -1.428663
354 1.0732444525 -4.947374 -0.087632 0.775222 -2.755770 1.062635 -0.952228 2.385309 2.093741 1.828783 1.490535 1.315871 -1.512018 4.135107 0.789936 3.386707
355 1.1022444963 -4.955430 -1.334175 0.203021 -3.436346 1.552113 -0.066187 0.578824 -0.467325 2.906955 1.302882 2.959112 0.002788 4.619950 -2.424729 -0.403288
356 1.0355571508 -4.903067 0.182054 1.715694 -4.811052 1.785951 -1.231260 1.910903 -1.484364 0.862367 0.103400 -0.761074 -0.608636 1.663618 1.000106 -0.143363
357 1.0980695486 -4.937660 1.001495 1.469570 -2.903878 1.444580 0.269216 1.600524 -0.191885 3.106440 0.027945 -2.787600 -2.514268 4.054945 -0.380787 -0.427217
358 1.0567328930 -4.968824 0.525352 0.522694 -2.954138 1.815867 -1.392585 0.397647 0.162208 2.677147 1.279924 -2.170921 -0.856001 3.566831 0.301262 -0.005967
359 1.0090135336 -4.994426 1.142373 1.090205 -2.630479 -0.539034 -1.512831 -0.112615 -0.316967 0.569958 -0.467988 -1.863894 -1.503044 2.387136 0.246655 1.259793
360 1.0785576105 -4.977568 2.520753 1.798323 -4.037330 0.526271 0.397456 2.592127 -0.885781 2.392284 1.367547 0.345177 -1.071514 3.155552 0.824180 0.768083
361 1.0437914133 -4.969955 -0.675740 -0.008315 -3.359585 -0.589147 -1.490871 1.182371 -1.047484 -0.306176 -1.372098 0.653293 -0.493044 4.549350 0.923056 2.153179
362 1.0718785524 -4.999819 0.203257 1.326373 -1.114471 -1.416059 -0.087496 -1.801510 -2.094455 -0.533968 -1.293331 -0.224487 -0.737866 2.502524 1.034852 3.166686
363 1.0871334076 -4.927573 -0.735771 1.815314 -3.799939 0.531937 -2.213391 -0.047786 -1.454837 1.433696 -0.555022 0.325497 -2.103756 3.710283 0.580900 3.481787
364 1.0175471306 -4.992780 -0.156206 1.621470 -4.851036 0.013281 -1.740081 -1.956790 -1.011681 2.480707 1.501232 0.235837 0.379405 0.708665 0.813795 2.004706
365 1.0777049065 -4.998523 0.470903 0.135839 -2.376890 -0.754263 -1.830027 -0.587316 0.766605 2.172138 0.514623 -2.054041 -0.844292 0.801768 1.065240 -0.938794
366 1.0311334133 -4.942602 -0.052793 -0.074023 -4.292421 0.448075 0.117387 -2.143795 -2.166167 -0.706461 0.544814 -1.004281 0.195384 3.952650 1.518415 -0.579172
367 1.2387362719 -4.970311 2.496019 2.390735 -4.712962 -0.489228 -2.697751 -0.823382 1.007133 -1.824202 -3.045027 -4.259058 -1.077833 4.137194 0.483151 -0.132149
368 1.0497820377 -4.977021 0.136239 0.122029 -4.451757 -0.199291 -1.513866 1.332035 -0.251984 -0.658971 -0.546417 -2.709459 -0.208445 3.762571 -0.014548 3.078914
369 1.1322302818 -4.792592 -0.598834 1.503252 -3.923428 -1.006143 -0.907555 -2.213703 0.008708 3.097054 1.900213 -0.476487 -0.261733 0.729814 0.784563 1.487762
370 1.0201056004 -4.979819 1.277719 -0.164319 -4.616214 0.544334 -0.218840 -0.645178 -0.360229 -1.589232 -1.209369 -0.574330 -0.689562 4.785695 1.359901 2.420833
371 0.9853212833 -4.964884 -0.466466 0.740903 -3.746305 0.182114 -0.022714 -0.068003 -1.165672 0.499863 0.355914 -1.727192 0.017328 1.976834 0.009105 3.815898
372 1.1291837692 -4.847410 0.687892 1.048567 -4.579413 0.946486 -0.246536 1.556496 -1.187401 -1.901025 -1.095352 0.727112 -1.292214 0.415000 2.640648 1.886397
373 1.0303416252 -4.934700 -0.650322 0.460466 -4.930515 0.106124 -1.258022 1.936806 -2.259475 0.768970 0.131204 -1.095700 -1.498550 0.904410 1.816298 0.944305
374 0.9597588181 -4.986356 0.128834 0.705814 -4.920015 0.824017 -1.550338 -1.114293 0.131139 0.566728 -0.675750 -2.973267 -0.122363 2.147776 1.350812 -0.114244
375 0.9869998097 -4.934123 -0.585985 0.786098 -3.533525 0.316445 0.175923 -1.758734 0.017116 -1.331149 2.088273 -0.014691 0.229096 -0.460862 0.246084 0.386981
376 0.9942972660 -4.978628 -2.069230 1.156155 -4.236473 1.935996 0.265488 1.397067 -1.079539 2.017593 1.704363 -2.042946 0.033959 3.449068 -0.063954 1.128484
377 0.9850002527 -4.959288 -1.709980 0.610540 -3.861573 0.209514 -0.636283 -0.353552 1.958042 -0.073865 1.477490 -0.757767 0.248182 3.530258 1.099367 1.438157
378 1.0002220869 -4.997806 -0.816127 -0.592796 -2.461558 2.407393 -0.172820 -0.649753 1.049378 -0.467582 -0.135883 -0.830872 0.001822 3.102518 2.333184 1.670511
379 1.1446154118 -4.956228 -0.555340 1.424034 -3.554510 -0.640965 -1.914876 -1.017116 -2.346619 0.092285 -0.073140 -4.534619 0.607453 2.332025 0.727497 -0.362146
380 0.9661796093 -4.998290 -0.655173 1.565043 -4.727190 0.023278 0.176783 1.057814 -0.338967 -1.170123 0.446317 -2.197632 1.631042 1.953278 -0.175070 0.227533
381 1.0622262955 -4.987478 -0.388989 -0.565236 -3.774093 0.345528 -0.118179 -2.744145 0.782183 -0.572009 2.090327 -2.142376 -0.198407 2.722744 2.051035 0.749501
382 0.9596654773 -4.984399 1.369191 0.147826 -4.800335 0.903770 -0.408313 0.718541 0.708407 0.952750 -2.496130 -1.458568 0.353741 1.017204 0.846769 2.146893
383 1.0160169601 -4.906944 0.366976 -0.053520 -4.196951 0.015762 -0.010967 -1.968390 1.158254 -1.908922 0.523764 -1.275188 -0.584430 2.101219 0.994072 0.730671
384 1.0481798649 -4.969496 0.111335 1.114159 -2.507172 0.444516 -1.120864 -2.710423 -0.528703 -1.546821 -0.818091 -2.247941 -0.806093 1.897833 -0.149675 1.556570
385 0.9611158371 -4.939875 -0.634742 0.875189 -4.156348 0.378772 -1.061550 -1.076459 0.162049 -0.635611 -2.418150 -0.370921 -0.262236 3.401382 0.693463 1.179484
386 0.9445432425 -4.970942 0.418175 0.724088 -4.601609 0.135269 -1.689323 -0.036245 0.854687 0.184300 -1.612913 -1.518009 -0.831317 2.313317 -0.115327 0.041034
387 1.0140979290 -4.981230 -0.291381 -0.092676 -4.415948 -0.589258 0.834490 0.566215 -0.742903 0.118887 0.334243 -0.490119 -1.537776 1.592244 0.384525 3.987699
388 0.9993115664 -4.993714 0.963099 0.601739 -4.370523 0.889864 0.147438 0.309493 0.014277 -1.206407 -3.588004 -1.160509 0.940201 3.710234 -0.488179 0.101918
389 1.0153093338 -4.969375 -0.165340 -0.304364 -2.015495 1.207353 -1.630866 -0.672308 0.318026 -0.151849 0.010415 0.928888 -0.741103 2.211316 0.648824 3.261263
390 1.0723532438 -4.981930 -0.055740 0.552940 -4.902532 0.035663 -1.187919 -0.933169 0.877927 3.278008 -3.820767 -3.910462 -1.826190 0.695952 0.312902 -0.086915
391 1.0522003174 -4.929846 1.389472 0.274879 -3.792738 1.494245 0.010798 -2.277213 0.122720 1.825272 -2.476657 1.032517 1.000851 4.370508 0.554996 -0.678076
392 1.0751869678 -4.821986 0.453988 -0.255446 -4.248099 -0.372152 -1.325417 -1.609712 -1.649148 0.276724 -0.229037 -1.183159 0.125300 0.200191 0.153736 2.102735
393 1.0200861692 -4.902254 -0.146046 1.264710 -4.487741 1.741221 -0.317701 0.362452 3.045076 -1.316638 -1.487741 0.397208 -1.052888 0.824427 0.641488 0.076334
394 0.9649523497 -4.952117 -0.702487 0.049144 -3.318309 0.694537 -0.781907 -0.529801 0.386389 -1.300864 0.604660 0.134624 0.883408 1.677851 -1.619437 0.182016
395 0.9693158269 -4.982222 -0.008859 1.222187 -4.017538 0.517842 -0.573988 -2.072268 0.697660 -1.068777 0.954238 -0.537689 -1.276198 1.216210 0.426499 -0.814674
396 0.9546827674 -4.986904 1.075774 -0.272376 -4.394942 1.387520 -0.891417 -1.137024 0.837134 -1.344403 0.784160 -0.324471 -0.858238 1.198405 0.417508 0.669558
397 0.9386689067 -4.944602 -1.149004 1.311381 -4.632306 0.718617 -0.327606 -1.342937 0.117837 -1.555780 -0.384988 -0.900614 0.920265 0.757413 0.757420 0.287787
398 1.1287162304 -4.925284 1.659982 1.803659 -4.555097 0.390069 -1.339450 0.354119 1.793370 0.762879 0.077955 -1.664046 0.257061 -0.513261 -1.505271 -1.920549
399 0.9743990898 -4.998408 -0.825525 0.553066 -4.184126 -0.807579 -1.206402 -0.118549 2.519655 0.734335 -0.215529 0.278340 1.386740 0.784302 1.164358 1.845810
400 0.9722353220 -4.968064 -1.767101 0.651411 -3.883454 1.480680 -0.455214 0.067089 -1.047997 0.581207 -0.081745 -1.623471 0.427092 1.850428 1.976788 -0.594503
401 0.9569773674 -4.988368 -1.469311 1.355287 -3.425316 0.038639 -0.870301 -0.473121 -1.490589 0.889565 0.632386 -1.595514 0.447537 0.718240 -0.039245 2.104201
402 0.9682672024 -4.988858 -0.166902 1.170135 -4.025340 0.405640 -1.473857 -0.843173 0.970980 -1.351586 -1.836665 -0.209276 0.487708 -0.639110 1.286425 0.937626
403 0.9259766936 -4.996561 -0.351456 1.322602 -4.850823 0.634548 0.774911 -0.439342 -1.246028 0.325967 -2.863534 -0.514601 0.106231 3.074324 0.180837 1.363452
404 0.9773699641 -4.976719 -0.026456 0.443358 -4.332166 1.997033 -1.616470 -1.177327 0.365263 -1.959819 -1.224451 0.004228 -1.013801 2.419571 1.191205 0.756514
405 0.9771393538 -4.956183 -2.036675 0.575444 -4.278363 2.488136 0.592101 -0.618141 -0.938932 -0.245205 0.410445 -0.908940 1.157356 0.501036 1.712259 -0.725865
406 0.9342586994 -4.989105 -1.469148 0.655374 -3.993528 -0.110996 0.276057 1.716306 1.006286 -0.094763 -0.174639 -0.140687 -0.529520 2.954306 0.639297 0.416167
407 0.9444068670 -4.996387 -0.949522 0.767794 -4.270719 1.171944 1.292012 -1.980136 0.007196 1.867618 -0.807651 0.126755 0.316876 2.250728 1.354944 2.708247
408 0.9589759111 -4.974811 -1.441398 0.186262 -4.636125 1.535319 0.200623 1.439553 0.102377 1.129455 -1.972532 -0.041839 -1.609732 0.522420 0.663880 1.360168
409 0.9355306029 -4.967564 -0.378179 1.459813 -4.995759 0.524238 0.747606 0.500521 0.539402 0.326287 -1.302425 -0.546965 0.379169 3.727439 -1.078650 0.267926
410 0.9560641050 -4.937223 -1.658568 1.018834 -4.729318 1.862851 1.274026 0.434256 0.392809 0.774377 -1.058503 1.198669 -0.029372 1.219195 -1.086316 0.114058
411 0.9433246851 -4.998904 0.303372 0.183330 -3.211569 1.846670 0.039538 1.106243 -0.359217 0.167509 -1.636945 -1.154294 0.186616 2.765876 0.232224 -0.445480
412 0.9442523122 -4.934100 -0.406643 0.687086 -4.215009 0.081122 0.752772 -2.240198 0.758304 1.748704 -1.359592 -1.227855 -0.231700 2.464946 0.783234 0.717090
413 0.9560298920 -4.966434 -2.108895 0.388355 -4.349931 2.214709 0.608642 -1.657488 0.192366 0.049017 -0.818032 -1.425663 -1.488505 3.412025 0.800946 1.146586
414 1.0386753082 -4.989271 -2.369527 1.977915 -4.608798 1.975476 -0.691631 -1.622621 -1.844968 -0.869206 -1.064432 -0.436145 0.072420 3.728669 -0.356276 2.436819
415 0.9950776100 -4.995440 -1.607322 0.112321 -4.459102 1.078219 1.356740 -0.293467 -2.501382 2.686368 -1.596747 0.910611 -1.324862 0.654608 -0.010130 1.469306
416 0.9214205742 -4.960933 -0.006417 0.584706 -3.764362 0.855521 0.156796 0.533511 -1.260472 0.636603 -1.020639 -0.218960 -0.438418 1.197052 1.168155 0.805188
417 0.9670947790 -4.982347 -1.015700 1.342403 -4.909581 -0.355422 -0.269749 1.833153 -1.597787 0.028931 -1.085261 0.619817 0.786807 3.013285 0.563131 0.649800
418 0.9713584185 -4.867514 1.216720 1.060338 -4.137661 1.218367 0.755532 -1.118796 0.698483 0.338958 -1.087264 -0.735056 0.010297 2.736728 -0.604651 0.507010
419 0.9832975864 -4.897972 -0.153726 0.875095 -4.973627 2.036562 0.818863 0.249948 1.261183 1.443109 -0.244686 0.946046 1.675948 0.760720 2.221216 0.848034
420 1.0234081745 -4.969093 0.265115 0.748826 -4.368479 1.106349 1.262555 -1.839911 0.831237 2.904210 -2.707387 1.039583 -1.061137 4.084701 2.070449 -0.423323
421 0.9475191832 -4.971982 -1.724260 0.142520 -4.014345 1.016780 0.468807 0.729888 -1.249163 -1.258167 -0.504032 0.792535 -0.504556 2.780482 -0.314614 0.687306
422 0.9399979115 -4.955203 -0.301422 1.088354 -4.900693 1.252229 -0.643858 0.852097 0.080852 1.470395 1.093350 -0.118025 0.389169 -0.033571 1.186966 1.840804
423 1.0064483881 -4.897547 -1.296192 0.483819 -4.226522 0.292523 0.359076 -1.356448 0.593190 2.493322 -1.158675 -1.847854 1.164289 0.718863 1.380837 1.503935
424 1.0025718212 -4.981476 0.616018 0.594807 -3.730344 1.979963 -0.471873 -1.363696 -2.256999 0.832113 1.134583 0.465714 0.238558 2.976429 1.001860 -0.430971
425 1.0082360506 -4.985508 -0.753283 -0.245951 -3.632108 0.606526 0.610961 1.103868 -0.107269 2.920697 1.236498 0.921494 -2.671970 0.095018 -0.223361 -0.254492
426 0.9582138062 -4.961382 -1.679801 0.864857 -4.392047 -0.800596 0.051262 -1.214390 0.428298 -1.218721 0.891462 -0.077117 1.131543 1.939817 0.869134 -0.968293
427 0.9746594429 -4.960466 -0.548686 0.099550 -3.512335 1.115373 -0.096918 0.175083 -1.040331 0.424203 -0.332550 1.316269 -2.724969 1.353647 -0.948421 1.640190
428 1.0081062317 -4.908854 0.883712 1.916316 -4.974854 0.484215 1.426020 -1.377429 0.551617 -0.094415 1.179617 0.973235 0.658243 0.567850 0.934283 0.738281
429 0.9841992855 -4.914847 -0.052232 -0.189640 -4.281437 1.973397 -0.025538 -0.505425 -0.700066 -0.813911 -1.777866 -0.579081 -1.153627 2.943218 -0.691303 1.678309
430 0.9770395160 -4.968112 -0.282064 -0.031761 -4.372081 1.184454 -0.368589 -1.480593 -2.232365 -0.157586 -1.884302 0.588709 1.754661 0.150780 -0.872497 0.098775
431 0.9490569234 -4.987274 -0.097407 1.199501 -3.889008 1.384709 -0.304177 -1.507729 1.157366 0.300563 0.497219 0.832098 -1.905917 3.068408 0.687862 0.375093
432 0.9469288588 -4.931637 -1.481831 0.985780 -4.994209 1.033800 1.738024 -1.557452 -0.527428 1.056284 -1.691275 -1.329667 -0.495546 1.334691 0.066928 1.440582
433 1.0217870474 -4.962832 -1.659563 0.086012 -4.619630 0.211051 0.186604 2.586439 0.991730 0.255351 0.783763 1.694735 -1.825720 2.039627 1.065423 0.568243
434 0.9819024801 -4.978266 -1.351601 -0.309564 -4.264197 0.467294 0.369999 0.260928 -1.848311 -0.090320 -1.368202 -1.928082 -0.790278 1.207736 0.637549 2.060112
435 0.9739016294 -4.900283 -1.293244 1.177488 -4.569823 0.794356 -0.050696 -0.661534 -2.335211 0.874189 0.242376 -0.227376 -0.307476 3.232420 0.996733 1.167201
436 0.8884183168 -4.978574 -0.233109 0.741594 -4.375427 1.081460 -0.466837 -0.126418 -0.587309 -0.115072 -0.054336 0.016176 0.326347 0.146051 0.676251 0.302453
437 0.8831177354 -4.991910 -0.456199 0.444236 -4.683559 1.435394 -0.315500 -0.052306 -0.839326 0.668191 0.313258 0.783322 -0.481586 2.453752 0.420358 1.443493
438 0.9004741311 -4.977332 0.180831 0.181550 -4.329591 0.551031 0.083391 0.042542 -0.343082 1.740282 -0.310514 0.327188 -1.014313 1.737031 1.150076 0.790451
439 0.8922883272 -4.998278 -0.688360 0.722051 -4.865551 1.143006 0.491019 0.462336 -1.729572 0.758464 -0.931718 -0.983854 -0.968772 1.939831 0.317095 0.447718
440 0.9140643477 -4.977088 -0.727570 0.247609 -3.936919 1.691482 0.035852 0.652341 -0.887459 0.410885 -1.431678 -0.898568 0.330775 2.472591 0.152203 0.812939
441 0.8934433460 -4.990636 -0.200524 1.063343 -4.490149 1.620783 0.119298 0.666323 0.397802 1.658149 -0.114833 0.597150 0.109964 1.929808 0.075684 1.662298
442 0.8787866831 -4.996937 -0.343668 0.633430 -3.870929 1.212546 0.199327 -0.447394 0.338831 1.117848 -0.487265 0.070092 -1.327813 1.067273 -0.555783 1.048570
443 0.9052431583 -4.928667 -0.318269 0.734395 -4.912046 1.354787 0.455561 -0.215766 -0.535040 1.542475 -0.075423 0.133986 -1.235606 1.647788 0.164845 0.392153
444 0.8866763115 -4.990687 -0.561439 0.265537 -4.011892 1.263277 -0.408960 -0.494735 -0.062784 0.853326 -0.895720 0.273647 -0.208311 2.155110 1.492067 0.643958
445 0.9092404246 -4.997644 0.259713 0.480362 -4.782515 0.930615 0.054139 0.716199 -0.046343 -0.630271 -0.796418 0.489958 0.621324 2.709693 0.012174 1.929181
446 0.8967106342 -4.997674 -0.625402 0.743091 -4.437090 0.391682 -0.651548 -0.188421 -0.330715 0.314354 -1.269028 0.371496 -1.610805 0.351885 -0.362806 0.773048
447 0.8883354664 -4.977541 -1.351893 0.594676 -4.531355 1.930227 0.285528 -0.174704 -0.423972 0.193509 -0.915379 -0.882216 -0.506928 2.310114 -0.417386 0.234269
448 0.8969115019 -4.978439 0.029538 0.720395 -4.227079 1.395937 0.265081 -0.455519 -0.700348 1.317383 0.529460 0.674426 -0.781853 1.145840 -0.543486 0.916333
449 0.8814644814 -4.971854 -0.848988 1.075609 -4.290227 0.518534 -0.442770 -0.579679 -0.311377 0.187792 -1.015430 -0.025904 -0.401361 1.381962 -0.449333 0.359453
450 0.9067027569 -4.948682 -0.811201 1.059887 -4.466021 0.772748 -0.298609 0.201590 0.563977 0.705656 -1.166579 -0.889659 -0.585042 2.242188 -0.534738 1.196640
