evaluations raw_y x0 x1 x2 x3 x4 x5 x6 x7 x8 x9 x10 x11 x12 x13 x14
1 -1.3082009484 -0.915151 4.247538 -4.979850 -1.460842 2.811565 -1.709380 1.079433 -3.231214 -1.034990 4.476823 -2.741647 -4.004066 4.510026 3.111343 0.819745
2 -1.2395558579 0.326854 3.447612 -4.632468 -1.505283 3.169949 -1.390471 1.238927 -4.307490 1.303195 3.230572 -2.145297 -3.744276 4.952916 3.785765 0.645583
3 -1.0680456998 -0.875892 4.400347 -3.410892 -2.529027 2.563219 -1.855839 0.633313 -4.338673 1.747794 4.957686 -2.660018 -4.139852 4.732748 3.316284 0.804504
4 -1.7844761637 -0.063586 3.028299 -4.999800 -1.339668 2.239190 -0.157483 1.291108 -3.277115 0.242225 3.011956 -4.353040 -4.870200 4.900794 3.695059 -0.361026
5 -0.1334763530 -1.487288 4.308936 -3.778593 0.110089 3.585459 -1.708698 0.197064 -2.360360 0.189649 4.023630 -3.796914 -3.102142 4.989736 4.537472 0.674859
6 -0.4601196811 0.391479 1.935969 -4.278986 -1.846512 4.760888 -1.604306 0.337010 -3.993520 -0.339025 2.258427 -2.742699 -4.996358 4.944960 4.998377 -0.912974
7 -1.7934711498 -0.823988 4.921579 -4.537505 0.294100 1.083174 -4.171805 1.685129 -2.597546 -0.907531 3.437147 -4.009957 -4.584313 3.740288 3.770247 1.953899
8 0.1720075335 -0.466426 4.343379 -2.167920 -2.069637 1.483072 -2.877342 -1.137930 -3.326229 -1.123968 3.789102 -3.226213 -3.886857 4.999996 4.880372 0.263705
9 -2.0521171935 -0.236526 2.891703 -4.949553 -0.830038 2.180634 -4.806335 -0.408608 -4.243109 0.303251 3.419486 -2.592978 -4.840809 3.589594 3.824575 -0.321916
10 -0.7127060875 0.643751 4.390132 -4.535521 -1.267364 1.616306 -4.340279 0.521308 -2.213477 -0.194716 2.959453 -2.397824 -4.267809 4.377512 4.418737 -1.139281
11 -1.1957202613 -0.221596 2.969723 -4.031683 -1.129269 3.483864 -4.796393 1.745300 -3.642483 -0.929748 4.022868 -4.502126 -4.923181 3.737372 4.753029 0.606810
12 -0.9630528491 0.141869 4.498790 -4.991227 -1.254352 2.661639 -4.422115 -0.697065 -3.762416 -1.127865 4.944251 -4.335226 -4.786181 4.811140 4.673860 -1.392668
13 -0.8138833669 1.344958 3.715561 -4.986982 -0.082400 0.932374 -4.788945 0.781958 -1.656688 -0.261641 3.814729 -3.474339 -4.923230 4.957321 4.962676 0.632747
14 -0.8179112334 -1.271832 2.846958 -3.868082 -0.797445 0.814233 -3.889621 1.453435 -2.913037 -0.861232 2.885238 -2.379741 -4.974477 4.523219 4.422829 -0.913827
15 -1.1642132868 -0.470454 4.361591 -4.459553 1.289700 1.531623 -2.437932 3.223026 -2.840000 -1.224402 4.008946 -3.316716 -4.949237 4.038704 4.002130 1.367647
16 -2.4954472414 -1.515367 4.062206 -4.745228 -0.578614 0.966769 -3.226047 -0.058940 -4.316898 1.493230 3.708884 -4.907515 -4.454262 3.311424 3.281012 0.015520
17 -0.4384414679 1.323276 4.382540 -3.977337 -2.077726 0.546025 -3.285977 -0.223991 -3.219138 -0.673569 4.902425 -4.006934 -4.321675 4.953500 3.217431 0.520372
18 -2.0126456783 -1.935887 4.751132 -4.872761 -0.697042 1.523504 -3.323792 -0.211707 -4.127376 0.734205 2.057628 -2.969433 -3.896242 4.885656 4.718898 0.339675
19 -0.7519700571 -0.642229 3.711378 -3.993785 -0.708435 2.680989 -4.202998 1.977436 -2.887181 1.224055 4.832017 -3.481360 -4.768619 4.950285 4.960362 -1.021702
20 -1.2175864243 -0.131541 4.110014 -4.566035 -0.330788 1.215293 -3.468918 0.270212 -4.986680 -0.593233 3.792702 -2.560864 -4.813284 4.995306 4.786262 2.233513
21 -0.5292305425 -0.649928 4.919336 -4.109179 0.195528 1.993855 -3.866110 -0.543476 -3.760624 0.004611 4.667809 -3.203072 -4.869346 4.203428 4.918430 -0.202769
22 -1.4553118724 1.862785 3.144344 -4.838614 -0.177411 1.680071 -2.454279 1.080129 -4.998854 -0.291419 1.974275 -2.002108 -4.670958 4.887373 3.030869 1.249988
23 -1.0258654574 -0.052987 3.216430 -4.495487 -0.932186 2.490014 -2.877011 -0.146832 -4.256210 0.213920 2.296017 -3.332637 -4.436850 4.112605 4.838618 -0.488577
24 -0.4153957482 -0.196275 2.546206 -4.052103 0.307121 1.626183 -3.760783 0.068902 -3.673584 -0.254743 3.384328 -2.977261 -4.822081 4.815673 4.999524 0.905905
25 -1.6012758207 -0.225265 3.249565 -4.712931 -1.038235 -0.215785 -2.646779 -0.670257 -3.343825 0.215707 3.785319 -4.986785 -4.954706 3.166873 4.989674 0.899914
26 -1.4312058328 -0.495725 4.220285 -4.550350 0.306494 1.394691 -4.354403 0.588015 -4.747462 -0.676233 3.505827 -1.501407 -4.860179 3.732494 4.811093 0.536393
27 -2.1699489367 -0.487649 4.895691 -4.971193 -0.514779 1.584738 -3.330293 1.261829 -4.984802 0.794541 3.055634 -4.253348 -4.974680 3.742788 3.494852 0.439476
28 -1.6944455906 -0.033608 4.239545 -4.695689 -1.422176 1.605208 -2.319897 0.255386 -4.838085 1.311396 3.621569 -4.179050 -4.819629 4.926752 2.738756 0.563179
29 -1.2659208640 -0.126702 4.997089 -3.910080 -1.457792 1.238143 -4.884438 -0.107547 -3.665349 0.583848 2.331253 -4.996131 -2.822900 3.152085 3.408673 1.572210
30 -1.4435614416 -0.745431 4.160687 -4.977411 0.633796 2.460155 -2.298003 0.157965 -4.653642 1.585092 1.104791 -3.850951 -4.780017 3.768468 4.878651 -1.428891
31 -0.1490800614 -0.349537 2.862032 -3.689095 -0.685115 2.298073 -1.564975 0.908867 -3.691258 1.754969 4.407797 -3.631730 -4.616215 4.735014 4.840435 0.021720
32 -2.1349474600 -1.509117 4.562173 -4.893888 -0.589623 0.572802 -2.437322 1.720278 -2.467681 1.350413 1.597515 -2.814403 -3.993067 3.556541 4.980685 0.033534
33 -0.7971759999 0.367787 4.380569 -4.179464 -0.398417 1.536464 -2.744004 1.289059 -4.928369 0.083804 3.205378 -3.849731 -4.962888 4.199670 4.729164 0.937822
34 -1.3935505218 -0.314793 4.997102 -4.984550 0.414417 0.298882 -2.133961 1.479652 -4.057918 1.702047 3.211910 -3.642202 -4.651150 3.066261 4.427553 0.523165
35 -1.6497276453 -1.294105 3.729785 -4.915202 0.652465 1.127937 -2.694781 0.841754 -3.868373 -0.810524 3.634589 -3.213627 -4.629023 4.252294 4.135554 2.083144
36 -1.2685688227 -0.328910 3.877322 -4.422613 -0.685364 1.055305 -3.811822 -0.518085 -4.730205 0.297644 3.664323 -4.985311 -3.750861 4.598027 4.821576 1.234214
37 -1.2390713808 -0.961381 4.701547 -4.534538 -1.497751 1.820065 -2.873466 1.640827 -2.829014 0.233261 2.660347 -3.920002 -3.370205 4.686961 4.335958 0.092816
38 -2.0017042449 -1.034350 3.124538 -4.700839 -0.194282 1.809457 -3.721427 1.878066 -4.659840 -1.087251 2.643629 -4.425205 -4.998029 4.021667 4.210068 1.301118
39 -2.2639494344 -1.307415 4.155572 -4.962264 -1.742131 -0.167114 -1.624160 1.147307 -3.820822 1.288812 1.711025 -4.796045 -4.741070 3.757467 4.909215 -0.842285
40 -1.6792775137 -0.675407 4.855947 -4.330188 0.763912 1.981892 -2.518968 0.947942 -4.493922 -0.088896 1.962172 -3.860082 -4.997608 3.480025 3.098121 1.323984
41 -1.6963812559 -1.053731 4.079379 -4.956729 -1.651486 0.212636 -1.658098 0.895500 -3.489969 0.570587 1.188155 -4.312024 -4.947605 4.302170 4.988589 1.025715
42 -2.2473909812 -1.850298 4.751654 -4.993214 0.099185 1.101765 -1.758857 1.912858 -4.930772 0.492678 1.093554 -4.255347 -4.724765 3.795015 4.942526 0.183765
43 -1.3226013814 -1.050896 4.154730 -4.479726 -1.696491 0.459993 -2.053094 0.664382 -2.767241 1.665734 3.094804 -3.807469 -3.896695 4.621406 4.252333 1.031768
44 -2.7108121973 -1.964171 4.910171 -4.900771 -0.132049 -0.264225 -2.799210 0.669122 -4.961205 1.199861 3.283427 -4.262699 -4.996771 3.285960 4.742895 0.002036
45 -1.8971034847 -1.130765 3.956003 -4.750996 -1.022297 0.677218 -2.090490 -1.213700 -3.228484 1.069753 3.903521 -4.757988 -4.491665 3.375773 3.439232 -0.047583
46 -1.2727010716 -0.582331 4.867485 -4.274718 1.065999 -0.589765 -3.729788 -0.068758 -3.971419 0.214177 2.865839 -3.834842 -4.809651 2.027625 3.764051 1.602939
47 -1.3007652669 -0.555179 4.540407 -4.882058 -0.764585 2.914018 -2.638196 2.410302 -3.882869 0.251585 2.287543 -4.222957 -3.403146 3.945039 4.309841 0.737786
48 -0.0024648846 -0.119906 4.954513 -2.794642 -1.085507 0.341701 -2.086006 2.485105 -4.138809 0.102341 3.700137 -3.391081 -4.993638 3.686468 4.997663 0.335869
49 -2.7010925564 -2.326841 4.863317 -4.901379 -0.132746 0.472066 -1.443988 1.990246 -4.728282 0.866974 1.029010 -4.397508 -4.897712 3.482301 4.551048 -1.119418
50 -2.8641521944 -2.136006 4.877427 -4.986741 -0.582631 0.727161 -2.017708 0.151773 -4.673072 -0.189231 3.350819 -4.688656 -4.413917 3.339839 4.641949 -0.410202
51 -2.3276193510 -1.709375 3.972558 -4.986598 -1.333531 1.878023 -2.039935 0.132279 -4.595060 -0.032120 1.856817 -4.157770 -4.981752 4.348006 4.504549 -0.523342
52 -1.8909946881 -1.576102 2.977305 -4.994671 1.513492 0.433351 -1.448248 2.618023 -4.772369 0.566795 1.006464 -4.224900 -4.802924 2.563714 4.453882 -0.187300
53 -3.3268451974 -3.529396 4.756254 -4.999945 0.396683 0.118273 -3.088751 2.067897 -2.922982 0.861492 3.624061 -4.956807 -3.932535 3.521574 4.928668 -0.087002
54 -3.0815990035 -2.560192 3.689852 -4.572048 -0.836267 -0.736228 -2.278677 1.245519 -4.996231 0.137698 3.447425 -4.024792 -4.894781 2.721837 4.560097 1.168785
55 -2.2126182691 -2.088361 4.000720 -4.987812 0.192698 -0.177941 -1.385835 1.139734 -3.145712 -0.225278 1.945379 -4.391670 -4.982760 3.947422 4.791788 -1.153125
56 -3.3326293370 -2.310898 3.327793 -4.997783 -0.709709 -0.417851 -2.475580 0.198411 -4.999559 1.783602 3.678552 -4.952372 -3.899354 3.411570 3.712472 -0.700496
57 -2.0068294438 -2.213305 3.998223 -4.386000 -0.072112 1.109896 -2.576988 0.561587 -4.132399 0.878155 2.746454 -4.166094 -4.401216 4.235766 4.704201 -0.744811
58 -2.3270862750 -1.882421 4.944315 -4.839820 -1.769137 0.383092 -2.737266 1.153499 -3.778138 0.138516 2.925915 -4.086140 -4.287933 4.023053 4.950120 1.057772
59 -3.0960128230 -3.082846 4.710355 -4.976519 0.447040 0.714532 -2.316327 1.037287 -4.983308 1.625391 1.118089 -3.689807 -4.524419 4.731521 4.989158 1.329103
60 -1.3687437786 -1.399539 4.729366 -4.812376 0.409491 -0.439325 -1.306875 0.775742 -2.900392 -0.564864 2.205413 -4.134067 -4.995510 4.563165 4.263927 -1.008939
61 -3.1986548518 -3.788099 3.350130 -4.058947 0.164458 -0.166647 -2.797060 -0.780433 -3.247175 3.016286 1.135566 -4.998176 -3.998574 4.971326 3.859429 1.249604
62 -1.9674503653 -1.928788 2.747407 -4.486007 2.180730 -0.337343 -4.134620 1.140555 -3.640528 0.445000 3.833638 -4.548680 -4.462384 2.095838 3.923905 -0.079486
63 -3.4961359434 -4.207931 2.919372 -4.090510 0.244263 -1.084241 -2.582635 3.084681 -4.268596 2.384767 4.016302 -4.892602 -3.788761 1.059358 4.613692 0.598653
64 -2.4900178793 -2.823157 1.547080 -4.323238 -1.232363 -2.021408 -3.412130 -0.554118 -3.689823 0.744768 4.144144 -4.617987 -3.549313 3.451397 4.999144 0.163195
65 -2.0160068541 -1.092570 3.954284 -4.927444 -0.652891 -0.980772 -3.022533 1.665107 -4.777543 1.420117 2.775693 -3.734969 -4.998887 3.504569 4.622433 -0.546721
66 -2.7729327452 -2.505520 4.999975 -4.978951 1.517965 -0.380550 -2.146256 0.864301 -4.434668 0.092109 3.195905 -4.174894 -4.841337 4.627645 4.981612 -0.754442
67 -2.8418903011 -3.375007 3.968032 -4.241396 1.031993 0.830989 -2.246382 0.196364 -4.880841 2.962276 3.404494 -4.374740 -3.435195 2.950519 4.575977 0.768187
68 -3.0036631712 -3.648264 3.468791 -4.221870 0.064221 0.792931 -3.523664 1.621785 -4.309579 1.878778 4.089972 -3.757305 -3.875007 2.474138 3.962115 -1.554117
69 -4.8494992316 -4.995961 3.299741 -4.310371 -0.868753 -0.686462 -2.792491 0.296149 -4.392223 -0.193537 3.360750 -4.318737 -3.456111 4.887626 4.622085 0.094334
70 -2.2558318152 -3.330960 3.929131 -3.669029 0.413440 1.020277 -3.875812 -0.974460 -2.994371 1.558138 3.983052 -4.992837 -4.735854 4.791210 4.892713 0.648252
71 -1.0197806557 -1.419599 4.037003 -3.439852 0.741055 -2.482667 -2.973578 0.946501 -4.257769 1.048882 3.057590 -4.298199 -4.618154 2.822625 3.390603 0.570642
72 -5.3942590869 -4.916385 4.908729 -4.949798 1.105846 -1.945913 -1.429589 0.868229 -4.635991 1.491694 3.753368 -4.991471 -4.959937 3.243822 4.965740 -0.684397
73 -3.9329079921 -3.838912 4.364870 -4.739545 -0.447875 -2.432994 -1.818656 1.325975 -4.204026 1.350773 1.937757 -2.512697 -4.346164 4.998829 4.259299 0.750218
74 -1.9872826958 -3.430343 4.495840 -3.808327 0.627400 -2.142363 -1.444088 1.206342 -3.373502 1.528188 2.525267 -3.755411 -3.573216 1.248682 4.991753 -1.176295
75 -4.2365941258 -4.313022 4.236531 -4.490348 0.791099 1.094471 -0.960304 -0.322459 -4.700197 0.670399 2.960485 -3.701278 -4.511914 3.293775 4.363200 -0.774829
76 -5.2633030167 -4.886841 4.600696 -4.533924 -0.229918 -0.308513 -4.158675 2.426240 -4.045394 1.333932 3.795297 -4.609605 -4.700875 4.694861 4.373982 -0.343171
77 -1.7159485756 -1.958443 4.695797 -4.231313 0.326831 -1.169000 -4.236413 0.157316 -4.889611 0.275721 3.289382 -3.448550 -4.186276 3.168012 4.760796 -0.550088
78 -5.0206974473 -4.990896 3.807228 -4.581487 1.116361 -0.799078 0.404233 -1.601055 -4.237144 2.988150 2.947109 -3.960783 -4.960156 3.165432 2.478657 0.416989
79 -4.3003239957 -4.665169 2.238884 -3.972961 0.061578 -2.066912 -2.079396 -0.573113 -4.175605 1.253576 3.405555 -4.278217 -3.922375 2.193287 3.768950 0.120948
80 -3.9131009781 -3.709806 3.222937 -4.724558 -0.731972 -0.608423 -0.554954 1.891341 -3.499095 2.370167 3.389510 -3.529265 -4.953316 2.893710 4.500214 1.416716
81 -3.4860469581 -4.797346 1.834011 -2.488121 0.957011 -0.545867 -2.368915 1.007367 -4.884579 0.751884 4.339762 -3.445362 -4.916287 4.971972 4.967245 -0.388423
82 -3.7829272031 -3.901700 3.078557 -4.979865 0.546595 -1.278683 -2.479113 1.791490 -1.503632 -1.253048 2.943202 -4.351742 -4.987686 3.656128 4.085585 0.173465
83 -1.6437037336 -2.441525 3.041607 -2.982062 0.790654 1.986144 -4.999881 1.331945 -4.472722 -0.063650 4.458731 -4.671658 -2.391821 2.877918 4.724333 1.491460
84 -4.1312724650 -4.310786 4.560584 -4.337100 2.337672 -0.521950 -3.094468 1.771999 -4.887353 1.128692 1.681529 -4.994513 -4.416399 4.929842 4.196590 -0.797620
85 -2.9105735150 -3.539606 4.446820 -4.953145 2.014971 -1.723192 -3.252706 0.278416 -4.850189 0.212366 2.902045 -4.386410 -2.947929 2.823133 4.294513 -1.763755
86 -4.4916845936 -4.631910 4.901850 -4.664324 0.827728 -0.719928 -1.710695 0.116645 -2.382007 0.441177 3.371446 -4.011758 -4.320726 3.724060 4.098588 0.596861
87 -3.8535552836 -4.628765 3.456500 -4.124165 1.874350 -0.508069 -2.949509 0.199957 -4.213866 0.040137 4.781676 -3.449245 -4.463040 3.928493 4.544452 -0.651785
88 -1.9443657831 -2.725402 2.889083 -3.905945 2.657697 -2.500399 -1.024206 1.924972 -2.083524 1.789526 3.344120 -4.225030 -4.705006 3.977545 4.498835 0.744278
89 -4.2136049000 -4.187546 3.684647 -4.614450 1.159168 0.590693 -1.453864 0.813324 -3.691122 0.972059 3.631040 -4.999593 -4.671142 3.204369 3.369854 -1.218105
90 -5.1180674690 -4.994361 4.985157 -4.984636 0.051700 -1.249946 -2.550153 1.002411 -4.838124 2.387100 1.753908 -3.143922 -4.840713 2.058704 4.934153 -1.339283
91 -5.2459696881 -4.991469 3.320700 -4.989118 -0.403672 -0.840342 -1.979193 0.000633 -4.630699 0.217329 2.744423 -2.700302 -4.855748 4.455052 3.622770 -1.512511
92 -5.4950896963 -4.997549 4.314690 -4.992301 -0.881266 -0.462413 -2.475964 0.086527 -3.071092 1.931351 1.995931 -4.999697 -3.663916 2.691008 3.534726 -0.118518
93 -4.1032817186 -4.733838 4.127561 -4.008825 1.593547 -1.270609 -2.668324 0.194252 -3.422256 0.400878 3.688130 -4.868455 -4.995849 3.772544 4.425422 1.036768
94 -4.5556138339 -4.177475 2.398841 -4.782372 -1.202396 0.109927 -2.304778 2.006258 -4.894156 -1.011175 3.132134 -4.863498 -4.581989 3.365099 4.488286 0.101927
95 -4.8105039907 -4.682174 4.993836 -4.910075 0.426953 -2.277004 -1.182309 0.762351 -3.300913 3.269071 2.148073 -2.946229 -4.358776 3.269827 4.190638 1.608778
96 -4.4724965668 -4.141477 4.984340 -4.501028 -1.072416 1.741357 -3.342285 1.828679 -4.457800 3.830041 1.826731 -4.585438 -2.954759 4.190515 4.992456 0.140112
97 -3.5864494085 -4.160293 4.999673 -4.069969 -0.239164 -1.178355 -2.230445 -0.161421 -3.077951 3.610135 2.670963 -3.841409 -4.998235 1.513745 4.510825 -1.236205
98 -3.7193206096 -4.029812 4.865662 -4.949209 2.155683 -2.142713 -1.831181 -0.057150 -3.713704 0.396359 2.503098 -4.334232 -4.996042 2.325882 3.986822 -0.761889
99 -2.2389052157 -3.584650 4.000997 -2.573193 -0.056224 0.676691 -1.372148 1.777453 -2.363544 0.660734 0.665146 -4.940452 -3.816040 1.424112 4.271423 0.415992
100 -2.1807598883 -3.330861 3.809105 -3.529844 0.025731 -3.770101 -3.585927 -0.448340 -4.711245 0.503604 1.806157 -4.852121 -3.664041 2.103098 4.483560 -0.719584
101 -2.8980440755 -4.188193 4.691188 -2.340106 -0.216692 -0.411524 -2.436583 0.520890 -3.527721 -0.590168 -2.145937 -4.996343 -2.948063 2.114889 4.563292 -0.174397
102 -3.6819046689 -4.091661 4.251473 -4.603226 -0.248885 -3.417760 -3.610024 -0.028293 -4.370571 2.217977 2.624981 -1.800142 -4.413580 2.163721 4.446412 -0.144195
103 -4.4267503691 -4.161936 3.972068 -4.801754 -0.056602 1.377491 -2.329954 -0.472930 -3.360360 1.891062 1.601058 -4.845234 -4.252816 3.863080 4.967295 -0.818169
104 -3.4018380406 -4.362298 4.999755 -3.667183 -0.184057 -1.363561 -0.481896 0.456462 -3.505175 2.566767 0.077330 -4.549442 -4.999816 4.767332 4.125034 -1.375343
105 -4.2844480892 -4.380883 2.576740 -4.984604 -0.698307 -2.337364 -2.756435 2.357090 -2.994093 -0.111663 2.534710 -3.562808 -4.784759 4.993804 4.556423 0.468305
106 -2.9474690358 -3.827984 3.677115 -4.360600 0.741653 -1.393152 0.759553 -0.296963 -2.602950 4.533065 2.084022 -3.276354 -4.998567 3.964585 4.932176 0.101469
107 -3.3736685355 -3.826862 4.426073 -3.921855 -1.645301 -0.656830 -0.785963 -0.267352 -2.751885 2.696829 1.232437 -3.724088 -4.983014 2.853943 4.967807 0.393998
108 -5.4649340728 -4.968642 4.744260 -4.894098 -1.010405 -2.464387 -1.823976 2.235060 -4.989532 2.959830 1.406906 -4.936029 -3.932002 3.534990 4.668919 -0.042938
109 -3.9826568330 -4.255477 4.637033 -4.395177 1.626795 -2.177929 -4.251527 1.913409 -4.986299 3.961064 0.855509 -2.972999 -4.635119 3.865200 4.636473 0.724119
110 -3.8052192627 -4.208976 4.147876 -3.701107 -0.418896 0.417381 -3.084765 1.436405 -4.625965 0.994219 1.756636 -4.895955 -3.329410 2.775076 3.354273 0.376836
111 -3.2397748431 -4.252602 4.862953 -2.677035 -0.363315 -1.794138 -0.924332 -0.104366 -4.689648 1.740818 2.639220 -3.571210 -4.998505 3.960751 4.989952 -2.781420
112 -4.3128259095 -4.723206 3.458861 -4.865754 0.116982 -1.594697 -2.210027 -0.427448 -3.072275 1.282768 4.797063 -4.972427 -3.727944 2.370253 4.918806 -1.407857
113 -4.7373477130 -4.835851 4.661855 -4.046919 -0.912399 -0.564223 -2.207698 -0.478782 -3.507409 2.705924 1.375233 -4.995744 -4.056690 3.770436 4.675446 1.020903
114 -4.5305894641 -4.691802 4.775671 -3.428167 -1.864563 -3.075747 -3.824187 2.397585 -4.972226 2.287120 1.865414 -4.773961 -4.941920 1.872985 4.975235 -0.659561
115 -4.8134135036 -4.535234 4.352271 -4.996613 0.395789 0.191057 -2.067026 1.171929 -4.962100 0.504682 1.017779 -4.965700 -4.467310 3.398580 3.975910 0.562829
116 -4.3201255038 -4.106601 4.597633 -4.926531 -0.365093 -0.388613 -1.184999 2.263949 -4.205889 3.689865 1.774171 -4.965888 -4.997543 4.776898 4.860596 -0.612374
117 -4.1285596559 -4.931425 4.926938 -3.465759 1.641632 0.658818 -1.436707 -0.635965 -3.640520 2.996032 1.867459 -4.942628 -4.909386 4.993662 3.885711 -0.414434
118 -3.4729658202 -3.208414 3.483981 -4.913550 -0.957211 -1.521109 -2.181664 -0.659454 -2.142706 2.924451 2.059375 -2.811385 -4.744857 3.858569 3.019100 -0.550717
119 -4.0510916149 -3.869254 4.999874 -4.478415 -0.659968 -1.641658 -2.073536 2.686506 -4.503848 0.991370 1.759453 -3.461406 -4.895809 3.455488 1.448848 0.672525
120 -2.6982846307 -3.255397 2.964245 -4.106773 0.189519 -2.195324 -1.112856 -0.152814 -4.794916 1.542847 2.377517 -3.922586 -4.932429 3.027113 4.423028 -0.336154
121 -4.3051072109 -4.964948 4.890432 -3.991349 -0.968053 -1.580325 -1.140744 2.682415 -4.318244 2.716679 2.823441 -1.954651 -3.839951 4.995941 4.372323 -0.406452
122 -5.5063818203 -4.986891 4.187842 -4.981016 -1.311083 -2.126255 -3.527357 1.291361 -4.764341 2.936069 2.128040 -4.994778 -4.998520 1.925732 4.430632 2.479514
123 -1.9800472947 -2.663716 4.943009 -3.783677 -0.183812 1.511680 -1.867770 -0.052498 -3.613546 3.731096 0.721184 -3.647724 -4.724388 4.999398 4.212352 1.638570
124 -5.4614723244 -4.935886 3.127884 -4.964455 1.476717 -0.736644 -2.055774 0.449337 -4.752049 3.075491 2.115480 -4.913485 -4.998338 3.422958 4.644234 1.182930
125 -4.8085601552 -4.787013 4.473260 -4.892749 -0.404878 -1.723978 -1.152078 -3.061538 -4.278136 3.500773 -0.312357 -4.602265 -4.941356 0.480198 4.371560 -1.145407
126 -4.8144730913 -4.925832 4.990467 -3.562719 -2.043636 -3.465874 -2.998818 0.001343 -3.295820 1.445062 0.000290 -4.645424 -4.536183 2.838311 3.828504 -0.895727
127 -4.7336671755 -4.998562 4.901548 -4.421509 0.088656 1.039978 -1.889687 2.302979 -4.023409 3.214303 0.918147 -4.136625 -3.741189 4.437545 4.752147 1.614866
128 -4.0711417406 -4.578067 4.672534 -4.619319 0.171620 -1.452266 -3.285699 2.516667 -3.634837 -0.145678 2.635037 -2.646158 -2.518349 2.567184 4.102194 -0.020420
129 -2.6443076452 -2.725082 4.426747 -4.392703 -1.034789 -0.468871 -3.268946 0.936496 -4.455591 2.077532 2.055844 -4.923895 -3.245472 4.951468 3.831346 0.713099
130 -4.4302001248 -4.323190 4.038099 -4.870958 0.742360 -2.053207 -2.739770 2.825789 -4.332325 1.974053 1.397808 -4.653067 -4.980414 2.431163 4.620632 -0.019510
131 -2.7576733321 -2.603927 4.958204 -4.195364 -0.482913 0.318930 -3.621340 -0.399924 -4.990739 3.317423 1.377853 -4.922986 -4.006342 3.899715 3.673228 -1.129284
132 -4.8868301134 -4.381943 4.794759 -4.413036 -2.397116 -2.210305 -3.453752 1.073928 -3.613223 0.603162 2.241099 -4.559999 -4.944619 2.837245 4.983764 1.215134
133 -3.4606281586 -3.592210 3.635587 -4.999911 -0.675183 -2.486330 -2.438868 0.560349 -3.233365 0.326542 2.391436 -3.069110 -4.945559 4.196374 4.714254 1.777330
134 -4.9850172585 -4.966496 3.198198 -4.734065 -0.372842 -1.196968 -1.014063 0.565929 -4.036645 2.921939 1.724634 -3.776460 -4.813523 -0.578186 4.968180 -0.985724
135 -3.3576906420 -3.633209 2.487250 -3.837529 -2.162601 -1.265101 -1.785065 0.960169 -4.165098 2.052901 2.488021 -4.869782 -3.712959 1.808210 2.056067 -0.292702
136 -4.9524889785 -4.721788 4.081372 -4.999555 0.531273 -1.344886 -3.823801 0.740571 -4.601862 2.161069 2.863618 -4.764634 -4.040592 3.652231 3.184847 2.015859
137 -4.3916142675 -3.999507 3.338097 -4.982100 -1.003993 -3.610894 -1.557284 0.928119 -4.334925 1.321745 1.018744 -4.967871 -4.186794 1.841162 2.716724 0.052517
138 -4.3725601934 -4.136709 3.546496 -4.996313 0.058018 -2.741744 -2.932474 -0.347607 -3.980119 1.111917 1.887592 -4.605901 -4.983649 2.351744 4.704668 0.364810
139 -3.2433870181 -3.447486 3.732204 -4.988449 0.160310 -3.527910 -0.887633 1.331555 -3.847913 3.103749 2.919845 -3.609375 -3.808591 3.390264 4.940221 2.524319
140 -4.7238874937 -4.822249 4.991152 -3.974442 -1.804988 -3.272275 -3.908079 2.592998 -3.059001 2.838545 2.223570 -4.938981 -4.948130 1.704146 4.697107 -0.747956
141 -6.0553377000 -4.999992 3.804124 -4.873965 -2.306638 -4.024293 -1.392837 2.553397 -4.367480 3.588818 -0.660089 -4.991228 -4.392480 2.503320 3.563884 2.557493
142 -4.0293317615 -4.263349 4.030316 -4.615563 -0.638454 -3.736200 -1.956762 0.430344 -3.701343 3.285660 2.377212 -3.023741 -4.434194 1.600657 4.640862 0.397180
143 -3.9612727541 -3.827856 4.729446 -4.273579 -1.317527 -2.313472 -2.180010 0.925117 -4.752419 2.232185 1.940475 -4.806120 -4.368915 0.992616 4.213442 2.279388
144 -4.5772856700 -4.877132 4.019550 -3.785990 -0.622182 -3.042742 -4.573434 1.025507 -3.017381 1.852146 1.251605 -4.441494 -3.951384 2.760986 4.187644 0.691689
145 -3.2938927752 -3.059097 3.753677 -4.910274 -1.104530 -4.991217 -0.461145 1.984701 -4.852731 2.898335 -0.196275 -3.747232 -3.666432 2.646526 4.902276 0.607651
146 -5.1349588654 -4.999979 3.800319 -4.765912 -1.028876 -1.855214 -3.786266 -0.184362 -4.382809 0.702318 2.296521 -4.775518 -2.749111 2.425793 4.940012 0.661826
147 -4.9895181287 -4.418087 3.896729 -4.927193 -0.762932 -2.848797 -3.093204 1.607368 -2.662115 3.001989 1.842423 -4.437380 -4.647005 3.156241 4.330382 2.855220
148 -3.9732700984 -3.885195 4.863569 -4.772862 -1.716816 -2.974129 -2.605026 2.623257 -4.859555 2.892694 -0.271339 -3.363344 -4.908609 -0.074280 4.781757 0.311954
149 -5.4466679676 -4.973340 2.916354 -4.987061 -1.259043 -1.541525 0.244026 1.580112 -4.143921 2.548894 2.201634 -4.971135 -4.403415 1.751061 4.580946 0.921703
150 -2.8842616442 -3.512516 3.054490 -3.952215 -0.319402 -0.390069 -1.315890 2.644573 -3.143152 3.526921 -1.791718 -4.257005 -4.888928 1.563997 4.438496 1.326573
151 -4.4142240932 -3.950124 2.832260 -4.977922 -1.791472 -3.794980 -1.580895 1.195935 -3.641159 0.064160 3.707467 -4.451707 -4.909954 1.733899 3.593460 0.321912
152 -3.7068294955 -3.590200 2.684687 -4.406020 -1.056261 -2.740502 -2.005133 3.485776 -2.431389 3.275292 0.388812 -4.625670 -4.682390 1.740157 4.045876 2.829636
153 -5.6353628279 -4.976054 4.217137 -4.399063 -2.390806 -3.451329 -2.680779 2.622501 -4.684053 1.233400 2.431282 -4.746451 -4.052593 2.723216 4.028245 -0.064869
154 -5.5536887005 -4.845850 3.260535 -4.979842 -1.899712 -3.186770 -2.172498 0.948056 -4.012710 3.633293 0.799343 -3.122515 -4.659325 2.271780 4.241366 1.283555
155 -3.3479385162 -2.609055 2.815730 -4.862347 -0.577032 -4.197227 -1.249414 2.885127 -4.992113 3.806608 1.557599 -4.260147 -4.984062 3.709500 4.115772 0.131899
156 -3.7648353466 -3.598987 3.978110 -4.979371 -0.643700 -3.297339 0.384295 2.310855 -4.596552 3.169218 -0.419139 -4.149977 -3.753411 0.081148 3.638905 -0.135998
157 -4.7142882364 -3.864352 3.544386 -4.999899 -2.420720 -1.388135 -4.107762 2.278985 -4.369975 0.131045 1.324068 -4.310325 -2.968709 3.630745 4.272037 -0.533614
158 -5.7165815796 -4.792600 3.545765 -4.453473 -2.693218 -2.072058 -1.679621 1.441116 -4.338771 1.304827 1.114741 -4.330126 -3.687937 3.422590 4.483665 0.121343
159 -5.6412028061 -4.989810 2.433776 -4.320620 -2.513393 -3.345986 -3.076076 2.249975 -4.782476 1.685881 1.558701 -4.674373 -2.895816 -0.759302 3.548704 -0.008754
160 -4.1507528810 -4.021213 4.865344 -4.048259 -0.874056 -3.318846 -0.129703 1.311532 -4.348107 2.750014 1.952094 -4.989983 -4.757826 1.522345 4.045042 0.757627
161 -4.5279088349 -4.122002 3.344015 -4.803905 -2.438063 -2.950173 -3.772496 0.464216 -1.656460 3.054618 2.665329 -3.743859 -4.625696 2.389783 4.661776 0.028545
162 -4.7441176732 -4.877856 0.668655 -3.429011 -2.078035 -1.830639 0.022655 2.240809 -4.557851 1.274399 2.021382 -3.703057 -4.997224 3.126985 3.899401 0.333530
163 -4.4373874165 -3.851604 3.215945 -4.887910 -2.782263 -1.892957 -2.726539 0.632292 -3.668545 1.829421 2.387779 -4.978765 -4.466479 4.258395 4.999329 0.284244
164 -3.7406901556 -3.934688 4.079388 -3.865321 -2.602964 -3.644624 -3.242232 2.188394 -4.987825 0.958934 1.059766 -3.484196 -1.793017 3.725511 2.717922 0.703318
165 -3.4913979958 -2.899826 4.319766 -4.039036 -3.129859 -2.152792 -1.124032 3.001149 -4.268585 1.529433 2.579342 -4.813137 -4.841766 0.786520 4.105358 0.328882
166 -6.0108906414 -4.986389 3.868429 -4.977641 -1.942634 -0.995449 -4.207588 2.598857 -4.467978 1.944972 1.302702 -4.712324 -4.271756 3.602207 4.522913 -0.728694
167 -2.4995606392 -3.126089 2.116035 -3.925000 -0.360682 -3.725827 -4.733730 0.482247 -4.753816 2.230989 1.014449 -4.311264 -3.872516 2.452983 4.767066 -0.626839
168 -3.7733706737 -3.982524 2.084964 -4.348748 -0.044864 -2.745851 0.081537 2.254462 -4.487021 1.905744 2.751502 -4.331176 -2.322602 1.930701 4.875711 1.935988
169 -5.4648174915 -4.645424 3.825755 -4.329132 -3.964148 -2.401720 -3.073658 1.111343 -3.438058 2.491374 0.553100 -4.200203 -3.038902 3.099497 4.527065 0.057929
170 -4.4736065371 -4.738910 3.718543 -3.931028 -1.725636 -1.562450 -3.213592 0.877340 -2.925929 2.045399 1.400354 -4.820578 -3.247931 3.354692 4.106021 0.784963
171 -5.1766640046 -4.437632 4.608373 -4.470522 -2.430111 -2.190454 -3.708198 2.957681 -2.790378 1.564708 1.771808 -4.321064 -2.774624 2.975003 2.385197 0.666277
172 -4.2636394256 -3.985894 4.575048 -4.346601 -2.735558 -2.936533 -3.424165 2.927823 -3.433101 2.038457 0.432985 -4.992906 -4.087004 3.979231 4.221487 -0.254255
173 -5.1032895900 -3.794341 3.778110 -4.978443 -2.959779 -3.375179 -4.174127 3.463398 -4.685511 4.702344 2.045196 -4.350674 -4.348118 1.126781 3.695296 -0.647858
174 -5.4247281548 -4.558161 4.010534 -4.725497 -2.675159 -2.232050 -3.613622 1.039874 -3.591327 2.127274 2.401228 -4.123568 -4.590979 2.119651 3.497571 -0.790866
175 -5.2868726101 -4.660023 4.535539 -4.568883 -2.487786 -2.426333 -2.742510 2.504628 -2.917102 0.834529 2.833124 -4.367255 -4.380838 0.865290 4.999541 -1.063496
176 -3.8790260414 -4.023570 4.288849 -4.952932 0.104646 -2.988893 -2.324120 2.873642 -3.673131 1.742856 0.862887 -4.681188 -4.121153 2.268077 4.664438 -0.041630
177 -5.2128067196 -4.547441 2.474528 -3.502766 -3.912724 0.605580 -2.337202 1.581513 -4.405857 1.053746 0.875174 -4.354664 -4.865636 2.358584 4.856327 -0.932315
178 -5.0245898286 -4.853873 3.671427 -4.539959 -0.397875 -3.842709 -2.931611 1.351728 -4.971215 0.324507 3.336992 -3.546850 -3.896365 3.095033 4.822953 -0.220520
179 -4.6103053034 -4.405894 2.805059 -4.965070 -0.433932 -3.336280 -3.752815 2.237269 -4.090183 1.682606 0.799475 -3.910518 -4.432076 3.252240 4.980170 -0.853677
180 -4.7279120853 -4.232598 4.857727 -4.875088 -0.969752 -2.582108 -3.351899 1.547490 -4.997434 2.644068 0.665283 -4.710114 -4.661087 3.683319 4.999864 0.687594
181 -3.7004184839 -4.258456 3.566668 -3.465149 -1.001351 -0.552228 -3.630498 0.824220 -4.818740 1.139203 2.182430 -3.328714 -2.006197 3.185236 4.999979 1.218992
182 -4.9555615506 -4.532102 4.504855 -3.862455 -3.592959 -1.466473 -3.124774 2.363261 -2.296389 0.886740 1.253019 -3.891499 -4.940417 1.220373 4.999601 0.648197
183 -4.2428156850 -4.741245 4.562307 -3.473911 -2.018021 -1.239426 -1.974228 0.754244 -3.748124 1.274285 2.965793 -4.886861 -3.312083 4.110383 3.894148 -2.048519
184 -5.8804170483 -4.658882 4.962972 -3.763998 -4.586916 -1.198397 -4.286698 2.171567 -2.551747 1.518590 0.470287 -4.103744 -4.580145 4.922388 4.877154 -2.725883
185 -5.8673119347 -4.905162 4.995116 -4.987666 -2.955418 -3.483764 -3.253607 1.206227 -1.814201 2.189024 1.680295 -4.327529 -3.798351 1.752072 4.548228 -0.601292
186 -5.0410641797 -4.670811 4.257940 -4.420412 -1.871888 -1.578730 -3.610292 2.671685 -4.863493 3.294221 3.117455 -4.960699 -4.670454 2.885992 4.440134 -0.758599
187 -5.5261377807 -4.889994 3.969465 -4.520259 -2.161092 -1.733183 -3.939155 2.045829 -1.900860 3.191190 1.086047 -3.270162 -4.620539 1.592938 3.547187 0.691448
188 -6.0806210747 -4.952472 4.610454 -4.811292 -3.191591 -2.138249 -3.355232 2.265764 -3.913452 2.779130 2.486473 -4.994770 -4.716222 2.217048 3.806747 -0.618327
189 -4.7521076656 -4.350260 4.102979 -4.558396 -1.838863 -2.617848 -3.011368 2.216071 -2.525005 1.450401 -0.497654 -2.823973 -4.219432 4.799210 1.964896 -0.303591
190 -5.6341182668 -4.050952 4.982424 -4.974070 -4.273145 -1.957024 -2.161113 1.373139 -3.341015 0.747062 0.150781 -4.931878 -4.918908 1.339371 3.860662 -1.499561
191 -5.7987684933 -4.958032 3.476413 -2.653536 -4.501903 -2.803458 -1.261602 1.280241 -2.388773 3.519685 2.362612 -4.952098 -4.803592 0.377647 3.794308 -1.333746
192 -5.7416121331 -4.518057 3.651861 -4.922651 -3.844140 -0.814583 -3.797399 2.931000 -1.796518 1.011663 3.953356 -4.068412 -1.897241 2.657386 4.875643 -0.539988
193 -5.8268595779 -4.212878 3.342502 -4.917685 -4.755534 -3.285549 -2.237764 2.861754 -3.621800 2.646474 2.533544 -4.503466 -3.391300 0.835106 2.738709 -1.603544
194 -4.6700418590 -3.477743 4.452276 -4.253941 -4.908092 -1.483531 -3.162699 0.780101 -1.862389 0.426922 1.294643 -4.894330 -4.739649 4.032410 3.936616 -1.673708
195 -5.8864106134 -4.672718 4.839611 -4.212210 -4.101344 0.181241 -4.981823 1.258002 -2.285357 3.217633 4.275462 -4.991421 -3.802383 1.790859 4.600685 -1.866697
196 -5.3761989710 -4.423657 3.023948 -4.918021 -2.385420 -0.654144 -3.162912 1.203577 -2.735466 2.492157 1.434669 -4.557288 -2.709530 2.248273 4.880573 -0.434041
197 -6.1455901349 -4.631859 4.947848 -4.999754 -4.076565 -1.709075 -1.903226 0.780291 -2.923190 3.068429 2.547776 -4.657650 -4.937306 2.017988 4.658150 -1.925053
198 -6.2882227814 -4.197503 4.026178 -4.764405 -4.898212 -2.752031 -2.658947 4.064978 -2.064728 2.826325 2.398357 -4.283140 -4.485873 3.498806 4.619208 -0.247117
199 -4.9028511181 -4.995841 4.843810 -4.026173 -1.939201 -2.365096 -3.544312 2.274632 -2.219943 3.086433 -0.316824 -4.999993 -4.455988 4.086307 4.396535 -2.986811
200 -6.2667431146 -4.839183 2.867890 -4.976119 -3.753068 -2.609076 -2.971308 1.481140 -4.154600 2.831604 -0.190006 -4.492006 -3.770735 1.229287 3.322261 -1.680061
201 -4.6235896104 -3.334871 2.303115 -4.898531 -4.297639 -2.063221 -4.409715 0.494255 -2.980251 2.530226 3.079100 -4.652924 -3.013609 3.009066 4.991741 -1.801466
202 -5.3887164268 -4.805328 3.964342 -4.818292 -2.644260 -3.113077 -2.971686 3.250346 -1.890782 2.249401 2.951142 -4.185041 -2.715591 1.901031 4.904536 -2.904308
203 -5.5428180628 -4.522020 4.881238 -4.801098 -3.039647 -2.861063 -3.400488 0.381303 -4.532158 2.827693 3.766235 -4.525956 -4.991121 -0.037903 3.961997 -1.240867
204 -6.4602801338 -4.626301 3.923138 -4.793947 -4.830860 -1.804527 -3.909990 0.097417 0.216906 2.054495 2.394862 -4.165944 -3.294796 3.260437 3.880400 -0.626415
205 -5.3220412924 -4.225573 4.167419 -4.838155 -3.887969 -2.106633 -4.945365 2.745460 -2.554956 2.164108 2.779983 -3.959211 -3.332313 4.994749 3.370637 0.463041
206 -4.2329716339 -3.506791 4.966344 -3.323887 -3.908387 -2.484260 -2.870280 1.766975 -0.134334 3.602517 3.197459 -4.179202 -4.999076 3.358821 4.947649 -0.081636
207 -6.6793285414 -4.947861 3.661626 -4.553383 -4.458593 -1.429299 -4.940294 1.920086 -3.306946 3.928066 1.500378 -4.332973 -4.846264 4.091837 4.995909 -1.374646
208 -6.3484094411 -4.583313 3.563055 -4.995167 -4.028435 -0.758386 -2.929825 2.375719 -0.727663 1.747494 0.000847 -4.994075 -3.031711 1.612403 4.011725 -3.588894
209 -5.6978459003 -4.965684 3.809698 -4.574236 -3.655634 -1.361377 -2.212956 0.471317 -0.098684 3.072822 2.532455 -3.451668 -4.170865 -0.456918 4.241563 -1.192174
210 -3.9232269321 -3.205871 4.418568 -4.840255 -3.599147 -1.609336 -4.754740 0.151240 -1.935854 2.493379 2.365207 -4.515639 -3.585421 4.025948 3.973513 0.770921
211 -6.1234438490 -4.681803 2.952931 -4.794303 -4.577304 -2.056565 -3.298216 2.954755 -1.438409 -0.051870 2.723542 -4.443577 -4.022442 4.631718 4.703306 -0.591760
212 -5.4029815661 -3.770265 3.872440 -4.999199 -4.993399 -1.467997 -3.499877 3.085239 0.150992 2.922654 0.619382 -4.955719 -3.268733 3.024010 3.941417 -1.257971
213 -3.8748090738 -2.914467 2.481451 -3.621008 -4.998305 -2.077957 -4.706948 2.933422 -1.428998 4.289773 2.404633 -4.241953 -2.846370 2.244336 4.263224 -2.172491
214 -5.7839726429 -4.870719 2.838181 -3.894543 -4.973989 -0.507942 -2.651942 4.554849 -1.473312 0.285577 3.563169 -4.134625 -3.740495 4.716061 4.947764 0.918635
215 -5.8518775732 -4.922116 1.868764 -4.717424 -3.689329 -4.939380 -3.266667 2.173802 -3.579167 4.590062 0.433962 -4.999866 -2.135920 2.456162 2.699206 -0.664712
216 -6.5041774178 -4.903230 3.156805 -4.996316 -4.255927 -1.645169 -2.935943 0.197199 0.423169 3.879194 1.496475 -3.305630 -2.285752 0.937430 4.994162 -0.208282
217 -5.2101346085 -4.992080 2.722673 -3.947120 -3.543437 -2.456056 -4.813753 2.524452 -1.739730 0.577839 0.452958 -2.959890 -3.300620 4.030366 3.997003 -0.574691
218 -6.1279682226 -4.860319 1.888993 -4.209422 -4.199818 -0.332116 -3.566692 2.694624 -2.002513 2.730588 1.534227 -4.453895 -3.987617 2.755558 4.895296 -0.618344
219 -5.6444164504 -4.394329 2.618876 -4.382319 -4.259419 -1.723822 -3.568185 3.286596 -0.969540 2.330709 1.481713 -4.183722 -2.696460 3.602499 4.501954 -0.805704
220 -5.6883010256 -4.892308 3.659586 -3.943913 -3.558279 -0.213911 -2.718495 2.889408 -1.027906 3.063466 0.951693 -4.646224 -3.090080 2.052597 4.592623 -0.343613
221 -5.7936223084 -4.525420 2.543441 -4.951157 -4.578405 -4.051526 -1.524980 2.253948 -0.711438 4.815937 2.354751 -3.664416 -1.485488 0.715488 3.913731 0.543908
222 -6.2680103218 -4.801269 2.589943 -4.036020 -4.987615 -3.779252 -4.412085 3.776325 -1.366064 3.178829 3.569980 -4.993050 -1.891201 2.529847 4.497922 -2.175473
223 -5.7658927861 -4.840388 3.446007 -3.600636 -4.955143 -1.257011 -3.282014 1.983507 -2.794054 4.547144 -0.371992 -4.829186 -2.539531 2.246552 4.989014 -1.280089
224 -3.5895528653 -3.149910 4.508621 -4.184700 -2.353720 -0.289745 -4.006234 0.841733 -0.754979 2.836491 0.882577 -4.749686 -2.803124 3.857928 4.027421 -4.135745
225 -4.8332978990 -4.063852 3.308755 -3.712149 -4.126294 -2.029625 -2.996862 -0.449750 1.208326 4.463161 -0.323665 -4.869639 -3.464032 3.527070 3.455933 -2.292277
226 -3.9007702544 -3.833704 2.000798 -2.942344 -3.972697 -1.817398 -1.251318 1.981802 -2.726087 3.724368 0.255220 -4.593219 -4.295290 1.889896 4.937079 -2.278428
227 -6.9657651829 -4.882484 4.996174 -4.999562 -4.571724 -0.039913 -3.612701 0.433342 -0.829753 2.130326 2.360608 -4.726200 -4.786151 2.579780 4.921583 -2.369832
228 -5.8371038308 -4.399272 0.172218 -3.671367 -4.849189 -3.012490 -4.975647 4.006139 -2.066024 3.910547 1.473565 -4.244256 -1.068389 3.961437 3.241780 0.600197
229 -4.3651411508 -3.273133 2.098800 -4.998480 -3.886061 -2.125556 -4.351825 1.439190 -1.315278 4.674956 3.469601 -4.439896 -3.395912 3.562816 4.810816 -1.196761
230 -5.5010098192 -4.940527 3.373119 -3.687035 -3.770264 -0.964402 -3.299109 2.087485 -0.040753 2.354238 1.739854 -4.723946 -3.284738 2.659210 4.990724 -0.520353
231 -6.6544144234 -4.715309 3.942573 -4.881687 -4.785588 -2.160477 -2.758999 3.721511 -1.475774 0.915975 2.074992 -4.809322 -3.818003 3.278771 4.124055 -1.914068
232 -5.1084215398 -4.749302 4.565008 -4.276638 -3.285455 -0.422845 -1.607860 1.964140 -2.421221 2.843637 2.033086 -4.039607 -2.942715 4.482808 4.998770 -1.644688
233 -6.1973358473 -4.549023 3.918436 -4.516158 -4.860928 -0.339381 -2.706704 2.168843 -1.412192 1.648819 2.244371 -3.296908 -4.084611 2.242135 4.989245 -1.254509
234 -4.9456331208 -4.173401 4.384408 -4.305974 -3.810793 -1.651104 -2.726706 3.009180 -3.363797 4.528752 3.044287 -4.496163 -4.510324 3.070485 4.892953 -0.793072
235 -7.0617843192 -4.989274 3.076188 -4.978589 -4.969373 -1.461568 -4.103713 -1.220126 -2.328101 2.882647 2.076507 -4.369006 -4.168165 1.956000 3.790687 -1.212619
236 -4.7524311309 -3.890872 3.016030 -4.157060 -4.402410 -2.734084 -3.421934 2.973385 -1.307357 1.956507 2.818090 -4.267920 -1.686040 1.115468 4.846632 0.143654
237 -6.3236358271 -4.929593 2.552736 -4.994230 -4.843121 -1.276210 -3.355250 3.161230 -3.291055 4.361890 2.492670 -3.013117 -3.834315 2.926447 4.701906 -1.326444
238 -5.8230371113 -4.998836 2.657052 -4.972127 -2.145808 -2.021252 -3.622694 1.635479 -2.361704 3.432740 1.109387 -4.857333 -4.272966 3.095612 4.731875 -1.085428
239 -7.1377484861 -4.861574 1.953454 -4.978880 -4.935337 -1.299920 -2.626555 2.414162 -0.739395 1.884868 3.288641 -4.701213 -1.845752 3.145267 4.594258 -0.273711
240 -6.3138945558 -4.954024 4.947505 -4.063507 -4.727553 -1.374220 -2.285169 1.365811 -1.132104 2.389198 1.918335 -3.663698 -2.378389 3.631743 4.819227 -1.069435
241 -5.9442912529 -3.940070 3.330083 -4.831912 -4.840010 1.101985 -1.429240 2.386173 -1.124396 2.598053 3.282627 -4.484730 -1.922068 3.409522 3.831107 0.747717
242 -5.9649458744 -4.724037 1.612861 -4.856582 -3.952003 -2.212853 -1.990532 2.167317 0.142354 2.597825 3.705713 -3.980237 -2.635952 2.638755 4.741024 -2.096258
243 -6.1327833469 -4.994113 2.710434 -4.999664 -2.559274 -1.200566 -2.797678 3.280893 -2.321410 1.461227 3.594219 -4.980557 -3.649707 2.958658 3.014000 -0.219948
244 -6.3450056569 -4.484328 4.853666 -4.998710 -4.948416 -0.959697 -3.183145 1.961600 -3.261534 0.232264 1.861753 -4.294062 -3.157367 3.988995 4.473680 -1.332607
245 -3.4631056919 -3.700602 2.056132 -2.844673 -3.837429 -2.337348 -1.170062 1.554606 -1.236763 3.169868 1.043841 -4.125447 -3.691453 2.435170 4.480431 -0.985490
246 -5.2925189884 -3.881563 4.989508 -4.188836 -4.875735 -0.655006 -2.055147 0.094490 -1.381245 3.535168 2.638057 -4.654397 -3.533666 2.594686 3.628960 -1.560123
247 -6.0675205913 -4.990137 2.206466 -3.641863 -4.962807 -1.541491 -2.040441 1.620082 -2.763130 2.501935 2.354291 -4.994170 -4.996071 2.119635 4.912096 -2.412918
248 -5.4931515094 -4.046224 4.316102 -4.997192 -4.575528 -1.414004 -2.577182 1.007559 0.275255 0.841307 2.781709 -4.203160 -2.347842 4.411731 4.904856 -0.655500
249 -6.8178181891 -4.920253 3.949011 -4.818803 -4.785237 -1.688072 -3.997351 0.539840 -1.203207 1.030014 1.337459 -3.715356 -4.530705 3.052261 2.780999 -2.236481
250 -6.1471672282 -4.582751 1.601795 -4.917659 -4.971574 -1.963916 -3.391235 1.841530 -1.559245 1.112411 0.983504 -3.622715 -3.512692 0.703793 4.878876 -1.360669
251 -7.1801388823 -4.987442 2.313451 -4.913857 -4.990850 0.149737 -3.668114 1.673609 -1.156274 1.838060 3.971837 -4.343293 -2.269162 3.660325 3.900085 -1.030531
252 -5.7149630744 -4.010794 0.849338 -4.988934 -4.734900 -3.649676 -2.702386 0.416503 -1.799867 3.163865 3.861497 -3.999285 -2.175804 2.974599 4.754019 -0.029856
253 -6.8784047212 -4.945876 3.342865 -4.726076 -4.962639 -0.621642 -2.948336 2.487859 -3.311961 0.295323 2.666582 -4.446051 -4.671840 2.415253 4.271814 -1.075872
254 -5.5266904900 -4.448487 2.628145 -4.938533 -4.029685 -1.168970 -2.324426 2.568261 -1.661700 0.118868 2.090922 -4.653359 -3.320785 4.181411 4.968491 -0.235190
255 -6.6762638725 -4.996518 3.978891 -3.908210 -4.922955 -0.457738 -1.883897 1.891219 -0.104336 0.057081 3.490711 -4.999970 -3.852968 2.871223 4.090947 -2.183459
256 -6.4952993832 -4.813271 1.973233 -4.207498 -4.986019 -0.927769 -3.016019 1.862772 -1.091271 3.169655 3.533764 -4.771519 -3.224141 4.937279 4.056110 -0.948025
257 -6.3184339961 -4.915750 1.972333 -4.863927 -4.261885 -1.209830 -3.719853 3.015487 -2.665324 0.374612 4.988119 -4.995344 -2.225289 2.632587 2.592369 -2.050871
258 -6.6190539526 -4.993019 2.917251 -4.791712 -4.664254 0.445277 -3.548118 2.177300 -1.471557 0.628319 1.930723 -4.994074 -2.351980 1.877166 4.667977 -2.293183
259 -5.9090984459 -4.997501 3.969828 -4.771895 -2.489407 0.589982 -4.462434 2.642588 -1.982073 0.975017 2.395529 -4.925437 -3.953494 4.993400 3.799334 -0.611235
260 -5.7373941294 -4.728347 1.581767 -4.975297 -3.749240 -0.955410 -3.275618 0.239726 -1.646343 2.141246 2.779617 -4.269181 -3.717440 3.690811 2.682280 -1.066160
261 -6.1670308686 -4.442206 1.798992 -4.976807 -4.740893 0.137347 -2.855272 0.279491 -1.899343 1.585969 2.709012 -4.996239 -3.347247 2.343037 2.916070 -1.943291
262 -6.3554275570 -4.808882 3.610458 -4.367143 -3.875182 1.192630 -4.357772 1.536474 -1.969804 0.779808 1.133059 -4.640174 -1.057982 3.188239 4.085007 -2.716135
263 -6.8162402690 -4.992598 4.768241 -4.939315 -4.740424 0.539206 -3.381191 1.928577 -2.021716 0.371374 3.531317 -4.904476 -2.695698 4.262977 4.313536 -1.465568
264 -5.3828798970 -4.943635 3.384155 -3.832536 -2.279122 -0.683762 -1.919427 1.564585 -2.165642 2.098471 1.675117 -4.448663 -4.848341 3.397564 4.999536 -1.452393
265 -6.9950913584 -4.994568 4.357087 -4.089509 -4.972558 1.248897 -2.210614 1.923384 -2.551459 -0.599145 3.351547 -3.985579 -4.947465 2.957501 4.951278 -0.576663
266 -5.2667007683 -3.664489 3.155142 -4.994138 -4.981138 -1.421205 -1.197738 0.105236 -2.309161 -0.015967 3.424066 -4.046606 -4.945889 4.000187 4.702480 -1.457313
267 -6.7528880562 -4.808121 3.521182 -4.404307 -4.986117 -0.985614 -3.094516 1.818933 -4.355456 0.320078 4.426847 -4.812899 -3.082616 3.611576 4.144645 -0.068936
268 -5.7599484310 -4.706267 3.669879 -4.005331 -3.833307 -0.779636 -2.139901 1.921987 -3.653451 0.013706 3.446046 -4.467992 -4.109349 3.265542 4.777129 -0.336363
269 -5.4167452114 -4.601529 1.684408 -4.083390 -3.844581 0.029012 -3.396145 2.267703 -3.705069 0.225715 1.924840 -4.835593 -4.796278 3.791159 4.073212 -2.933379
270 -5.0224253231 -3.748336 3.569439 -3.641953 -4.983975 -1.596451 -4.951194 1.107903 -1.813796 1.899223 4.337038 -4.445914 -4.144364 3.228784 3.279523 -1.087660
271 -5.7886026490 -3.912749 2.741000 -4.943671 -4.615364 -2.256691 -2.824287 0.894739 -0.741538 2.089605 2.464722 -4.603917 -2.394182 1.878886 4.018549 -1.954655
272 -6.2358703817 -4.999613 4.629985 -3.983554 -4.753359 0.298910 -3.311532 2.390951 -2.390308 2.746529 3.295103 -4.245539 -3.749956 2.570240 4.794771 -2.613446
273 -6.8506342903 -4.925076 3.832766 -4.551902 -4.371244 -0.565768 -2.268587 2.863955 -2.687161 1.289503 3.038838 -4.999990 -4.008012 2.720905 4.033534 -0.966261
274 -5.8327387326 -4.273860 4.950408 -4.424215 -4.567181 -0.413000 -2.603987 2.064548 -2.552738 0.337929 2.513954 -3.946661 -4.994120 4.013519 4.791436 -1.079323
275 -5.1809089211 -4.561390 4.221970 -4.174822 -3.301067 0.954328 -3.709001 2.703162 -2.221490 0.893041 3.251563 -4.999545 -2.254665 3.362919 4.140998 -3.124007
276 -5.6218170522 -4.929241 4.554644 -3.865827 -3.475202 -0.273118 -2.608528 1.048355 -2.978758 1.321544 2.778050 -4.739554 -4.505301 3.697013 4.580074 -2.961832
277 -4.8127410151 -3.909995 4.357334 -4.988538 -3.697718 1.411862 -1.428636 1.992763 -3.227030 -0.838410 3.669196 -3.533743 -4.974618 3.779362 4.527186 -0.814023
278 -4.7172895098 -4.345047 2.961368 -3.575520 -4.434056 -0.802580 -2.870484 2.901110 -1.697637 2.710626 4.090125 -4.986065 -3.557757 2.551266 4.789328 -1.447494
279 -4.8344984591 -3.531543 3.900315 -4.090722 -4.984875 0.943861 -3.045037 1.570573 -4.165989 -0.238152 4.345083 -3.885519 -4.104510 3.918733 4.873510 -1.783307
280 -6.2376288461 -4.730679 4.211463 -4.990161 -4.563666 0.335882 -3.546970 3.011892 -3.393612 0.267978 4.172596 -3.777669 -4.828631 1.892716 4.999956 0.463612
281 -6.6654433284 -4.999216 4.346011 -4.744888 -4.647346 1.292451 -1.286328 2.737898 -1.857009 0.584892 4.824539 -4.876922 -4.122150 3.316978 4.982056 -1.655581
282 -5.7395727345 -3.419115 4.617610 -4.523040 -4.965944 -0.355972 -0.522478 0.841389 -3.113171 1.413280 1.811612 -4.994669 -4.689417 3.465909 3.482206 -0.460493
283 -5.1109446254 -3.958681 3.669584 -4.589908 -3.533591 -0.496658 -2.376323 1.241388 -2.462063 0.936700 3.243442 -4.991323 -4.126789 2.800639 4.895506 -1.230783
284 -6.5492181231 -4.953449 3.694942 -4.804651 -3.997227 1.049879 -2.122653 3.428501 -1.506499 -0.175777 2.349287 -4.212893 -4.934734 2.474075 4.945520 -0.789544
285 -6.9973098170 -4.905879 3.905742 -4.999893 -4.956025 -1.455178 -3.018425 1.109344 -2.499705 0.554073 3.145055 -3.537135 -4.649611 1.403652 4.551923 -0.566744
286 -6.9731449951 -4.993263 4.686098 -4.705636 -4.780916 -3.046332 -2.331515 3.759324 -1.707138 1.104741 2.338116 -4.297495 -4.059947 3.050234 4.728545 -0.685052
287 -6.1369948771 -4.506508 4.904020 -4.998048 -4.572340 -0.134943 -3.330982 3.189505 -1.990755 -0.592279 4.997798 -4.999642 -3.508063 2.317440 4.366150 -2.036748
288 -6.2375923601 -4.959256 4.876281 -3.575638 -4.952550 -0.049615 -2.466761 0.982317 -3.120018 1.170886 3.763042 -4.004445 -4.998943 2.161602 4.980138 -1.928246
289 -6.7778392679 -4.783537 4.966203 -4.485787 -4.896090 -0.513424 -1.513513 2.077134 -0.950454 0.553468 2.539443 -4.574843 -4.335121 3.416017 4.160926 -2.044863
290 -5.0546232087 -4.106428 3.515411 -4.333054 -3.405979 -0.151315 -1.956060 1.968947 -1.964455 2.237894 1.904536 -3.589945 -4.591653 1.329649 4.999978 1.464423
291 -6.9325881827 -4.679927 4.932235 -4.952084 -4.872769 0.196490 -2.510141 1.567039 -3.396909 1.011540 3.479772 -4.041097 -4.204632 2.112111 3.667241 -1.441262
292 -6.6348310880 -4.694213 3.937278 -4.993889 -4.903133 -0.909088 -2.979239 1.435520 0.031494 0.646465 3.009702 -4.154790 -3.416133 0.511047 3.927095 -1.018090
293 -5.5899719097 -4.476127 4.346528 -4.646724 -3.768520 -1.843475 -2.682987 2.928694 -2.216731 0.436648 3.136881 -3.675069 -4.885319 1.832222 3.670172 -0.996580
294 -7.1601495249 -4.978057 2.890833 -4.996455 -4.999618 -0.213446 -2.175035 1.304452 -2.715727 -0.775963 4.395324 -4.875737 -4.982085 2.827039 4.423463 -0.900208
295 -6.2996484494 -4.500015 4.578836 -4.596162 -4.923162 -0.070874 -3.244423 0.193119 -1.414543 0.016490 3.410464 -4.342392 -4.905498 2.165090 4.681869 -0.846416
296 -6.3865621354 -4.800128 3.652313 -4.191975 -4.553257 -0.687632 -3.908554 3.223481 -1.867597 0.182251 3.571202 -4.982287 -4.954725 2.015420 4.983886 -1.914951
297 -7.2314555360 -4.957895 4.406020 -4.999807 -4.646621 -0.310429 -2.499479 3.081678 -2.239876 1.330657 2.369964 -4.517744 -4.922075 2.411397 4.213412 0.295157
298 -5.2780644561 -4.662937 4.013675 -4.011512 -3.432767 -1.391927 -2.350153 1.354770 -3.124040 0.882606 4.013621 -4.522077 -4.937742 3.066204 4.248654 -0.453497
299 -6.7803551912 -4.999788 3.740147 -4.908541 -4.959724 -1.234592 -2.899893 3.181727 -2.033124 0.341866 4.743759 -4.794622 -4.943785 2.258886 4.650412 -1.658211
300 -7.1299859133 -4.717452 3.365756 -4.999975 -4.714211 -1.845399 -0.944288 1.549303 -2.914995 -0.563112 1.538380 -4.173008 -4.962444 1.532598 2.562120 -0.835163
301 -7.0391101625 -4.927165 4.812532 -4.854785 -4.426874 1.158938 -1.759200 -0.560475 -0.406738 -0.238215 3.562039 -4.939213 -3.634631 1.132844 3.980136 -0.859990
302 -5.7900563841 -3.984467 4.954009 -4.753305 -4.340215 -0.579889 -2.145450 2.682242 -2.560834 -0.741519 1.955348 -4.328953 -4.118925 2.640015 4.758350 -0.414857
303 -6.0592640883 -4.837804 4.401623 -4.393794 -4.001644 0.069774 -2.005563 2.296268 -3.633183 0.930101 2.193757 -4.192999 -4.941815 3.124102 4.991595 -0.326943
304 -6.8589897899 -4.997577 4.822413 -3.911813 -4.901756 -0.902352 -2.691608 2.907362 -2.573973 1.453381 2.982985 -4.697848 -4.420354 2.700442 3.392073 -1.386838
305 -6.1276571916 -4.781419 4.448578 -4.527276 -4.078442 0.386670 -2.839787 3.309135 -3.149296 0.280386 2.848467 -3.978300 -3.707462 1.982774 3.481398 -0.461985
306 -5.9037366537 -4.832619 4.579300 -3.984060 -4.093848 -0.508221 -1.718794 2.361451 -3.597198 -0.069223 2.601733 -4.581605 -4.763774 2.744135 3.151299 0.435239
307 -5.7244211273 -4.422261 4.127765 -4.085139 -4.878887 -1.310178 -1.991654 2.615878 -3.003364 0.538939 2.992687 -3.412397 -4.940243 3.328032 4.067617 0.142641
308 -6.9130836924 -4.860202 3.783128 -4.611412 -4.996282 -1.660081 -3.014164 2.395110 -3.330399 1.692793 2.293449 -4.999869 -4.947468 2.251408 3.618478 -1.084520
309 -5.3529071244 -4.976067 4.454688 -4.082591 -2.825865 1.276648 -2.077954 2.321243 -3.931460 -1.911276 4.199402 -4.644118 -4.436027 3.809826 2.918057 -1.445153
310 -4.0643750621 -3.275933 3.111905 -4.542097 -3.929072 -1.237661 -1.294825 1.851399 -1.803280 -0.206226 3.145808 -4.957652 -3.998817 2.899223 4.151832 -1.204444
311 -6.7343886136 -4.943544 4.509672 -4.390106 -4.932711 0.160656 -1.535963 1.547401 -1.757975 -0.177390 2.730360 -4.916572 -4.971409 2.837659 4.766839 0.756268
312 -6.0262704002 -4.113277 3.702573 -4.993867 -4.662459 -0.103011 -1.033068 1.723545 -2.438635 0.952777 3.909755 -4.968153 -2.966002 3.381967 4.507322 -1.520033
313 -7.0084275295 -4.999350 3.341013 -4.888140 -4.558904 -0.497180 -2.165685 -0.356280 -0.986919 0.172404 3.401163 -4.926143 -3.534148 2.695689 4.010993 0.361772
314 -6.0492082831 -4.168981 4.100543 -4.972730 -4.936308 -0.586877 -3.295842 0.334033 -0.671817 0.108470 2.445786 -4.176830 -4.957260 0.473788 4.428610 -0.273670
315 -6.8859479620 -4.481410 3.993993 -4.696887 -4.962641 1.590007 -2.651186 2.531305 -1.848999 1.983657 3.569294 -4.319631 -4.104195 1.774909 3.873865 -0.556917
316 -6.0595297225 -4.111890 4.703593 -4.996434 -4.856892 0.438049 -1.720108 1.098216 -0.540968 -1.291471 3.715362 -4.028673 -4.352250 1.119524 2.659613 -2.159012
317 -5.7826236574 -4.464746 4.997354 -4.829103 -3.094587 -0.442917 -2.270997 1.489565 -1.375346 2.000915 4.332645 -4.384687 -4.455214 1.493729 4.301918 -2.087293
318 -5.3204373140 -4.205221 3.692366 -4.540582 -3.828613 0.208547 -1.671815 1.062722 -2.289764 0.276085 2.927734 -4.718428 -4.897835 2.612442 2.366155 -0.965307
319 -6.6898722698 -4.534663 4.990442 -4.987808 -4.479686 -0.942474 -0.914771 0.946918 -2.032489 -1.024528 3.038298 -4.940489 -4.785300 1.348721 3.731918 -1.271508
320 -7.0325088518 -4.919989 3.841010 -4.636826 -4.932038 -0.927103 -1.779655 1.061178 -2.365693 0.347853 2.849975 -4.946849 -4.994786 2.138956 4.034677 -2.069673
321 -6.7159696861 -4.953420 4.463247 -4.975561 -4.359952 1.695168 -2.480046 0.553344 -1.916690 0.851832 3.850547 -4.834630 -4.422409 4.684176 4.955172 -0.160351
322 -6.9527084559 -5.000000 4.819751 -4.986905 -4.438525 -1.156492 -2.843185 1.834185 -2.543137 0.585700 2.644136 -4.563166 -3.835176 0.906043 3.819760 -0.669911
323 -6.4102565104 -4.905732 4.053453 -4.991853 -4.068055 0.395902 -1.960050 1.008504 -2.269852 1.043920 3.946750 -3.512599 -4.483825 2.976786 2.913086 -1.837004
324 -6.8644047455 -4.999664 4.229505 -4.724843 -4.334683 0.497420 -2.372438 0.538662 -2.094239 -0.257329 2.974676 -4.874500 -4.992923 2.013721 3.651522 -0.282493
325 -7.1433879233 -4.994064 4.373751 -4.930289 -4.894291 0.565218 -1.747336 1.097912 -1.071198 0.188233 2.499928 -4.457633 -4.905361 3.386411 4.838446 -0.059471
326 -6.8004099972 -4.661340 4.787500 -4.996487 -4.362536 -0.675853 -1.962652 -0.565199 -1.114121 1.654439 3.041177 -4.824829 -4.423406 2.305618 4.160531 -0.036355
327 -5.4293522634 -4.932098 3.314824 -4.275331 -2.774548 -1.783583 -1.334558 -0.209965 -1.808724 0.392592 2.669940 -4.732554 -4.160321 1.316432 4.095293 0.133895
328 -6.9177597410 -4.627933 3.085317 -4.968363 -4.955091 -0.628850 -2.100536 2.297000 -2.183217 0.801489 1.977989 -4.832739 -3.523096 1.380629 3.326719 -1.109460
329 -6.0532113595 -4.672675 2.195032 -4.419751 -4.409739 -0.971799 -0.873757 -0.243954 -1.686067 0.328773 1.902287 -4.973822 -4.706040 0.125495 2.773011 0.041672
330 -4.8230307924 -3.998691 3.479621 -4.712825 -3.593112 -2.262030 -0.911354 0.225597 -2.628988 0.539255 2.171724 -4.925101 -3.988410 0.634255 3.590895 -1.713561
331 -5.9110137732 -4.492827 4.185506 -4.021049 -4.996565 -0.846388 -1.287501 0.094028 -1.064593 1.558909 2.764020 -4.367336 -4.795201 0.734295 4.051210 -1.424384
332 -5.8348582573 -4.017057 2.996368 -4.945239 -4.989849 -0.154476 -2.291721 0.284115 -2.048676 0.774169 2.615192 -4.212435 -3.962955 1.779751 3.035689 -1.689086
333 -6.4126510764 -4.805414 3.548676 -4.322787 -4.194306 -1.441055 -2.449248 1.151053 -2.440571 0.863525 2.636640 -4.863847 -4.562397 1.760276 3.076428 -0.914855
334 -6.9742213811 -4.794111 4.943878 -4.995059 -4.943582 0.240947 -2.811538 1.252438 -1.266210 -0.761078 3.685279 -4.972810 -3.635484 3.442717 4.715359 -1.047983
335 -6.5312155946 -4.404734 4.421465 -4.984881 -4.205480 -0.736484 -1.315264 1.274535 -2.666559 1.939310 3.314893 -4.366535 -4.459923 3.262365 2.882285 -0.787378
336 -5.3446272210 -3.666786 3.333687 -4.262127 -4.755295 -4.245463 -2.901415 2.137134 -2.320345 1.277810 2.271325 -4.906356 -4.597797 1.009920 2.237583 -1.218515
337 -5.7868769693 -3.734105 4.885682 -4.999998 -4.524824 1.476020 -2.279276 1.390446 -1.726595 -0.383889 2.856022 -4.305503 -4.908926 3.950468 4.966724 -0.267654
338 -6.5442544792 -4.610054 3.858645 -4.999918 -4.718648 -0.462976 -1.297087 -0.372990 -1.685841 0.354742 1.972684 -4.748010 -4.468636 2.442005 4.097102 -0.880759
339 -6.7840907551 -4.975138 4.657539 -4.649991 -4.557359 -0.060041 -1.788225 1.299532 -1.709670 1.013348 3.207053 -4.012853 -4.999886 2.337161 4.175876 0.487126
340 -6.9864249714 -4.995096 3.613543 -4.594346 -4.919366 0.350791 -1.657942 0.750037 -0.736215 -0.046095 1.584250 -4.728087 -4.944613 4.204404 4.880623 -1.049943
341 -7.2484035529 -4.984956 3.156131 -4.941539 -4.776271 -1.297117 -1.799037 1.281907 -2.094409 1.436929 1.212715 -4.644497 -4.086533 1.727202 2.775499 0.204387
342 -6.7487597536 -4.976491 3.250260 -4.872416 -4.275417 -0.579182 -1.380686 1.038021 -1.957532 0.881932 2.319109 -4.260921 -3.046438 1.015092 3.133115 -0.008239
343 -6.8450286654 -4.902903 3.409822 -4.906702 -4.938313 -0.158995 -3.027810 0.412801 -1.807493 -0.542240 2.008278 -4.958098 -3.206942 2.763748 4.297437 -0.582154
344 -5.2224738421 -3.930910 4.401516 -4.999972 -4.136018 1.821781 -1.873543 0.151761 -2.235944 -0.270933 2.495456 -4.944473 -3.639860 1.538076 2.688951 -1.290340
345 -7.0796179941 -4.981942 3.340882 -4.998316 -4.651219 0.116323 -2.232006 0.677503 -0.551132 0.280984 3.082619 -4.491503 -3.928562 2.106646 4.652333 -0.186175
346 -7.0226717293 -4.963150 3.297179 -4.861411 -4.999220 1.958359 -1.353877 0.614439 -2.137321 0.684262 2.992392 -3.614926 -4.853718 2.949571 4.566295 -0.073305
347 -6.3819465243 -4.870121 4.499062 -4.232384 -4.427929 -0.560942 -1.976293 0.898576 -1.797946 2.164683 2.832333 -4.914564 -4.556484 1.623976 4.214379 -1.093276
348 -5.3041606612 -4.811560 4.443523 -3.579813 -4.254598 -0.112754 -3.300475 0.547825 -2.366067 0.817722 3.860040 -4.902691 -2.720758 4.170224 4.517678 0.361445
349 -6.8004049703 -4.824816 3.398958 -4.757538 -4.554167 -1.002008 -2.636626 1.123683 -2.046008 0.451967 2.165147 -4.952050 -4.633284 2.878686 4.544488 -0.357699
350 -6.3124321723 -4.148846 3.672321 -4.963964 -4.872356 0.498836 -2.405810 0.975097 -2.798928 1.098914 1.630195 -3.743911 -4.972420 3.431969 4.743220 0.443656
351 -6.6985144898 -4.988761 4.132796 -4.891918 -4.828793 -0.233428 -1.733004 0.378225 -1.741011 1.129249 2.083231 -3.146973 -4.751441 2.494424 4.067824 -1.077412
352 -6.8884438351 -4.820692 2.063229 -4.997197 -4.877484 -1.713655 -2.102786 0.906018 -1.858514 0.465703 1.141740 -4.815903 -4.576446 3.257470 4.958922 -0.595969
353 -7.1197607518 -4.999154 2.987816 -4.864851 -4.999998 -1.188068 -0.767944 0.166817 -1.915003 0.801541 1.837468 -2.679003 -4.292944 2.146668 3.452467 0.241345
354 -5.8570750478 -4.399806 3.854013 -4.962934 -3.939378 -0.881599 -1.257751 1.106179 -1.819663 0.822066 1.820737 -3.674746 -4.238830 1.856041 3.606997 0.216508
355 -7.3151275546 -4.993678 2.388305 -4.994440 -4.805268 0.148161 -2.747494 1.432655 -0.835431 0.892326 2.501933 -4.998770 -4.871523 3.406883 4.042782 -0.203699
356 -6.9292783390 -4.804449 3.875727 -4.983852 -4.125323 1.276086 -1.739206 1.407360 -1.217659 0.903253 3.621848 -4.391149 -4.519913 1.915555 3.990208 -0.314071
357 -6.2247492263 -4.211778 3.236069 -4.991901 -4.999931 -0.450873 -1.713908 0.536877 -1.203760 0.176101 2.868437 -4.993773 -3.546519 1.668288 4.591188 -0.267884
358 -5.2079079628 -4.003219 2.903845 -3.875610 -4.996792 0.489337 -2.008608 0.844223 -1.223782 0.631875 3.360071 -4.992806 -2.861382 1.664243 4.870738 -0.077679
359 -6.0269800566 -4.508147 4.376123 -4.307540 -4.497904 -0.989942 -2.025045 0.965557 -0.860108 -0.039121 2.359612 -4.227217 -3.505039 2.089913 4.326008 1.254953
360 -6.1840666388 -4.562930 3.748925 -4.308705 -4.997539 -0.702858 -1.764710 1.585771 -1.846231 0.549524 0.885080 -3.854562 -3.698552 2.787367 3.726148 0.407930
361 -6.9037254025 -4.676697 2.973733 -4.970646 -4.872359 -0.383507 -1.757619 1.448291 -2.081046 1.178955 1.284229 -3.838893 -3.589603 2.156728 4.298580 -0.164564
362 -6.9677547946 -4.954534 2.943232 -4.977362 -4.999991 -0.758327 -1.070401 0.551414 -1.427249 0.133914 1.230448 -4.594128 -3.739724 3.730653 4.311425 -0.169215
363 -7.4025579871 -4.940900 3.729972 -4.902059 -4.972226 -0.600227 -1.688340 1.203295 -1.203796 1.629488 2.311932 -4.254156 -4.998671 2.786065 3.811549 0.470589
364 -7.8232906154 -4.996372 3.230520 -4.999933 -4.809848 -1.131541 -2.516805 1.449528 -0.339538 1.793229 2.085701 -4.999968 -4.445239 3.501668 3.774792 -0.531745
365 -7.0425958884 -4.728314 2.534079 -4.886223 -4.965385 -0.328964 -2.543638 1.373816 -1.381675 -0.099361 1.552960 -3.431951 -4.295777 3.511549 3.851788 -0.538543
366 -7.1534450773 -4.924346 2.609568 -4.946706 -4.836491 0.531840 -2.608334 1.806366 -0.980087 0.596770 2.917334 -4.961742 -4.977944 3.024737 4.369663 -0.190505
367 -6.7197690887 -4.478431 3.745872 -4.634660 -4.994816 -0.253835 -1.877641 1.219217 -1.279363 0.471912 2.275109 -4.791297 -4.994137 3.393703 3.124527 0.441405
368 -6.5660612802 -4.925187 4.206625 -4.869110 -4.567595 0.551256 -1.023046 -0.454269 -2.156346 -0.107353 2.713479 -3.683261 -2.576469 3.145490 4.258070 0.538337
369 -6.8403306461 -4.995598 2.585108 -4.176384 -4.899245 0.554857 -2.552849 1.734520 -1.541048 1.765945 1.630325 -4.999931 -4.831494 2.136700 3.914624 -1.864435
370 -7.3912255354 -4.983122 1.861706 -4.999988 -4.964289 0.560412 -3.149331 2.606590 -0.226162 2.576184 3.212051 -4.286046 -4.988769 3.633588 3.936743 0.599667
371 -6.1241894306 -4.397740 1.718887 -4.187411 -4.448306 0.979316 -2.208084 2.702350 -1.680114 0.878539 2.079551 -4.562512 -4.464118 3.042650 3.809687 -0.610655
372 -7.0654028433 -4.827641 2.889716 -4.579653 -4.966332 0.254963 -2.656866 1.340074 -2.575420 0.629471 3.068103 -4.930210 -3.979438 2.921748 3.738462 0.118590
373 -6.8229667362 -4.983236 3.683900 -4.992148 -4.373151 -1.465472 -2.251447 0.663146 -0.685701 2.153406 1.137119 -4.628382 -4.830568 4.442763 4.546127 0.688810
374 -6.8549285312 -4.749750 3.297604 -4.999447 -4.840641 1.418033 -1.485390 0.727609 0.127725 1.305403 3.016517 -3.401761 -4.777424 4.924034 4.798836 0.840554
375 -7.0683902828 -4.954602 3.270249 -4.815478 -4.389029 -0.284613 -2.461947 2.123864 -0.743782 1.158267 1.885084 -3.340410 -4.892311 2.608903 3.545201 -0.595998
376 -6.6260490347 -4.988361 2.214586 -4.995454 -4.291962 -0.353587 -2.733891 2.300705 -0.938250 1.081421 2.646104 -4.481454 -4.084595 2.550642 4.389257 -0.923814
377 -7.3416510485 -4.934533 3.224154 -4.929844 -4.998706 -0.672781 -1.303091 0.541777 -0.700971 1.674973 1.587283 -4.977618 -4.872744 2.468005 4.218893 0.397809
378 -7.2804302515 -4.999998 2.151778 -4.975610 -4.985579 0.330714 -2.782471 2.286234 -1.865089 2.033912 2.267742 -4.773881 -4.999567 2.779858 3.830973 -0.584073
379 -6.8977694478 -4.508865 2.156748 -4.320177 -4.855284 -0.446717 -2.567963 1.906229 -0.655537 3.197973 3.009981 -4.884070 -4.571495 3.044041 3.604640 -0.021427
380 -6.8912122417 -4.385999 3.039194 -4.999455 -4.890181 1.057796 -2.634253 0.099915 -0.599331 1.096876 1.645575 -4.873554 -4.995849 4.035823 4.134630 -0.758197
381 -5.9557463133 -4.529220 3.241251 -4.524003 -4.238004 -1.324245 -3.235910 0.932848 -1.461891 1.478458 2.263028 -4.741144 -4.728846 2.141378 2.674903 0.177119
382 -7.2293893040 -4.998470 2.981976 -4.996514 -4.442960 -0.246124 -2.041745 2.125127 -1.691497 1.027332 3.315467 -4.224072 -4.466157 3.104455 3.118829 0.141107
383 -7.0264192466 -4.842862 2.448423 -4.823751 -4.999998 -0.749666 -2.096453 1.627337 0.477910 2.310236 2.491513 -4.924465 -4.992437 2.593990 4.424583 -0.214304
384 -7.2057863625 -4.859388 2.594446 -4.991576 -4.986826 -1.329115 -1.319613 1.439184 -0.383115 1.736393 1.922526 -3.744578 -3.349104 3.504875 2.329711 1.466988
385 -6.9561165894 -4.830303 3.793613 -4.206567 -4.508374 -0.598550 -0.305267 0.906147 -0.450204 1.195093 1.761307 -4.627660 -4.298724 3.576137 2.606102 -0.255430
386 -7.1727160052 -4.976631 2.280719 -4.960980 -4.955347 -0.852391 -2.749238 1.433743 -0.597767 1.750084 2.697581 -4.537825 -3.655228 2.733959 4.560581 0.950000
387 -6.2082191526 -4.221160 2.853209 -4.994241 -4.134506 -0.621620 -2.404915 1.732029 -1.546989 1.336378 2.102717 -4.837126 -4.999054 3.252326 2.868832 0.447861
388 -6.9829214245 -4.726597 2.699942 -4.538702 -4.938317 -0.486087 -2.231227 1.549085 -2.214080 1.378422 2.031369 -4.855727 -4.006641 2.456472 3.936368 0.789537
389 -7.1987805725 -4.968752 2.676199 -4.994671 -4.989194 -0.389462 -0.831786 1.019105 -2.049576 2.003687 2.135272 -4.984788 -3.728654 3.164119 2.937309 0.174806
390 -6.9442001824 -4.652623 2.706304 -4.505267 -4.864748 -0.025060 -2.071755 0.885985 0.276626 1.764188 1.770371 -4.368347 -4.996085 1.998089 4.360574 1.466745
391 -6.5189504234 -4.811879 3.516836 -4.294872 -4.392833 -0.234149 -1.765550 1.043963 -1.432677 1.902854 2.213620 -4.834744 -4.541858 2.083993 4.003471 0.068339
392 -6.3988751865 -4.494298 2.766984 -4.858435 -4.997399 -0.141071 -0.843629 1.022780 -2.039924 0.522229 2.372106 -4.241115 -4.140279 2.688006 4.196755 0.516772
393 -6.1323446393 -4.874106 2.744928 -4.976404 -3.497554 -0.664992 -1.185526 0.959451 -2.018826 3.193841 1.330283 -3.752217 -4.959146 1.766270 2.683283 0.444398
394 -6.4754014474 -4.998983 3.429464 -4.691129 -3.763775 -0.764596 -1.359075 1.656122 -0.623756 0.710572 3.998978 -3.997663 -4.815383 3.195908 3.728337 0.272779
395 -6.7714148913 -4.833370 2.912662 -4.917860 -4.562734 0.263958 -2.593851 1.104949 -2.187855 0.873702 3.320099 -4.446413 -3.219914 2.820183 4.681993 0.096632
396 -7.4582153913 -4.993962 2.821793 -4.931011 -4.782639 -1.296678 -2.763603 1.603021 -0.377475 2.505635 1.964535 -4.687957 -4.964900 3.117447 3.917450 -0.403154
397 -7.0805643735 -4.658795 3.162710 -4.977982 -4.983503 -0.495651 -1.850415 0.954773 -0.731866 1.339714 1.058749 -4.592702 -3.816382 3.705461 4.932745 0.598768
398 -7.0468669609 -4.998211 3.211588 -4.837214 -4.648648 0.039895 -1.517738 2.081560 -1.317282 1.273765 1.780982 -4.611440 -4.126783 2.960383 4.180225 0.893973
399 -7.2229561845 -4.956573 1.083716 -4.988529 -4.306566 -2.562743 -1.848818 2.101655 -2.141412 3.412164 1.468147 -4.027210 -4.486685 3.498781 3.395544 0.388214
400 -7.2297731563 -4.927509 2.002502 -4.997924 -4.773881 -0.841133 -2.964481 2.600274 -0.159541 2.275079 1.539995 -4.978180 -4.915074 2.663499 2.866406 -0.348506
401 -7.0085960899 -4.965339 2.765894 -4.906555 -4.957814 -1.999568 -1.722109 1.155537 -1.317142 2.652533 1.610802 -4.856837 -3.073014 3.383310 2.832122 0.461375
402 -7.0954484166 -4.917189 3.610142 -4.894486 -4.533913 -0.740803 -2.789342 1.214627 -1.514441 1.702379 3.495762 -4.599789 -2.925625 3.076619 4.249247 -0.693688
403 -6.4153749350 -4.915089 4.403424 -4.734251 -3.878786 -0.378733 -2.786127 1.880618 -0.710166 2.999177 1.300549 -4.987090 -3.672259 3.018674 4.417952 -0.516127
404 -6.2286086085 -4.324244 2.635838 -4.996763 -4.769278 -0.963696 -1.543353 2.201223 -1.811840 1.759332 2.281717 -4.830638 -4.191263 2.674641 3.956621 0.720466
405 -7.2912633285 -4.988657 2.940762 -4.874236 -4.823104 -0.705708 -2.788686 1.112662 -0.771832 1.579227 2.003898 -4.431373 -3.111007 2.674988 2.751159 0.461650
406 -7.4138047421 -4.884222 1.829246 -4.758070 -4.861362 -0.661250 -2.508543 1.183337 -0.019039 3.189923 1.770111 -4.527451 -4.994065 2.890873 3.993100 0.190634
407 -6.9367265509 -4.726884 2.799307 -4.924638 -4.981259 -1.392635 -1.974553 0.930124 -0.678164 3.057777 2.526683 -4.927273 -3.999221 3.207927 3.712719 0.277395
408 -5.9588698190 -4.541287 2.312728 -4.541165 -4.401767 -1.267453 -1.514214 0.444151 -1.421412 1.109189 2.015776 -4.531572 -4.901536 1.968424 2.767546 -0.026764
409 -7.3909554175 -4.997229 2.968599 -4.672033 -4.848280 0.516467 -2.505898 1.377619 -0.858169 1.455736 2.871028 -4.788898 -3.505839 1.684086 3.382272 -0.141544
410 -6.8501531770 -4.645271 3.411594 -4.461306 -4.991255 0.422453 -3.179089 1.751170 -0.663936 2.803003 1.710089 -4.992340 -3.022143 3.082010 3.757786 -0.062388
411 -7.8295428447 -4.997593 1.599049 -4.976457 -4.992003 -0.821336 -2.766918 1.639406 -0.219916 2.184964 1.261740 -4.999747 -4.282236 3.219593 3.037102 -0.231259
412 -7.2771226572 -4.868578 1.806915 -4.759096 -4.959815 -2.724251 -2.438515 1.133306 -0.405849 2.895083 2.122044 -4.998303 -4.991903 1.242745 3.801518 0.292574
413 -6.7749078210 -4.496118 1.296012 -4.976511 -4.978562 -0.405205 -3.352904 2.235334 -1.135752 2.441573 2.180566 -4.979152 -4.406168 2.748179 3.056279 0.108479
414 -5.5058489759 -4.200308 1.433446 -4.610983 -3.796865 0.059752 -1.594401 0.669059 -2.288328 2.156001 1.584317 -4.439343 -4.307259 1.959823 3.899415 0.386236
415 -7.0380016400 -4.798397 2.773570 -4.581023 -4.972995 -0.562427 -2.258736 2.998390 0.456416 2.072984 1.983783 -4.942991 -4.436821 4.216722 4.181500 -0.341843
416 -6.4159836974 -4.276510 2.194576 -4.716788 -4.889716 -1.136318 -2.492409 1.786769 0.881904 2.502280 2.411504 -4.688676 -4.130893 3.176553 3.862359 -0.467930
417 -6.8263799955 -4.925583 2.077096 -4.095751 -4.993247 -0.588521 -4.005173 2.435087 0.353976 2.660115 1.323196 -4.936677 -4.593774 2.579602 4.681578 -0.311876
418 -6.6502633841 -4.862823 2.363799 -4.968167 -4.997114 -1.434333 -2.443750 0.927308 -1.193193 2.311622 0.932847 -4.995488 -3.642616 2.496031 2.644782 0.653350
419 -7.1721392746 -4.957625 2.976738 -4.990757 -4.959908 0.492923 -2.434264 1.789866 -0.898087 2.604003 2.234526 -3.562579 -4.169364 3.211679 3.850570 0.354680
420 -6.6400956072 -4.682184 1.630691 -4.746588 -4.148558 -0.850406 -3.050349 1.457365 -0.880762 2.796800 1.605250 -4.999796 -4.265021 2.611326 2.791178 1.319109
421 -7.0725468188 -4.992508 1.126968 -4.698597 -4.705158 -1.475132 -2.548275 2.191018 0.672167 2.725136 1.132807 -4.994608 -4.363434 1.988547 2.391408 0.273462
422 -6.6082894114 -4.967528 2.754746 -4.983864 -4.400019 0.624829 -1.894083 0.876400 -1.892061 0.975488 2.870789 -4.042838 -3.742180 2.109546 3.421403 0.225590
423 -7.0085224343 -4.955407 1.894499 -4.882277 -4.459780 -1.879540 -1.970356 1.702280 -0.374955 2.009136 2.019345 -4.264672 -4.139971 2.211223 1.896192 0.573951
424 -6.8745514272 -4.717851 1.654084 -3.987274 -4.989566 -0.346360 -1.677734 1.558201 -0.599588 1.656388 2.469353 -4.993832 -4.071621 3.313247 3.363204 0.665900
425 -6.7773501655 -4.763650 2.553308 -4.524751 -4.986176 0.174432 -2.762469 0.538003 -0.385322 2.389874 2.840876 -4.948417 -4.270552 2.826922 2.603106 0.037132
426 -6.7535183378 -4.896309 0.948174 -4.998626 -3.954183 -1.720913 -2.426127 1.500786 -1.055967 4.010771 1.225773 -4.996159 -4.675974 1.444360 3.028374 0.542602
427 -7.0823214907 -4.998021 2.039246 -4.999986 -4.228557 -1.061229 -2.731232 2.488263 -0.130203 2.133094 1.850533 -4.653551 -4.433371 2.861358 3.118637 0.060571
428 -6.8983047566 -4.965843 2.486005 -4.845927 -4.831629 -0.676330 -3.425094 0.381458 -0.303179 1.175798 1.948096 -4.224047 -3.867135 2.919956 4.011881 0.493209
429 -7.0976351081 -4.991675 1.013409 -4.998973 -4.668740 -1.276300 -1.983341 1.653675 0.019038 2.456102 2.536106 -4.163722 -3.763287 3.672114 3.061525 -0.966914
430 -7.3342667394 -4.984287 2.074554 -4.941505 -4.519285 0.155014 -3.462784 1.740258 -0.331833 1.546984 2.891571 -4.989514 -4.452274 2.228719 3.712063 0.974434
431 -6.5892659289 -4.876860 1.635633 -4.640046 -4.407954 -1.117639 -2.939942 2.432632 -1.264111 2.375111 2.832209 -4.999918 -4.063475 2.619375 3.153306 -0.206076
432 -7.1900293721 -4.949248 2.847663 -4.612356 -4.998373 -0.844429 -1.853968 0.835160 -0.067752 1.664752 1.630659 -4.841355 -3.624131 2.520192 3.690163 -0.515202
433 -7.1976901026 -4.980292 2.196128 -4.730081 -4.663710 -0.255424 -2.690380 2.131953 -0.596054 2.208532 2.828860 -4.971736 -4.724818 2.204882 3.134543 -0.048352
434 -6.6977840640 -4.660113 1.651539 -4.949508 -4.089073 -0.983208 -2.957998 1.579182 -0.720806 1.289027 2.187200 -4.831398 -4.642092 2.097343 3.254993 -0.166074
435 -7.0427291835 -4.889254 2.298592 -4.414258 -4.975516 -0.564216 -2.553847 1.977294 -0.782085 1.928840 1.624344 -4.877955 -3.930318 2.268633 3.006201 0.127839
436 -7.2675700708 -4.761590 2.505951 -4.989829 -4.959113 -0.393103 -2.459787 0.568702 -0.916023 2.037790 3.047763 -4.979146 -4.356576 2.965678 3.334585 0.148739
437 -7.3054340012 -4.992982 2.545431 -4.870082 -4.842031 -0.585630 -3.315611 1.868111 0.320354 1.764043 3.188552 -4.914673 -2.799955 2.387480 3.878703 -0.047714
438 -7.0941914038 -4.972338 2.325347 -4.708991 -4.923224 -0.548410 -2.276002 2.516440 0.379868 2.306149 1.402779 -4.904724 -3.763157 2.858172 2.680394 -0.489817
439 -7.3716375228 -4.999448 2.287627 -4.989599 -4.874663 -0.421470 -2.197737 1.385255 -0.088040 0.511138 2.181806 -4.999216 -3.846731 3.136673 3.448259 0.798809
440 -7.4818610370 -4.997750 2.061596 -4.758880 -4.996696 0.118348 -2.669553 1.444472 0.874703 1.292392 1.333408 -4.949027 -3.808875 1.990945 2.153812 -0.699312
441 -6.9638087372 -4.622965 1.379067 -4.323782 -4.939856 -0.759151 -3.909262 1.491748 0.220148 1.892707 2.119222 -4.288848 -4.799477 1.894815 4.135611 0.538380
442 -7.6871609745 -4.952583 1.670121 -4.923424 -4.997776 -0.084508 -1.886306 1.419260 -0.525623 1.666871 1.789520 -4.769402 -3.660045 1.921985 3.300906 -0.540985
443 -7.4358462184 -4.969111 2.834878 -4.624399 -4.990857 -0.576753 -2.383778 1.357384 -1.279094 1.005417 1.689596 -4.625825 -4.889837 2.202294 3.516770 -0.042224
444 -6.6539263985 -4.986941 1.856970 -4.816975 -4.193300 -0.644647 -1.710260 0.487545 0.607374 3.581201 2.707998 -4.839388 -3.920198 2.213688 3.941513 0.742290
445 -6.9575911359 -4.557079 1.244724 -4.536879 -4.909037 -0.420121 -2.643141 1.402032 0.500976 1.500350 2.418194 -4.940165 -4.016092 1.278909 2.876954 0.616453
446 -7.3527489634 -4.998033 2.952098 -4.798752 -4.904038 0.119094 -2.743274 1.163766 0.042472 1.527221 2.970602 -4.904507 -3.854454 2.000644 2.930049 -0.809740
447 -7.3365354127 -4.954835 2.501444 -4.955711 -4.970958 -0.038391 -3.039173 0.817366 -0.712888 2.445686 1.819612 -4.197419 -4.667315 1.904802 3.157793 -0.204513
448 -7.4052082535 -4.891487 1.953145 -4.811828 -4.939503 0.014642 -1.612727 1.350529 0.244062 2.052720 1.930776 -4.231967 -4.746399 1.705317 3.308949 0.621263
449 -6.9232387569 -4.856672 2.367696 -4.721418 -4.721061 0.960783 -2.788504 1.051559 0.397892 0.607978 1.613521 -4.986280 -2.527688 2.231840 2.861701 -0.346287
450 -7.2637849804 -4.998854 2.665561 -4.794205 -4.972893 1.166622 -3.199898 0.593430 -0.746629 0.990375 1.726683 -4.999441 -2.912595 1.627222 3.265208 0.092498
451 -7.3427610790 -4.999774 2.534260 -4.974350 -4.850079 -0.130754 -2.802008 1.196058 0.454327 1.598182 1.567863 -4.495546 -3.117738 1.910549 2.512777 -1.004557
452 -7.3148046367 -4.950778 3.116803 -4.943488 -4.941596 -0.262012 -2.426283 0.599517 -0.635615 1.020737 1.164680 -4.254209 -3.406181 3.647863 3.673268 -1.166925
453 -7.1348822253 -4.993036 3.139754 -4.421909 -4.976553 -0.138993 -2.569828 2.069094 -0.275620 0.674413 1.526705 -4.652539 -3.761541 2.804493 2.362758 -0.093635
454 -7.0889420341 -4.915958 2.014759 -4.968102 -4.747533 -0.266015 -2.276535 1.818121 0.231320 0.809184 2.580522 -4.960400 -3.365096 2.773874 2.996556 -0.714893
455 -6.9011506752 -4.930541 0.969221 -4.744443 -4.588328 -0.036519 -2.569163 1.838575 -0.603605 0.640355 2.265757 -4.988852 -3.721260 2.352964 2.261102 -0.461140
456 -6.3573297263 -4.302465 1.946646 -4.431947 -4.936608 -0.282610 -2.183443 1.189856 -0.380293 1.011989 2.630243 -4.859362 -3.826111 2.160290 2.780670 -0.708247
457 -7.4749048983 -4.987676 2.437985 -4.922732 -4.993896 0.015624 -2.318964 1.166492 0.061385 1.808538 2.075608 -4.690736 -4.134268 1.943307 3.084618 -0.207733
