evaluations raw_y x0 x1 x2 x3 x4 x5 x6 x7 x8 x9 x10 x11 x12 x13 x14
1 1.9425300360 4.621087 -3.423551 2.397296 -0.757808 1.299319 -4.553321 -1.403605 1.213610 -2.215896 -0.263857 3.534200 3.956924 -2.077596 -1.448849 3.605213
2 1.6568163633 -4.681082 -1.163394 1.986487 -2.860605 -0.897902 -3.816697 4.558986 -1.142003 -4.020267 3.509499 2.542341 -2.357848 -3.110925 -3.818452 -4.942569
3 2.3904576302 1.430480 -3.797908 1.110492 -1.035644 4.812990 2.341230 -1.006093 0.457752 -4.708920 1.214032 0.788591 -0.189073 4.281696 -0.086544 1.847338
4 1.8378299475 -4.387184 4.497152 -3.690000 0.195871 3.793220 -4.031864 -4.730415 -2.028375 0.516627 -3.409860 -4.918433 4.531394 2.201862 -2.006827 2.058300
5 2.0936431885 1.310434 -2.989782 2.594664 2.375583 1.987949 -2.504718 3.883519 -3.318536 -0.474162 0.657975 4.158115 3.578018 -0.653839 0.068934 0.350201
6 1.9068346024 4.784083 3.021005 -3.437061 -2.280605 1.226185 -3.285867 -4.299179 4.760523 2.542672 2.839741 3.074253 -0.346498 -1.048266 2.196363 4.119361
7 2.0396976471 -2.032965 -4.192725 -0.083557 2.791941 -0.673132 -1.448566 -3.862544 1.530176 -0.924900 -3.256345 0.832195 2.317729 -4.004656 0.081974 -1.189830
8 1.8526074886 2.953686 0.857945 1.819427 3.226611 -1.894532 -4.886518 -4.515075 2.126398 4.818619 4.042305 3.942472 -3.667083 -0.951013 3.273293 3.166648
9 1.7607814074 4.947438 0.709295 -3.197882 4.481473 -2.102932 -0.074929 -3.422341 -2.442635 1.504228 -0.802691 2.137590 2.273441 -4.333913 4.640283 -3.918225
10 2.0188307762 2.110880 -3.689867 -2.293067 2.608960 4.065166 0.422759 -4.636463 -1.087396 -3.891976 -1.818476 -2.380188 -0.996819 0.856244 -2.167466 1.186329
11 3.0913105011 -0.584341 0.243464 -4.617488 -4.231336 1.986576 1.190410 2.074477 -4.954023 1.780936 -3.234918 -3.993380 -2.994866 0.949003 -4.598281 1.177107
12 2.2254061699 1.448609 1.758581 1.672332 -0.863209 3.054728 -3.139546 3.992101 -2.215543 2.097974 -1.828185 4.419464 -2.482178 -1.918173 -3.521954 4.174583
13 1.8373438120 -3.868347 1.808159 -0.823681 1.473914 -4.529727 4.765015 -4.051533 4.386407 -2.448717 3.938621 -1.593728 -0.057579 -3.468976 2.068064 4.090425
14 3.2702789307 0.189434 -0.029483 2.605464 -3.432073 -1.657198 3.531979 0.233163 2.579024 -2.743692 -4.006259 1.790909 0.436463 -1.621794 -2.909263 3.370805
15 2.5805501938 0.751797 -1.883096 4.325424 -2.993732 -1.778734 3.945896 -2.506676 4.726435 -3.237710 -2.648180 -1.347795 -0.144315 1.078541 0.353600 -0.129066
16 2.5355579853 0.944189 -3.290877 -3.225061 4.511628 4.272098 3.025596 -1.537080 -4.813794 -3.478760 0.715060 -0.341478 -0.397149 4.098572 -3.569707 4.490374
17 1.8185964823 4.838584 1.141714 1.384574 4.437155 -2.179930 3.817257 -3.578558 -3.882694 -3.203360 -2.916750 2.323310 1.050453 -2.157940 4.029224 0.818209
18 2.0497364998 1.984606 0.512633 1.997334 0.700888 1.403913 -2.115912 4.479015 -3.283251 1.036444 -2.336652 -2.618659 -0.781027 -0.290117 -0.011985 -2.292972
19 2.0410406590 3.744375 2.100208 -3.960934 -0.707364 0.536978 -2.660841 2.693905 -0.258846 -1.742089 -3.159465 -1.696239 2.989754 -3.954993 1.069057 4.651897
20 2.3671820164 -1.404808 -1.196201 1.727105 -1.699772 -2.164593 -2.662116 1.064848 -4.336364 -1.308005 -2.406939 4.134439 -0.890143 -3.554742 3.316435 -1.170716
21 1.9475117922 2.992852 2.848087 -4.243256 -3.918592 -0.995479 -2.089111 -3.627066 4.886433 -0.558849 4.798328 -1.211195 -0.098388 -2.420558 1.001766 -1.456573
22 1.6694812775 -3.029799 2.066641 0.343259 -3.293439 2.439359 1.449597 -2.493732 3.176105 -4.574301 -4.426062 -0.726254 1.693077 3.084185 3.226757 0.990786
23 1.9696164131 3.536033 3.748409 -4.264668 -2.721499 -2.555871 -3.423617 -2.794536 -4.569160 -3.474739 -4.618434 -4.750276 -1.705052 4.740020 -3.040209 1.110322
24 3.1282732487 -0.484618 3.030636 -2.661353 3.356041 4.694101 3.405063 -0.479695 2.978117 -3.641220 -4.670774 -3.463080 -1.176171 -2.087457 -2.311969 -1.879212
25 2.1193411350 -1.503400 1.702776 1.395445 3.448465 -0.951448 0.036387 0.392776 -3.220528 4.306125 2.398856 3.300934 -4.544485 3.965106 0.784424 -1.537476
26 1.7951679230 -3.821124 2.902394 -0.285245 2.863481 0.813231 4.056981 -3.640141 3.981533 1.022086 -1.939528 1.762563 -2.797637 0.235236 4.289875 2.093503
27 1.8113745451 3.764699 -2.061716 -0.136745 -3.446864 1.426709 1.183188 -4.179014 0.677317 -3.078443 2.666258 -0.542150 -2.240928 -1.369693 -3.425562 1.788494
28 1.8536916971 -3.324681 -3.305976 2.167963 0.856189 4.104718 -0.518836 1.997468 -2.804241 3.019169 -1.660142 2.593553 0.518632 -3.610528 0.039564 -1.378397
29 3.6511051655 0.077180 -4.373226 -2.996438 0.401944 4.719179 -2.041312 -4.947050 -3.188624 -4.170077 -0.515373 -4.098030 -2.061496 -4.816461 -0.423422 2.175469
30 2.8165323734 -0.387886 -0.791695 -3.569120 -4.880558 0.137768 0.494241 -3.434633 -2.699363 -3.754246 -0.321260 -0.851405 -4.891250 2.200560 -2.135756 0.804040
31 1.8063396215 -3.957059 -2.399625 4.939485 -1.696084 -1.927474 1.251767 1.844964 2.766924 -0.350687 0.488189 2.392308 -4.466550 1.595526 -3.429180 0.798520
32 1.6309566498 3.183300 -0.281348 4.192986 4.505105 -3.641384 -3.582984 4.848242 0.115594 4.822355 1.401295 -0.581889 4.995605 3.608499 -1.794661 -0.668579
33 1.8138873577 4.518033 -4.535830 -1.057863 2.367440 4.116433 -1.048803 -0.721420 -3.367769 -4.465491 4.909014 3.410719 3.385955 -2.005477 3.608154 -3.255162
34 2.1654725075 2.157497 2.665112 -2.407619 -1.505860 2.509410 4.610724 -0.989708 2.769226 -0.180235 4.137226 -0.137732 -4.631650 2.792426 0.871861 -0.048241
35 1.7812029123 4.768383 1.556903 3.435448 -4.453773 1.110765 -2.124048 -1.717699 -2.335014 -3.796883 -0.298491 4.542554 0.686210 -0.554248 1.942308 -1.094882
36 2.0147137642 2.130361 -1.188184 3.547613 -0.025396 -3.055151 0.777197 -1.680781 4.521338 4.516071 -0.398035 -0.152140 -2.352092 -2.961310 2.141562 -1.149559
37 1.7542232275 -3.203434 1.133743 3.426630 4.182616 0.025075 4.174457 -4.221447 3.352429 -4.770109 -0.665716 3.932578 0.371854 4.164771 4.328762 3.023067
38 2.1782894135 2.729109 0.541809 -4.941415 -0.896297 0.332508 1.237333 1.307283 1.397167 -0.325723 -1.709044 1.136751 -4.085996 -1.270140 4.579655 -4.860315
39 2.1597509384 1.481933 2.477754 0.632286 -3.968469 -1.794004 0.082101 -4.300589 -3.629472 2.064092 -0.255378 3.430138 0.945850 0.129504 -4.486727 -3.086786
40 1.7373411655 -3.362875 -3.360267 1.947422 2.859499 3.199127 -1.845122 3.618673 -3.440160 -4.873566 -4.626111 -1.341485 3.640136 -1.458452 1.375079 4.733895
41 2.9238100052 -0.676527 -3.415517 -4.612537 -3.856049 -0.180943 -4.643482 -0.801187 4.341844 4.384150 2.552042 -3.610418 -0.027618 2.366300 -3.884261 -4.801421
42 2.0068001747 4.097272 -2.169794 -3.253952 0.777408 -3.993116 -2.156393 1.038088 2.351866 -4.811540 -3.018486 0.397696 -4.217816 0.674134 4.173806 -4.587955
43 2.4660646915 -0.992568 3.478978 2.636479 3.228782 2.491019 3.655972 -1.842149 -2.337887 -2.129014 -2.807842 0.697893 4.023746 4.720055 -0.084068 -1.154472
44 1.6616832018 -4.170150 3.455644 4.229642 -1.724420 -1.534317 -1.719279 -4.773090 1.290572 -0.405730 1.692758 -4.931092 1.672497 -4.455160 -1.275608 -4.993945
45 1.8078546524 3.689067 -0.191524 4.162809 0.637345 2.711133 -1.350875 2.354512 4.847143 2.373884 -4.525336 0.182321 1.280278 4.233637 -4.328732 0.990161
46 1.7794686556 -4.620666 -5.000000 5.000000 -5.000000 5.000000 -5.000000 5.000000 -5.000000 -5.000000 -5.000000 -5.000000 5.000000 -5.000000 5.000000 -5.000000
47 1.7838883400 5.000000 5.000000 5.000000 -5.000000 5.000000 5.000000 -5.000000 -5.000000 -5.000000 5.000000 5.000000 -5.000000 -4.616222 -5.000000 -5.000000
48 1.8548640013 -4.802004 5.000000 5.000000 5.000000 -5.000000 -5.000000 -5.000000 5.000000 5.000000 -5.000000 -5.000000 -5.000000 -5.000000 -5.000000 -5.000000
49 1.9949570894 -4.087583 5.000000 5.000000 -5.000000 5.000000 -5.000000 5.000000 -5.000000 -5.000000 5.000000 5.000000 5.000000 -1.537521 -5.000000 -5.000000
50 1.8463156223 3.110239 -5.000000 5.000000 5.000000 1.971711 5.000000 -5.000000 -5.000000 5.000000 5.000000 -3.773328 5.000000 2.375845 -5.000000 5.000000
51 1.9261837006 -4.524665 -5.000000 -3.327660 -5.000000 -5.000000 -5.000000 -5.000000 -5.000000 -5.000000 5.000000 -5.000000 -5.000000 -3.183076 0.380874 -5.000000
52 2.2218027115 -3.691145 5.000000 5.000000 5.000000 5.000000 -4.088991 -5.000000 5.000000 5.000000 -5.000000 -5.000000 -5.000000 5.000000 5.000000 -5.000000
53 1.6833069324 -4.687031 -5.000000 5.000000 -5.000000 -5.000000 5.000000 5.000000 5.000000 5.000000 -5.000000 -1.625394 1.049910 -3.156224 -5.000000 -4.461361
54 1.6038904190 3.525082 5.000000 5.000000 5.000000 -5.000000 -5.000000 5.000000 4.998785 5.000000 5.000000 5.000000 5.000000 3.647798 -5.000000 -5.000000
55 1.8081538677 -4.932886 5.000000 5.000000 -0.906783 2.273508 5.000000 3.476722 5.000000 3.934889 -5.000000 -0.086939 5.000000 -5.000000 -4.984269 -5.000000
56 1.7395987511 -4.746723 -5.000000 5.000000 -5.000000 3.170989 5.000000 -5.000000 5.000000 -5.000000 -5.000000 -5.000000 -0.630985 -1.672955 5.000000 -2.095710
57 1.5020642281 2.899689 -5.000000 5.000000 5.000000 -5.000000 -5.000000 5.000000 5.000000 5.000000 -5.000000 5.000000 5.000000 5.000000 -5.000000 -5.000000
58 1.7742366791 -4.432221 5.000000 5.000000 5.000000 -5.000000 5.000000 -5.000000 5.000000 -0.363461 -5.000000 5.000000 0.356898 -5.000000 5.000000 -5.000000
59 1.8524700403 -2.762797 5.000000 5.000000 -5.000000 5.000000 5.000000 5.000000 -5.000000 -5.000000 -5.000000 -5.000000 -1.504261 1.566146 -5.000000 5.000000
60 1.5960173607 2.832015 -5.000000 5.000000 5.000000 -5.000000 -5.000000 5.000000 5.000000 5.000000 -5.000000 5.000000 5.000000 1.294011 -5.000000 -5.000000
61 2.0024344921 -4.806887 -5.000000 5.000000 5.000000 5.000000 -5.000000 5.000000 -5.000000 5.000000 5.000000 -5.000000 -0.440992 -3.633684 -5.000000 5.000000
62 1.8184598684 2.194961 -5.000000 5.000000 5.000000 -5.000000 -5.000000 5.000000 5.000000 5.000000 -2.469667 5.000000 5.000000 2.865996 -5.000000 5.000000
63 1.9686677456 -2.559470 -5.000000 -5.000000 -5.000000 5.000000 -5.000000 -5.000000 5.000000 -5.000000 -5.000000 5.000000 5.000000 5.000000 5.000000 5.000000
64 1.6445754766 3.092973 -5.000000 5.000000 5.000000 -5.000000 -5.000000 -5.000000 5.000000 -5.000000 5.000000 5.000000 4.821003 5.000000 -5.000000 -5.000000
65 2.1479902267 -3.403134 5.000000 5.000000 -5.000000 -5.000000 5.000000 -5.000000 5.000000 -4.934731 -5.000000 -5.000000 5.000000 0.689606 5.000000 -5.000000
66 1.7789955139 3.061722 5.000000 5.000000 5.000000 5.000000 5.000000 5.000000 5.000000 5.000000 -5.000000 5.000000 5.000000 5.000000 -5.000000 -5.000000
67 1.8416787386 3.259866 -5.000000 5.000000 -5.000000 -5.000000 -5.000000 -5.000000 5.000000 5.000000 -5.000000 5.000000 5.000000 5.000000 5.000000 -5.000000
68 1.8097504377 -4.660320 5.000000 -5.000000 5.000000 -5.000000 -5.000000 5.000000 5.000000 -5.000000 5.000000 -5.000000 1.063919 -5.000000 -5.000000 -4.003800
69 1.6457829475 -4.494588 -5.000000 5.000000 -5.000000 -1.143169 -5.000000 2.812510 5.000000 -2.080151 -5.000000 5.000000 5.000000 -5.000000 0.936950 5.000000
70 1.7021378279 -4.562304 5.000000 5.000000 -5.000000 -1.112464 -5.000000 5.000000 -5.000000 5.000000 -5.000000 5.000000 0.601736 -5.000000 5.000000 -0.848137
71 2.1592090130 -2.788376 -5.000000 -5.000000 -5.000000 0.078794 5.000000 5.000000 5.000000 -5.000000 -5.000000 -5.000000 -5.000000 0.142134 5.000000 5.000000
72 1.8288404942 5.000000 -5.000000 5.000000 5.000000 5.000000 5.000000 5.000000 -5.000000 5.000000 5.000000 -5.000000 0.096179 -1.362220 -5.000000 -5.000000
73 1.7241506577 -3.861568 -5.000000 5.000000 -5.000000 4.412611 -5.000000 -5.000000 5.000000 -5.000000 -5.000000 5.000000 1.093023 0.432359 -5.000000 4.897371
74 1.6701190472 -4.576112 -5.000000 5.000000 -5.000000 -2.440789 -5.000000 -5.000000 5.000000 -5.000000 -5.000000 5.000000 0.335213 3.153577 -5.000000 5.000000
75 1.8545255661 3.595127 3.395964 5.000000 5.000000 -5.000000 4.353888 -5.000000 -5.000000 5.000000 5.000000 -1.605362 -0.490081 -5.000000 -5.000000 -5.000000
76 1.5049639940 -3.862121 -5.000000 5.000000 -5.000000 0.548366 5.000000 5.000000 -5.000000 -5.000000 -5.000000 -5.000000 1.517663 5.000000 5.000000 5.000000
77 1.6414000988 -4.079017 -5.000000 5.000000 -5.000000 0.117269 5.000000 5.000000 5.000000 -5.000000 -5.000000 -5.000000 1.563655 0.239557 -5.000000 4.449636
78 1.5826177597 -4.456491 -5.000000 5.000000 -2.380229 -1.260039 -5.000000 5.000000 -5.000000 -5.000000 5.000000 5.000000 1.193882 5.000000 5.000000 -5.000000
79 1.9458868504 -5.000000 -5.000000 5.000000 -5.000000 -2.547202 -5.000000 -5.000000 -5.000000 -5.000000 -5.000000 -5.000000 5.000000 -5.000000 5.000000 -5.000000
80 1.6015701294 -3.988767 -5.000000 5.000000 -5.000000 0.703124 5.000000 5.000000 5.000000 -5.000000 5.000000 5.000000 1.438569 5.000000 5.000000 5.000000
81 1.9003040791 -3.707795 -5.000000 -5.000000 -5.000000 0.302724 -5.000000 4.959905 -5.000000 5.000000 -5.000000 -5.000000 1.320898 5.000000 5.000000 5.000000
82 1.6487323046 3.000991 5.000000 5.000000 5.000000 -5.000000 -5.000000 -5.000000 5.000000 5.000000 5.000000 5.000000 3.990692 5.000000 -5.000000 -5.000000
83 1.6760454178 -4.223726 -5.000000 5.000000 0.401197 0.322274 5.000000 5.000000 -5.000000 -5.000000 -5.000000 5.000000 1.166957 0.868177 5.000000 -0.025281
84 1.8659873009 -4.511199 5.000000 5.000000 -5.000000 -2.521606 5.000000 5.000000 5.000000 -5.000000 5.000000 -5.000000 -0.963987 5.000000 -5.000000 -5.000000
85 1.7061493397 -3.975709 -5.000000 5.000000 -5.000000 1.284048 -5.000000 -5.000000 -5.000000 -5.000000 -5.000000 -5.000000 1.506439 5.000000 5.000000 5.000000
86 1.6315982342 -4.558414 -5.000000 5.000000 -5.000000 -5.000000 5.000000 5.000000 5.000000 -5.000000 -5.000000 5.000000 5.000000 5.000000 5.000000 5.000000
87 1.7372245789 -4.174417 5.000000 5.000000 5.000000 -5.000000 -5.000000 5.000000 5.000000 -5.000000 5.000000 5.000000 2.964104 5.000000 5.000000 5.000000
88 1.5366802216 -3.877593 -5.000000 5.000000 -5.000000 -5.000000 5.000000 5.000000 -5.000000 -5.000000 -5.000000 5.000000 2.626833 5.000000 -5.000000 5.000000
89 1.8904255629 -5.000000 -5.000000 5.000000 -5.000000 5.000000 -5.000000 5.000000 5.000000 5.000000 -5.000000 5.000000 0.756947 5.000000 5.000000 -5.000000
90 1.8229706287 2.518999 -5.000000 5.000000 5.000000 -5.000000 -5.000000 5.000000 -5.000000 5.000000 5.000000 5.000000 5.000000 -3.608355 -5.000000 -5.000000
91 1.7258037329 5.000000 5.000000 5.000000 5.000000 -5.000000 -5.000000 -5.000000 -5.000000 5.000000 5.000000 5.000000 5.000000 5.000000 -5.000000 -5.000000
92 1.9293167591 2.985744 -5.000000 -5.000000 5.000000 -5.000000 -5.000000 5.000000 5.000000 5.000000 5.000000 -5.000000 5.000000 5.000000 -5.000000 -5.000000
93 1.6191010475 -3.883358 -5.000000 1.621987 -5.000000 -5.000000 5.000000 5.000000 -5.000000 -5.000000 -5.000000 5.000000 4.099644 5.000000 5.000000 5.000000
94 1.6441589594 -4.267066 -5.000000 2.370592 -5.000000 -5.000000 5.000000 5.000000 -5.000000 -5.000000 5.000000 5.000000 1.613880 5.000000 -5.000000 1.642433
95 1.6283396482 -2.809081 -5.000000 5.000000 -5.000000 -5.000000 5.000000 5.000000 -5.000000 -5.000000 -5.000000 5.000000 3.758345 5.000000 5.000000 5.000000
96 1.5101633072 -3.577101 -5.000000 5.000000 5.000000 -5.000000 5.000000 5.000000 5.000000 5.000000 5.000000 -5.000000 5.000000 5.000000 5.000000 5.000000
97 2.0375447273 5.000000 5.000000 -5.000000 -5.000000 -5.000000 5.000000 5.000000 5.000000 -5.000000 5.000000 5.000000 5.000000 4.314966 -5.000000 -5.000000
98 1.3929386139 -3.171718 -5.000000 2.576523 5.000000 -3.925246 -4.982621 5.000000 5.000000 5.000000 -5.000000 -5.000000 5.000000 5.000000 -5.000000 5.000000
99 1.6944152117 -2.969971 -5.000000 1.802836 5.000000 5.000000 5.000000 5.000000 -5.000000 5.000000 5.000000 -5.000000 5.000000 5.000000 -5.000000 5.000000
100 1.3992457390 -3.434819 -5.000000 3.416418 5.000000 -5.000000 -5.000000 5.000000 5.000000 5.000000 -5.000000 -5.000000 3.040396 5.000000 -5.000000 5.000000
101 1.3330082893 -3.396521 -5.000000 3.920693 5.000000 -5.000000 -5.000000 5.000000 5.000000 -5.000000 -5.000000 -5.000000 5.000000 5.000000 5.000000 5.000000
102 1.8600305319 -2.908891 5.000000 0.137492 5.000000 -5.000000 -5.000000 5.000000 5.000000 5.000000 -5.000000 4.879219 5.000000 5.000000 5.000000 5.000000
103 1.2998294830 -3.439601 -5.000000 5.000000 5.000000 -5.000000 -5.000000 5.000000 5.000000 -5.000000 -5.000000 -5.000000 5.000000 5.000000 -5.000000 5.000000
104 1.6293680668 3.141387 -5.000000 5.000000 5.000000 -5.000000 -5.000000 5.000000 -5.000000 5.000000 5.000000 5.000000 -5.000000 5.000000 -5.000000 -5.000000
105 1.3091285229 -3.359533 -5.000000 3.950632 5.000000 -5.000000 -5.000000 5.000000 5.000000 -5.000000 -5.000000 -5.000000 5.000000 5.000000 -5.000000 -1.247218
106 1.9048430920 -4.230536 -1.752509 -2.199645 -5.000000 5.000000 -5.000000 -5.000000 5.000000 5.000000 -5.000000 5.000000 5.000000 -5.000000 -5.000000 -5.000000
107 2.4610862732 -5.000000 5.000000 -5.000000 5.000000 -5.000000 -5.000000 5.000000 5.000000 -5.000000 5.000000 5.000000 -5.000000 5.000000 5.000000 5.000000
108 1.2425539494 -3.678916 -5.000000 3.390824 5.000000 -4.621036 -5.000000 5.000000 5.000000 -5.000000 -5.000000 -5.000000 5.000000 5.000000 -5.000000 5.000000
109 1.9161740541 5.000000 5.000000 -5.000000 5.000000 5.000000 5.000000 5.000000 -5.000000 5.000000 5.000000 -0.288492 -5.000000 -5.000000 5.000000 -5.000000
110 1.3597439528 -3.712783 -5.000000 2.918572 5.000000 -0.608246 -5.000000 5.000000 5.000000 -5.000000 -5.000000 -5.000000 5.000000 5.000000 -5.000000 5.000000
111 1.6306941509 -4.642432 5.000000 0.717279 -5.000000 5.000000 5.000000 -5.000000 5.000000 -5.000000 5.000000 -5.000000 -5.000000 -5.000000 -5.000000 5.000000
112 1.3506056070 -3.848605 -5.000000 3.836294 5.000000 -5.000000 -5.000000 5.000000 5.000000 -5.000000 -5.000000 -5.000000 5.000000 5.000000 -5.000000 -5.000000
113 1.5113413334 -3.606784 -5.000000 3.665054 5.000000 -5.000000 -5.000000 5.000000 -5.000000 -5.000000 5.000000 -5.000000 5.000000 5.000000 -5.000000 5.000000
114 2.0359106064 5.000000 -5.000000 5.000000 -5.000000 -5.000000 5.000000 -5.000000 -5.000000 5.000000 5.000000 5.000000 -5.000000 5.000000 5.000000 -5.000000
115 1.9674265385 3.949492 5.000000 5.000000 5.000000 -5.000000 -5.000000 -5.000000 -5.000000 -5.000000 5.000000 5.000000 -5.000000 5.000000 -5.000000 -5.000000
116 2.0269539356 -2.601305 -5.000000 5.000000 5.000000 5.000000 -5.000000 -5.000000 5.000000 -5.000000 -5.000000 -5.000000 2.895849 5.000000 -5.000000 -5.000000
117 1.3607407808 -3.360105 -5.000000 2.171133 5.000000 -5.000000 5.000000 5.000000 5.000000 -5.000000 -5.000000 -5.000000 3.686041 5.000000 -5.000000 5.000000
118 1.7936358452 5.000000 5.000000 0.780833 5.000000 5.000000 -5.000000 5.000000 -5.000000 5.000000 -5.000000 5.000000 5.000000 5.000000 -5.000000 -5.000000
119 1.7757006884 5.000000 5.000000 5.000000 -5.000000 5.000000 -5.000000 -5.000000 -5.000000 5.000000 5.000000 -5.000000 5.000000 -5.000000 5.000000 -5.000000
120 2.3345775604 -3.171503 5.000000 -5.000000 5.000000 -1.616668 -5.000000 -5.000000 -5.000000 -5.000000 -5.000000 -5.000000 -5.000000 5.000000 -5.000000 5.000000
121 1.2884236574 -3.842964 -5.000000 5.000000 5.000000 -5.000000 -5.000000 5.000000 5.000000 -5.000000 -5.000000 -5.000000 5.000000 5.000000 -5.000000 5.000000
122 1.7818752527 -4.599770 -5.000000 5.000000 5.000000 -5.000000 -5.000000 -5.000000 5.000000 -5.000000 5.000000 -5.000000 5.000000 5.000000 -5.000000 -5.000000
123 1.6196573973 3.228106 -5.000000 5.000000 -5.000000 -5.000000 5.000000 5.000000 5.000000 -5.000000 5.000000 5.000000 -5.000000 5.000000 -5.000000 -3.257897
124 1.6033519506 -3.418190 -5.000000 3.228921 -5.000000 -5.000000 -5.000000 5.000000 5.000000 -5.000000 -5.000000 4.929547 3.976350 5.000000 -5.000000 -3.871160
125 1.3217217922 -3.580298 -5.000000 5.000000 2.008331 -5.000000 -1.412950 5.000000 5.000000 -5.000000 -5.000000 5.000000 5.000000 5.000000 -5.000000 5.000000
126 2.1185927391 2.031244 5.000000 5.000000 -5.000000 -5.000000 -5.000000 2.433942 5.000000 0.317718 5.000000 -4.478159 5.000000 -5.000000 -3.819437 5.000000
127 1.7845698595 3.805149 -5.000000 5.000000 -5.000000 -5.000000 -5.000000 5.000000 -5.000000 -5.000000 5.000000 5.000000 -5.000000 -5.000000 5.000000 -5.000000
128 1.4037075043 -3.547987 -5.000000 5.000000 1.579041 -5.000000 -1.694721 5.000000 5.000000 -5.000000 -5.000000 -5.000000 5.000000 5.000000 -5.000000 5.000000
129 1.6072000265 -3.464205 -5.000000 5.000000 5.000000 -2.604383 5.000000 5.000000 5.000000 -5.000000 -5.000000 5.000000 5.000000 5.000000 -5.000000 -5.000000
130 2.1899721622 -5.000000 5.000000 -1.752570 -5.000000 5.000000 -5.000000 5.000000 5.000000 -5.000000 -5.000000 -5.000000 5.000000 -5.000000 5.000000 5.000000
131 1.3179856539 -3.833630 -5.000000 2.188414 5.000000 -5.000000 -5.000000 5.000000 5.000000 -5.000000 -5.000000 -5.000000 5.000000 5.000000 -1.577560 0.372407
132 1.4506089687 -3.657895 -5.000000 -0.447078 5.000000 -5.000000 -5.000000 5.000000 5.000000 -5.000000 -5.000000 5.000000 5.000000 5.000000 -5.000000 5.000000
133 1.8114839792 5.000000 5.000000 5.000000 -5.000000 -5.000000 4.999792 5.000000 -5.000000 5.000000 5.000000 -5.000000 -5.000000 -5.000000 5.000000 5.000000
134 1.7790956497 5.000000 5.000000 5.000000 5.000000 -5.000000 -5.000000 5.000000 5.000000 -5.000000 -5.000000 5.000000 5.000000 -5.000000 5.000000 -5.000000
135 2.0352377892 5.000000 5.000000 5.000000 5.000000 5.000000 -5.000000 5.000000 5.000000 4.535935 5.000000 -5.000000 -5.000000 5.000000 5.000000 -5.000000
136 1.7612893581 2.926195 -5.000000 5.000000 -5.000000 -5.000000 -5.000000 5.000000 -5.000000 5.000000 -5.000000 -5.000000 -3.528834 5.000000 -5.000000 4.042942
137 1.4023969173 -3.787453 -5.000000 5.000000 2.477161 -5.000000 -5.000000 5.000000 5.000000 5.000000 -5.000000 -5.000000 5.000000 5.000000 5.000000 5.000000
138 2.0759942532 -4.174734 5.000000 -1.279343 -5.000000 5.000000 5.000000 5.000000 5.000000 -5.000000 -5.000000 -5.000000 -5.000000 -5.000000 -5.000000 -5.000000
139 1.8423082829 -2.275486 5.000000 5.000000 -5.000000 5.000000 5.000000 -5.000000 5.000000 5.000000 5.000000 5.000000 -5.000000 -5.000000 5.000000 5.000000
140 1.4486938715 -4.328534 -5.000000 0.025567 5.000000 -5.000000 -5.000000 5.000000 5.000000 4.970495 -5.000000 -5.000000 5.000000 5.000000 -5.000000 -5.000000
141 1.8602755070 5.000000 5.000000 -5.000000 5.000000 5.000000 5.000000 -5.000000 5.000000 -5.000000 -5.000000 -5.000000 5.000000 5.000000 -5.000000 -5.000000
142 1.7696298361 -4.463776 5.000000 5.000000 -5.000000 5.000000 5.000000 -5.000000 5.000000 5.000000 5.000000 5.000000 2.632132 -5.000000 5.000000 5.000000
143 1.8516502380 -5.000000 5.000000 5.000000 -5.000000 -5.000000 5.000000 -5.000000 5.000000 5.000000 5.000000 5.000000 -5.000000 -5.000000 -5.000000 5.000000
144 2.1151413918 -2.384808 -5.000000 5.000000 -5.000000 -5.000000 5.000000 -5.000000 -5.000000 -5.000000 5.000000 5.000000 -4.868578 5.000000 -5.000000 5.000000
145 1.8393857479 2.465305 -3.341203 -0.439760 -1.827605 5.000000 5.000000 -0.860974 5.000000 -3.358605 1.631877 -5.000000 -0.427277 4.582445 2.885670 -2.601311
146 2.0308279991 5.000000 -5.000000 5.000000 -5.000000 -5.000000 5.000000 -5.000000 5.000000 0.175678 5.000000 -5.000000 5.000000 -5.000000 -5.000000 -5.000000
147 1.4231625795 -3.713612 -5.000000 -0.655595 5.000000 -5.000000 -5.000000 5.000000 5.000000 -5.000000 -5.000000 -5.000000 5.000000 5.000000 5.000000 -5.000000
148 1.7382266521 3.107852 5.000000 5.000000 -5.000000 -5.000000 5.000000 5.000000 5.000000 -5.000000 5.000000 5.000000 1.813913 5.000000 -5.000000 -5.000000
149 2.1956815720 -2.202473 5.000000 5.000000 -5.000000 5.000000 5.000000 5.000000 5.000000 -2.351750 5.000000 -5.000000 5.000000 -5.000000 5.000000 3.041137
150 2.8610820770 -2.100917 5.000000 -5.000000 5.000000 -5.000000 5.000000 5.000000 5.000000 -5.000000 5.000000 5.000000 -5.000000 -5.000000 5.000000 5.000000
151 1.3945608139 -4.294055 -5.000000 3.295368 5.000000 -5.000000 -5.000000 5.000000 5.000000 -5.000000 5.000000 -5.000000 5.000000 -5.000000 5.000000 -5.000000
152 1.9870188236 3.039677 -5.000000 5.000000 5.000000 5.000000 -5.000000 -5.000000 5.000000 -5.000000 5.000000 -5.000000 -5.000000 5.000000 -5.000000 -5.000000
153 2.4399085045 2.382483 -5.000000 -5.000000 5.000000 -5.000000 5.000000 -5.000000 -5.000000 1.463636 5.000000 5.000000 5.000000 5.000000 5.000000 5.000000
154 1.6732802391 -4.121090 -5.000000 1.107600 5.000000 -5.000000 -5.000000 5.000000 -5.000000 4.899655 -5.000000 -5.000000 5.000000 -5.000000 -5.000000 -5.000000
155 1.2608678341 -3.958553 -5.000000 4.585033 5.000000 -5.000000 -5.000000 5.000000 5.000000 -5.000000 -5.000000 -5.000000 5.000000 5.000000 5.000000 0.109618
156 1.5270729065 -4.635879 3.715511 5.000000 5.000000 -5.000000 -5.000000 5.000000 5.000000 -5.000000 5.000000 -5.000000 5.000000 -5.000000 -5.000000 -5.000000
157 2.0104217529 2.594047 5.000000 5.000000 5.000000 5.000000 -5.000000 -5.000000 5.000000 -5.000000 5.000000 5.000000 5.000000 -5.000000 -5.000000 -5.000000
158 2.1800007820 -5.000000 -5.000000 -5.000000 5.000000 5.000000 5.000000 -5.000000 5.000000 5.000000 5.000000 -5.000000 -5.000000 5.000000 -5.000000 -5.000000
159 1.6115446091 -3.285641 -5.000000 5.000000 5.000000 -0.850960 -5.000000 5.000000 5.000000 -5.000000 -5.000000 5.000000 2.336429 5.000000 5.000000 4.916140
160 1.8637632132 3.570283 5.000000 -5.000000 -5.000000 5.000000 5.000000 -5.000000 -5.000000 5.000000 5.000000 -5.000000 5.000000 5.000000 -5.000000 -5.000000
161 1.9713721275 -4.906510 5.000000 5.000000 -5.000000 5.000000 -5.000000 -5.000000 -5.000000 -5.000000 5.000000 5.000000 -5.000000 -5.000000 -5.000000 -5.000000
162 1.2644618750 -3.906957 -5.000000 3.599400 5.000000 -5.000000 -5.000000 5.000000 5.000000 -5.000000 -5.000000 -5.000000 5.000000 5.000000 -5.000000 0.718055
163 1.8002586365 3.087481 -5.000000 1.421714 -5.000000 5.000000 -5.000000 5.000000 5.000000 5.000000 5.000000 5.000000 5.000000 5.000000 -5.000000 -5.000000
164 1.6579743624 3.784396 5.000000 5.000000 5.000000 -5.000000 5.000000 5.000000 5.000000 5.000000 5.000000 -5.000000 -5.000000 -5.000000 -5.000000 5.000000
165 1.4240226746 -4.147739 -4.816558 1.724393 5.000000 -4.595585 -0.029015 4.109906 5.000000 1.327228 -5.000000 -4.772700 0.691983 5.000000 -3.981818 4.874588
166 1.5713449717 -3.857206 -5.000000 2.973401 5.000000 -5.000000 -5.000000 2.171361 5.000000 -5.000000 -5.000000 -5.000000 5.000000 5.000000 -5.000000 2.564494
167 1.7343697548 4.233317 5.000000 5.000000 5.000000 5.000000 5.000000 5.000000 -5.000000 5.000000 5.000000 -5.000000 5.000000 -5.000000 -5.000000 -5.000000
168 1.6246179342 -4.479693 5.000000 1.617255 5.000000 -1.471870 -5.000000 -5.000000 -5.000000 -5.000000 -5.000000 -5.000000 5.000000 -5.000000 5.000000 5.000000
169 1.8081102371 -4.271674 -5.000000 0.789856 5.000000 5.000000 -5.000000 -5.000000 5.000000 -5.000000 5.000000 -5.000000 5.000000 5.000000 5.000000 5.000000
170 1.9578326941 3.239035 -5.000000 5.000000 5.000000 5.000000 5.000000 5.000000 5.000000 -5.000000 -5.000000 5.000000 -5.000000 -5.000000 -5.000000 5.000000
171 2.0233335495 5.000000 -5.000000 -5.000000 5.000000 5.000000 -5.000000 -5.000000 -5.000000 5.000000 5.000000 5.000000 -5.000000 5.000000 -5.000000 -5.000000
172 1.5459580421 4.423563 5.000000 5.000000 5.000000 -5.000000 5.000000 5.000000 -5.000000 5.000000 -5.000000 5.000000 5.000000 5.000000 -5.000000 5.000000
173 1.6023710966 5.000000 -5.000000 5.000000 5.000000 -5.000000 5.000000 5.000000 -5.000000 5.000000 1.157785 -5.000000 5.000000 5.000000 -5.000000 2.876379
174 1.7261008024 -2.091056 5.000000 -0.106359 -5.000000 5.000000 5.000000 -5.000000 -5.000000 5.000000 -5.000000 5.000000 -5.000000 5.000000 -5.000000 5.000000
175 1.7045015097 5.000000 5.000000 5.000000 5.000000 -5.000000 5.000000 1.804935 -5.000000 5.000000 -5.000000 -5.000000 5.000000 5.000000 -5.000000 -5.000000
176 1.4999696016 3.811941 -5.000000 5.000000 5.000000 -5.000000 5.000000 5.000000 5.000000 5.000000 -5.000000 -5.000000 5.000000 5.000000 -5.000000 5.000000
177 2.0496606827 5.000000 -5.000000 -5.000000 -5.000000 5.000000 5.000000 -5.000000 -5.000000 -5.000000 5.000000 -5.000000 5.000000 -5.000000 -5.000000 -1.689768
178 1.8997625113 -2.580259 -5.000000 3.474786 -5.000000 5.000000 5.000000 -0.173200 -5.000000 -5.000000 -5.000000 -5.000000 5.000000 5.000000 5.000000 5.000000
179 1.8516216278 -4.132064 -5.000000 5.000000 5.000000 1.858717 5.000000 -2.962419 -5.000000 -5.000000 5.000000 -5.000000 5.000000 -5.000000 -5.000000 5.000000
180 1.3060643673 -4.263937 -5.000000 4.298732 5.000000 -5.000000 -5.000000 5.000000 5.000000 -5.000000 -5.000000 -5.000000 5.000000 5.000000 5.000000 -5.000000
181 1.3120248318 -4.060406 -5.000000 3.197227 5.000000 -5.000000 -5.000000 5.000000 5.000000 -5.000000 -5.000000 -5.000000 5.000000 2.913436 5.000000 3.850893
182 2.0261049271 -4.746102 5.000000 -1.355018 -5.000000 -5.000000 5.000000 -5.000000 5.000000 -5.000000 5.000000 -5.000000 5.000000 -5.000000 5.000000 -5.000000
183 1.3780201674 -4.281676 -5.000000 5.000000 5.000000 -5.000000 -5.000000 5.000000 5.000000 -5.000000 -5.000000 -5.000000 2.409348 1.824283 5.000000 -2.094515
184 1.5181192160 3.875933 -5.000000 5.000000 5.000000 -5.000000 5.000000 5.000000 5.000000 5.000000 5.000000 5.000000 -1.540981 5.000000 -5.000000 5.000000
185 1.5142362118 -4.617675 -5.000000 5.000000 5.000000 -5.000000 -5.000000 5.000000 -5.000000 -5.000000 -5.000000 -5.000000 5.000000 5.000000 -5.000000 -5.000000
186 1.4731996059 -4.207825 -5.000000 3.511229 5.000000 -5.000000 -5.000000 3.939616 5.000000 -5.000000 -5.000000 -5.000000 5.000000 5.000000 5.000000 -4.992902
187 1.4193414450 -4.639741 -5.000000 5.000000 5.000000 -5.000000 -5.000000 5.000000 5.000000 -5.000000 5.000000 -5.000000 -5.000000 -5.000000 5.000000 -5.000000
188 1.5417152643 -4.930668 -5.000000 5.000000 5.000000 -5.000000 -5.000000 5.000000 5.000000 5.000000 5.000000 5.000000 5.000000 -5.000000 5.000000 5.000000
189 1.3694087267 -4.800225 -5.000000 3.037305 3.082608 -5.000000 -5.000000 5.000000 5.000000 -5.000000 -5.000000 -5.000000 5.000000 -5.000000 -5.000000 5.000000
190 1.2974661589 -4.118379 -5.000000 2.832109 5.000000 -5.000000 -5.000000 5.000000 5.000000 -5.000000 -5.000000 -5.000000 5.000000 5.000000 -5.000000 5.000000
191 1.7421218157 -3.685734 -5.000000 0.347459 -5.000000 2.122227 5.000000 -5.000000 -5.000000 -5.000000 5.000000 -5.000000 -5.000000 -5.000000 -5.000000 5.000000
192 1.7183709145 -4.836306 -5.000000 2.802921 0.600052 0.210390 5.000000 -5.000000 5.000000 -5.000000 -5.000000 5.000000 5.000000 -5.000000 -5.000000 5.000000
193 1.8268315792 5.000000 5.000000 5.000000 -5.000000 5.000000 5.000000 5.000000 -5.000000 -5.000000 5.000000 5.000000 5.000000 5.000000 2.975962 5.000000
194 1.7027390003 -4.515899 -5.000000 0.677226 -5.000000 3.152537 -5.000000 -0.762007 -4.991764 -5.000000 5.000000 -5.000000 5.000000 5.000000 5.000000 5.000000
195 1.3666267395 -4.475855 -5.000000 2.739461 5.000000 -5.000000 -5.000000 5.000000 5.000000 -5.000000 -5.000000 -5.000000 -0.450465 -5.000000 -5.000000 5.000000
196 1.5129991770 -5.000000 -5.000000 5.000000 -5.000000 -2.999823 -5.000000 5.000000 -5.000000 -5.000000 -5.000000 -5.000000 5.000000 -5.000000 5.000000 5.000000
197 1.2813090086 -5.000000 -5.000000 3.048611 5.000000 -2.963249 -5.000000 5.000000 5.000000 -5.000000 -5.000000 -5.000000 5.000000 -5.000000 5.000000 -5.000000
198 1.7442219257 5.000000 5.000000 -1.439544 -5.000000 5.000000 5.000000 0.190036 -5.000000 5.000000 -5.000000 -5.000000 5.000000 5.000000 -5.000000 -5.000000
199 2.1788337231 2.132997 5.000000 5.000000 -5.000000 -5.000000 5.000000 -5.000000 -5.000000 -5.000000 5.000000 -5.000000 5.000000 5.000000 -5.000000 -5.000000
200 1.9854785204 -2.059540 -4.239208 4.318703 -2.156038 -3.198802 -1.408639 4.373303 1.177209 -4.571444 -0.881114 -4.892488 -1.562316 4.430785 -1.431241 1.675136
201 2.3375136852 5.000000 5.000000 -0.344926 1.836719 0.441062 0.776814 5.000000 -5.000000 5.000000 5.000000 -5.000000 2.662023 -5.000000 -5.000000 -5.000000
202 1.8230996132 3.351678 -5.000000 -4.172440 5.000000 5.000000 5.000000 3.257444 -5.000000 5.000000 -5.000000 -5.000000 5.000000 5.000000 -5.000000 -5.000000
203 1.3763771057 -5.000000 -5.000000 4.250962 2.666006 -5.000000 -5.000000 5.000000 5.000000 -5.000000 -5.000000 -5.000000 5.000000 -5.000000 5.000000 -5.000000
204 1.7300120592 3.771661 5.000000 5.000000 -5.000000 5.000000 5.000000 -0.257858 -5.000000 -5.000000 -5.000000 5.000000 5.000000 -5.000000 5.000000 -5.000000
205 1.8535962105 -2.406048 5.000000 5.000000 -5.000000 1.081538 -5.000000 -2.401437 -5.000000 -5.000000 -5.000000 5.000000 -5.000000 5.000000 -5.000000 5.000000
206 1.5076409578 -5.000000 -5.000000 5.000000 4.567547 -2.059401 -5.000000 5.000000 5.000000 -5.000000 4.560102 -5.000000 5.000000 -5.000000 5.000000 5.000000
207 2.0568718910 5.000000 5.000000 -5.000000 5.000000 -5.000000 -5.000000 -5.000000 -5.000000 -5.000000 -5.000000 5.000000 5.000000 5.000000 5.000000 -5.000000
208 1.4615294933 -4.715405 -5.000000 2.102356 5.000000 -3.194114 -5.000000 5.000000 5.000000 -5.000000 -5.000000 -5.000000 5.000000 -5.000000 -5.000000 -5.000000
209 1.4304177761 -5.000000 -5.000000 1.201667 5.000000 -5.000000 -5.000000 5.000000 5.000000 -5.000000 -5.000000 -5.000000 -5.000000 -5.000000 5.000000 -5.000000
210 1.3303363323 -4.685271 -5.000000 2.981165 5.000000 -5.000000 -5.000000 5.000000 5.000000 -5.000000 -5.000000 -5.000000 -5.000000 -1.558438 5.000000 5.000000
211 1.8002747297 4.111019 -5.000000 5.000000 5.000000 5.000000 5.000000 5.000000 -5.000000 -5.000000 -5.000000 5.000000 5.000000 5.000000 5.000000 -5.000000
212 1.8559491634 5.000000 -5.000000 -5.000000 -5.000000 5.000000 5.000000 5.000000 5.000000 -5.000000 -5.000000 5.000000 5.000000 5.000000 5.000000 5.000000
213 1.6245948076 -3.411911 -5.000000 -0.637466 -5.000000 5.000000 -5.000000 3.021485 5.000000 -5.000000 5.000000 -5.000000 5.000000 5.000000 -5.000000 5.000000
214 1.7619763613 3.213220 -5.000000 5.000000 5.000000 -5.000000 5.000000 0.864011 5.000000 5.000000 5.000000 -5.000000 5.000000 5.000000 -5.000000 -5.000000
215 1.3431394100 -4.871945 1.077573 3.114763 5.000000 -5.000000 -5.000000 5.000000 5.000000 -5.000000 -5.000000 -5.000000 5.000000 -5.000000 5.000000 5.000000
216 1.8203207254 5.000000 -5.000000 5.000000 -5.000000 -5.000000 -5.000000 5.000000 5.000000 5.000000 -5.000000 5.000000 5.000000 5.000000 5.000000 5.000000
217 1.5591704845 3.452808 -5.000000 1.542898 5.000000 -5.000000 5.000000 5.000000 -5.000000 5.000000 -5.000000 5.000000 5.000000 5.000000 -5.000000 0.306806
218 1.9498295784 -2.546202 5.000000 -1.007883 5.000000 5.000000 5.000000 -0.191372 5.000000 -5.000000 5.000000 5.000000 5.000000 5.000000 -5.000000 5.000000
219 1.7784641981 5.000000 5.000000 5.000000 5.000000 5.000000 5.000000 -5.000000 5.000000 5.000000 -5.000000 5.000000 5.000000 5.000000 -5.000000 -5.000000
220 1.9726063013 4.031255 5.000000 -5.000000 5.000000 5.000000 5.000000 -5.000000 -5.000000 5.000000 -5.000000 -5.000000 -5.000000 -5.000000 5.000000 -5.000000
221 1.5016394854 -4.953311 -5.000000 3.015811 -5.000000 -5.000000 -5.000000 5.000000 5.000000 -5.000000 5.000000 -5.000000 -5.000000 -5.000000 5.000000 5.000000
222 1.3313809633 -4.487053 -5.000000 2.580396 5.000000 -5.000000 -5.000000 5.000000 5.000000 -5.000000 -5.000000 -5.000000 5.000000 -0.949660 2.566537 5.000000
223 1.5917296410 -5.000000 5.000000 3.604770 5.000000 -3.287012 -5.000000 1.598614 -5.000000 -5.000000 -5.000000 -5.000000 5.000000 -5.000000 5.000000 5.000000
224 3.3354935646 0.106301 -2.241338 2.715423 5.000000 -4.943826 -3.074360 1.246622 5.000000 -0.540714 0.817237 -3.251420 -3.026712 -3.066662 -2.378870 0.458410
225 1.3659373522 -3.761088 -5.000000 2.891013 5.000000 -5.000000 -5.000000 5.000000 5.000000 -5.000000 -5.000000 -5.000000 -5.000000 5.000000 0.211268 5.000000
226 1.4784340858 -5.000000 -5.000000 1.633528 5.000000 -5.000000 -2.051937 5.000000 5.000000 -5.000000 5.000000 -5.000000 -4.297243 -5.000000 -4.508306 -5.000000
227 1.2769411802 -4.699595 -5.000000 2.750118 5.000000 -5.000000 5.000000 5.000000 5.000000 -5.000000 -5.000000 -5.000000 5.000000 -5.000000 5.000000 5.000000
228 1.6185436249 -4.063179 -5.000000 1.423851 -5.000000 0.164209 5.000000 -5.000000 -5.000000 5.000000 5.000000 5.000000 5.000000 5.000000 -5.000000 5.000000
229 2.0320761204 -3.256393 5.000000 0.460412 -5.000000 5.000000 -5.000000 5.000000 5.000000 5.000000 -5.000000 -5.000000 5.000000 5.000000 5.000000 5.000000
230 1.9106565714 3.632183 5.000000 5.000000 5.000000 -0.188320 -5.000000 -5.000000 5.000000 -5.000000 -5.000000 -5.000000 5.000000 -5.000000 5.000000 -5.000000
231 1.7604249716 -3.021862 5.000000 2.014692 -5.000000 5.000000 -5.000000 -5.000000 -5.000000 -5.000000 -5.000000 5.000000 5.000000 -5.000000 -5.000000 5.000000
232 1.8527628183 5.000000 5.000000 -0.032519 5.000000 5.000000 5.000000 -5.000000 5.000000 -5.000000 5.000000 5.000000 5.000000 5.000000 5.000000 -5.000000
233 1.3229023218 -4.640978 -5.000000 2.342370 5.000000 -5.000000 -5.000000 5.000000 5.000000 -5.000000 -5.000000 -5.000000 5.000000 -5.000000 5.000000 5.000000
234 1.7657916546 3.203204 -5.000000 -1.030930 5.000000 5.000000 5.000000 -5.000000 5.000000 -5.000000 -5.000000 -5.000000 5.000000 5.000000 -5.000000 -5.000000
235 1.3252217770 -4.039799 -5.000000 2.691479 5.000000 -3.146189 -5.000000 5.000000 5.000000 -5.000000 -5.000000 -5.000000 5.000000 5.000000 5.000000 5.000000
236 1.5542807579 4.182642 -5.000000 5.000000 5.000000 -5.000000 5.000000 5.000000 -5.000000 -5.000000 -5.000000 5.000000 5.000000 5.000000 -5.000000 -5.000000
237 1.9238864183 4.254801 5.000000 -5.000000 5.000000 5.000000 5.000000 5.000000 5.000000 5.000000 5.000000 5.000000 5.000000 5.000000 -5.000000 5.000000
238 1.9669910669 5.000000 5.000000 5.000000 5.000000 -5.000000 -5.000000 -0.771055 5.000000 5.000000 -5.000000 5.000000 -5.000000 -5.000000 -5.000000 5.000000
239 3.2978534698 -0.574013 -5.000000 -4.230327 5.000000 4.775776 2.365987 2.886824 5.000000 3.013592 -2.875157 0.078295 -4.533563 -1.422624 -1.867633 -1.832295
240 1.8973859549 -5.000000 5.000000 3.296879 5.000000 5.000000 5.000000 -5.000000 -5.000000 -5.000000 -5.000000 5.000000 5.000000 5.000000 -5.000000 5.000000
241 1.8730905056 4.481553 -0.521647 5.000000 5.000000 5.000000 5.000000 5.000000 5.000000 5.000000 -5.000000 5.000000 5.000000 -5.000000 5.000000 5.000000
242 1.7267860174 3.852651 -5.000000 5.000000 5.000000 -5.000000 5.000000 5.000000 -5.000000 -2.687110 -5.000000 5.000000 5.000000 -0.816677 -5.000000 5.000000
243 1.9205693007 -2.822090 -5.000000 0.008934 5.000000 5.000000 -5.000000 -5.000000 -5.000000 5.000000 -5.000000 5.000000 -5.000000 5.000000 5.000000 5.000000
244 1.5279290676 -5.000000 -5.000000 0.092113 5.000000 -5.000000 -5.000000 5.000000 5.000000 5.000000 -5.000000 -5.000000 -5.000000 -5.000000 -5.000000 5.000000
245 1.4795374870 -5.000000 0.420770 2.631593 5.000000 -5.000000 5.000000 5.000000 -5.000000 -5.000000 -5.000000 -5.000000 5.000000 -5.000000 5.000000 -5.000000
246 1.8366613388 -2.536642 -5.000000 0.605079 -5.000000 5.000000 -5.000000 -5.000000 5.000000 -5.000000 5.000000 5.000000 -5.000000 -0.879043 -5.000000 5.000000
247 2.1290049553 3.142535 -5.000000 -5.000000 5.000000 5.000000 -5.000000 -2.274355 5.000000 5.000000 5.000000 5.000000 5.000000 -5.000000 -5.000000 5.000000
248 1.8138263226 5.000000 5.000000 5.000000 5.000000 -5.000000 -5.000000 5.000000 -5.000000 -5.000000 5.000000 5.000000 -5.000000 5.000000 5.000000 5.000000
249 2.5006473064 1.872305 -5.000000 -5.000000 -5.000000 -5.000000 -5.000000 5.000000 5.000000 -5.000000 -5.000000 5.000000 5.000000 -5.000000 -5.000000 -5.000000
250 1.3293746710 -4.550395 -5.000000 2.562782 5.000000 -5.000000 -5.000000 5.000000 5.000000 -5.000000 -5.000000 -5.000000 5.000000 -1.679797 2.531286 5.000000
251 1.9363927841 5.000000 5.000000 5.000000 5.000000 5.000000 5.000000 -0.497461 -5.000000 5.000000 -5.000000 5.000000 5.000000 -5.000000 5.000000 -5.000000
252 1.5411876440 -2.742122 -5.000000 5.000000 5.000000 -5.000000 -5.000000 5.000000 -5.000000 -5.000000 -5.000000 -5.000000 5.000000 -5.000000 -5.000000 5.000000
253 1.4426085949 -3.433989 5.000000 5.000000 5.000000 -5.000000 -5.000000 5.000000 5.000000 -5.000000 -5.000000 -5.000000 5.000000 -5.000000 5.000000 5.000000
254 1.8145753145 -4.081637 -5.000000 -5.000000 5.000000 -5.000000 5.000000 5.000000 5.000000 -5.000000 5.000000 -5.000000 5.000000 -5.000000 4.873920 5.000000
255 1.9426440001 -2.512970 5.000000 4.799601 5.000000 -5.000000 -5.000000 0.648135 -5.000000 5.000000 -5.000000 5.000000 -5.000000 -5.000000 -5.000000 5.000000
256 2.0389771461 3.829491 5.000000 -0.010383 -5.000000 5.000000 -5.000000 5.000000 -5.000000 -5.000000 -5.000000 -5.000000 -5.000000 5.000000 5.000000 -5.000000
257 2.0605795383 -3.561958 -5.000000 -5.000000 5.000000 5.000000 5.000000 5.000000 -5.000000 -5.000000 5.000000 5.000000 5.000000 5.000000 -5.000000 -5.000000
258 1.9860432148 2.046001 -5.000000 5.000000 5.000000 5.000000 5.000000 5.000000 -5.000000 5.000000 -5.000000 5.000000 5.000000 5.000000 5.000000 5.000000
259 1.9225128889 5.000000 5.000000 -5.000000 5.000000 5.000000 5.000000 0.421290 -5.000000 5.000000 -5.000000 5.000000 5.000000 5.000000 5.000000 -5.000000
260 1.7382252216 5.000000 5.000000 5.000000 -5.000000 0.914666 5.000000 -5.000000 -5.000000 5.000000 5.000000 -5.000000 5.000000 5.000000 -5.000000 -5.000000
261 1.5326433182 5.000000 -5.000000 0.712893 5.000000 -5.000000 5.000000 5.000000 -5.000000 5.000000 5.000000 5.000000 5.000000 5.000000 -5.000000 -5.000000
262 1.3691164255 -5.000000 -5.000000 4.396598 5.000000 -5.000000 -5.000000 5.000000 5.000000 -5.000000 -5.000000 -5.000000 -5.000000 5.000000 -5.000000 5.000000
263 1.9144296646 -4.610710 5.000000 3.520010 -5.000000 1.206034 -5.000000 -5.000000 5.000000 -5.000000 5.000000 -5.000000 5.000000 5.000000 -5.000000 5.000000
264 1.7386678457 2.387125 -5.000000 2.002231 5.000000 -5.000000 -5.000000 -5.000000 5.000000 5.000000 -5.000000 5.000000 5.000000 5.000000 -5.000000 -5.000000
265 1.6365864277 2.596702 -5.000000 5.000000 -5.000000 -0.771784 -5.000000 5.000000 5.000000 5.000000 5.000000 5.000000 5.000000 5.000000 -5.000000 -5.000000
266 1.3295891285 -5.000000 -5.000000 5.000000 5.000000 -5.000000 5.000000 5.000000 5.000000 -5.000000 -5.000000 -5.000000 5.000000 -5.000000 5.000000 5.000000
267 1.8067790270 3.761300 5.000000 5.000000 5.000000 -5.000000 5.000000 5.000000 5.000000 5.000000 5.000000 5.000000 5.000000 -5.000000 5.000000 -5.000000
268 1.3837467432 -5.000000 -5.000000 2.561020 5.000000 -5.000000 5.000000 3.167204 5.000000 -5.000000 -5.000000 -5.000000 5.000000 -5.000000 5.000000 5.000000
269 1.4543997049 -5.000000 3.652154 2.690683 5.000000 -5.000000 -5.000000 5.000000 5.000000 -5.000000 -5.000000 -5.000000 5.000000 -5.000000 -5.000000 5.000000
270 1.6188129187 -5.000000 -5.000000 0.033457 5.000000 -5.000000 -5.000000 -5.000000 5.000000 -5.000000 -5.000000 5.000000 5.000000 5.000000 -5.000000 5.000000
271 1.4655678272 -5.000000 -5.000000 5.000000 5.000000 -4.052943 5.000000 5.000000 -5.000000 -5.000000 -5.000000 -5.000000 -5.000000 5.000000 5.000000 5.000000
272 1.8218852282 -5.000000 -5.000000 5.000000 5.000000 -5.000000 -5.000000 -5.000000 5.000000 5.000000 -5.000000 -5.000000 -5.000000 5.000000 5.000000 5.000000
273 1.3303743601 -4.244206 -2.790318 4.752435 5.000000 -5.000000 -5.000000 5.000000 5.000000 -5.000000 -5.000000 -5.000000 5.000000 -5.000000 5.000000 5.000000
274 1.7075893879 -2.847484 -5.000000 5.000000 -5.000000 -1.642870 -5.000000 -5.000000 -5.000000 -5.000000 -5.000000 5.000000 5.000000 -5.000000 5.000000 5.000000
275 1.2458558083 -5.000000 -5.000000 2.968378 5.000000 -3.488261 5.000000 5.000000 5.000000 -5.000000 -5.000000 -5.000000 5.000000 5.000000 -5.000000 5.000000
276 1.3388652802 -4.620357 -0.718639 2.999796 5.000000 -3.371141 5.000000 5.000000 5.000000 -5.000000 -5.000000 -5.000000 5.000000 -5.000000 5.000000 5.000000
277 1.4160757065 -4.934128 -5.000000 2.439142 5.000000 -2.323106 -5.000000 5.000000 5.000000 -5.000000 -5.000000 -5.000000 5.000000 5.000000 -5.000000 5.000000
278 1.1878632307 -5.000000 -5.000000 2.444113 5.000000 -3.621255 5.000000 5.000000 5.000000 -5.000000 -5.000000 -5.000000 5.000000 5.000000 5.000000 -0.644121
279 1.6788411140 5.000000 -5.000000 -5.000000 -5.000000 -0.983147 5.000000 -5.000000 -5.000000 -5.000000 -5.000000 5.000000 5.000000 5.000000 -5.000000 -5.000000
280 1.4470064640 -5.000000 -5.000000 2.677260 5.000000 -2.093212 5.000000 5.000000 5.000000 -5.000000 -5.000000 -5.000000 5.000000 5.000000 5.000000 -5.000000
281 1.8472344875 2.864588 -5.000000 5.000000 -5.000000 5.000000 -5.000000 5.000000 -5.000000 5.000000 5.000000 -5.000000 5.000000 -5.000000 5.000000 -5.000000
282 1.7372248173 5.000000 -5.000000 5.000000 -5.000000 5.000000 5.000000 -5.000000 -5.000000 -5.000000 -5.000000 -5.000000 5.000000 5.000000 5.000000 5.000000
283 2.0625078678 -5.000000 5.000000 -5.000000 5.000000 -0.163418 5.000000 -5.000000 -5.000000 5.000000 -5.000000 5.000000 5.000000 -5.000000 -5.000000 5.000000
284 1.4775518179 -5.000000 0.471305 5.000000 5.000000 -3.384571 5.000000 5.000000 5.000000 -5.000000 -5.000000 -5.000000 -5.000000 -5.000000 5.000000 5.000000
285 1.4220736027 -5.000000 -5.000000 4.088153 5.000000 -5.000000 5.000000 5.000000 5.000000 -5.000000 -5.000000 5.000000 5.000000 5.000000 -5.000000 5.000000
286 1.3772121668 -5.000000 -5.000000 3.062996 5.000000 -5.000000 -5.000000 5.000000 5.000000 -5.000000 5.000000 -5.000000 5.000000 5.000000 2.245346 5.000000
287 1.7392317057 3.990278 5.000000 5.000000 -5.000000 5.000000 5.000000 -5.000000 -5.000000 -5.000000 5.000000 -5.000000 5.000000 5.000000 -5.000000 5.000000
288 1.5490344763 -3.812270 5.000000 5.000000 5.000000 -5.000000 -5.000000 5.000000 5.000000 -5.000000 -5.000000 5.000000 5.000000 -5.000000 -5.000000 5.000000
289 1.8789786100 -5.000000 -5.000000 -1.659552 -5.000000 -2.683718 5.000000 5.000000 5.000000 -5.000000 -5.000000 -5.000000 5.000000 -5.000000 5.000000 -5.000000
290 1.3769490719 -5.000000 -5.000000 3.932422 5.000000 -5.000000 5.000000 5.000000 5.000000 5.000000 -5.000000 -5.000000 5.000000 5.000000 3.582367 5.000000
291 1.4172574282 -5.000000 -5.000000 2.396747 5.000000 -5.000000 5.000000 5.000000 5.000000 -5.000000 -5.000000 -5.000000 5.000000 0.947937 -0.733695 5.000000
292 1.8697615862 5.000000 -5.000000 -1.683479 5.000000 -5.000000 5.000000 -5.000000 5.000000 5.000000 5.000000 -5.000000 5.000000 5.000000 5.000000 5.000000
293 1.4834678173 -5.000000 -5.000000 1.607136 5.000000 -5.000000 5.000000 5.000000 5.000000 -5.000000 -5.000000 -5.000000 -5.000000 5.000000 -5.000000 5.000000
294 2.3192024231 5.000000 -5.000000 -5.000000 5.000000 -5.000000 5.000000 -5.000000 -5.000000 -5.000000 -5.000000 -5.000000 -5.000000 -5.000000 -5.000000 5.000000
295 1.6481574774 -5.000000 -5.000000 4.999183 -5.000000 -5.000000 -5.000000 5.000000 -5.000000 -5.000000 -5.000000 -5.000000 5.000000 5.000000 5.000000 -4.999851
296 2.1141052246 5.000000 -5.000000 -5.000000 -5.000000 -5.000000 5.000000 5.000000 -5.000000 -5.000000 5.000000 5.000000 5.000000 -5.000000 5.000000 -5.000000
297 1.7081459761 -4.324120 -5.000000 2.572526 5.000000 -5.000000 5.000000 -0.151371 -5.000000 1.600998 -5.000000 -5.000000 5.000000 5.000000 5.000000 5.000000
298 1.5855981112 -3.263260 -5.000000 5.000000 5.000000 -5.000000 -5.000000 5.000000 -5.000000 -5.000000 5.000000 -5.000000 5.000000 -5.000000 5.000000 5.000000
299 1.8809609413 4.106082 -5.000000 5.000000 -5.000000 5.000000 5.000000 -5.000000 -5.000000 5.000000 5.000000 -5.000000 -5.000000 -5.000000 5.000000 -5.000000
300 1.7289818525 5.000000 -5.000000 0.493495 -5.000000 5.000000 5.000000 -5.000000 5.000000 5.000000 -5.000000 -5.000000 5.000000 5.000000 -5.000000 -5.000000
301 1.7739348412 5.000000 -5.000000 -5.000000 -5.000000 5.000000 -5.000000 -5.000000 5.000000 -5.000000 -5.000000 -5.000000 -5.000000 -5.000000 5.000000 -5.000000
302 1.7345237732 3.162409 5.000000 0.547525 -1.233645 -5.000000 5.000000 5.000000 5.000000 5.000000 -5.000000 5.000000 -1.661543 5.000000 -4.417130 -5.000000
303 1.7793457508 2.201546 -5.000000 5.000000 5.000000 -0.437668 -5.000000 -5.000000 5.000000 -5.000000 -5.000000 5.000000 5.000000 5.000000 -5.000000 -5.000000
304 1.6208866835 -3.296242 -5.000000 5.000000 5.000000 -5.000000 -5.000000 5.000000 5.000000 -5.000000 -5.000000 4.997970 -5.000000 -5.000000 5.000000 -5.000000
305 1.7327872515 -3.296562 -5.000000 1.167320 -5.000000 -2.187591 -5.000000 5.000000 5.000000 4.939692 -5.000000 -5.000000 5.000000 5.000000 -5.000000 5.000000
306 1.3351573944 -2.966099 -5.000000 5.000000 3.180996 -5.000000 -5.000000 5.000000 5.000000 -5.000000 -5.000000 -5.000000 5.000000 5.000000 -5.000000 5.000000
307 1.6888446808 -3.898871 -5.000000 -0.799071 -5.000000 5.000000 -4.997472 -5.000000 -5.000000 -5.000000 -5.000000 5.000000 -5.000000 5.000000 5.000000 -5.000000
308 1.3537516594 -4.254375 -5.000000 3.053391 5.000000 -5.000000 -5.000000 5.000000 5.000000 -5.000000 -5.000000 -5.000000 -5.000000 -5.000000 5.000000 5.000000
309 1.9875575304 -3.125648 5.000000 -5.000000 -5.000000 5.000000 5.000000 -5.000000 -5.000000 5.000000 -5.000000 -5.000000 5.000000 -5.000000 5.000000 5.000000
310 1.5991986990 -5.000000 -5.000000 5.000000 5.000000 -5.000000 5.000000 5.000000 -5.000000 -5.000000 -5.000000 -5.000000 -5.000000 -5.000000 5.000000 -5.000000
311 1.9522807598 -3.053445 5.000000 3.854981 5.000000 5.000000 -5.000000 -5.000000 5.000000 -5.000000 -5.000000 -5.000000 5.000000 -5.000000 5.000000 5.000000
312 1.2997742891 -3.800710 -5.000000 3.417704 5.000000 -5.000000 -5.000000 5.000000 5.000000 -5.000000 -5.000000 -5.000000 5.000000 -5.000000 5.000000 5.000000
313 1.5614547729 -2.807499 -5.000000 5.000000 5.000000 -5.000000 -5.000000 5.000000 -5.000000 -5.000000 -5.000000 -5.000000 5.000000 5.000000 5.000000 -5.000000
314 1.8782142401 2.843701 -5.000000 0.266363 -5.000000 5.000000 -5.000000 -5.000000 -5.000000 5.000000 -5.000000 -5.000000 5.000000 -5.000000 -5.000000 -5.000000
315 1.5623725653 -3.322199 -5.000000 5.000000 -5.000000 -5.000000 -5.000000 5.000000 5.000000 -5.000000 -5.000000 5.000000 5.000000 -5.000000 5.000000 5.000000
316 1.5311528444 -5.000000 -5.000000 5.000000 5.000000 -5.000000 -5.000000 5.000000 5.000000 -5.000000 -5.000000 5.000000 -5.000000 5.000000 5.000000 5.000000
317 1.5342110395 4.139154 -5.000000 -1.320209 5.000000 -1.610844 5.000000 -5.000000 5.000000 5.000000 -5.000000 5.000000 5.000000 5.000000 -5.000000 -5.000000
318 1.4243892431 -5.000000 -5.000000 1.412508 5.000000 -5.000000 -5.000000 5.000000 5.000000 -5.000000 -5.000000 5.000000 5.000000 -5.000000 5.000000 5.000000
319 1.5156841278 -5.000000 -5.000000 5.000000 5.000000 -5.000000 -5.000000 5.000000 5.000000 -5.000000 -5.000000 5.000000 -5.000000 -5.000000 -5.000000 5.000000
320 1.6436347961 -3.672093 -5.000000 -0.217254 -5.000000 5.000000 5.000000 -5.000000 -5.000000 -5.000000 -5.000000 -5.000000 5.000000 5.000000 -5.000000 5.000000
321 1.4220910072 -5.000000 -5.000000 5.000000 1.754165 -5.000000 -5.000000 5.000000 5.000000 -5.000000 -5.000000 5.000000 5.000000 5.000000 5.000000 5.000000
322 1.7269920111 3.996012 -5.000000 0.197468 -5.000000 -5.000000 5.000000 5.000000 5.000000 5.000000 -5.000000 -5.000000 5.000000 5.000000 -5.000000 5.000000
323 1.6242827177 3.596081 -5.000000 -1.137861 -5.000000 -5.000000 -5.000000 -5.000000 5.000000 5.000000 5.000000 5.000000 5.000000 5.000000 -5.000000 5.000000
324 1.6289428473 3.196115 -5.000000 0.374920 -0.107128 5.000000 -5.000000 -5.000000 5.000000 5.000000 -5.000000 5.000000 5.000000 5.000000 -5.000000 -5.000000
325 2.3521981239 5.000000 -5.000000 -5.000000 5.000000 -5.000000 5.000000 5.000000 5.000000 5.000000 -5.000000 5.000000 -5.000000 5.000000 -5.000000 5.000000
326 1.8985158205 3.098857 5.000000 5.000000 -5.000000 -5.000000 -5.000000 -5.000000 5.000000 -5.000000 -5.000000 5.000000 -5.000000 -5.000000 -5.000000 -5.000000
327 1.4252089262 -5.000000 -5.000000 2.882113 5.000000 -5.000000 -5.000000 5.000000 5.000000 -5.000000 -5.000000 -5.000000 0.965574 0.580947 5.000000 -5.000000
328 1.3641694784 -5.000000 -5.000000 5.000000 5.000000 -5.000000 5.000000 5.000000 5.000000 -5.000000 -5.000000 -5.000000 5.000000 5.000000 5.000000 5.000000
329 1.8679317236 4.135228 -5.000000 -5.000000 -5.000000 5.000000 -5.000000 -5.000000 5.000000 5.000000 -5.000000 -5.000000 5.000000 5.000000 5.000000 -5.000000
330 1.6852600574 -5.000000 -5.000000 1.389859 -5.000000 1.737189 5.000000 -5.000000 5.000000 -5.000000 -5.000000 -5.000000 -5.000000 5.000000 -5.000000 5.000000
331 1.6263868809 -5.000000 -5.000000 0.246579 5.000000 0.450665 5.000000 -5.000000 5.000000 -5.000000 -5.000000 -5.000000 -5.000000 -5.000000 5.000000 5.000000
332 1.9122496843 5.000000 -5.000000 -0.597600 -5.000000 -5.000000 5.000000 -5.000000 -5.000000 5.000000 -5.000000 5.000000 5.000000 5.000000 5.000000 -5.000000
333 1.8190449476 -3.123913 -5.000000 2.035450 5.000000 -5.000000 5.000000 0.256210 -5.000000 -5.000000 -5.000000 -5.000000 0.623337 5.000000 -2.976428 -3.286353
334 2.0150413513 3.917290 5.000000 -2.836581 -5.000000 -3.939777 5.000000 -5.000000 5.000000 5.000000 -5.000000 5.000000 5.000000 -5.000000 -5.000000 -5.000000
335 1.6227037907 -4.354337 -5.000000 1.180172 5.000000 -5.000000 -5.000000 5.000000 -5.000000 -5.000000 -5.000000 5.000000 -5.000000 -5.000000 5.000000 5.000000
336 1.8911547661 5.000000 -5.000000 5.000000 -5.000000 5.000000 5.000000 5.000000 5.000000 -5.000000 -5.000000 5.000000 -5.000000 -5.000000 5.000000 -5.000000
337 1.6468026638 5.000000 -5.000000 5.000000 5.000000 -5.000000 5.000000 -5.000000 5.000000 -5.000000 -5.000000 5.000000 5.000000 5.000000 -5.000000 5.000000
338 1.8776112795 -5.000000 5.000000 5.000000 5.000000 2.615319 -5.000000 5.000000 -5.000000 -5.000000 -5.000000 -5.000000 -5.000000 5.000000 5.000000 5.000000
339 1.3668724298 -4.019432 5.000000 5.000000 5.000000 -5.000000 -5.000000 5.000000 5.000000 -5.000000 -5.000000 -5.000000 -5.000000 -5.000000 -5.000000 5.000000
340 2.0591559410 2.558408 5.000000 0.370698 -5.000000 5.000000 5.000000 5.000000 -5.000000 -5.000000 5.000000 5.000000 5.000000 -5.000000 5.000000 5.000000
341 1.5292255878 4.389595 -5.000000 5.000000 5.000000 -5.000000 -5.000000 5.000000 -5.000000 -5.000000 -4.997961 -5.000000 5.000000 5.000000 5.000000 5.000000
342 1.5262774229 5.000000 -5.000000 5.000000 5.000000 -5.000000 5.000000 5.000000 5.000000 -5.000000 -5.000000 5.000000 5.000000 5.000000 5.000000 -5.000000
343 1.6860123873 5.000000 -5.000000 5.000000 5.000000 -1.106118 5.000000 5.000000 5.000000 -5.000000 5.000000 -5.000000 5.000000 5.000000 5.000000 5.000000
344 1.5531511307 -5.000000 -5.000000 1.797729 5.000000 -5.000000 5.000000 5.000000 5.000000 -5.000000 -5.000000 5.000000 5.000000 5.000000 -5.000000 -5.000000
345 1.8803683519 -5.000000 5.000000 -5.000000 -5.000000 5.000000 5.000000 -5.000000 -5.000000 -5.000000 -5.000000 5.000000 5.000000 5.000000 -5.000000 -5.000000
346 1.6881580353 -2.805639 -5.000000 5.000000 -5.000000 -5.000000 -5.000000 5.000000 5.000000 5.000000 5.000000 -5.000000 5.000000 -5.000000 -5.000000 -5.000000
347 1.4889037609 -3.889548 -5.000000 5.000000 -3.232268 -5.000000 -5.000000 5.000000 5.000000 -5.000000 -5.000000 -5.000000 -5.000000 -5.000000 5.000000 5.000000
348 1.8524920940 3.383950 5.000000 5.000000 -5.000000 5.000000 -5.000000 5.000000 -5.000000 5.000000 -5.000000 -5.000000 -5.000000 -5.000000 -5.000000 5.000000
349 1.4461885691 -5.000000 -5.000000 5.000000 5.000000 -1.074029 5.000000 5.000000 -5.000000 -5.000000 -5.000000 -5.000000 5.000000 5.000000 -5.000000 5.000000
350 1.3858873844 -3.667590 -5.000000 5.000000 5.000000 -5.000000 5.000000 5.000000 5.000000 -5.000000 -5.000000 -5.000000 2.038061 -5.000000 -5.000000 5.000000
351 1.6276116371 -3.572612 5.000000 5.000000 -5.000000 -5.000000 -5.000000 5.000000 -5.000000 -5.000000 -5.000000 -5.000000 -5.000000 -5.000000 -5.000000 5.000000
352 1.7971714735 4.073780 5.000000 1.276137 5.000000 -5.000000 -5.000000 5.000000 5.000000 -5.000000 -5.000000 -5.000000 5.000000 5.000000 5.000000 -5.000000
353 1.6441111565 2.995144 -5.000000 -1.551696 5.000000 -5.000000 -5.000000 -5.000000 5.000000 -5.000000 -5.000000 -5.000000 -5.000000 -5.000000 -5.000000 -5.000000
354 1.7734254599 -2.594777 -5.000000 5.000000 5.000000 -5.000000 -5.000000 5.000000 -5.000000 -5.000000 5.000000 5.000000 5.000000 5.000000 -5.000000 5.000000
355 2.0312407017 -2.494716 5.000000 5.000000 5.000000 -5.000000 5.000000 5.000000 5.000000 -5.000000 -5.000000 5.000000 5.000000 -5.000000 5.000000 -5.000000
356 2.3405032158 -5.000000 -5.000000 -5.000000 5.000000 -5.000000 -5.000000 -5.000000 5.000000 -5.000000 -5.000000 -5.000000 -5.000000 -5.000000 -5.000000 -5.000000
357 1.8715314865 -3.825562 -5.000000 -5.000000 -5.000000 -0.660988 5.000000 -5.000000 5.000000 -5.000000 5.000000 5.000000 5.000000 5.000000 -5.000000 -5.000000
358 1.8485804796 2.477804 -5.000000 0.400807 -5.000000 -5.000000 -5.000000 5.000000 5.000000 -5.000000 -5.000000 5.000000 -5.000000 5.000000 -5.000000 5.000000
359 1.6398259401 4.395180 -5.000000 5.000000 5.000000 -5.000000 5.000000 5.000000 5.000000 5.000000 5.000000 -5.000000 -5.000000 -5.000000 5.000000 -5.000000
360 1.3981672525 -4.398818 5.000000 2.181731 5.000000 -5.000000 -5.000000 5.000000 5.000000 -5.000000 -5.000000 -5.000000 -2.851697 -5.000000 5.000000 5.000000
361 2.3036303520 1.201949 0.628514 1.152612 5.000000 -0.863431 1.924388 3.845986 -1.499179 -5.000000 0.952038 -1.494799 4.795881 -4.438473 -1.252357 1.380636
362 2.3075454235 -1.804006 5.000000 -2.880734 -5.000000 -5.000000 -5.000000 -5.000000 -5.000000 -5.000000 -5.000000 5.000000 5.000000 5.000000 5.000000 -5.000000
363 1.5757443905 -5.000000 -5.000000 -0.877058 -5.000000 5.000000 5.000000 -5.000000 -5.000000 -5.000000 -5.000000 5.000000 -5.000000 -5.000000 5.000000 5.000000
364 1.7365999222 -5.000000 -5.000000 2.004519 0.409664 -5.000000 5.000000 5.000000 -1.703665 5.000000 -5.000000 -5.000000 5.000000 2.179834 5.000000 -5.000000
365 1.7195552588 -5.000000 5.000000 0.271649 -5.000000 1.515581 5.000000 -5.000000 -5.000000 5.000000 -5.000000 -5.000000 -5.000000 -5.000000 5.000000 5.000000
366 1.3641694784 -5.000000 -5.000000 5.000000 5.000000 -5.000000 5.000000 5.000000 5.000000 -5.000000 -5.000000 -5.000000 5.000000 5.000000 5.000000 5.000000
367 1.8057090044 3.231821 -5.000000 -0.095592 5.000000 -5.000000 -5.000000 -5.000000 5.000000 5.000000 5.000000 -5.000000 -5.000000 5.000000 -5.000000 -5.000000
368 1.3178299665 -3.521244 -5.000000 5.000000 5.000000 -5.000000 -5.000000 5.000000 5.000000 -5.000000 -5.000000 -5.000000 0.509179 0.508960 -5.000000 5.000000
369 1.4462711811 -5.000000 -5.000000 1.680099 5.000000 -0.369207 5.000000 5.000000 -5.000000 -5.000000 -5.000000 5.000000 5.000000 5.000000 5.000000 5.000000
370 1.4970587492 4.461787 -5.000000 5.000000 5.000000 -5.000000 -5.000000 5.000000 5.000000 -5.000000 5.000000 5.000000 5.000000 5.000000 -5.000000 -5.000000
371 1.7904477119 5.000000 -5.000000 5.000000 5.000000 -5.000000 -5.000000 5.000000 -5.000000 5.000000 5.000000 5.000000 -5.000000 -5.000000 5.000000 -5.000000
372 1.6864167452 -5.000000 -5.000000 1.477059 5.000000 -0.216867 -5.000000 -5.000000 -5.000000 -5.000000 -5.000000 5.000000 5.000000 5.000000 5.000000 5.000000
373 1.7723608017 3.062976 -5.000000 1.013030 -5.000000 -5.000000 5.000000 5.000000 5.000000 5.000000 5.000000 -5.000000 -5.000000 -5.000000 -5.000000 -5.000000
374 2.4460518360 2.077501 5.000000 -5.000000 5.000000 5.000000 -5.000000 5.000000 5.000000 5.000000 -5.000000 5.000000 5.000000 5.000000 -5.000000 5.000000
375 1.4214291573 -5.000000 -5.000000 2.338619 5.000000 -5.000000 -5.000000 5.000000 5.000000 -5.000000 5.000000 -5.000000 0.414911 -5.000000 5.000000 5.000000
376 2.1270065308 -5.000000 -5.000000 -5.000000 5.000000 5.000000 5.000000 5.000000 -5.000000 -5.000000 5.000000 -5.000000 -5.000000 -5.000000 5.000000 5.000000
377 1.4669355154 -5.000000 -5.000000 2.977041 5.000000 -0.182574 5.000000 5.000000 5.000000 -5.000000 -5.000000 5.000000 5.000000 -5.000000 5.000000 5.000000
378 1.8426114321 -5.000000 5.000000 0.485168 5.000000 5.000000 5.000000 -5.000000 5.000000 -5.000000 -5.000000 5.000000 -5.000000 -5.000000 5.000000 -5.000000
379 1.7184959650 5.000000 -5.000000 5.000000 5.000000 5.000000 -0.595341 -5.000000 5.000000 -5.000000 -5.000000 -5.000000 -5.000000 -5.000000 5.000000 5.000000
380 1.9782285690 -4.161683 -5.000000 -5.000000 -5.000000 5.000000 5.000000 -5.000000 -5.000000 -5.000000 5.000000 5.000000 -5.000000 5.000000 -5.000000 5.000000
381 1.6682242155 -2.674279 -5.000000 5.000000 5.000000 0.231949 -5.000000 5.000000 -5.000000 5.000000 5.000000 -5.000000 -5.000000 -5.000000 -5.000000 5.000000
382 2.5338866711 -1.792899 -0.761078 -5.000000 5.000000 5.000000 3.926298 -5.000000 -5.000000 5.000000 5.000000 -0.122274 -5.000000 -3.262760 -5.000000 -4.419837
383 1.6210340261 -4.108758 -5.000000 2.108832 -5.000000 1.429034 -5.000000 -5.000000 -5.000000 -5.000000 -5.000000 5.000000 -5.000000 -5.000000 5.000000 5.000000
384 1.7430951595 5.000000 5.000000 -5.000000 -5.000000 5.000000 5.000000 -5.000000 -5.000000 -5.000000 -5.000000 5.000000 -5.000000 5.000000 -5.000000 -5.000000
385 1.6622707844 -5.000000 -5.000000 5.000000 5.000000 -0.596405 5.000000 5.000000 5.000000 -5.000000 -5.000000 5.000000 -5.000000 5.000000 -5.000000 5.000000
386 2.3185961246 -1.894131 5.000000 5.000000 5.000000 5.000000 -5.000000 5.000000 -5.000000 5.000000 -5.000000 -5.000000 -5.000000 5.000000 5.000000 -5.000000
387 1.4028240442 -3.328475 -5.000000 2.743959 5.000000 -5.000000 -5.000000 5.000000 5.000000 -5.000000 -5.000000 -5.000000 -5.000000 -5.000000 -5.000000 5.000000
388 1.7637597322 -5.000000 -5.000000 1.171659 -5.000000 5.000000 5.000000 5.000000 -5.000000 -5.000000 5.000000 -5.000000 -5.000000 5.000000 5.000000 5.000000
389 2.5856585503 1.419351 5.000000 5.000000 5.000000 5.000000 -5.000000 -5.000000 -5.000000 5.000000 -5.000000 -5.000000 5.000000 5.000000 5.000000 -5.000000
390 2.4042887688 -3.799429 5.000000 -5.000000 -5.000000 -5.000000 -5.000000 5.000000 5.000000 -5.000000 -5.000000 5.000000 -5.000000 -5.000000 -5.000000 5.000000
391 1.8745846748 5.000000 -5.000000 -5.000000 5.000000 5.000000 5.000000 -5.000000 5.000000 -5.000000 -5.000000 5.000000 -5.000000 -5.000000 -5.000000 -5.000000
392 1.4088386297 -5.000000 -5.000000 5.000000 5.000000 -0.344200 5.000000 5.000000 5.000000 -5.000000 -5.000000 -5.000000 5.000000 5.000000 5.000000 5.000000
393 1.3891689777 -4.235916 -5.000000 0.369531 5.000000 -1.503190 5.000000 5.000000 5.000000 -5.000000 -5.000000 -5.000000 5.000000 5.000000 -5.000000 5.000000
394 1.2849427462 -4.279170 -5.000000 2.590382 5.000000 -5.000000 -5.000000 5.000000 5.000000 -5.000000 -5.000000 1.257957 5.000000 5.000000 5.000000 5.000000
395 1.6359561682 5.000000 -5.000000 -0.263989 -5.000000 5.000000 5.000000 -5.000000 -5.000000 -5.000000 -5.000000 5.000000 -5.000000 5.000000 5.000000 -5.000000
396 1.7053331137 2.668662 5.000000 -1.310893 5.000000 -5.000000 5.000000 5.000000 -5.000000 -5.000000 -5.000000 -5.000000 5.000000 -5.000000 -5.000000 -5.000000
397 1.5205816031 -3.752403 5.000000 5.000000 5.000000 -5.000000 5.000000 5.000000 5.000000 -5.000000 4.197077 -5.000000 -5.000000 -5.000000 5.000000 5.000000
398 1.8051968813 5.000000 -5.000000 1.059839 5.000000 5.000000 -5.000000 -5.000000 -5.000000 -5.000000 -5.000000 -5.000000 -5.000000 5.000000 -5.000000 5.000000
399 1.8067036867 -5.000000 -5.000000 -0.973553 5.000000 5.000000 5.000000 5.000000 5.000000 -5.000000 -5.000000 5.000000 5.000000 5.000000 -5.000000 5.000000
400 1.5611997843 -5.000000 -5.000000 -0.176999 -5.000000 5.000000 5.000000 -5.000000 5.000000 -5.000000 5.000000 5.000000 5.000000 5.000000 5.000000 5.000000
401 1.5274391174 5.000000 -5.000000 1.858320 5.000000 -5.000000 -5.000000 5.000000 5.000000 -5.000000 -5.000000 5.000000 5.000000 5.000000 -5.000000 -5.000000
402 2.0021896362 -5.000000 5.000000 0.509498 -5.000000 -0.667058 -5.000000 -5.000000 -5.000000 -5.000000 -5.000000 5.000000 -5.000000 5.000000 5.000000 5.000000
403 1.8240681887 2.736402 -5.000000 -1.039559 5.000000 5.000000 -5.000000 5.000000 5.000000 5.000000 5.000000 -5.000000 -5.000000 -5.000000 -5.000000 -5.000000
404 1.3536368608 -3.416820 -5.000000 5.000000 5.000000 -5.000000 -5.000000 5.000000 5.000000 -5.000000 -5.000000 -5.000000 -5.000000 5.000000 -5.000000 5.000000
405 2.0082342625 -2.431656 -5.000000 0.403163 -5.000000 5.000000 -5.000000 5.000000 -5.000000 5.000000 5.000000 5.000000 5.000000 5.000000 -5.000000 -5.000000
406 2.0731759071 1.702328 -5.000000 5.000000 -5.000000 -5.000000 -5.000000 5.000000 -5.000000 -5.000000 -5.000000 5.000000 5.000000 5.000000 5.000000 -5.000000
407 2.1030564308 -5.000000 -5.000000 -5.000000 -5.000000 -5.000000 5.000000 -5.000000 5.000000 5.000000 5.000000 -5.000000 5.000000 5.000000 -5.000000 5.000000
408 1.5891134739 -5.000000 -5.000000 0.143092 5.000000 -5.000000 -5.000000 5.000000 -5.000000 -5.000000 5.000000 5.000000 5.000000 -5.000000 5.000000 5.000000
409 1.6580101252 5.000000 -5.000000 -1.748204 -5.000000 5.000000 5.000000 -5.000000 -5.000000 5.000000 -5.000000 5.000000 -5.000000 -5.000000 5.000000 5.000000
410 1.3903567791 -3.038535 -5.000000 5.000000 5.000000 -5.000000 -5.000000 5.000000 5.000000 -5.000000 -5.000000 -5.000000 -5.000000 -0.246810 5.000000 5.000000
411 1.7376879454 5.000000 5.000000 5.000000 -5.000000 -5.000000 5.000000 5.000000 5.000000 -5.000000 -5.000000 -5.000000 -5.000000 5.000000 -5.000000 5.000000
412 2.3920178413 1.580186 5.000000 5.000000 5.000000 -5.000000 -0.844241 -5.000000 5.000000 -5.000000 5.000000 5.000000 -5.000000 5.000000 -5.000000 -5.000000
413 1.8100119829 2.722080 -5.000000 -1.259047 -5.000000 -5.000000 5.000000 -5.000000 -5.000000 5.000000 2.888722 -5.000000 5.000000 5.000000 -5.000000 5.000000
414 1.9161437750 -5.000000 -5.000000 -0.703027 -5.000000 5.000000 5.000000 -5.000000 -5.000000 5.000000 5.000000 -5.000000 5.000000 -5.000000 -5.000000 -5.000000
415 1.6219247580 2.777117 -5.000000 5.000000 -5.000000 5.000000 5.000000 -5.000000 -5.000000 5.000000 -5.000000 5.000000 5.000000 5.000000 -5.000000 5.000000
416 1.7587801218 2.713883 5.000000 -0.445319 5.000000 -5.000000 -5.000000 5.000000 -5.000000 -5.000000 5.000000 5.000000 -5.000000 -5.000000 -5.000000 5.000000
417 2.9201779366 2.334259 5.000000 -5.000000 5.000000 -5.000000 -5.000000 -5.000000 -5.000000 -5.000000 5.000000 -5.000000 -5.000000 -5.000000 -5.000000 -5.000000
418 1.6139793396 2.727907 -5.000000 -0.413952 5.000000 -5.000000 -5.000000 5.000000 5.000000 5.000000 5.000000 5.000000 5.000000 -3.489390 -5.000000 -5.000000
419 1.8264865875 2.755241 -5.000000 -1.686035 -5.000000 -5.000000 5.000000 5.000000 5.000000 -5.000000 -5.000000 -5.000000 5.000000 -5.000000 5.000000 5.000000
420 1.5759321451 -4.862426 5.000000 5.000000 -0.765152 -5.000000 -5.000000 5.000000 -5.000000 -5.000000 -5.000000 -5.000000 -5.000000 -5.000000 5.000000 5.000000
421 1.6156928539 -4.344378 -5.000000 -1.944936 5.000000 -5.000000 5.000000 5.000000 -5.000000 -5.000000 5.000000 -5.000000 5.000000 5.000000 5.000000 5.000000
422 1.4470568895 -4.164890 -5.000000 1.227208 5.000000 -3.149801 -5.000000 5.000000 5.000000 -5.000000 5.000000 5.000000 5.000000 5.000000 5.000000 5.000000
423 2.1762149334 -3.484610 -5.000000 -5.000000 5.000000 5.000000 -5.000000 -5.000000 5.000000 -5.000000 5.000000 -5.000000 5.000000 -5.000000 5.000000 -5.000000
424 2.1891431808 1.115640 -1.370400 5.000000 2.338138 -5.000000 -5.000000 4.719493 5.000000 -5.000000 4.757937 2.869411 5.000000 5.000000 3.879203 5.000000
425 1.6501059532 3.339720 -5.000000 -2.718650 -5.000000 5.000000 5.000000 -5.000000 -5.000000 -5.000000 5.000000 5.000000 -5.000000 5.000000 -5.000000 -5.000000
426 1.7047972679 3.573670 5.000000 -1.838418 5.000000 5.000000 5.000000 -5.000000 -5.000000 -5.000000 -5.000000 5.000000 5.000000 5.000000 -5.000000 -5.000000
427 1.8089067936 5.000000 -5.000000 -0.756006 5.000000 5.000000 5.000000 5.000000 5.000000 5.000000 -5.000000 5.000000 5.000000 5.000000 5.000000 -5.000000
428 1.5477772951 3.097890 -5.000000 -0.978277 5.000000 -5.000000 5.000000 5.000000 5.000000 5.000000 -5.000000 -5.000000 5.000000 5.000000 -5.000000 5.000000
429 1.6535296440 3.068731 5.000000 -1.028405 -5.000000 5.000000 -2.227658 -5.000000 5.000000 5.000000 -5.000000 5.000000 5.000000 5.000000 -5.000000 -5.000000
430 1.7710756063 4.161241 5.000000 5.000000 -5.000000 -5.000000 5.000000 5.000000 5.000000 -5.000000 5.000000 -5.000000 5.000000 0.680641 -5.000000 -5.000000
431 1.9009002447 2.246259 5.000000 0.091002 5.000000 -5.000000 5.000000 5.000000 -5.000000 -5.000000 5.000000 5.000000 5.000000 5.000000 -5.000000 -5.000000
432 1.3836673498 -3.926194 5.000000 1.909585 5.000000 -5.000000 5.000000 5.000000 5.000000 4.972949 -5.000000 -5.000000 5.000000 4.092674 -5.000000 2.513075
433 1.9057924747 -5.000000 5.000000 -1.210376 5.000000 5.000000 5.000000 -5.000000 -5.000000 -5.000000 5.000000 -5.000000 5.000000 5.000000 5.000000 5.000000
434 1.4403077364 -4.020112 5.000000 1.739795 5.000000 -5.000000 5.000000 5.000000 5.000000 -5.000000 -5.000000 -5.000000 5.000000 -5.000000 5.000000 5.000000
435 2.1405391693 -2.221926 5.000000 1.046645 -5.000000 2.174109 5.000000 -5.000000 -5.000000 5.000000 5.000000 -5.000000 5.000000 5.000000 5.000000 -5.000000
436 1.4246283770 -3.356885 -5.000000 1.627777 1.244426 -3.113863 -5.000000 5.000000 5.000000 -5.000000 5.000000 -5.000000 5.000000 5.000000 5.000000 5.000000
437 1.8167496920 3.481206 -5.000000 -1.032048 5.000000 -5.000000 5.000000 -5.000000 5.000000 -5.000000 5.000000 5.000000 5.000000 -5.000000 5.000000 5.000000
438 2.1093018055 2.232623 0.826785 0.690228 -0.405405 1.783818 0.507648 1.425634 2.210266 -4.329524 -4.838284 -1.495352 3.969623 -1.988786 -2.069484 -4.755661
439 2.0375812054 -2.285693 5.000000 1.989875 0.138274 5.000000 5.000000 -5.000000 -5.000000 5.000000 5.000000 5.000000 -5.000000 5.000000 -5.000000 5.000000
440 1.6875492334 -5.000000 -5.000000 1.826863 5.000000 -5.000000 -5.000000 -1.018044 5.000000 -5.000000 5.000000 5.000000 5.000000 -5.000000 5.000000 5.000000
441 1.4730896950 -5.000000 -5.000000 1.259223 5.000000 0.634732 5.000000 5.000000 -5.000000 -5.000000 5.000000 -5.000000 -5.000000 -5.000000 5.000000 5.000000
442 1.7266619205 5.000000 -5.000000 -0.616730 5.000000 5.000000 5.000000 -5.000000 5.000000 -5.000000 -5.000000 -5.000000 -5.000000 -5.000000 5.000000 -5.000000
443 1.7218266726 -2.971671 -5.000000 -1.439940 -5.000000 -0.610803 3.780818 -0.446131 -5.000000 3.054328 5.000000 5.000000 5.000000 5.000000 5.000000 5.000000
444 1.4477200508 -5.000000 -5.000000 0.972708 3.507970 -3.666095 -5.000000 5.000000 4.998839 1.232825 -5.000000 -5.000000 2.039015 5.000000 -4.777376 5.000000
445 1.6602998972 2.966636 -5.000000 -0.776754 -5.000000 -0.376275 5.000000 -5.000000 5.000000 -5.000000 -5.000000 5.000000 5.000000 5.000000 -5.000000 5.000000
446 1.6660834551 -5.000000 -5.000000 -0.265057 5.000000 1.120826 5.000000 1.352752 5.000000 -5.000000 -5.000000 -5.000000 5.000000 5.000000 5.000000 5.000000
447 2.0707876682 -3.542764 5.000000 -5.000000 -5.000000 5.000000 5.000000 -0.013092 -5.000000 -5.000000 -5.000000 -5.000000 5.000000 5.000000 -5.000000 -5.000000
448 1.7374430895 3.363826 -5.000000 -1.553093 5.000000 -5.000000 5.000000 5.000000 -5.000000 5.000000 5.000000 5.000000 -5.000000 5.000000 -5.000000 -5.000000
449 1.6990998983 -5.000000 -5.000000 1.851623 -5.000000 5.000000 5.000000 -0.977218 5.000000 -5.000000 5.000000 5.000000 -5.000000 -5.000000 5.000000 5.000000
450 1.4643216133 -3.589663 -5.000000 -0.976115 5.000000 -0.736879 5.000000 5.000000 5.000000 5.000000 5.000000 -5.000000 5.000000 5.000000 5.000000 5.000000
