evaluations raw_y x0 x1 x2 x3 x4 x5 x6 x7 x8 x9 x10 x11 x12 x13 x14
1 3.7629785665 -0.248928 0.248928 0.248928 -0.248928 0.248928 0.248928 -0.248928 0.248928 0.248928 -0.248928 -0.248928 0.248928 0.248928 0.248928 0.248928
2 2.2475890339 0.601231 -0.601231 -0.601231 0.601231 -0.601231 -0.601231 0.601231 -0.601231 -0.601231 0.601231 0.601231 -0.601231 -0.601231 -0.601231 -0.601231
3 -0.7441919028 4.877833 -4.877833 -4.877833 4.877833 -4.877833 -4.877833 4.877833 -4.877833 -4.877833 4.877833 4.877833 -4.877833 -4.877833 -4.877833 -4.877833
4 -0.0939354243 -4.605106 4.605106 4.605106 -4.605106 4.605106 4.605106 -4.605106 4.605106 4.605106 -4.605106 -4.605106 4.605106 4.605106 4.605106 4.605106
5 0.9796662734 -2.540968 2.540968 2.540968 -2.540968 2.540968 2.540968 -2.540968 2.540968 2.540968 -2.540968 -2.540968 2.540968 2.540968 2.540968 2.540968
6 0.8748514089 2.820915 -2.820915 -2.820915 2.820915 -2.820915 -2.820915 2.820915 -2.820915 -2.820915 2.820915 2.820915 -2.820915 -2.820915 -2.820915 -2.820915
7 0.9423541189 2.326088 -2.326088 -2.326088 2.326088 -2.326088 -2.326088 2.326088 -2.326088 -2.326088 2.326088 2.326088 -2.326088 -2.326088 -2.326088 -2.326088
8 2.2721822505 -1.981064 1.981064 1.981064 -1.981064 1.981064 1.981064 -1.981064 1.981064 1.981064 -1.981064 -1.981064 1.981064 1.981064 1.981064 1.981064
9 2.5673571002 -1.701131 1.701131 1.701131 -1.701131 1.701131 1.701131 -1.701131 1.701131 1.701131 -1.701131 -1.701131 1.701131 1.701131 1.701131 1.701131
10 2.2539570612 1.356181 -1.356181 -1.356181 1.356181 -1.356181 -1.356181 1.356181 -1.356181 -1.356181 1.356181 1.356181 -1.356181 -1.356181 -1.356181 -1.356181
11 -0.6390613143 3.166006 -3.166006 -3.166006 3.166006 -3.166006 -3.166006 3.166006 -3.166006 -3.166006 3.166006 3.166006 -3.166006 -3.166006 -3.166006 -3.166006
12 1.9730493270 -3.446027 3.446027 3.446027 -3.446027 3.446027 3.446027 -3.446027 3.446027 3.446027 -3.446027 -3.446027 3.446027 3.446027 3.446027 3.446027
13 -0.2204595090 -4.252870 4.252870 4.252870 -4.252870 4.252870 4.252870 -4.252870 4.252870 4.252870 -4.252870 -4.252870 4.252870 4.252870 4.252870 4.252870
14 -0.3581638182 3.980218 -3.980218 -3.980218 3.980218 -3.980218 -3.980218 3.980218 -3.980218 -3.980218 3.980218 3.980218 -3.980218 -3.980218 -3.980218 -3.980218
15 1.9803119255 0.873970 -0.873970 -0.873970 0.873970 -0.873970 -0.873970 0.873970 -0.873970 -0.873970 0.873970 0.873970 -0.873970 -0.873970 -0.873970 -0.873970
16 2.7586084022 -1.226348 1.226348 1.226348 -1.226348 1.226348 1.226348 -1.226348 1.226348 1.226348 -1.226348 -1.226348 1.226348 1.226348 1.226348 1.226348
17 2.3156127051 -0.714216 0.714216 0.714216 -0.714216 0.714216 0.714216 -0.714216 0.714216 0.714216 -0.714216 -0.714216 0.714216 0.714216 0.714216 0.714216
18 3.2268561691 1.072382 -1.072382 -1.072382 1.072382 -1.072382 -1.072382 1.072382 -1.072382 -1.072382 1.072382 1.072382 -1.072382 -1.072382 -1.072382 -1.072382
19 0.3157221936 4.093106 -4.093106 -4.093106 4.093106 -4.093106 -4.093106 4.093106 -4.093106 -4.093106 4.093106 4.093106 -4.093106 -4.093106 -4.093106 -4.093106
20 -0.7681952418 -3.826261 3.826261 3.826261 -3.826261 3.826261 3.826261 -3.826261 3.826261 3.826261 -3.826261 -3.826261 3.826261 3.826261 3.826261 3.826261
21 1.9736932366 -3.324540 3.324540 3.324540 -3.324540 3.324540 3.324540 -3.324540 3.324540 3.324540 -3.324540 -3.324540 3.324540 3.324540 3.324540 3.324540
22 -1.0860436443 3.598772 -3.598772 -3.598772 3.598772 -3.598772 -3.598772 3.598772 -3.598772 -3.598772 3.598772 3.598772 -3.598772 -3.598772 -3.598772 -3.598772
23 0.2219478103 1.859674 -1.859674 -1.859674 1.859674 -1.859674 -1.859674 1.859674 -1.859674 -1.859674 1.859674 1.859674 -1.859674 -1.859674 -1.859674 -1.859674
24 2.0635242696 -1.508917 1.508917 1.508917 -1.508917 1.508917 1.508917 -1.508917 1.508917 1.508917 -1.508917 -1.508917 1.508917 1.508917 1.508917 1.508917
25 0.8931558109 -2.484632 2.484632 2.484632 -2.484632 2.484632 2.484632 -2.484632 2.484632 2.484632 -2.484632 -2.484632 2.484632 2.484632 2.484632 2.484632
26 0.1088447310 2.133800 -2.133800 -2.133800 2.133800 -2.133800 -2.133800 2.133800 -2.133800 -2.133800 2.133800 2.133800 -2.133800 -2.133800 -2.133800 -2.133800
27 0.9220799195 2.699502 -2.699502 -2.699502 2.699502 -2.699502 -2.699502 2.699502 -2.699502 -2.699502 2.699502 2.699502 -2.699502 -2.699502 -2.699502 -2.699502
28 1.6026332995 -2.973660 2.973660 2.973660 -2.973660 2.973660 2.973660 -2.973660 2.973660 2.973660 -2.973660 -2.973660 2.973660 2.973660 2.973660 2.973660
29 0.2808947869 -4.718068 4.718068 4.718068 -4.718068 4.718068 4.718068 -4.718068 4.718068 4.718068 -4.718068 -4.718068 4.718068 4.718068 4.718068 4.718068
30 -1.0936136997 4.451150 -4.451150 -4.451150 4.451150 -4.451150 -4.451150 4.451150 -4.451150 -4.451150 4.451150 4.451150 -4.451150 -4.451150 -4.451150 -4.451150
31 2.2801241035 0.089173 -0.089173 -0.089173 0.089173 -0.089173 -0.089173 0.089173 -0.089173 -0.089173 0.089173 0.089173 -0.089173 -0.089173 -0.089173 -0.089173
32 4.0343506293 -0.447266 0.447266 0.447266 -0.447266 0.447266 0.447266 -0.447266 0.447266 0.447266 -0.447266 -0.447266 0.447266 0.447266 0.447266 0.447266
33 2.7604690731 -0.551002 0.551002 0.551002 -0.551002 0.551002 0.551002 -0.551002 0.551002 0.551002 -0.551002 -0.551002 0.551002 0.551002 0.551002 0.551002
34 2.3744409061 0.278369 -0.278369 -0.278369 0.278369 -0.278369 -0.278369 0.278369 -0.278369 -0.278369 0.278369 0.278369 -0.278369 -0.278369 -0.278369 -0.278369
35 -0.6650070102 4.554934 -4.554934 -4.554934 4.554934 -4.554934 -4.554934 4.554934 -4.554934 -4.554934 4.554934 4.554934 -4.554934 -4.554934 -4.554934 -4.554934
36 -1.4108844776 -4.907292 4.907292 4.907292 -4.907292 4.907292 4.907292 -4.907292 4.907292 4.907292 -4.907292 -4.907292 4.907292 4.907292 4.907292 4.907292
37 1.3701985522 -2.862563 2.862563 2.862563 -2.862563 2.862563 2.862563 -2.862563 2.862563 2.862563 -2.862563 -2.862563 2.862563 2.862563 2.862563 2.862563
38 1.1334612260 2.517594 -2.517594 -2.517594 2.517594 -2.517594 -2.517594 2.517594 -2.517594 -2.517594 2.517594 2.517594 -2.517594 -2.517594 -2.517594 -2.517594
39 0.0701668116 2.022731 -2.022731 -2.022731 2.022731 -2.022731 -2.022731 2.022731 -2.022731 -2.022731 2.022731 2.022731 -2.022731 -2.022731 -2.022731 -2.022731
40 0.8955611408 -2.302772 2.302772 2.302772 -2.302772 2.302772 2.302772 -2.302772 2.302772 2.302772 -2.302772 -2.302772 2.302772 2.302772 2.302772 2.302772
41 2.8014251797 -1.397846 1.397846 1.397846 -1.397846 1.397846 1.397846 -1.397846 1.397846 1.397846 -1.397846 -1.397846 1.397846 1.397846 1.397846 1.397846
42 1.7023366728 1.677812 -1.677812 -1.677812 1.677812 -1.677812 -1.677812 1.677812 -1.677812 -1.677812 1.677812 1.677812 -1.677812 -1.677812 -1.677812 -1.677812
43 -2.2912571656 3.487673 -3.487673 -3.487673 3.487673 -3.487673 -3.487673 3.487673 -3.487673 -3.487673 3.487673 3.487673 -3.487673 -3.487673 -3.487673 -3.487673
44 1.5757701745 -3.142630 3.142630 3.142630 -3.142630 3.142630 3.142630 -3.142630 3.142630 3.142630 -3.142630 -3.142630 3.142630 3.142630 3.142630 3.142630
45 -0.1970932934 -3.930044 3.930044 3.930044 -3.930044 3.930044 3.930044 -3.930044 3.930044 3.930044 -3.930044 -3.930044 3.930044 3.930044 3.930044 3.930044
46 -2.5702008422 3.414599 -3.414599 -3.414599 3.414599 -3.414599 -3.414599 3.414599 -3.414599 -3.414599 3.414599 3.414599 -3.414599 -3.414599 -3.414599 -3.414599
47 -2.5585301367 3.407459 -3.407459 -3.407459 3.407459 -3.407459 -3.407459 3.407459 -3.407459 -3.407459 3.407459 3.407459 -3.407459 -3.407459 -3.407459 -3.407459
48 -2.5739077638 3.419195 -3.419195 -3.419195 3.419195 -3.419195 -3.419195 3.419195 -3.419195 -3.419195 3.419195 3.419195 -3.419195 -3.419195 -3.419195 -3.419195
49 -2.5746863788 3.423270 -3.423270 -3.423270 3.423270 -3.423270 -3.423270 3.423270 -3.423270 -3.423270 3.423270 3.423270 -3.423270 -3.423270 -3.423270 -3.423270
50 -2.5746203916 3.423764 -3.423764 -3.423764 3.423764 -3.423764 -3.423764 3.423764 -3.423764 -3.423764 3.423764 3.423764 -3.423764 -3.423764 -3.423764 -3.423764
51 -2.5746404463 3.423639 -3.423639 -3.423639 3.423639 -3.423639 -3.423639 3.423639 -3.423639 -3.423639 3.423639 3.423639 -3.423639 -3.423639 -3.423639 -3.423639
52 -2.5747186306 3.422416 -3.422416 -3.422416 3.422416 -3.422416 -3.422416 3.422416 -3.422416 -3.422416 3.422416 3.422416 -3.422416 -3.422416 -3.422416 -3.422416
53 -2.5747204494 3.422556 -3.422556 -3.422556 3.422556 -3.422556 -3.422556 3.422556 -3.422556 -3.422556 3.422556 3.422556 -3.422556 -3.422556 -3.422556 -3.422556
