evaluations raw_y x0 x1 x2 x3 x4 x5 x6 x7 x8 x9 x10 x11 x12 x13 x14
1 2.0624213697 0.248928 0.248928 -0.248928 0.248928 0.248928 0.248928 -0.248928 0.248928 0.248928 0.248928 -0.248928 0.248928 -0.248928 0.248928 -0.248928
2 0.5641080416 -0.601231 -0.601231 0.601231 -0.601231 -0.601231 -0.601231 0.601231 -0.601231 -0.601231 -0.601231 0.601231 -0.601231 0.601231 -0.601231 0.601231
3 4.2161053428 -4.877833 -4.877833 4.877833 -4.877833 -4.877833 -4.877833 4.877833 -4.877833 -4.877833 -4.877833 4.877833 -4.877833 4.877833 -4.877833 4.877833
4 -1.6652717942 4.605106 4.605106 -4.605106 4.605106 4.605106 4.605106 -4.605106 4.605106 4.605106 4.605106 -4.605106 4.605106 -4.605106 4.605106 -4.605106
5 6.8862915603 2.540968 2.540968 -2.540968 2.540968 2.540968 2.540968 -2.540968 2.540968 2.540968 2.540968 -2.540968 2.540968 -2.540968 2.540968 -2.540968
6 -2.8546912858 -2.820915 -2.820915 2.820915 -2.820915 -2.820915 -2.820915 2.820915 -2.820915 -2.820915 -2.820915 2.820915 -2.820915 2.820915 -2.820915 2.820915
7 2.1693789180 -2.326088 -2.326088 2.326088 -2.326088 -2.326088 -2.326088 2.326088 -2.326088 -2.326088 -2.326088 2.326088 -2.326088 2.326088 -2.326088 2.326088
8 -0.6539995756 1.981064 1.981064 -1.981064 1.981064 1.981064 1.981064 -1.981064 1.981064 1.981064 1.981064 -1.981064 1.981064 -1.981064 1.981064 -1.981064
9 1.2588180232 1.701131 1.701131 -1.701131 1.701131 1.701131 1.701131 -1.701131 1.701131 1.701131 1.701131 -1.701131 1.701131 -1.701131 1.701131 -1.701131
10 0.2214154896 -1.356181 -1.356181 1.356181 -1.356181 -1.356181 -1.356181 1.356181 -1.356181 -1.356181 -1.356181 1.356181 -1.356181 1.356181 -1.356181 1.356181
11 0.8216918414 -3.166006 -3.166006 3.166006 -3.166006 -3.166006 -3.166006 3.166006 -3.166006 -3.166006 -3.166006 3.166006 -3.166006 3.166006 -3.166006 3.166006
12 0.9234748273 3.446027 3.446027 -3.446027 3.446027 3.446027 3.446027 -3.446027 3.446027 3.446027 3.446027 -3.446027 3.446027 -3.446027 3.446027 -3.446027
13 1.2401714774 4.252870 4.252870 -4.252870 4.252870 4.252870 4.252870 -4.252870 4.252870 4.252870 4.252870 -4.252870 4.252870 -4.252870 4.252870 -4.252870
14 0.0343686599 -3.980218 -3.980218 3.980218 -3.980218 -3.980218 -3.980218 3.980218 -3.980218 -3.980218 -3.980218 3.980218 -3.980218 3.980218 -3.980218 3.980218
15 1.0043697889 -0.873970 -0.873970 0.873970 -0.873970 -0.873970 -0.873970 0.873970 -0.873970 -0.873970 -0.873970 0.873970 -0.873970 0.873970 -0.873970 0.873970
16 2.1874357688 1.226348 1.226348 -1.226348 1.226348 1.226348 1.226348 -1.226348 1.226348 1.226348 1.226348 -1.226348 1.226348 -1.226348 1.226348 -1.226348
17 2.1085242834 0.714216 0.714216 -0.714216 0.714216 0.714216 0.714216 -0.714216 0.714216 0.714216 0.714216 -0.714216 0.714216 -0.714216 0.714216 -0.714216
18 0.3732061951 -1.072382 -1.072382 1.072382 -1.072382 -1.072382 -1.072382 1.072382 -1.072382 -1.072382 -1.072382 1.072382 -1.072382 1.072382 -1.072382 1.072382
19 1.3844907880 -4.093106 -4.093106 4.093106 -4.093106 -4.093106 -4.093106 4.093106 -4.093106 -4.093106 -4.093106 4.093106 -4.093106 4.093106 -4.093106 4.093106
20 2.2746617464 3.826261 3.826261 -3.826261 3.826261 3.826261 3.826261 -3.826261 3.826261 3.826261 3.826261 -3.826261 3.826261 -3.826261 3.826261 -3.826261
21 1.5510098767 3.324540 3.324540 -3.324540 3.324540 3.324540 3.324540 -3.324540 3.324540 3.324540 3.324540 -3.324540 3.324540 -3.324540 3.324540 -3.324540
22 -0.7608972272 -3.598772 -3.598772 3.598772 -3.598772 -3.598772 -3.598772 3.598772 -3.598772 -3.598772 -3.598772 3.598772 -3.598772 3.598772 -3.598772 3.598772
23 2.9835058641 -1.859674 -1.859674 1.859674 -1.859674 -1.859674 -1.859674 1.859674 -1.859674 -1.859674 -1.859674 1.859674 -1.859674 1.859674 -1.859674 1.859674
24 0.9853487035 1.508917 1.508917 -1.508917 1.508917 1.508917 1.508917 -1.508917 1.508917 1.508917 1.508917 -1.508917 1.508917 -1.508917 1.508917 -1.508917
25 6.4324665392 2.484632 2.484632 -2.484632 2.484632 2.484632 2.484632 -2.484632 2.484632 2.484632 2.484632 -2.484632 2.484632 -2.484632 2.484632 -2.484632
26 -1.0146473759 -2.133800 -2.133800 2.133800 -2.133800 -2.133800 -2.133800 2.133800 -2.133800 -2.133800 -2.133800 2.133800 -2.133800 2.133800 -2.133800 2.133800
27 -0.1732980046 -2.699502 -2.699502 2.699502 -2.699502 -2.699502 -2.699502 2.699502 -2.699502 -2.699502 -2.699502 2.699502 -2.699502 2.699502 -2.699502 2.699502
28 -0.2650607790 2.973660 2.973660 -2.973660 2.973660 2.973660 2.973660 -2.973660 2.973660 2.973660 2.973660 -2.973660 2.973660 -2.973660 2.973660 -2.973660
29 -0.0127478504 4.718068 4.718068 -4.718068 4.718068 4.718068 4.718068 -4.718068 4.718068 4.718068 4.718068 -4.718068 4.718068 -4.718068 4.718068 -4.718068
30 0.8986844352 -4.451150 -4.451150 4.451150 -4.451150 -4.451150 -4.451150 4.451150 -4.451150 -4.451150 -4.451150 4.451150 -4.451150 4.451150 -4.451150 4.451150
31 4.0465683851 -0.089173 -0.089173 0.089173 -0.089173 -0.089173 -0.089173 0.089173 -0.089173 -0.089173 -0.089173 0.089173 -0.089173 0.089173 -0.089173 0.089173
32 0.5922403047 0.447266 0.447266 -0.447266 0.447266 0.447266 0.447266 -0.447266 0.447266 0.447266 0.447266 -0.447266 0.447266 -0.447266 0.447266 -0.447266
33 2.0013321925 0.551002 0.551002 -0.551002 0.551002 0.551002 0.551002 -0.551002 0.551002 0.551002 0.551002 -0.551002 0.551002 -0.551002 0.551002 -0.551002
34 -1.8048196040 -0.278369 -0.278369 0.278369 -0.278369 -0.278369 -0.278369 0.278369 -0.278369 -0.278369 -0.278369 0.278369 -0.278369 0.278369 -0.278369 0.278369
35 -1.0389678110 -4.554934 -4.554934 4.554934 -4.554934 -4.554934 -4.554934 4.554934 -4.554934 -4.554934 -4.554934 4.554934 -4.554934 4.554934 -4.554934 4.554934
36 4.4152528600 4.907292 4.907292 -4.907292 4.907292 4.907292 4.907292 -4.907292 4.907292 4.907292 4.907292 -4.907292 4.907292 -4.907292 4.907292 -4.907292
37 0.0221812960 2.862563 2.862563 -2.862563 2.862563 2.862563 2.862563 -2.862563 2.862563 2.862563 2.862563 -2.862563 2.862563 -2.862563 2.862563 -2.862563
38 4.4425300821 -2.517594 -2.517594 2.517594 -2.517594 -2.517594 -2.517594 2.517594 -2.517594 -2.517594 -2.517594 2.517594 -2.517594 2.517594 -2.517594 2.517594
39 -0.0515680594 -2.022731 -2.022731 2.022731 -2.022731 -2.022731 -2.022731 2.022731 -2.022731 -2.022731 -2.022731 2.022731 -2.022731 2.022731 -2.022731 2.022731
40 2.0138678197 2.302772 2.302772 -2.302772 2.302772 2.302772 2.302772 -2.302772 2.302772 2.302772 2.302772 -2.302772 2.302772 -2.302772 2.302772 -2.302772
41 1.6558599264 1.397846 1.397846 -1.397846 1.397846 1.397846 1.397846 -1.397846 1.397846 1.397846 1.397846 -1.397846 1.397846 -1.397846 1.397846 -1.397846
42 1.0919327602 -1.677812 -1.677812 1.677812 -1.677812 -1.677812 -1.677812 1.677812 -1.677812 -1.677812 -1.677812 1.677812 -1.677812 1.677812 -1.677812 1.677812
43 -0.5414707613 -3.487673 -3.487673 3.487673 -3.487673 -3.487673 -3.487673 3.487673 -3.487673 -3.487673 -3.487673 3.487673 -3.487673 3.487673 -3.487673 3.487673
44 2.6600105916 3.142630 3.142630 -3.142630 3.142630 3.142630 3.142630 -3.142630 3.142630 3.142630 3.142630 -3.142630 3.142630 -3.142630 3.142630 -3.142630
45 0.7752674790 3.930044 3.930044 -3.930044 3.930044 3.930044 3.930044 -3.930044 3.930044 3.930044 3.930044 -3.930044 3.930044 -3.930044 3.930044 -3.930044
46 -2.8559061684 -2.821085 -2.821085 2.821085 -2.821085 -2.821085 -2.821085 2.821085 -2.821085 -2.821085 -2.821085 2.821085 -2.821085 2.821085 -2.821085 2.821085
47 -2.9027655667 -2.848559 -2.848559 2.848559 -2.848559 -2.848559 -2.848559 2.848559 -2.848559 -2.848559 -2.848559 2.848559 -2.848559 2.848559 -2.848559 2.848559
48 -2.9131110792 -2.840771 -2.840771 2.840771 -2.840771 -2.840771 -2.840771 2.840771 -2.840771 -2.840771 -2.840771 2.840771 -2.840771 2.840771 -2.840771 2.840771
49 -2.8969610189 -2.850790 -2.850790 2.850790 -2.850790 -2.850790 -2.850790 2.850790 -2.850790 -2.850790 -2.850790 2.850790 -2.850790 2.850790 -2.850790 2.850790
50 0.9501107100 -3.764810 -3.764810 3.764810 -3.764810 -3.764810 -3.764810 3.764810 -3.764810 -3.764810 -3.764810 3.764810 -3.764810 3.764810 -3.764810 3.764810
