evaluations raw_y x0 x1 x2 x3 x4 x5 x6 x7 x8 x9 x10 x11 x12 x13 x14
1 0.6584331013 -1.382955 2.925462 4.937062 -3.991753 -3.063103 3.917250 -4.436088 1.431028 4.345717 -0.307824 -0.404220 2.728266 -0.468570 -4.794991 0.036609
2 0.1247642939 1.632943 0.920158 4.753004 -1.778173 -1.659600 3.000244 -4.791038 0.491563 3.468863 -0.302535 -2.999696 4.279315 -0.172141 -4.917350 -0.310452
3 0.6453888016 -0.328785 2.682455 4.999937 -3.372103 -3.566863 4.197435 -4.271124 2.236835 3.821715 0.575748 -2.142257 2.190186 -1.528317 -4.714757 0.709735
4 1.8528003786 0.967495 4.149674 3.548650 -3.222315 -4.395412 3.861905 -2.479277 1.858666 4.952251 0.628070 -1.816336 0.653873 -0.395289 -4.246243 -0.190684
5 0.2002067647 -0.655866 4.854172 4.706781 -2.687971 -2.964866 3.437225 -4.476324 1.560554 2.827439 1.950915 -1.235104 1.498112 -1.800366 -4.413119 0.359339
6 1.3565796159 2.323251 3.430821 3.579822 -2.946170 -2.330813 3.940438 -3.430265 1.571517 1.904158 1.084823 -1.352205 1.802427 0.617217 -4.958574 -0.197725
7 -0.2145343547 -0.897777 2.099136 2.995697 -2.478863 -2.885720 2.049252 -4.783351 0.223278 4.016809 -1.026915 -1.340269 2.236567 0.840318 -4.512406 -1.612471
8 0.7764386987 1.301162 2.663971 4.413576 -0.512888 -2.537777 4.552363 -4.060567 1.264741 4.413393 -0.101258 -0.434337 4.691486 -0.187433 -4.015783 0.735079
9 1.9269621130 1.789256 1.462231 3.930873 -3.910207 -1.345843 4.991806 -4.670760 2.478414 2.523478 -0.487453 0.185427 3.550255 -1.249890 -3.993897 1.198150
10 0.6776811124 -0.217365 2.184852 1.341624 -3.032796 -1.866198 4.547393 -4.988611 0.590911 4.153511 0.992310 -1.436407 0.938152 0.682300 -4.413790 -0.011107
11 1.7485007806 -1.174183 1.866621 4.829146 -3.754246 -4.999919 3.265964 -4.978297 1.063709 4.962291 -0.394753 -1.054409 1.257809 -0.614164 -4.791188 0.131323
12 1.5636027466 0.504417 3.530871 4.883434 -1.491302 -3.680046 3.052646 -4.383179 1.741870 3.202580 1.154819 -4.004240 0.679075 -0.780218 -4.425134 0.404668
13 1.4583606890 -0.721312 1.901358 4.309433 -0.603188 -1.165545 2.174586 -2.553219 1.414971 3.842267 1.107521 -3.989615 0.349833 -0.092121 -4.968937 -2.036156
14 2.8279070692 -2.672835 2.763275 3.340751 -2.523122 -3.740015 2.262989 -4.234096 0.190096 3.614274 0.842568 0.222346 4.183144 0.300998 -4.976306 0.220032
15 0.7258974179 -0.378828 2.432662 4.177040 -2.255733 -3.776849 2.355168 -3.279274 -0.183995 3.670522 0.838802 -2.197244 4.052085 0.935607 -4.666983 -0.494184
16 1.3857051129 -1.566206 3.142991 3.319160 -2.271703 -2.790196 1.266758 -3.861932 2.351818 3.002972 -1.108124 -3.565137 3.197486 0.534800 -4.724346 -1.085433
17 1.1139819173 0.246486 3.727850 3.920658 -2.560835 -1.845661 4.281354 -4.093221 1.038002 3.813155 -1.326284 -3.044855 3.428680 0.322544 -2.984711 -1.153426
18 1.6258432855 -0.920531 2.981747 3.689093 -2.811702 -3.370973 3.079822 -3.872365 0.150344 2.883510 -1.122847 -2.128393 2.568290 -0.952204 -3.850714 0.609881
19 1.4631899627 0.445276 0.588177 4.657614 -2.258418 -0.817314 1.822024 -4.964807 -0.368494 4.944761 0.455223 -4.235293 2.923076 0.744064 -4.836635 -0.675092
20 0.9299927100 1.531828 3.068932 3.885949 -1.422861 -2.641917 3.218749 -4.987133 -0.180543 4.775813 -0.180267 -1.221107 3.593771 0.681565 -3.715957 -0.370858
21 0.8323729818 -0.446248 2.224906 4.742957 -3.768411 -1.770149 3.004244 -4.999851 0.425514 3.426446 -1.005834 -1.636859 1.531668 -1.256561 -4.251683 -2.010861
22 0.3010215472 -1.013679 2.826071 4.303928 -2.830920 -2.582634 4.508469 -4.696972 0.733239 3.284400 -0.169764 -2.101025 1.970433 0.311745 -3.791145 -0.582168
23 2.2335923309 -2.717817 1.461743 4.980504 -2.417008 -1.681696 2.673185 -4.908552 -0.165990 3.300889 -0.309575 -1.838943 2.631239 0.078049 -4.532637 -0.544299
24 1.1756194287 -0.538672 3.458007 4.639522 -1.730113 -4.493754 2.434281 -4.386609 3.244042 4.488757 -1.909619 -2.074621 4.186964 -1.521011 -4.274936 -2.266115
25 1.7606789371 -1.674823 1.881225 4.773061 -1.031544 -3.261318 2.983027 -4.938644 0.926370 3.942501 -0.104994 -1.813217 3.859997 0.746067 -3.962095 -0.007817
26 1.2666049188 -1.368533 2.979479 3.415021 -2.720671 -1.867025 3.183925 -4.662015 1.084970 3.211312 0.628990 -2.206927 3.103281 -0.834480 -4.995699 -0.363567
27 -0.1101640569 -0.443343 3.197812 3.817634 -1.600710 -2.102397 1.904969 -3.912867 0.605206 4.395720 -0.324089 -3.149310 2.269621 -1.091913 -4.121053 -0.562539
28 2.3760986550 -0.117506 2.525618 4.389318 -2.694303 -3.056996 4.265042 -4.682866 0.098829 2.331166 1.064803 -2.081834 2.538149 -0.037027 -2.398458 -0.875736
29 2.0587966936 -1.698689 0.745174 4.172757 -3.787624 -3.270229 4.309622 -3.641684 -0.024709 2.426966 0.491121 -3.525312 2.438401 0.015266 -1.505252 -2.138606
30 2.0304257951 -1.245409 3.933016 4.991033 -2.537516 -2.022237 3.213437 -4.995653 -0.376740 3.487436 -1.140973 -2.574272 3.114921 1.621614 -4.980904 -1.244796
31 0.4345114935 -0.153846 3.504846 4.677835 -3.249022 -3.376047 3.991752 -4.628459 1.094522 4.878559 0.251325 -3.140299 1.976628 0.111752 -2.581513 -0.328238
32 1.7541546024 -0.143346 3.049379 4.855873 -0.901079 -2.007587 4.867326 -4.957898 0.380587 3.663745 -1.716242 -3.142532 1.952167 -0.105237 -4.553750 -0.143152
33 2.7521981982 0.342977 2.788762 4.944090 -4.993765 -2.483669 2.893349 -4.984442 -1.070108 2.176353 0.454259 -2.119654 2.850836 0.840496 -4.885974 1.196857
34 1.1102467917 0.043867 1.035253 4.637737 -1.586680 -2.539351 4.348641 -3.451307 0.699689 3.010592 -1.334862 -0.412340 2.814868 0.822386 -4.689630 -0.183794
35 0.4800703920 -0.340924 0.943618 4.846410 -2.599862 -2.404808 4.714168 -4.769179 0.278807 4.472773 -0.953891 -1.701010 4.710673 -0.642631 -3.433269 -2.267915
36 1.9070141551 -0.002428 0.615365 4.988646 -3.054686 -2.713794 3.469846 -4.482797 1.108368 4.066841 -0.205934 -1.522880 1.360809 0.580151 -4.733043 -1.857226
37 1.7487115221 0.325363 2.500586 4.324075 -3.191966 -2.393471 2.737264 -4.998945 -0.107693 3.558295 -0.362398 -3.085584 2.887806 -0.416772 -3.518800 -1.736581
38 1.8296701244 0.013750 1.391550 3.044919 -2.186237 -3.275026 4.908785 -3.308790 0.307762 4.990566 -0.643937 -2.563851 3.697404 0.540041 -4.128155 -0.703034
39 1.2188408650 0.803832 2.328723 4.651204 -1.554584 -2.665382 2.589649 -4.546516 -0.264888 3.610593 -0.831640 -1.986320 2.237703 0.377700 -4.144946 -2.616687
40 1.4081601834 -0.687428 1.564619 4.933943 -1.273360 -1.793473 4.579279 -4.476355 0.659181 4.175354 -0.187337 -1.410508 2.986716 -1.151498 -4.041225 -1.507442
41 1.8156656440 -2.158163 2.553274 3.615113 -2.264916 -0.660928 3.348950 -4.786506 -0.017110 3.445979 0.155522 -1.660083 1.341906 0.377596 -4.358906 0.594248
42 0.9555611962 -0.512132 2.742587 2.907545 -2.827879 -3.272284 3.561505 -4.494939 1.827490 4.876993 0.257916 -2.251702 2.452302 1.366616 -4.908624 1.194956
43 2.3474592580 -1.668826 2.908005 4.174142 -1.824528 -1.943340 3.554675 -4.999335 0.905108 4.819155 -1.602303 -4.642662 2.540207 -1.636445 -4.643830 -0.999681
44 1.4103744907 0.554353 3.123044 4.213360 -1.328483 -2.227020 2.663318 -3.550364 1.628046 4.097085 0.557087 -2.700983 3.364293 -2.158284 -3.473808 -0.063705
45 0.0172510882 -1.748909 1.999897 4.029868 -3.026632 -3.655480 4.538579 -3.705176 1.431938 3.367767 0.032679 -2.618327 3.724103 -0.235422 -4.527343 -1.470264
46 1.7437737174 0.946237 2.161862 4.910304 -3.787068 -3.765634 3.764923 -4.986676 1.014635 3.602940 -0.981308 -3.149787 2.402116 0.997733 -4.318460 -1.657507
47 1.2190199698 0.545743 3.086735 4.614297 -3.089839 -2.237585 4.910663 -4.777825 1.196972 2.793448 0.255887 -2.856331 3.898614 0.091243 -3.299751 -1.270060
48 0.7778630975 0.037794 1.607746 4.475671 -2.531263 -2.715307 3.251478 -4.113733 -0.343805 4.723813 -0.783089 -2.953261 3.643962 -0.127848 -4.103798 0.296940
49 0.1919263552 0.425330 2.402838 4.023151 -3.011622 -4.712007 4.728392 -3.568073 0.756410 3.573403 -0.623305 -3.024815 1.696714 -0.576331 -4.461808 -0.097682
50 1.1820054808 -1.400592 2.650861 4.854725 -3.390109 -2.932506 3.565530 -3.595291 -0.482285 3.622646 -0.682935 -2.706860 3.530139 0.140059 -3.988340 -1.723245
51 0.0515161389 -1.112135 1.430400 4.623903 -3.991413 -2.367026 4.809522 -4.255320 1.317507 3.830584 -0.385174 -2.473822 4.639302 -0.757460 -4.537538 -0.409753
52 2.2492375775 -1.189298 2.366534 4.611174 -2.171116 -1.867324 2.592411 -4.279898 0.459455 4.996978 -0.317272 -1.735153 3.147712 -0.043038 -3.956539 -0.752839
53 3.0406062321 -2.464628 0.650431 3.578183 -4.144278 -2.419313 4.004859 -4.429386 1.283163 3.295810 -0.777023 -1.526197 3.830281 0.975677 -4.864757 -0.139087
54 2.6875924924 0.268471 2.655840 4.335889 -1.931219 -4.921716 4.329870 -4.063534 0.288052 3.417226 -0.688836 -3.895922 1.678186 0.044806 -4.998612 -0.731802
55 2.8284016457 -0.344845 2.532605 3.448119 -3.661912 -4.853586 2.953029 -4.997985 0.670439 4.997307 -0.114306 -3.333558 2.918733 -0.137663 -3.960201 0.110361
56 2.8484488783 -1.363222 2.757685 4.290051 -2.517964 -3.284212 2.925474 -3.081812 -0.671817 3.756075 1.385129 -2.471724 2.982206 -0.016788 -4.998255 0.212077
57 0.8223474331 -0.649016 2.438401 4.658137 -2.382156 -4.432813 4.849326 -4.090699 0.853153 2.332979 -1.046943 -2.819070 3.804884 0.963545 -4.069285 -0.833556
58 1.3350236249 0.174372 1.382183 3.631894 -2.767030 -2.853588 3.936509 -4.208814 -0.449041 3.666402 -0.109934 -2.650929 2.772127 0.391020 -4.993033 -1.264102
59 1.2305100405 -0.563603 2.427282 4.876703 -3.915556 -3.402828 3.507075 -3.292988 1.237583 3.511148 1.102755 -2.489618 2.911037 0.841730 -4.997166 0.565832
60 0.6498692310 -0.167748 1.168831 3.528732 -2.390293 -2.878345 3.529358 -4.922801 0.355923 3.761739 -1.579559 -3.528079 3.785875 -0.976369 -4.439199 -0.347857
61 2.1738583561 -0.621344 1.455696 4.120120 -1.417431 -3.092526 4.924430 -4.412720 0.239620 2.739464 -1.955568 -3.100039 2.594221 -1.139924 -4.894854 0.110311
62 1.5989575830 -0.350733 3.016499 4.342319 -1.936274 -3.497128 3.594453 -2.685428 1.287049 3.706325 -1.780832 -4.303524 3.987971 -1.076299 -4.995041 0.335955
63 -0.2375457920 -2.246230 0.367684 4.019265 -2.785010 -2.714276 4.639661 -3.468697 1.502954 2.770590 0.299463 -2.762208 3.310440 -0.621145 -4.515699 -1.325176
64 0.3588724487 -0.361224 2.157294 4.685198 -3.985684 -3.347203 4.793904 -4.241267 1.280669 4.003974 -0.878039 -3.459881 3.271382 0.008967 -3.658167 -0.064817
65 0.7774934218 -1.500606 1.502150 4.414730 -2.848484 -3.085342 2.933731 -2.711263 0.166405 3.292672 -1.434573 -3.248457 3.490583 1.097397 -4.994595 -0.774785
66 1.0548627348 -1.054454 1.505419 4.445221 -3.127312 -3.597938 3.967025 -4.992993 2.422245 4.467862 0.794192 -2.234662 4.129405 -0.527576 -4.785367 -0.017843
67 -0.0093646377 -0.464710 2.321356 4.573499 -3.039916 -3.370053 4.982465 -4.140256 2.065893 4.099829 0.804806 -3.121487 4.316269 -0.708845 -4.160509 -0.495201
68 1.5426102073 0.502625 0.573501 4.793497 -3.224381 -2.112733 4.766551 -4.340835 1.101594 3.471917 0.224819 -3.775904 3.272355 -2.497250 -4.048614 -0.230686
69 0.8487242570 -0.534720 1.194306 3.983894 -3.878253 -4.022885 3.891328 -3.383697 1.014391 2.418983 -0.520560 -1.137044 4.337177 -0.659433 -4.956229 -0.756701
70 0.8864591948 -0.310670 2.560135 4.752752 -3.852150 -3.850953 3.507702 -4.917863 0.438570 3.833815 -0.795005 -2.683375 3.470152 -1.033516 -4.998905 0.224667
71 0.3511094036 0.412930 2.055203 3.097873 -2.685186 -3.532408 3.846144 -4.778153 0.263149 4.227868 -0.769839 -3.735319 4.271628 -0.239056 -4.540036 -0.054201
72 1.0442939920 -1.899394 1.272589 3.436867 -3.261787 -3.312309 3.927934 -4.258197 0.289895 4.367890 -1.234340 -2.130845 3.877256 -1.488800 -4.497405 -0.081305
73 -0.1646767145 -0.288407 1.435446 4.915170 -3.160267 -3.046547 4.858629 -3.442045 2.072055 4.862236 0.986978 -2.892868 4.106447 -2.086003 -4.902535 -0.244717
74 1.5497179567 -0.559619 1.390695 4.437773 -2.399891 -4.570782 4.800073 -3.291470 2.271122 3.138664 1.057643 -3.014886 2.743818 -0.125477 -4.039281 -0.146574
75 2.4378614634 -1.177926 2.245665 4.998871 -3.684209 -2.370204 3.872323 -4.334402 0.081142 3.441241 0.184107 -3.792544 3.826652 -1.113095 -4.853820 -2.930182
76 1.1535797813 -1.729042 0.910268 2.922752 -3.088173 -3.316794 4.660151 -3.292147 0.114180 2.997467 0.677108 -2.353261 3.911696 -1.786854 -3.244230 -0.406072
77 2.1210330933 0.087303 0.491256 4.970938 -3.333740 -2.798169 4.336384 -3.721380 0.136042 4.483850 -0.591152 -2.147533 2.957407 -0.772318 -4.389437 -1.490296
78 -0.0631541101 -0.830129 1.211637 4.526603 -3.302857 -4.264727 4.647503 -2.675828 2.115305 2.273551 1.559022 -3.316219 3.670882 -0.703071 -4.957861 -0.267536
79 0.8956457912 -0.200284 0.204462 3.480849 -3.202821 -2.933483 3.777705 -4.245456 1.940639 3.903413 -1.223774 -2.778857 3.574162 -0.000458 -4.392887 -0.333594
80 0.7360163130 -1.578307 0.635017 3.858590 -1.836052 -3.783201 3.766801 -3.350885 0.649083 3.306478 -0.271130 -3.531641 3.951719 -0.319845 -4.078810 -0.863779
81 0.4067557949 -2.103797 1.951166 3.935909 -3.297586 -2.129280 4.848648 -4.992008 -0.185888 3.411706 -0.364996 -3.145093 2.418755 -0.864411 -3.849935 -1.372233
82 0.1706387083 -0.993321 3.265977 3.852772 -2.814153 -3.550023 4.596149 -3.786334 2.253352 2.764583 -0.036481 -4.047232 2.229315 -0.894038 -3.662038 -0.373810
83 1.8523219422 -1.816939 0.639113 4.278640 -3.442471 -4.397080 4.085364 -4.172292 1.507808 3.240591 0.825090 -3.525255 3.279898 -0.151194 -4.096928 -1.240241
84 0.5842663352 -0.726962 1.350656 4.935540 -1.983531 -3.467050 3.664838 -3.074242 0.896896 3.600008 -0.174406 -4.549739 4.609835 1.090907 -4.408357 -0.853202
85 3.4823534264 -1.860375 2.461088 4.932161 -2.355800 -3.050890 4.903790 -3.067389 1.200612 3.629376 -1.147188 -3.133526 2.662938 -2.539395 -3.857512 -0.111731
86 0.6021951968 0.140689 3.782525 4.801126 -2.943360 -3.851178 4.100478 -3.528251 2.001980 4.537981 1.629122 -2.604902 4.381642 -0.147412 -3.839332 0.291804
87 -0.2486163687 -0.657150 0.771461 4.883549 -3.279602 -2.133593 3.434726 -3.582919 0.808858 4.667062 1.649596 -2.804909 3.368069 -1.367196 -3.999888 -0.611841
88 0.8044702992 -1.391675 3.020203 4.694167 -4.027006 -2.187401 4.101222 -3.920564 1.537598 3.950805 1.303737 -3.901385 3.455700 -0.879081 -4.977534 0.373062
89 1.0528700683 0.299444 1.497376 4.991714 -3.449232 -4.242907 4.899817 -3.274054 0.584155 4.333579 1.015321 -2.867068 1.892332 0.077820 -4.583712 -0.898724
90 0.0907209385 -0.309890 0.552404 4.863565 -3.477422 -2.841934 4.813786 -3.184797 1.186779 4.057390 0.895576 -3.358180 4.907395 -1.697205 -3.964877 -1.016849
91 1.0692792737 -2.357685 0.626126 4.698333 -0.929335 -3.836977 4.708816 -3.450403 0.965420 3.205412 0.567992 -2.839019 3.996826 -1.440036 -4.225958 -2.037901
92 1.6256242656 -1.151827 2.614057 4.980768 -4.050190 -3.633114 4.959024 -2.784521 1.953040 4.444521 1.338139 -3.875157 2.829673 -0.583824 -4.518974 -1.413452
93 0.1641256442 0.660737 1.781904 4.920503 -2.994739 -3.123556 4.591496 -4.225059 1.017887 4.387539 1.153374 -3.155054 4.579657 -2.895246 -4.532012 -0.962405
94 1.4295359749 0.253161 0.664334 4.163936 -4.061045 -3.904590 3.473134 -3.763106 2.170710 3.179763 2.315751 -3.693671 3.711735 -2.308577 -3.456053 0.084435
95 1.1852933909 0.891256 2.635393 4.441575 -3.135429 -3.578528 4.992288 -4.645306 1.779118 3.079086 1.238554 -2.657889 2.225158 -0.190521 -4.989869 -0.281906
96 1.6009796733 -1.583624 2.458703 4.842885 -2.779268 -3.243499 4.997272 -2.924999 1.627402 3.252382 0.066329 -3.085546 3.030904 -0.864046 -4.443549 -1.240690
97 0.4095306494 0.829805 0.524485 3.774450 -3.634878 -2.920150 4.756852 -3.426028 0.667052 4.520619 1.065170 -3.387814 4.653342 -0.650077 -3.996619 -0.414215
98 0.8892402404 -0.138117 0.944567 4.478821 -3.678336 -2.174087 3.917668 -2.462192 0.642275 4.347407 1.373730 -2.533433 4.752959 -1.964123 -3.933982 -0.285922
99 2.0141629590 -0.048819 0.142165 4.982213 -3.641694 -2.914363 2.283481 -3.649590 1.652869 4.999458 0.988121 -3.631030 4.174893 -1.741911 -4.981015 -1.084756
100 0.7491364329 0.192924 0.440923 4.658662 -4.403690 -3.294410 4.220333 -2.855842 0.957488 4.579995 1.529585 -2.494910 3.927157 -0.221082 -3.529354 -1.414525
101 2.2522001517 -0.667172 0.890123 4.977618 -1.796658 -3.755439 3.903141 -4.207164 -0.099109 4.338909 0.112346 -3.698082 4.747973 0.140260 -4.979694 -0.937064
102 0.6888827060 -0.742168 0.949231 4.791018 -4.101905 -3.669956 4.546264 -1.612582 0.120315 3.589587 0.751815 -3.183212 4.422008 -1.624420 -4.562635 -1.012585
103 0.9162466505 -0.760754 0.943949 4.807777 -4.877080 -1.045409 4.377369 -3.916473 0.693177 4.207353 1.386129 -3.713838 4.929326 -0.253981 -4.573460 0.715239
104 1.4940065285 0.002161 1.197512 3.870844 -4.798441 -2.553148 4.820672 -4.434456 1.309090 4.747201 1.584617 -3.194501 2.732220 -2.234771 -2.931703 -0.122301
105 1.8971239302 0.000457 1.148282 4.212824 -3.907394 -4.019162 3.477780 -2.360843 0.824565 4.223981 0.556267 -1.658145 3.665089 -1.550678 -4.994005 -0.581466
106 1.9571651864 -0.262516 0.322715 4.973022 -4.154885 -3.442209 4.129750 -2.629590 0.281979 4.951082 0.511560 -3.157969 2.326869 -2.347284 -2.722536 1.193808
107 0.2358946200 0.896860 1.506762 4.701728 -3.920517 -2.028722 4.811679 -2.794896 2.221555 4.921681 1.124828 -2.123324 4.425465 -2.887696 -4.831187 -1.458526
108 1.1647996106 0.301937 1.598064 4.812789 -2.500922 -2.512703 4.796332 -2.760058 0.353678 4.547390 -0.209600 -2.419342 2.182113 -1.095887 -3.742831 -1.036458
109 1.0863346244 0.366443 -0.348138 4.984293 -4.630684 -1.333256 3.457750 -4.085861 0.553479 4.199615 1.148890 -3.633508 4.318673 0.196899 -3.783850 -0.573414
110 1.9444571303 -0.666790 0.468176 4.109917 -4.999374 -3.362481 4.998654 -1.344820 1.077498 3.568730 1.558230 -4.150409 4.836683 -1.643973 -4.442332 -1.615306
111 2.7669422587 0.133296 0.648934 4.792748 -3.050471 -1.589664 4.898644 -0.634957 -0.117896 3.960865 2.514846 -2.933776 4.850652 -3.375606 -4.989017 -2.490177
112 1.6800522407 0.391816 0.176981 3.925584 -4.995816 -3.720825 3.847846 -1.596405 1.692600 3.321386 0.784228 -3.411997 4.364054 -2.068406 -4.500410 -1.506174
113 1.1924816235 0.670169 -0.004822 4.901068 -4.628998 -2.232174 4.752126 -2.817165 1.548119 4.575853 -0.009603 -3.699272 3.976916 -2.102435 -4.872082 -0.654493
114 0.4034899340 0.340445 2.079469 4.679481 -3.768555 -0.845104 2.957470 -3.344579 0.493736 4.823565 1.077486 -3.066816 3.958558 -0.514828 -2.056941 -1.908487
115 1.0744025939 2.252407 1.883437 2.479731 -4.165863 -2.854302 3.474600 -1.656288 1.259469 4.760025 0.334505 -2.539543 4.850929 -2.782853 -3.059272 -0.851193
116 0.8291280508 1.406514 0.401468 4.791110 -3.818748 -2.180065 4.994615 -3.227222 0.640937 4.540483 2.080991 -4.490838 4.865350 -0.238135 -4.487402 -0.044367
117 0.0174222101 1.147672 2.267671 4.522794 -4.185644 -1.694092 4.686215 -2.867289 0.733931 3.852747 0.254186 -1.998003 4.678043 -1.954578 -2.893690 -0.237751
118 0.7905372326 0.397525 0.370913 4.675352 -3.805760 -2.771282 4.993459 -3.240969 0.608889 3.507093 0.387205 -3.487319 4.248800 -1.281587 -4.773641 -0.469568
119 0.3186817130 -0.602702 -0.406570 4.247573 -3.240139 -2.127457 4.311909 -2.078584 1.099379 3.838977 1.387468 -4.067108 4.673416 -1.421706 -4.996612 -0.523215
120 1.0475132423 -0.850051 2.359064 4.999194 -3.414967 -2.028580 4.947375 -1.556107 0.862665 4.035174 1.710036 -1.805663 3.859410 -0.827506 -4.820550 -1.311269
121 1.5577685568 0.742998 0.466359 4.971170 -4.509233 -2.394890 4.888621 -3.006256 1.464423 4.450552 1.321688 -3.047702 4.926808 -0.629646 -3.004594 -1.317895
122 0.3694267761 -0.189204 -0.078931 3.738259 -2.709497 -1.708694 4.998366 -4.219035 -0.365962 4.462039 1.757427 -3.734240 4.333621 -1.806580 -2.805269 -1.009862
123 -0.4832495876 1.128491 1.433767 4.643945 -3.966769 -1.118471 4.899082 -3.043525 1.125183 4.374453 0.308247 -3.243087 4.099499 -0.388137 -3.371233 -1.105576
124 1.4521383176 0.210077 1.021163 4.631466 -3.614785 -2.496139 4.233575 -2.422180 0.362927 4.551619 1.877870 -2.760816 4.431083 -1.874338 -3.045310 -2.086231
125 0.1698936098 1.991345 2.329194 3.720568 -3.787147 -2.182454 4.268691 -2.728676 0.570691 3.605424 0.785297 -2.940382 4.672168 -1.993184 -3.508120 -0.727306
126 1.7108776148 0.387431 1.289040 4.554433 -3.740297 -1.782541 4.950363 -2.858071 0.110579 4.406894 0.330883 -2.973792 4.321200 -0.091553 -4.752883 -0.037411
127 0.3784626247 2.145894 1.611727 3.292921 -3.454828 -1.416606 3.603321 -3.073303 1.249408 4.543000 1.028237 -1.965955 4.582673 -0.770088 -3.566714 -0.670830
128 0.5802476913 0.377553 1.718646 4.561915 -3.042311 -1.082085 3.950205 -3.411474 0.731251 3.527185 0.563333 -2.291408 4.677291 -0.538127 -3.803237 -1.171512
129 0.9109360563 -0.652477 1.088139 4.999646 -3.469279 -1.299971 3.833649 -2.118491 0.219973 4.025245 0.841813 -3.509485 4.323719 -1.269733 -1.923369 -1.145649
130 0.6563825969 0.475596 3.434180 4.245264 -3.919951 -1.876198 4.456812 -4.160648 1.210198 3.753962 0.670273 -2.332892 3.028600 -1.590189 -2.716030 -1.032899
131 0.8199451493 1.743654 1.865871 4.662264 -4.069018 -1.798938 4.964901 -3.210768 3.028657 3.462008 1.736493 -4.112239 3.531666 -0.801731 -3.446420 -0.766437
132 2.5689543681 -0.715710 1.062349 3.724090 -3.280909 -1.552266 2.646610 -3.430568 -0.188338 2.876997 0.075803 -4.049449 4.680360 -1.096556 -2.336619 0.032226
133 2.3112765977 2.406124 1.834830 4.987674 -4.806630 -1.559801 4.958120 -2.705940 1.714841 4.906625 1.946034 -3.548144 3.560190 -1.789954 -2.414285 -1.317494
134 0.2776684907 0.307631 1.626050 3.120194 -3.710132 -2.065751 3.792312 -3.685257 0.233796 3.982716 1.391739 -2.692149 2.720992 -0.505067 -2.848762 0.299422
135 -0.0910811927 0.802090 0.333913 4.601666 -3.492865 -2.853683 4.915450 -1.987171 1.479829 4.502031 -0.485551 -2.848620 4.751744 -0.828614 -3.652535 -1.587011
136 1.3584920662 1.054523 1.943187 4.789110 -3.538082 -0.690627 4.162503 -2.556391 0.210062 4.987575 0.978502 -2.608705 4.318546 -1.781764 -2.381284 -1.231951
137 1.9983029089 2.826055 0.958622 3.569585 -3.880894 -0.620828 3.460739 -3.786551 1.271608 4.214835 0.954461 -2.440019 4.696737 -2.075646 -2.574361 -0.692531
138 1.8251542294 2.436050 1.565887 4.445102 -3.143624 -1.792204 2.536699 -3.486521 -0.876294 4.164499 1.100192 -2.506911 3.569020 -1.352116 -2.895386 -1.986975
139 1.8900139074 1.843832 2.666925 4.062007 -4.283693 -1.411364 4.984113 -2.007185 0.073417 3.802055 0.280853 -2.269134 4.844732 -2.779237 -3.373377 -0.577996
140 0.8893936173 1.081170 1.556157 3.736890 -3.489406 -1.446039 3.902259 -3.132863 0.625078 4.387248 -0.684193 -4.282432 4.723933 -0.245739 -3.082313 -1.195290
141 1.6388787119 1.121481 1.940055 4.754978 -3.546978 -2.392686 4.994587 -2.140153 0.601776 4.213463 1.295588 -3.576856 4.708839 -0.752010 -3.524899 -1.976637
142 0.1867145179 2.177297 0.308553 4.391111 -3.706880 -1.597654 4.262093 -4.055447 0.714843 4.488635 0.285616 -0.970437 4.453797 -1.232985 -2.793571 -0.495320
143 0.3344414722 0.470452 0.764692 4.954867 -3.979302 -1.324069 4.097783 -2.813931 0.234831 4.601435 -0.112583 -3.124170 4.592569 -1.648694 -3.534822 -1.517689
144 0.9203869300 1.754614 1.769491 4.723146 -2.277045 -0.708095 4.098772 -3.095062 1.065978 4.875158 0.568325 -3.192642 4.442198 0.153474 -2.010471 -0.570664
145 2.2129997145 0.763742 0.230161 4.230643 -3.502497 -2.556396 3.873909 -4.726256 0.915120 4.997783 -0.075488 -1.551612 4.999940 -0.530980 -2.744569 -1.194705
146 0.9574382711 1.766833 0.689482 3.447569 -4.116743 -1.253695 4.930277 -2.777331 1.571139 4.850869 -0.214670 -3.176545 4.932245 -1.768763 -3.584155 -1.130820
147 0.6049618981 1.452841 0.558649 4.517394 -3.532140 -3.202460 4.549651 -3.358121 1.951530 3.738602 1.074193 -2.401067 4.151184 -0.764753 -4.983297 -1.023281
148 1.6659723259 1.310994 0.710534 3.666168 -4.127302 -2.516101 3.397937 -2.544811 0.088987 4.652492 -0.665106 -2.564153 4.607182 0.784043 -2.648052 -0.743263
149 0.7165037885 -0.116151 -0.036630 4.733006 -2.926341 -0.902153 4.571828 -3.110806 0.033897 4.125662 -0.242069 -2.990067 3.521138 -0.807412 -4.595654 -1.275819
150 0.9976797167 1.324412 0.452991 3.340967 -3.810185 -1.150255 4.953116 -3.403436 0.352021 4.479075 0.378224 -1.640207 4.051351 -0.291126 -3.023345 0.380413
151 0.9702495685 1.423031 -0.293665 4.214279 -4.706847 -3.168454 4.999397 -3.038737 0.150335 3.417773 0.282994 -2.685077 4.174355 0.427402 -3.021529 -0.642359
152 3.6445928958 0.636555 0.698635 4.311421 -3.685656 -2.384727 4.960157 -2.365367 2.316305 4.996723 0.141128 -1.152855 4.990237 -1.978637 -2.594675 -0.792699
153 1.9950910031 0.175855 1.396187 4.982908 -3.801656 -2.300801 4.308197 -2.625592 1.718937 4.960416 0.628712 -2.052929 3.535904 -0.842116 -3.578416 -1.156813
154 -0.5099496036 1.478091 1.486048 4.898752 -3.606501 -1.980562 4.686176 -3.342826 1.119574 4.468587 -0.382412 -2.835232 4.575391 -0.149069 -2.821261 -1.183191
155 0.7836279139 1.571820 1.498648 4.138742 -3.439564 -1.600633 4.932862 -1.513625 -0.293356 4.109577 -0.072293 -1.968391 4.335931 -0.021712 -4.169908 -2.071173
156 1.0788260933 1.785802 1.020653 4.557824 -4.791040 -1.576787 3.897984 -2.339295 1.652564 3.459369 -0.155109 -1.967578 4.042275 -2.377156 -2.962458 -1.385446
157 0.3479666809 1.121100 1.179333 4.578949 -2.822687 -3.269458 4.482903 -3.936060 0.745875 4.094998 -0.004908 -2.836530 4.908098 -0.730191 -4.076414 -0.609702
158 0.3416417698 0.984234 1.045131 3.932228 -3.877478 -2.620842 4.852191 -2.773819 1.319167 4.113206 -1.252609 -2.808132 4.849467 -0.713484 -4.739144 -1.716385
159 1.3125806504 0.940475 1.803205 4.420659 -3.273489 -2.758311 4.960605 -3.400634 0.530078 4.612728 0.206786 -2.525131 3.147601 -0.150290 -4.514930 -0.869167
160 1.3104892000 1.467781 1.299525 4.695221 -3.381365 -1.998565 4.997508 -3.337519 2.032154 3.668821 -0.077907 -1.265581 4.242037 -0.101599 -4.087208 -0.977704
161 1.4115260808 -0.546402 0.992526 4.345205 -3.871301 -2.290023 4.911858 -3.168454 1.187417 2.790638 1.307517 -2.149270 4.625543 -0.721092 -4.977053 -0.009306
162 0.7826689315 2.023039 0.112414 4.167120 -3.188428 -2.320153 4.929030 -3.782206 2.321943 4.041797 0.454835 -2.917025 4.304847 0.689308 -4.239128 -0.391632
163 1.8912144270 2.416973 1.516548 4.394822 -3.601904 -1.928149 4.321750 -4.450734 1.013408 3.225145 -0.840824 -2.064935 3.642148 0.126617 -4.058201 -2.600389
164 1.2111140364 -0.523743 0.455232 4.989634 -2.742373 -2.114132 3.122668 -2.002317 0.628664 4.513507 0.443892 -1.547908 3.555748 -1.049977 -4.995374 0.089342
165 -0.5261199879 1.434357 0.348564 4.530525 -3.911403 -1.002497 4.727367 -2.088890 1.431916 4.080031 -0.630466 -2.268837 4.663468 0.539724 -3.501587 -1.186767
166 0.6518124392 2.246051 1.697910 4.980787 -1.368957 -3.085875 4.799638 -3.847579 0.279988 4.003049 0.901828 -1.994330 4.032376 -0.107139 -2.688068 -0.177335
167 1.2555695915 1.672911 1.276211 3.651661 -3.787722 -2.115266 4.676216 -3.215555 1.353396 4.134447 -1.475461 -1.835290 3.902485 -0.028800 -4.757648 -2.544191
168 1.2263004252 0.443266 1.443555 4.642361 -2.302156 -1.920394 4.998474 -2.939230 0.924185 4.860045 0.222581 -2.855861 3.734640 -0.680494 -3.767418 -1.104753
169 -0.2396088252 1.084220 1.016243 3.717914 -2.853102 -2.246764 4.621828 -4.285684 1.546218 4.895666 -0.286672 -3.184868 4.992026 -0.356444 -2.690721 -1.963856
170 1.5510106969 0.610499 1.272310 4.999533 -2.717490 -1.277035 4.289286 -3.165745 0.828068 3.305895 -0.794119 -2.390289 4.064412 0.117879 -3.647573 -1.710071
171 1.4794572762 0.178243 0.855627 4.584586 -2.994748 -1.968433 4.952907 -3.119674 0.083813 4.612390 -0.935683 -2.583240 4.555026 0.820161 -4.725673 -1.494912
172 1.2314259471 1.853367 0.441587 4.999396 -2.894730 -2.018363 4.990637 -2.642206 0.875602 4.151442 -0.871407 -3.344414 4.979858 -0.319675 -3.907390 -1.012494
173 1.1399456098 0.783865 0.940257 4.429931 -2.751160 -1.744864 4.418352 -2.580709 0.647101 2.839816 -2.044896 -3.427204 4.297080 -0.548122 -3.890846 -1.177313
174 0.7117227391 1.658603 1.116313 4.481716 -2.942951 -0.778248 2.738220 -1.970837 0.444790 3.531778 -0.503697 -3.606976 4.999990 0.454177 -4.492732 -0.463812
175 0.8772028447 2.265580 0.699184 4.471471 -3.870550 -2.624489 4.617441 -2.219294 1.225460 3.448991 -1.631814 -2.577878 4.935162 0.270031 -3.227885 -0.741785
176 0.0160556008 1.543720 0.988334 4.949368 -3.126174 -2.748412 4.809801 -3.287609 1.824460 2.851827 -0.401860 -1.958429 3.696963 0.502332 -3.264739 -1.324076
177 0.4258208238 0.434030 1.140521 4.454919 -3.698418 -2.681297 4.707430 -2.917443 1.880973 4.551987 0.432385 -4.312021 4.093843 0.131842 -4.276999 -1.366180
178 0.7335702769 0.781445 1.589317 4.869090 -2.705576 -1.442527 4.990121 -2.763469 1.064565 3.786196 -0.788344 -1.587730 4.724632 -1.156332 -3.973253 -1.138200
179 0.1290966578 1.199240 0.005285 4.969972 -2.804213 -3.119321 4.872287 -2.196030 1.791875 3.487188 -0.471974 -2.296288 4.974790 -0.533972 -4.926696 -0.384441
180 2.1573628163 0.805681 0.360699 4.999574 -4.033875 -1.453220 4.987469 -1.778443 1.351075 3.421632 -0.034975 -3.317718 3.926788 0.743871 -3.336773 -1.004906
181 1.2034752391 0.637709 0.915598 4.999824 -2.818563 -1.959045 4.472451 -2.538440 1.071350 4.150598 -0.508436 -2.760256 4.986845 -0.130017 -4.432392 -1.360593
182 1.7012580824 1.691227 1.687793 4.349271 -1.818490 -2.207076 4.989206 -4.370765 2.548583 3.913939 -0.149298 -2.686664 4.220094 -0.365876 -3.182469 -2.106248
183 1.0984253659 1.076377 1.182652 4.612862 -3.723844 -2.167446 4.353041 -4.009571 0.677830 3.825802 0.452054 -3.734801 4.996758 -0.126528 -4.246698 -0.745677
184 -0.2158436190 0.932297 1.230955 3.992252 -2.899854 -2.306426 4.375653 -4.289427 1.557940 4.659003 0.944745 -2.422534 4.516070 -0.461778 -2.936980 -1.167306
185 0.0747658750 2.334525 1.492452 4.891327 -2.932379 -2.834760 4.859376 -3.479323 1.938731 3.961863 -0.271707 -2.225075 4.981234 -0.485447 -3.511203 -0.293154
186 2.3908214565 0.585849 0.194663 3.209734 -3.319975 -1.344847 4.937966 -3.432423 2.524359 3.048475 0.572156 -3.577088 4.778171 -0.242969 -3.687422 -1.139263
187 1.0915420289 1.382212 1.319532 4.149489 -4.122995 -2.372240 4.952456 -3.362641 0.908581 4.553722 0.145114 -2.833315 4.689616 0.149131 -3.609599 -1.240927
188 0.2531045351 0.643471 0.880304 4.816987 -2.679071 -3.150624 4.513932 -3.404277 0.826038 3.605665 0.292820 -2.560698 4.692537 -1.117497 -3.515632 -1.119059
189 0.0493293194 1.585847 0.986652 3.810649 -3.223045 -2.082270 4.981301 -3.167104 1.658569 4.081644 -0.593234 -2.953000 4.000830 -0.185590 -4.213027 -0.663929
190 0.4871294902 0.399699 1.108203 4.985173 -2.962502 -3.635524 4.372914 -4.020268 1.453072 2.533488 -0.628923 -3.307091 4.723153 -0.936436 -4.516986 -1.973629
191 0.6886424736 2.152833 0.868895 3.334847 -3.123325 -1.651665 4.830462 -3.423824 0.901097 4.918233 -0.386971 -3.388080 4.913527 -1.162508 -3.718853 -1.889390
192 0.7106343428 2.060283 0.383318 4.276679 -3.202807 -1.317545 4.956100 -3.545067 1.891049 4.614896 -0.371285 -2.665787 4.437252 0.296113 -2.371088 -1.418005
193 0.9770590026 0.688452 1.235956 4.850607 -2.932522 -2.104235 4.995094 -3.127710 2.098002 4.855006 -0.476643 -1.811959 4.965676 0.518377 -3.299769 -1.337733
194 0.1024390684 1.714497 1.120943 4.152509 -2.805314 -2.918098 4.583874 -3.090430 1.790854 3.682478 -0.663822 -3.630418 3.863593 1.146114 -3.505737 0.393622
195 -0.0982608150 1.001061 1.500563 2.137073 -2.622736 -2.849407 3.585519 -4.874630 1.494083 4.892070 -0.472497 -3.226710 4.166076 -0.468764 -2.519846 -1.032653
196 0.6252755664 2.010428 1.857674 4.983923 -1.782953 -3.031573 4.838482 -3.163519 1.216114 4.616854 0.558713 -3.040288 4.936194 -0.833006 -4.047010 -0.516776
197 1.3154939225 0.725979 0.529919 2.386560 -3.364977 -1.886232 4.423953 -3.746076 1.140512 4.420484 -0.180020 -2.411792 4.040057 -0.186029 -4.396568 -0.436137
198 0.3661353390 0.938352 1.041898 3.906918 -3.331740 -2.065297 4.805386 -3.565788 2.140300 4.345994 -0.139249 -2.210344 4.248506 -1.401150 -4.687193 -1.429643
199 0.9739804577 0.501505 0.538532 2.428376 -3.064945 -2.079564 4.012743 -3.882537 1.077329 3.801941 0.394722 -3.023811 4.340283 -1.800954 -4.539321 -1.967634
200 1.6668631422 1.416214 0.066794 4.071395 -3.419119 -1.145437 4.209941 -2.867133 0.960948 4.999247 -0.062099 -2.422626 4.883702 -1.871197 -3.007138 -1.444603
201 0.1619463473 1.880845 0.982365 4.903962 -2.875567 -1.946768 4.498626 -2.701418 2.788766 3.932581 0.893921 -1.553290 4.694454 -0.666192 -3.942560 -0.865556
202 2.3387105189 1.178038 0.029590 3.861254 -1.736428 -1.842058 4.905403 -3.848725 1.072596 4.433578 0.125623 -1.984116 3.864680 -0.228955 -3.718706 -2.054996
203 1.5342285628 1.973865 1.434014 3.415997 -3.214472 -3.030621 4.395644 -4.888924 2.718588 4.872086 -0.075783 -3.374730 4.047446 -0.681661 -4.024624 0.058277
204 1.5992732068 1.471388 0.444163 3.168624 -3.469113 -2.609246 4.840767 -4.527589 1.343484 3.480323 0.655777 -2.421894 4.304200 -0.862371 -3.521082 -1.979489
205 1.3293496082 2.498635 1.583695 3.108517 -2.939618 -2.880723 4.986102 -3.856373 1.354077 3.615286 -1.440603 -2.720212 4.227854 1.231727 -2.704202 -0.998780
206 1.0232159505 1.284895 0.766886 3.071553 -3.317342 -1.210639 4.061248 -4.904005 2.369620 4.788901 -0.741724 -1.840832 3.187698 -0.262254 -3.335118 -1.230398
207 1.6475893891 0.773884 1.950315 3.166565 -1.830600 -2.723004 4.927653 -3.615265 2.552310 3.938564 0.820014 -2.243505 3.641643 -0.580219 -3.408171 0.463553
208 1.6474861825 0.760580 0.425646 3.964233 -2.337412 -2.525078 4.875719 -2.557425 2.437870 3.321806 0.831818 -2.877102 3.154359 -0.333135 -3.386998 -1.251139
209 -0.2273266924 1.183920 2.080377 3.123574 -1.951993 -3.031160 4.841268 -3.377989 1.418465 4.669189 0.138847 -3.770949 4.044129 0.031276 -2.774548 -0.387843
210 0.0899648552 0.299987 1.599205 3.433233 -3.229545 -3.163513 4.067286 -3.885151 2.163445 3.883496 -0.674672 -2.890282 4.977146 -0.828735 -3.524561 -1.511138
211 3.1510170660 2.077340 0.140549 2.497675 -1.904814 -2.256864 4.981490 -2.556101 2.282192 3.444228 0.042939 -2.501872 4.988474 0.077063 -3.784635 -0.680931
212 1.0312966037 1.934900 1.296703 4.427607 -2.651473 -2.256529 4.296610 -4.194066 1.236609 4.976709 -0.788117 -2.734388 3.860387 -0.308125 -3.865911 0.114394
213 0.3343872378 0.512991 0.885525 3.242719 -3.894121 -3.637791 3.937094 -3.862084 1.835800 3.354163 -0.531887 -2.286923 4.404825 -0.952213 -4.200007 -1.200236
214 0.7746376707 1.448837 2.000794 3.290224 -2.274239 -3.414972 2.134595 -4.328466 1.570545 3.955915 0.109184 -3.002092 4.181470 0.817395 -3.171321 -0.498316
215 0.3099118418 2.107119 0.812502 3.177652 -2.963469 -1.195046 4.333054 -2.970034 0.276645 4.998310 0.227405 -2.870039 4.974803 -0.439494 -3.455367 -1.002654
216 -0.1979536600 1.932650 2.797196 3.580414 -4.424130 -2.043115 3.687373 -4.304679 1.712606 4.609515 0.382360 -2.731057 4.675770 -0.998356 -2.984321 -1.068971
217 0.6216157290 1.402056 1.896009 2.228509 -3.021573 -2.587922 3.831254 -4.013915 1.305965 4.992945 -0.171971 -3.585884 4.395986 -0.416964 -2.710908 -1.290593
218 1.7737780216 0.228817 2.793051 4.712383 -1.949445 -3.250410 4.952573 -4.525029 0.612664 3.847236 0.267538 -3.661677 4.076759 -1.887250 -3.976187 0.075786
219 1.8257527957 2.516140 2.391940 3.895708 -3.805247 -1.369014 4.521946 -4.317114 -0.055083 4.933317 -0.937878 -2.668677 3.788378 -0.036201 -2.088633 0.173051
220 -0.1862469455 1.573115 1.415698 2.134206 -2.890752 -2.958723 3.272708 -4.429841 1.607303 4.534994 -0.351162 -3.393360 4.898728 -0.973820 -1.819248 -2.260882
221 1.4997354433 1.555531 2.058029 2.883354 -2.540329 -3.560206 3.824446 -4.932303 2.618539 4.456946 0.594476 -2.658206 4.788003 -0.069954 -2.931320 -1.128308
222 0.7644151683 1.467129 1.824554 3.779830 -2.754719 -3.892266 4.192456 -4.548159 1.361825 4.837593 -0.496519 -3.273843 4.217400 -1.357628 -2.527315 -0.529299
223 0.2939213074 -0.040110 1.714074 2.184383 -3.187659 -2.184873 2.977037 -4.054836 1.681729 4.307259 1.844981 -3.795395 4.727365 -0.786685 -2.867931 -1.155763
224 1.4949900436 0.153147 1.821292 2.983831 -3.115455 -2.273349 4.261467 -3.790377 1.787827 4.353574 0.701535 -3.881037 4.647663 -1.139910 -2.464937 -1.147189
225 1.4204793549 1.760590 1.437597 3.437245 -3.264412 -1.465096 4.641886 -2.582062 1.315637 4.939153 0.466587 -2.493629 4.299278 -0.867686 -1.827247 -0.908910
226 1.8171213425 1.365453 1.235360 4.139743 -1.680864 -3.300574 4.603310 -2.394260 1.218957 3.861846 0.058039 -2.388897 4.376576 -0.550776 -3.510418 -0.524674
227 0.0469370566 1.351647 2.174085 2.772645 -3.539827 -1.845244 4.426540 -3.246967 1.232954 3.514316 0.526025 -2.883529 4.695429 -0.745238 -2.206994 -1.703030
228 1.0290821166 1.111731 1.692761 1.516124 -2.520469 -2.377551 2.899976 -4.010772 1.599269 4.997886 -0.449495 -4.376573 4.361836 0.413930 -2.143679 -1.550803
229 -0.1553688089 2.079461 2.917922 2.958438 -3.569811 -2.703114 3.975440 -4.321598 0.753573 3.835761 -0.242446 -4.224268 4.557173 -0.412830 -1.470347 -1.451386
230 0.5074092029 1.993004 1.087025 3.224529 -3.320541 -1.576479 3.805973 -4.020454 1.087222 4.776925 0.968427 -3.903056 4.979582 -0.579030 -1.510123 -1.448007
231 1.7921467626 2.831852 2.321586 3.505094 -2.981661 -2.688524 3.761249 -4.565999 1.778651 3.644205 0.329449 -3.615561 4.949363 -1.228862 -2.325164 -2.578884
232 1.5454791147 1.002453 1.892586 3.816194 -3.177510 -2.557000 4.203144 -4.378843 1.329115 4.847092 -0.509092 -4.301988 4.861729 -0.053064 -3.794702 -2.262001
233 1.0930140416 0.147795 1.177809 2.370706 -3.079349 -1.836800 4.018373 -4.423388 1.680314 3.900122 1.613307 -1.638766 3.321842 -0.636615 -3.240623 -2.050934
234 -0.0825314799 1.587460 1.638700 1.939353 -2.857202 -2.933062 3.722072 -4.494047 1.465622 4.293674 0.610297 -3.994697 4.432567 -1.099852 -1.222252 -2.777879
235 1.2964498367 0.913227 0.896538 2.015767 -3.379940 -3.425631 2.675289 -3.707173 0.947036 3.225580 0.326387 -2.877337 4.270859 -1.877719 -2.675195 -1.776765
236 1.3332201283 0.829996 3.280591 1.112783 -3.588347 -4.184967 4.073185 -4.401558 1.082701 3.716900 -0.170915 -4.047145 4.820164 -1.211012 -1.393496 -1.073037
237 0.7487423583 2.137123 2.324800 2.039797 -2.344350 -2.822781 4.105282 -4.210998 1.197320 4.339871 -0.163438 -3.114444 3.590819 -0.888641 -2.196793 -1.759621
238 1.6978139363 1.279175 1.418092 2.368501 -2.150575 -2.845993 4.988139 -3.762651 1.420261 4.904220 0.034375 -3.585000 4.979663 -0.232422 -2.580923 -1.542804
239 2.0017921725 1.329113 3.280860 1.969736 -3.769399 -1.468124 2.215297 -3.819997 2.728066 3.814264 0.577553 -2.541311 3.907341 -1.458771 -2.098284 -1.775342
240 0.4783601708 1.077509 1.860216 2.987980 -3.367734 -3.268823 4.058512 -3.431673 1.118112 4.271858 1.932925 -3.690145 4.868320 -1.111434 -2.585200 -1.705700
241 0.9361546913 1.859442 2.659427 1.992985 -3.642873 -1.652314 3.685351 -4.916805 0.857316 4.677223 -0.326468 -4.996477 4.889307 -0.721243 -0.714926 -1.061302
242 0.8959040433 1.540380 3.575770 3.472709 -2.903591 -3.084122 4.212399 -4.431360 1.117509 3.278919 0.817502 -4.154294 4.200946 -0.790515 -2.010356 -1.659048
243 0.6390607836 2.049877 2.070180 1.923335 -4.159713 -3.449018 3.059342 -4.335322 0.542668 4.563937 0.377191 -4.389167 4.226241 -0.360919 -1.435243 -1.869164
244 1.7148873116 0.567936 1.634197 2.426544 -3.824530 -3.130661 4.202228 -2.895134 0.977048 3.264811 1.125837 -4.938661 3.242490 -1.788884 -1.718642 -1.836105
245 1.1008538909 2.091615 1.547919 2.793200 -1.679542 -2.477882 2.868152 -4.997552 0.378796 4.661300 1.967454 -3.512210 4.755621 -1.447994 -1.581779 -2.209059
246 0.2916443879 3.459269 2.286616 1.550213 -3.644630 -2.662533 4.242464 -3.166262 0.834798 4.345137 0.113646 -2.926845 4.463362 0.218814 -0.951161 -2.853143
247 1.4076279297 2.276399 0.710784 1.843018 -2.418843 -2.633068 4.049132 -4.136368 1.453641 3.945799 1.282038 -4.196453 3.977045 -0.455622 -0.770315 -3.648376
248 2.3883935982 2.666423 3.367517 2.936174 -3.162419 -2.219963 4.335798 -4.993546 0.191069 4.991155 1.279709 -3.558421 4.421903 0.080458 -1.486388 -2.088399
249 -0.4653995790 1.216378 2.176835 3.424185 -2.789684 -3.639005 3.089885 -4.557340 1.493987 4.262858 1.225928 -3.910135 4.515093 0.945453 -2.842216 -0.911174
250 -0.7077347715 1.891495 1.858805 4.445986 -2.891916 -3.298015 4.563971 -3.757807 1.466370 4.377899 0.831452 -3.239494 4.657750 -1.551406 -4.336602 -2.034787
251 -0.3075037142 1.742256 1.799220 2.281375 -4.457101 -2.856083 4.921962 -3.102519 0.935314 4.247073 -0.464741 -4.049371 4.654718 -1.190441 -0.737532 -2.700987
252 0.5798349067 2.450748 1.520764 0.748979 -2.754953 -3.014929 3.992463 -3.527018 0.599113 3.902378 0.555686 -4.869454 4.095586 -0.028425 -0.422970 -1.369724
253 0.3383636297 1.845026 2.078144 3.147130 -3.420492 -3.984570 3.433652 -4.673410 1.557304 4.357531 -0.553677 -3.116297 4.836412 -0.758237 -1.854391 -2.418286
254 0.0015104553 1.909408 2.217717 4.147910 -2.968481 -3.683861 4.941188 -4.545066 1.382487 4.412288 1.803204 -3.230924 4.315781 -0.247003 -4.032073 -1.247521
255 2.1857222526 2.353184 2.412366 3.089771 -2.407650 -3.350741 4.472706 -4.988262 0.744336 4.999616 1.173974 -3.948820 4.981034 -0.875791 -2.941787 -0.694954
256 0.7760785597 1.861012 2.264939 3.197361 -3.728116 -3.749922 3.227527 -3.987124 0.891609 4.770776 2.307011 -4.187392 3.436800 -0.817850 -3.812496 -1.615834
257 1.1056856372 0.824312 1.077161 2.386105 -2.436808 -3.207132 4.992770 -4.211105 2.327749 4.693338 0.901478 -4.230525 4.208595 -0.429080 -2.598025 -2.802398
258 1.0155582396 2.057192 2.578294 4.485303 -3.470135 -3.099086 3.601959 -4.553928 0.439446 3.780396 1.839484 -3.335750 4.993682 -0.794510 -3.013619 -2.529200
259 0.2853852426 2.094716 2.771446 3.987790 -3.428816 -3.016753 4.419309 -4.261908 1.863558 4.924671 1.370806 -3.080270 4.488603 -1.559409 -2.845385 -2.411947
260 2.1110703747 2.676924 1.876385 2.786120 -2.450335 -3.319913 4.114630 -4.314212 1.946196 4.197923 0.790168 -3.347448 4.866595 -0.370809 -3.048151 -1.855894
261 0.6939470166 1.834001 2.670904 3.053896 -3.655184 -4.156436 4.093398 -4.562317 1.917847 4.260420 1.389929 -3.150326 4.354869 -0.641589 -4.764554 -2.634422
262 1.2723923152 1.608265 1.421346 3.487111 -3.107398 -3.650203 4.369854 -4.946008 1.060391 4.888998 0.313055 -3.018962 4.211193 -1.607985 -4.188548 -1.170241
263 1.3800745113 1.365819 0.920658 2.569399 -2.046059 -4.161624 4.963269 -4.505741 1.618842 4.316440 0.104965 -4.380414 3.897821 -0.415333 -3.650564 -1.938165
264 1.7629534858 1.420337 2.413620 3.449877 -3.054420 -3.508273 4.997761 -3.740044 2.408413 3.963139 -0.678962 -4.387710 4.793304 0.642145 -2.308860 -1.413248
265 0.0435903798 1.252971 2.150593 4.112119 -3.074401 -3.472986 4.783963 -4.815365 2.172129 4.468209 0.219252 -3.019343 3.294375 -1.196775 -3.587209 -1.190557
266 1.7753751752 2.570040 2.498993 3.516297 -3.790049 -3.054684 3.892582 -4.999955 0.985161 4.677641 0.990296 -3.985328 3.918826 -0.708914 -3.876307 -1.941752
267 0.7003782641 1.498770 2.921946 4.336664 -4.556735 -2.890688 4.298798 -3.887025 2.005064 4.857080 2.012671 -3.329232 3.940020 -2.260113 -3.276363 -2.311240
268 1.8218749343 1.140386 1.838977 4.490567 -4.482044 -2.958718 4.666492 -4.105455 1.017734 3.853570 0.815387 -3.526153 4.998708 -1.847093 -3.713575 -2.489529
269 0.7897125684 0.557822 2.423031 3.552932 -3.449109 -2.677548 3.893869 -4.691339 1.900597 4.999987 1.597332 -3.243528 3.905299 -0.653345 -3.260547 -2.171671
270 -0.2995519260 0.914951 2.077082 2.353615 -2.846660 -4.272832 2.731015 -4.669790 2.246908 4.533021 1.540317 -2.860054 3.944728 -1.048290 -1.933992 -2.759854
271 1.5453695010 0.943831 2.579758 3.997844 -2.648052 -2.025405 4.944685 -4.557189 2.258971 4.988051 1.136949 -3.061600 4.181377 -0.174396 -4.665181 -1.434651
272 0.1506239788 1.213959 3.441406 4.033801 -2.349981 -3.643937 4.201044 -4.708303 1.431023 4.699563 1.050767 -3.294768 4.085813 0.286613 -2.935103 -2.138496
273 1.7906638397 1.450848 4.177247 4.302232 -2.434977 -4.335271 4.966876 -4.992065 0.975813 4.620693 1.311527 -3.396678 3.003703 -0.444499 -3.836216 -1.529219
274 1.4672391983 2.839732 1.666778 4.249636 -3.748392 -3.776253 4.395849 -4.767441 2.761579 3.701702 1.478943 -3.147689 4.948649 -1.083371 -3.323388 -1.223448
275 0.5722237940 1.877116 1.489741 3.774406 -2.989045 -3.598768 4.480332 -4.776458 -0.419112 3.930801 0.417882 -4.424688 2.782376 -1.151889 -2.658173 -1.448413
276 0.5818445062 1.665956 2.247488 4.989783 -3.299891 -4.727177 4.690347 -4.183329 1.999128 3.620321 1.493076 -3.079078 4.022264 -0.950822 -4.287792 -1.353416
277 2.1555596819 0.770263 3.037719 4.380473 -2.517201 -2.542861 2.134484 -4.943765 0.581832 4.953972 0.366574 -2.099421 3.621528 -0.477349 -3.508969 -0.934343
278 1.4574386058 0.624762 1.386181 3.498300 -2.449648 -4.020037 4.488249 -4.466288 1.441397 4.050061 -0.118687 -3.235838 4.004149 -0.773252 -1.702411 -2.384652
279 0.3832040281 1.967006 1.752062 4.668802 -1.732806 -3.969353 4.878465 -4.267052 1.148751 4.224624 0.106465 -2.751186 3.477674 -1.040089 -2.843914 -2.267451
280 2.7223969646 0.557941 1.650154 2.712272 -2.650683 -3.671893 2.665620 -4.962172 2.531739 4.747730 1.296404 -3.700654 2.646366 -1.668119 -2.748888 -1.259333
281 0.4054332124 1.549168 0.979329 3.030707 -2.176643 -3.557098 3.682282 -3.661481 1.403845 4.817766 2.067067 -2.426254 2.781782 -1.009901 -2.982144 -1.438078
282 1.6596801489 0.908324 2.880341 3.018942 -2.849680 -3.865720 3.311715 -4.839665 0.958862 4.864006 0.892608 -2.265568 3.766421 -0.861969 -1.182135 -1.080374
283 1.3744726852 0.415281 2.224923 2.586415 -3.472720 -4.026144 4.231455 -4.861369 1.756758 4.037838 0.903502 -2.514857 3.540347 -0.632881 -2.139442 -2.590254
284 2.0771052145 0.040925 2.344355 3.395985 -3.050230 -2.685479 4.206988 -4.697616 2.849258 4.975310 1.350483 -3.796564 3.141327 -0.732748 -1.771165 -2.054799
285 2.2972291302 0.969161 2.710977 4.992726 -3.841503 -4.328587 3.543204 -4.929589 3.460409 4.355168 0.895543 -3.350401 4.018930 -2.344038 -4.835999 -1.021407
286 2.3021572506 0.985837 1.537990 2.972805 -2.242155 -4.526031 2.558032 -4.985760 1.440395 4.950741 0.766788 -2.354104 3.040651 -1.354759 -2.410569 -1.968928
287 1.6280021075 1.323557 2.729186 1.132659 -1.909623 -3.720516 3.299551 -4.911910 1.494288 4.512832 1.342189 -2.893993 3.228901 -1.437047 -1.265105 -2.151327
288 1.5978796813 1.518056 2.317850 3.457495 -3.683982 -4.536850 3.267484 -4.667939 2.453977 4.629570 -0.134461 -2.405484 2.902559 0.075032 -2.462035 -1.316746
289 1.7827795657 1.842111 0.746835 1.658720 -1.927968 -3.492439 3.493897 -4.157490 1.085902 4.760736 0.789716 -1.752449 3.984098 0.049129 -2.152995 -2.284655
290 1.9420699502 0.293418 2.452641 2.471624 -3.439288 -4.338769 3.249420 -4.187021 1.421062 4.805213 0.912819 -2.028178 3.622308 -1.333554 -3.445564 -3.032757
291 1.4719386061 1.939809 1.673431 3.331291 -2.116775 -4.591079 4.658767 -4.914237 1.779555 4.043569 0.131095 -2.552248 3.344847 -1.191706 -2.473044 -2.445887
292 1.4490193111 1.204954 1.670588 3.910204 -2.877317 -3.771722 4.214394 -4.968699 0.861553 4.877526 -0.050166 -3.040973 3.199304 -1.044572 -2.826703 -1.720854
293 0.6960869579 0.954172 1.769879 3.733560 -2.703129 -4.352416 4.551374 -4.948690 0.923759 4.118261 0.643206 -1.552714 3.264723 -1.143188 -3.108042 -2.156724
294 1.4394510792 2.010505 1.126544 4.262043 -2.252560 -4.876652 2.906962 -4.303852 2.181148 4.996717 1.595758 -4.395030 3.292220 -0.695166 -2.646085 -0.923915
295 1.3611295150 1.251349 1.912756 3.265597 -1.272407 -4.356796 3.306585 -4.024673 0.893177 4.913517 1.335526 -3.411320 4.614581 -0.545263 -2.658011 -3.533775
296 1.0228276457 1.687957 1.416342 3.861799 -2.064040 -4.269845 3.912875 -4.984526 2.376803 3.790840 0.801399 -2.652221 2.762687 -1.574360 -3.271309 -1.368499
297 1.4194056001 1.093412 1.976834 2.452745 -2.461950 -3.722343 4.168203 -4.256367 0.341027 3.857593 1.895441 -2.941236 3.910600 -1.392612 -2.537139 -1.626086
298 1.8374555908 1.981260 1.055768 3.652792 -2.386207 -3.597548 3.774563 -4.100290 1.674042 4.944648 0.077255 -1.932930 2.452104 -0.213301 -2.679137 -1.149086
299 3.1497163343 2.427018 0.219091 4.426635 -2.456650 -4.294563 4.196888 -4.134708 0.823948 4.106377 0.073336 -1.408686 2.967435 0.412145 -4.934920 -1.537032
300 2.0261183608 2.810596 1.872947 2.636820 -2.909697 -3.915760 4.653737 -4.977046 0.551555 4.996803 1.212515 -3.030173 3.096083 -1.574837 -1.892988 -1.862552
301 0.6837876207 1.736467 0.984254 3.985384 -2.543471 -4.925325 4.148152 -4.509797 1.179490 4.695993 0.341116 -1.890137 4.534620 -2.175482 -4.170364 -2.349952
302 1.1338984638 0.974900 1.454595 3.495737 -2.186205 -4.741899 3.406327 -4.993493 2.033002 4.963955 1.508598 -3.492012 3.078182 -1.773673 -2.258874 -1.519384
303 2.8650138972 0.360761 2.680879 1.957883 -1.945290 -4.777531 3.823570 -4.991532 1.899057 4.926405 -0.861710 -3.368720 3.062176 0.011432 -1.676705 -2.505046
304 1.9106175558 1.813962 2.514542 4.437923 -4.381253 -2.488532 4.798644 -4.261624 1.055155 4.834663 1.081730 -1.141227 4.422594 -1.434157 -2.151207 -2.647936
305 0.9635479656 2.713880 1.434954 4.931514 -2.753988 -3.534977 4.320969 -3.608027 1.025004 4.858329 0.781912 -3.013325 3.588200 -1.936162 -3.775005 -1.370599
306 -0.5402339082 0.977129 1.550263 2.300779 -2.799809 -3.427817 4.089297 -4.198878 0.555607 4.699433 1.004124 -2.837449 4.286246 -1.074459 -2.782123 -2.541427
307 1.2970345940 0.485738 1.593154 4.507803 -2.189936 -4.639670 3.645034 -4.901881 0.914870 4.037839 1.877349 -2.223800 4.199335 -1.278874 -3.910333 -2.142106
308 1.9063578150 1.921980 2.689660 1.974994 -2.250251 -4.696944 2.353391 -4.977402 1.406639 4.941079 2.568646 -2.683178 2.764518 -2.103730 -3.486566 -1.888975
309 1.5084467616 0.452124 0.742539 4.158570 -1.691431 -4.170257 3.945099 -4.274813 1.709753 4.195523 0.071205 -2.123278 4.987516 -1.262534 -2.794556 -3.327021
310 0.6230177383 1.088381 1.571660 4.578828 -3.219784 -3.791443 3.800286 -4.354267 1.357110 3.055815 0.724293 -2.951034 3.396316 -1.084595 -3.295411 -2.215525
311 1.6688180598 0.925057 0.313150 4.332871 -3.103875 -3.366826 4.422661 -3.891063 1.109253 4.715500 0.094123 -2.279967 2.758239 0.241224 -3.449609 -0.722834
312 1.2528860987 0.193457 1.231269 1.737783 -1.804670 -4.888423 2.661340 -4.744405 1.971906 3.489365 -0.459819 -3.148198 2.171878 -1.545907 -2.808434 -2.203052
313 1.2114873901 1.513344 1.369474 2.848244 -1.546235 -4.327557 4.905721 -4.373206 1.240346 4.397342 0.420968 -2.047319 2.935238 -0.578235 -2.988348 -1.908397
314 0.6878133075 0.461118 1.200739 3.811970 -1.536840 -3.965639 4.815432 -3.473334 0.802965 4.024433 0.985539 -2.904806 4.811363 -1.528648 -3.572870 -2.498940
315 -0.1883048549 1.854757 2.002178 3.383798 -2.013409 -3.635093 3.847884 -4.535631 1.090573 4.532646 0.682783 -2.960700 4.491467 -2.581259 -2.902806 -2.070573
316 -0.2111561557 1.432969 1.678197 4.520730 -2.821385 -2.727180 4.759198 -3.430110 0.227229 4.020534 1.237065 -3.342329 3.735957 -1.706708 -3.810284 -2.764987
317 0.9780293184 0.533449 0.366519 4.151220 -3.237907 -4.224157 3.742915 -4.145137 0.195939 3.981895 1.103732 -3.033670 3.283982 -0.834996 -3.505413 -2.663317
318 0.7854946362 0.144973 1.102136 1.592981 -3.425805 -3.976675 4.767793 -3.117159 1.920688 4.255570 -0.019156 -2.875597 4.395309 -1.556115 -2.959315 -2.722925
319 0.9499754705 1.777795 2.401370 4.280386 -2.209917 -3.344122 3.364166 -4.886844 0.885021 4.132945 0.654563 -2.820443 3.969718 -1.087596 -4.412745 -2.117675
320 1.6625823574 1.158755 0.323834 4.102099 -2.522389 -4.107448 4.332331 -4.529893 0.980907 3.985259 0.385953 -2.679006 2.474554 -0.848673 -4.131365 -1.153595
321 2.0159479816 0.376796 1.063073 4.837025 -2.225563 -4.989777 4.877190 -3.424776 1.315956 4.217981 0.134886 -2.677062 2.951890 -1.311812 -4.529599 -1.132117
322 0.7415828590 1.058613 1.998306 4.215558 -3.642598 -4.008597 3.852888 -3.477562 1.761016 4.954776 0.480630 -3.273300 4.477576 -0.748627 -3.484014 -1.944731
323 1.6456132674 1.711045 1.167020 2.686493 -3.044525 -3.231174 4.999997 -3.577737 1.239229 4.946525 1.025034 -3.152746 3.638470 -1.647640 -2.010089 -2.183066
324 1.5168568478 0.125745 1.709504 4.488013 -2.007314 -3.201740 3.450424 -4.998553 1.502797 4.782647 0.328961 -2.003484 2.318764 -1.229723 -2.350142 -1.359832
325 0.3205463259 1.591576 1.783551 3.488156 -2.365057 -3.412718 4.535273 -3.030821 0.528592 4.538836 0.880035 -2.739124 4.757842 -1.288064 -2.254090 -2.853923
326 1.0756923899 0.684534 1.503811 4.668856 -2.806770 -3.086752 3.899661 -3.508460 0.715102 3.725084 1.030530 -2.314855 4.992650 -1.184087 -3.227548 -2.560976
327 1.6804411864 1.491729 1.245811 3.862896 -3.081159 -2.963237 4.984324 -3.302675 0.343849 4.369183 0.769462 -2.494814 4.912847 -2.042776 -3.534734 -2.233926
328 0.3834904802 1.176856 1.345135 4.054227 -1.524925 -3.599667 3.829543 -2.858763 1.342897 3.857009 0.807600 -3.168006 3.984156 -1.188984 -3.311296 -2.066052
329 3.2733969051 0.711787 1.287943 4.985632 -4.021395 -3.781325 4.948782 -4.608683 0.114859 2.566560 0.928857 -2.671651 3.329281 -1.937454 -4.138131 -2.460415
330 1.0838638634 1.989556 1.883765 3.804908 -2.246274 -3.116612 4.723448 -3.114936 -0.068727 3.984660 0.556835 -2.875582 4.015945 -1.786136 -4.595837 -2.433897
331 1.5975158681 1.641333 2.442777 4.422619 -2.771535 -2.824037 4.961734 -3.977937 1.110826 4.853759 0.597906 -3.313734 4.851405 -1.824888 -3.360768 -2.443582
332 1.8619783451 0.285201 1.179057 4.998935 -3.067748 -3.252639 4.906845 -3.702546 1.007445 4.906965 1.561827 -3.207492 4.231366 -1.430260 -4.979326 -3.072550
333 1.7613982279 2.655854 1.116190 3.681820 -2.913218 -2.800170 4.994064 -2.600192 0.066092 4.254073 0.811387 -3.741204 4.670271 -1.823734 -4.537658 -1.804890
334 1.7366123645 1.116942 1.316430 2.571747 -1.313242 -4.020519 3.147184 -4.307188 1.104161 4.519499 0.471247 -4.015539 4.816162 -2.008054 -2.295953 -2.212752
335 -0.6651185293 1.312360 2.105598 3.964950 -2.194258 -3.251880 4.140168 -4.381726 0.184258 4.734721 1.275978 -2.994776 4.714214 -1.228037 -3.993639 -2.741779
336 0.5594876959 1.800329 1.085283 3.034878 -3.254920 -3.381547 4.794736 -3.152300 0.534036 3.798060 1.217340 -3.653242 3.590320 -1.681620 -3.698225 -1.525385
337 1.5689366609 2.313721 1.678661 2.983323 -2.723815 -3.411168 4.238442 -3.017695 0.723995 4.992217 1.317248 -2.375530 4.668425 -2.329287 -4.110606 -2.540598
338 0.1857211458 2.046954 1.617983 4.255514 -1.874290 -3.481455 4.655890 -2.696574 0.251506 4.156737 0.869398 -3.652356 4.293899 -1.438579 -4.294736 -3.057154
339 0.4170159974 0.975833 2.001590 4.187915 -1.965680 -3.267190 4.332646 -3.327215 0.951535 4.970195 0.457392 -2.198959 4.405088 -0.937274 -2.791786 -2.039471
340 0.7129141260 1.464616 1.423374 4.489019 -2.252260 -3.501577 4.310189 -4.650221 1.126743 4.604203 1.257513 -2.721031 3.841458 -1.462420 -3.514515 -2.000690
341 -0.2942160925 1.480453 2.646989 3.453214 -2.095330 -2.743761 4.995318 -3.444532 0.613812 4.126990 0.828150 -3.214728 4.276929 -0.585265 -2.804511 -2.898602
342 0.0301886469 1.194966 2.345978 4.713689 -1.976497 -3.926335 3.940982 -3.223250 1.951352 4.508932 1.688581 -3.196735 3.968310 -1.536208 -4.212175 -1.064917
343 2.5111733600 -0.020598 1.487686 3.678361 -2.206817 -2.826796 4.999435 -3.375483 0.025275 3.673020 1.095334 -1.966996 4.940823 -1.536058 -3.724873 -2.254890
344 0.8781458617 1.056253 2.433094 3.829665 -2.997989 -3.710512 4.253548 -3.761535 1.648614 4.657714 0.851211 -2.693148 4.313251 -0.670356 -4.041865 -2.528398
345 1.5568110403 1.030039 1.403181 2.859628 -2.699579 -3.320228 3.220997 -4.281675 0.982136 3.460936 0.960311 -3.079468 4.456477 -1.459651 -2.165235 -2.508710
346 0.4110478998 1.925793 1.251875 4.536767 -2.481167 -3.351959 3.951134 -3.372588 0.739825 4.377223 1.305626 -3.064515 4.698509 -0.997601 -2.990196 -2.643331
347 1.0984006606 1.516041 1.322329 3.261239 -2.420709 -3.592550 4.217727 -4.046944 0.837180 4.923773 0.941138 -2.075563 3.858326 -1.380971 -3.202078 -3.087838
348 1.6278986512 1.202722 2.478177 3.022498 -2.642735 -4.382883 3.466285 -4.993649 -0.123047 4.337251 1.685655 -3.039837 4.971711 -1.853152 -2.572811 -3.227299
349 1.9501681773 1.293102 1.818054 3.629111 -1.621150 -2.743641 4.918011 -3.017658 0.395975 4.509631 0.753599 -3.412252 4.698818 -0.750911 -2.474181 -2.462730
350 1.1082555074 1.638861 2.357612 4.891157 -2.525463 -2.304549 4.980576 -2.860973 1.302136 4.820634 1.072996 -3.416890 3.977788 -0.755878 -2.986146 -2.156474
351 1.2359930820 1.090374 2.260730 4.646501 -2.311447 -2.409027 4.390608 -4.346954 0.354130 4.555078 2.048235 -4.172144 4.255442 -1.018267 -3.184207 -2.410745
352 -0.1210011402 1.140989 2.174925 4.060948 -1.554131 -3.189997 4.732871 -4.129982 1.251183 4.067016 0.195037 -3.211769 4.648172 -0.519734 -3.019447 -2.641504
353 0.8078955162 1.891990 2.589041 3.949180 -2.851790 -3.608862 4.291706 -3.784834 1.024698 3.633320 1.356815 -2.160245 3.608508 -0.568526 -3.384367 -2.137257
354 0.6394872997 1.259564 1.889518 4.474524 -2.058927 -3.024238 4.527382 -3.180583 0.461053 4.314046 1.446787 -2.489880 4.098389 -1.796264 -3.166367 -2.558346
355 -1.2225614976 1.322794 2.043156 4.242424 -2.777821 -3.708486 4.818797 -3.292653 0.654433 3.695190 0.928357 -2.926035 3.271099 -0.457337 -2.876287 -2.696565
356 -0.1821500199 1.456930 2.220699 3.534249 -1.946027 -3.016315 4.845366 -3.980294 0.981356 4.692054 1.356237 -2.770538 3.074094 -0.840048 -2.446588 -1.932200
357 0.3271899334 1.242374 0.993647 4.599801 -1.742481 -3.094165 4.645468 -3.936916 0.339962 3.899291 1.042630 -3.317088 4.141894 -0.709196 -3.668734 -2.162201
358 0.9737718132 1.755187 1.451010 3.431208 -1.365336 -3.477306 4.482459 -2.761876 1.051057 4.444285 1.435367 -3.281507 4.961834 -0.678982 -3.553134 -2.600704
359 0.5768491195 1.580218 2.638263 2.792882 -2.709009 -4.459608 4.993694 -3.758775 1.587782 4.556530 0.299864 -3.543149 4.140342 -1.635196 -2.995603 -2.873006
360 1.7127046253 2.344405 2.367282 4.968686 -1.696647 -2.647548 4.370853 -2.482452 1.454132 4.162996 1.895456 -3.287145 3.932964 -0.823963 -4.087963 -1.963170
361 0.9756803241 0.737077 2.871078 4.773683 -3.001515 -3.699045 4.771809 -3.408368 1.207661 3.986295 0.693749 -3.269635 3.417726 -1.826700 -3.551159 -1.938630
362 1.0397846732 1.975185 1.596114 3.621782 -1.929068 -4.004930 4.940204 -3.306893 0.033242 4.166066 1.769642 -3.082434 4.346659 -0.487794 -2.175587 -2.334149
363 0.1400375721 0.779214 1.846333 4.604152 -2.349515 -3.210367 4.724743 -3.543435 0.924062 3.770179 0.819252 -3.228003 3.792496 -0.546194 -2.358122 -2.829755
364 1.3743976373 0.774389 1.803842 4.999575 -2.493468 -3.260171 4.431077 -3.654435 0.510960 4.952685 1.133055 -3.273361 3.662289 -2.164512 -3.128548 -2.245588
365 0.0192753145 1.853222 1.645854 4.415383 -2.214800 -2.902306 4.899028 -2.997702 0.561981 3.915965 1.035178 -3.857160 3.988517 -0.693478 -3.051240 -2.770719
366 -0.4954936868 1.635327 2.305820 3.609185 -2.088029 -3.514193 4.648050 -4.048444 1.079002 4.108408 1.252354 -3.120044 3.437127 -0.664556 -2.799356 -2.554741
367 0.6937913695 1.298008 1.256889 4.747461 -2.552044 -3.872805 4.996518 -3.533600 0.320479 4.599410 1.353367 -3.503176 3.795985 -1.120534 -2.883146 -3.103304
368 0.6416966832 1.738807 2.539116 4.205351 -2.011899 -3.213966 4.835707 -4.421995 0.411379 3.831293 1.560686 -3.131187 3.740012 -0.939243 -3.351132 -2.787327
369 1.5109299053 0.454563 0.809320 3.289345 -2.299547 -3.366699 4.996596 -4.512012 0.233589 3.753926 0.939563 -3.568577 4.193232 -1.003290 -2.657891 -2.233193
370 -0.3908152628 1.399092 1.666340 4.548727 -2.849381 -2.763880 4.432141 -3.630768 1.834767 3.853525 0.822706 -3.661000 4.406796 -1.471599 -2.940067 -2.469662
371 0.0067580593 1.489761 1.965477 3.038491 -2.208895 -3.235998 4.538914 -3.873206 0.817166 3.852458 0.074447 -2.648787 4.107726 -0.707763 -2.134663 -3.051995
372 -0.0850936274 0.868805 1.606084 3.635612 -1.975329 -3.120111 3.735083 -4.714512 1.460178 4.466515 1.656598 -3.114151 3.223013 -0.426417 -2.795980 -2.605536
373 0.1301083535 1.341861 1.948619 4.227484 -3.073221 -3.786194 4.847311 -3.998502 1.184663 3.955459 1.194285 -3.196806 3.911181 -0.571911 -2.850866 -2.564258
374 0.7588030546 1.499809 2.383127 3.821012 -2.424998 -3.524905 3.812377 -3.873921 1.719748 3.795904 0.959866 -3.291170 4.300174 -1.997537 -2.552341 -2.720120
375 -0.3067619404 0.652269 1.982564 3.558178 -2.767915 -2.698526 4.293137 -4.551765 0.936023 4.293895 1.791928 -2.960020 3.723283 -0.439893 -2.195615 -3.173721
376 0.6184591730 2.185714 1.834962 4.158889 -2.484214 -3.744054 4.435243 -3.907507 1.632994 4.821667 1.184718 -2.680186 3.918674 -0.470044 -2.532921 -2.411943
377 0.1504449251 1.784149 1.661814 2.898849 -2.956349 -2.494426 4.516889 -3.976495 0.879622 4.404951 0.888632 -3.028150 4.803897 -0.597717 -1.707883 -1.715581
378 0.2711684976 1.044790 2.158286 3.784074 -2.397560 -2.749358 4.900647 -4.126991 1.298429 4.698445 2.108386 -3.239434 3.693633 -0.900034 -2.552269 -1.867201
379 0.1760838726 1.622207 1.766613 3.405696 -2.385959 -2.765106 4.413152 -4.244069 1.348795 4.173219 0.712829 -2.884168 4.120179 -0.733221 -3.359918 -2.725821
380 0.7903377606 1.532734 1.947341 4.145409 -1.424481 -2.323169 4.139039 -3.649621 0.713063 3.898673 0.516069 -3.859065 3.115175 -0.918535 -1.928100 -3.099431
381 0.9127685436 1.608020 2.293148 2.855237 -2.212301 -4.166336 4.306837 -3.946908 0.641971 3.466778 1.214597 -2.587646 3.989428 -0.040777 -1.398652 -3.243721
382 1.7106169226 1.070065 1.952706 4.384930 -2.519545 -3.889468 4.263590 -4.781352 1.460747 3.931325 0.783502 -2.650530 3.753879 -0.270369 -2.611266 -3.617865
383 -0.6779393688 1.788795 1.862652 4.640911 -2.114051 -3.176987 4.817093 -3.481687 1.468615 3.975542 -0.035271 -2.929984 3.181486 0.385236 -2.945383 -2.711817
384 0.4785540240 1.551487 1.890494 4.078136 -2.343141 -3.234687 4.016195 -3.749120 0.996736 4.297538 1.263641 -2.902611 4.240472 -1.359215 -2.745802 -2.529100
385 0.3164765051 1.292380 1.463909 3.768171 -3.106872 -2.230760 4.724688 -3.700897 0.766816 4.404462 0.851535 -3.296311 4.315848 -0.505115 -3.148252 -2.973758
386 0.6210873180 1.099668 2.555553 3.427162 -2.974926 -3.193229 4.180255 -4.068681 1.668848 4.623367 0.976999 -2.910020 3.729160 0.153650 -2.546406 -2.525815
387 1.7619604701 1.998485 1.460287 3.655005 -2.428099 -3.461607 3.786585 -4.423114 0.993103 4.763643 0.937561 -3.410237 4.105220 0.096801 -2.404990 -2.671285
388 0.6793048737 1.458677 0.998552 3.902687 -1.575662 -3.224564 4.696759 -3.608413 1.105526 4.045442 2.041821 -2.565222 3.272707 -0.767868 -2.483065 -2.467279
389 0.3185263110 0.836825 1.060512 4.633705 -2.495143 -2.964201 4.966741 -3.747000 1.881185 4.379766 1.353774 -2.602610 4.124057 -0.448057 -3.204462 -3.010659
390 1.7367550694 1.066536 1.626697 4.687428 -2.543509 -2.578607 4.896574 -3.885092 1.010572 3.789657 1.070840 -2.989911 4.234802 0.176829 -2.673338 -2.461584
391 -0.0627806714 0.824442 1.104091 4.027067 -2.743706 -2.932643 4.971971 -3.238089 1.422400 4.500345 0.945598 -2.429443 4.102636 -0.959744 -3.135942 -2.721512
392 0.4972628586 0.836801 2.595425 3.617754 -2.708283 -3.314726 3.860672 -3.966262 1.117677 3.935543 1.137321 -2.944385 4.586880 -0.828775 -2.055556 -2.699077
393 0.9378113782 0.943053 1.536625 3.506763 -1.906818 -2.922945 4.624328 -4.043557 0.541442 4.090537 1.334066 -3.121780 3.728509 0.026090 -1.582799 -2.605696
394 0.7193510983 0.626591 1.389310 3.229057 -2.542721 -3.255221 4.237465 -3.740626 0.925182 4.170556 0.769094 -2.999894 3.818672 -0.949714 -2.819894 -3.558411
395 1.1922739743 1.511302 2.000584 3.759406 -2.955846 -3.349634 4.664815 -4.688530 1.652560 3.917415 0.439678 -2.918581 2.585165 -0.010437 -2.412104 -2.261752
396 0.6931377536 1.047136 1.888849 4.324843 -2.385325 -3.133829 4.657428 -4.778379 0.959525 4.141939 1.398657 -2.738296 2.645425 0.007546 -3.243524 -3.225545
397 1.6080904554 1.108692 1.423390 4.291580 -2.556464 -2.454519 4.668746 -3.160257 0.977949 4.999993 1.659322 -3.014981 4.446437 -1.212142 -3.720740 -2.651876
398 0.6594698735 1.197454 1.346049 4.059982 -2.062622 -3.083124 4.941582 -2.811956 1.199257 4.260762 0.951923 -3.231591 3.841827 -0.070163 -3.005000 -1.810351
399 0.4897947542 0.209936 1.632677 4.049433 -2.220623 -3.058197 4.923208 -4.212100 1.093597 4.728408 0.832289 -2.672447 4.385116 -0.829702 -2.862864 -3.214960
400 -0.6319818956 1.369467 1.113086 4.024315 -2.840251 -2.662321 4.948917 -3.397170 0.584441 3.894361 1.088291 -3.670552 4.061832 -0.455488 -3.066958 -3.232058
401 0.1687006546 0.902734 1.079698 3.791318 -3.210689 -2.899876 4.022913 -3.843754 1.585326 4.949107 1.703172 -2.881190 4.511813 -0.034709 -3.265525 -2.546409
402 0.6366270267 0.678533 0.389186 4.016307 -2.916533 -3.014439 4.635446 -4.061362 1.494004 4.179021 1.015214 -3.356318 3.811546 0.056733 -3.184440 -3.312960
403 0.2549100068 0.400168 1.895321 3.381804 -3.075886 -2.763148 4.999950 -4.760127 1.315411 4.367528 1.611027 -2.308603 4.132090 -0.370559 -3.014257 -2.533797
404 0.7307765542 0.892987 1.497904 3.579122 -3.445478 -2.811018 4.989973 -3.183695 0.817861 4.809434 1.132403 -2.900665 4.758786 0.181589 -2.740271 -3.046405
405 1.1432832764 0.759455 1.731530 3.378936 -2.648252 -3.530593 4.490992 -4.194405 1.331029 4.290837 1.018359 -3.037492 3.423217 -0.934263 -2.442387 -2.007283
406 0.9216543025 -0.017314 0.983762 3.890841 -2.310457 -3.216798 4.232127 -3.724617 1.646847 4.273097 1.694534 -2.406461 4.113271 -0.513710 -3.065195 -3.338926
407 -0.7065675254 0.536337 1.913031 3.915800 -2.853247 -2.873479 4.698271 -4.042034 1.660599 4.595290 1.172133 -2.740368 3.571205 -0.421025 -3.366653 -2.595673
408 -0.6680340889 0.777961 0.908445 4.287378 -2.721041 -3.002661 4.458069 -3.691766 1.789185 4.557936 1.299726 -3.001922 3.937777 -1.194230 -3.260373 -3.192263
409 0.0510216332 0.790108 1.139244 3.344615 -2.843511 -2.790524 4.257542 -4.863449 1.277989 4.096606 1.114364 -2.936403 3.525164 -0.358197 -2.959072 -2.546248
410 -0.4559601113 0.524143 1.237404 3.783828 -3.011223 -2.634686 4.501422 -3.602457 1.824695 4.566784 1.114082 -3.233080 4.817480 -0.311917 -3.992110 -2.984241
411 0.1327339567 0.392381 1.550695 4.275917 -2.930125 -2.918288 4.224579 -3.466284 1.885398 4.749201 1.547557 -2.560809 4.584163 -0.428409 -3.782659 -3.232250
412 1.3384791659 0.533577 1.386335 3.475721 -3.555460 -2.825640 4.273721 -3.869933 1.825809 4.945498 1.824940 -3.322320 4.949694 -0.244234 -2.689406 -3.629384
413 -0.3579964435 0.923219 2.128511 4.179592 -1.970043 -3.268389 4.158937 -4.222122 1.794020 4.611829 2.125367 -1.941558 3.616679 -0.316684 -3.849277 -2.685576
414 -0.6350611746 0.859531 1.166803 3.543705 -2.764803 -2.524789 4.813112 -3.488640 1.620020 4.712429 0.757357 -3.022930 3.771345 -0.499064 -2.840102 -2.822984
415 0.6077231211 1.497469 1.779937 3.976236 -3.085362 -2.233932 4.999228 -4.470785 1.464171 4.303238 0.742873 -2.737016 4.440717 -0.224905 -2.599942 -3.351636
416 -0.3457595401 1.170971 2.134679 3.600511 -2.704676 -2.610855 4.558446 -3.742592 1.820761 4.788353 1.597991 -4.136048 4.221011 -0.738539 -2.720006 -3.190719
417 0.1260192397 0.509103 1.818423 3.786357 -3.012643 -3.004419 4.144153 -4.134081 1.163261 4.659644 1.650746 -2.614129 4.259110 -1.301721 -3.240402 -3.197122
418 -0.0560162274 0.848107 2.021296 3.298538 -2.777848 -2.513021 4.176625 -4.637482 0.687862 4.692646 2.284873 -3.597891 4.342553 -0.951528 -3.069885 -3.054989
419 1.0753065032 0.657498 0.390659 4.231770 -3.116127 -2.806521 3.427460 -4.061773 1.171426 4.858123 1.225377 -3.052851 3.469093 -0.935179 -3.163650 -2.231971
420 0.6335617493 1.029187 0.996012 4.799717 -3.125878 -3.434563 4.983671 -3.272275 2.075941 4.493560 1.400809 -3.130574 3.402301 -0.185917 -4.246368 -2.369082
421 -0.1984755241 1.539310 1.248317 4.275408 -2.753857 -3.470774 4.883644 -3.979267 1.344360 4.398336 1.146327 -2.982922 4.456802 -0.801798 -3.062825 -3.151713
422 -1.0740372587 0.865093 1.499371 3.476630 -2.669458 -2.674430 4.836479 -3.579871 2.272040 4.663276 2.234238 -3.425637 3.780717 -0.806920 -3.977216 -2.819899
423 1.1415536340 0.642451 0.718768 3.728063 -2.684657 -2.889928 4.951445 -3.830107 1.736148 4.534887 0.984259 -3.279099 3.152964 0.003013 -3.020830 -2.652089
424 0.3909402849 0.312803 1.274846 3.521697 -3.145940 -3.011626 3.812704 -3.077503 1.664213 4.132331 0.248409 -2.979888 4.427753 -0.346405 -2.954404 -3.459765
425 0.3977250848 0.931494 2.089144 3.212171 -2.512304 -2.853760 4.917127 -3.385552 1.249758 4.807611 0.766524 -3.597764 4.026194 0.266464 -3.408063 -3.552990
426 0.9468269259 0.651294 1.082596 4.190949 -2.582103 -2.116531 4.981177 -2.740767 1.900605 4.746830 1.078449 -2.985538 3.974494 -0.833417 -4.391883 -2.596109
427 -0.2435794403 0.721949 0.867986 2.376117 -2.834628 -2.908590 4.668052 -3.984094 1.703252 4.903393 1.906848 -2.795386 4.812722 -0.759986 -3.333083 -3.110388
428 0.3345757268 1.035778 2.438747 3.545964 -2.549302 -2.647927 4.535096 -3.482888 1.686581 4.293247 1.007432 -3.294260 4.036360 -1.182692 -3.751010 -2.723392
429 0.5360638569 1.069634 1.658328 3.821011 -1.886957 -3.068001 4.129093 -4.175577 1.771139 4.390177 1.038692 -3.570387 4.772986 -0.884824 -2.915012 -2.474811
430 0.4156396592 0.476657 1.666672 3.013312 -2.550773 -2.910354 3.782947 -4.225898 1.818201 4.598235 1.210431 -3.094325 3.648151 -0.591825 -2.931733 -2.493950
431 0.0343632087 1.310012 1.732892 3.382669 -2.707291 -1.977490 4.725781 -3.731589 1.852377 4.757730 1.803056 -3.337659 4.127580 -1.314073 -3.442893 -3.238512
432 0.9772779262 0.633725 2.071502 3.858647 -2.599330 -2.497050 4.587656 -4.247446 0.993420 4.239256 0.979026 -3.168912 4.272651 -0.585280 -3.020450 -2.595197
433 0.3175001064 0.920578 0.828573 3.209308 -2.826253 -2.496945 4.869930 -3.333312 2.058628 4.712021 2.361952 -3.576575 4.410521 -0.324569 -3.852725 -3.161733
434 -0.2491075794 -0.021735 1.101801 3.055906 -3.202485 -3.175720 3.797196 -4.301110 1.990241 4.839074 2.191651 -3.004737 3.868657 -1.272444 -2.925253 -3.369232
435 0.6776287691 1.684846 1.573327 3.794132 -2.173171 -2.268855 4.999997 -4.394432 1.333110 4.839321 1.379000 -2.316099 4.871056 -0.386137 -3.186285 -3.170543
436 0.6583141823 0.655629 0.755330 3.171572 -2.220460 -2.994208 4.596960 -3.179253 2.304432 4.905612 1.968512 -2.745249 4.351539 -1.550187 -4.291862 -3.131780
437 -0.4514932477 1.051971 1.214471 3.550534 -2.184230 -2.819751 4.842812 -3.842252 2.145122 4.635937 2.119052 -2.915012 3.903981 -0.840208 -4.220325 -2.156775
438 -0.0120016098 1.603967 0.564362 3.362120 -2.401137 -2.914639 4.786171 -4.228588 1.524219 4.997669 2.474288 -2.789732 4.533395 -1.589103 -3.792102 -2.744804
439 -0.5528130917 0.768024 2.085545 3.266260 -3.454468 -2.774835 4.780100 -3.834291 1.820500 4.513967 0.946335 -3.486519 3.881451 -0.843334 -3.176433 -2.846957
440 0.4315903890 1.012862 1.467466 2.585087 -2.975226 -2.121271 4.999941 -3.951604 2.042121 4.799212 0.656136 -3.339455 3.881609 -1.329058 -2.964759 -2.835169
441 0.7199289035 0.357421 1.692075 2.850819 -2.508284 -2.560110 4.429038 -4.014222 1.750743 4.038957 1.841548 -3.671589 3.974447 -0.818427 -3.720758 -2.920713
442 0.5666577481 0.885422 1.151318 3.362184 -3.008608 -2.686584 4.443408 -3.539896 2.091625 4.957198 2.357693 -2.696406 3.685726 -0.678328 -3.777906 -2.901987
443 0.2084446196 0.561330 1.348607 3.222863 -2.658802 -2.334710 4.346245 -4.228167 1.568953 4.895997 2.106124 -3.467955 4.616127 -0.831493 -3.554313 -3.495496
444 -0.7843993634 0.933497 1.386704 3.743417 -2.532043 -2.075971 4.668966 -3.504688 2.062792 4.424042 1.997563 -3.019150 3.412003 -0.425394 -4.140799 -2.869332
445 1.1893633187 0.862584 1.013146 2.475836 -2.001691 -3.091263 4.917761 -3.683690 1.839739 4.935735 2.490435 -3.044301 2.859032 -1.116110 -2.669910 -3.072028
446 0.9689065359 1.177144 1.714819 3.619873 -2.284756 -2.315741 4.964888 -3.659109 2.366868 4.324337 2.263313 -3.363709 3.649344 -1.229326 -3.978645 -2.783073
447 1.2119205903 0.920189 1.659054 3.953210 -3.696226 -2.316022 4.932369 -4.006271 1.747389 3.858484 2.576202 -2.856076 3.781989 -1.527311 -4.341027 -2.780949
448 1.6432456493 0.807080 0.716890 3.638300 -3.312209 -2.286936 4.864231 -3.665212 2.514565 4.859094 1.389248 -2.547300 4.432213 -1.224883 -3.378697 -1.672592
449 1.3846958722 0.794359 1.129867 4.175510 -3.230753 -2.351775 4.996578 -3.535103 2.427505 4.754728 1.660748 -3.284830 3.609441 -0.269339 -3.901534 -2.100988
450 0.8673922660 0.743915 1.296562 3.588081 -2.964420 -2.661731 4.961399 -3.963005 1.203818 4.482038 2.670059 -3.344837 3.754345 -0.554843 -3.946168 -2.981232
451 -0.6681744615 1.230365 1.976871 4.011136 -3.164141 -1.665447 4.580817 -3.351117 2.141592 4.524314 1.595619 -3.412672 3.713908 -1.247164 -4.541827 -3.353501
452 1.1834260604 0.713838 1.000085 3.753372 -2.855821 -1.694929 4.981115 -4.076262 2.449245 4.653997 2.559732 -3.048726 4.356814 -0.760712 -4.464971 -2.545797
453 1.3721661336 0.135019 2.682125 3.146464 -3.115009 -2.704098 4.942795 -3.879855 1.014017 4.711090 2.039380 -2.928041 3.405987 -0.499395 -3.195543 -3.975031
454 0.6951431280 1.176218 1.732343 3.463170 -2.465129 -3.199773 4.681844 -4.294940 1.512089 4.687803 2.156837 -3.197999 3.428713 -1.367006 -4.996006 -1.946316
455 0.1412666400 0.979865 1.781676 3.957644 -3.224259 -3.086724 4.663308 -4.068119 1.730064 4.440521 2.065963 -3.848650 3.318176 -0.695538 -3.575941 -2.148182
456 0.6226067135 0.470348 1.059496 4.138985 -2.365064 -2.141307 4.923944 -3.991990 1.670420 4.436549 2.254558 -3.049450 3.758047 -1.569963 -4.207112 -3.149967
457 0.3402301687 1.006555 1.706519 3.931045 -2.947194 -2.332211 4.829976 -3.777649 1.844275 4.499732 1.954998 -3.435693 3.592373 -1.134197 -4.265477 -2.836566
