evaluations raw_y x0 x1 x2 x3 x4 x5 x6 x7 x8 x9 x10 x11 x12 x13 x14
1 2.9069659335 -0.448034 -4.626734 -1.521838 -4.026692 -3.101442 3.821398 -0.012461 -0.900407 4.965420 -2.097346 3.409379 -2.063709 -2.744208 0.323813 -3.769533
2 1.8648724869 -2.351058 -3.699825 0.268305 -4.796483 0.395604 4.899919 -0.194892 1.610535 4.944083 -2.070527 4.979096 -2.811799 -3.299528 2.622410 -1.639480
3 3.0227332317 0.178168 -3.551691 1.294649 -4.846597 1.047851 4.553666 -1.212328 0.580340 3.870752 -3.916553 4.489286 -3.429588 -2.409242 2.492325 -4.679034
4 2.9662150804 -0.725203 -4.712619 0.050738 -4.473760 0.068072 4.895256 0.065053 0.306384 4.273491 -1.436048 2.961456 -4.470789 -4.396582 1.802158 -4.256260
5 2.9997959286 0.485377 -4.836141 -1.476273 -4.265190 0.123188 4.964959 0.032048 -0.475683 4.898830 -1.898282 4.023222 -4.935211 -0.676261 3.687446 -3.822283
6 1.8901174095 -2.224398 -3.020245 -0.152610 -4.988148 -1.779453 4.995081 -1.009727 -0.358295 2.548828 -2.150670 4.994919 -3.024473 -2.110567 2.975587 -3.548675
7 2.9907362186 -0.095220 -2.686213 -1.349942 -4.512157 -1.346668 4.653252 1.520850 0.625979 4.981977 -3.252386 4.903706 -4.999378 -2.444641 1.892238 -3.143641
8 3.0400925474 0.156898 -4.132319 -0.154336 -4.703800 -1.063218 2.381628 -0.115116 1.376367 4.955401 -2.558336 4.804455 -4.960865 -0.723539 0.891042 -3.217186
9 2.2276418078 1.358880 -3.846440 -0.900846 -4.962022 -0.366451 3.086574 2.288624 0.268305 3.483288 -3.324148 3.780342 -3.573219 -0.484532 0.985446 -4.212687
10 2.3370249005 -1.476757 -2.577625 -0.200463 -4.714007 1.038890 4.450174 0.719280 -0.395357 3.356263 -0.670986 4.942617 -4.538611 -1.121571 -0.497603 -3.236989
11 3.0405702602 0.287886 -2.743660 -2.027481 -3.003469 -0.732489 4.371167 1.584574 0.549329 3.669201 -1.417567 4.645898 -3.073632 -2.382802 1.577768 -3.673580
12 3.0361395371 0.030278 -2.958530 0.552650 -3.503827 -0.935434 4.606147 -0.445079 -0.318295 4.798708 -1.349049 2.980214 -4.711165 -2.819483 2.065073 -3.519321
13 2.9813810194 -0.241504 -3.322536 0.114769 -4.977515 -0.786356 4.390212 0.759467 0.909548 3.942686 -4.066746 4.880092 -2.770330 -0.438889 1.597130 -4.038636
14 2.2301272592 -1.565221 -4.482326 -1.031301 -4.968914 -0.461837 3.000009 -0.086131 0.195241 4.999882 -0.951527 4.997238 -3.969248 -2.745363 1.874983 -3.292352
15 2.4862378253 -1.184966 -4.718422 -0.598357 -4.961333 0.589968 4.322640 1.467161 -0.312591 4.283949 -1.268506 4.414195 -2.286917 -0.967082 0.597695 -3.057696
16 2.2709952677 -1.624466 -4.704568 -1.275424 -4.982693 -1.274962 4.907288 1.176747 0.572993 4.376995 -4.496247 4.255102 -3.569971 -2.717738 2.336050 -1.088063
17 2.7793622943 -0.900258 -3.169619 -2.573229 -4.793200 -1.075626 4.299975 -0.267946 0.403400 4.241387 -1.367168 4.379713 -3.720733 -2.938765 1.276349 -3.414038
18 1.8223705605 -2.455553 -2.400349 0.664391 -4.965183 -0.911857 4.990235 0.073230 2.069475 3.294261 -1.739842 4.119759 -1.904708 -2.467526 3.655953 -3.494336
19 2.7222346119 -0.952737 -3.649789 0.079823 -4.333707 0.517096 4.426032 0.947393 1.061845 4.980707 -2.253950 3.584805 -3.504128 -4.218357 1.603454 -1.599389
20 2.9811133003 -0.639648 -2.880058 0.052930 -4.900964 -1.267419 4.246931 -0.161766 1.692954 3.735927 -2.086751 4.005112 -2.308121 -3.307930 1.794124 -1.051690
21 2.8836900726 -0.456866 -3.767707 -0.436688 -4.253219 -0.102477 4.264394 0.045596 0.105056 2.033487 -3.643445 4.683419 -2.736302 -1.501427 4.287085 -2.244840
22 2.3675898071 -1.330209 -3.534365 0.376090 -3.655652 0.277294 4.228681 1.586082 0.601880 4.889764 -0.903134 4.998755 -3.074378 -1.754426 0.684443 -2.047688
23 2.8220459026 -0.872755 -2.869329 -1.906562 -3.223026 0.202980 4.674218 -0.070396 0.748947 4.605568 -2.546930 4.979403 -3.097156 -1.530240 0.693269 -2.941800
24 1.8497583016 -2.552196 -3.500947 0.337747 -4.997376 -1.555637 4.809402 -1.066139 2.013931 3.682227 -1.758149 4.875483 -2.548524 -2.004554 2.354182 -1.217926
25 1.8081663514 -2.551559 -3.271774 0.160722 -4.999309 -1.019458 4.555981 1.466211 1.704275 3.307157 -2.936596 4.542402 -3.874023 -2.769368 2.994354 -2.392994
26 1.9758631345 -1.958106 -3.401458 0.050721 -4.408569 -1.405218 4.331255 -0.130513 3.021801 3.228921 -2.138673 4.987733 -4.334240 -1.615306 4.591532 -1.934061
27 1.9127114429 -1.982418 -2.903425 -0.069320 -4.637537 -0.779760 4.335987 -0.684392 -0.565127 3.916357 -0.424939 4.098599 -2.763889 -3.021827 3.028032 -4.563099
28 1.8540310982 -2.296529 -1.580192 -0.844380 -4.509518 -1.289175 4.972729 0.726789 2.332195 4.082833 -3.411377 4.977484 -2.083309 -1.851294 2.624985 -2.572621
29 1.7145581290 -3.342425 -2.789816 -0.861347 -4.962881 -0.947199 4.859935 0.285688 1.076046 3.427051 -2.122782 3.509319 -0.467243 -2.721388 4.499605 -2.678872
30 2.0885023182 -1.636509 -3.209797 -0.255096 -4.429686 -1.013127 4.441751 1.257727 2.106805 3.205062 -2.631176 4.838070 -2.799593 -2.614645 4.977908 -4.177034
31 1.8286767674 -2.477290 -3.214647 1.631549 -4.119189 -0.511395 4.039326 1.219729 1.133014 4.416924 -1.972090 4.822570 -1.819344 -3.975159 3.559144 -2.853707
32 1.7650648479 -2.783662 -3.669847 0.315827 -4.998404 -0.346731 3.785272 0.453361 0.625521 2.419908 -0.471481 4.994323 -3.487423 -1.612499 2.594219 -3.320604
33 1.9036712201 -2.061944 -1.625163 1.716987 -4.999720 -0.697255 3.888139 -1.566965 1.296172 4.359429 -1.616990 4.187174 -1.959216 -3.825737 3.081032 -2.204006
34 1.8061067165 -2.386845 -1.511257 0.115797 -4.999158 0.752335 4.682296 -1.258137 1.058744 3.937228 0.220600 4.653186 -4.994426 -3.493850 2.039086 -2.629594
35 1.8127413519 -2.640197 -3.284178 0.591703 -4.913223 -0.688535 4.406490 -0.378446 2.491316 4.836615 -0.815158 4.940653 -0.699267 -3.685685 4.306405 -2.647713
36 2.4233160858 -1.342061 -3.977075 2.171184 -4.914149 -0.504728 4.990707 -0.366885 1.753580 3.698772 -1.337330 3.438480 -3.655158 -1.656704 2.741512 -2.425366
37 1.6134274659 -4.237046 -2.946710 0.442718 -3.516881 -0.186405 3.678897 0.121806 1.021574 1.929639 0.177502 4.518294 -2.410770 -4.990261 3.378594 -3.408338
38 1.7324138161 -3.220188 -4.804763 1.022384 -4.928868 0.421855 2.440127 0.385100 1.719780 4.508445 -2.687365 4.980163 -1.655262 -2.322776 4.432752 -3.177624
39 1.8376306623 -2.553200 -2.983480 0.027522 -4.963593 -0.351666 4.906603 0.161013 0.805605 2.678289 -0.310121 4.281425 -2.753723 -2.756508 3.494551 -2.882593
40 2.0761786617 -1.579720 -1.418937 -0.730309 -4.659349 0.248959 4.064029 0.125081 1.947301 4.483187 -1.343409 4.999346 -4.031545 -3.210302 3.770114 -1.889334
41 2.5123063689 -1.138501 -1.244267 0.154943 -4.885849 -2.564544 4.995804 1.726524 1.118345 2.136525 -1.621879 1.830784 -3.182320 -3.224988 1.533572 -3.010280
42 1.7205242372 -3.085322 -0.710499 -0.157704 -3.875529 0.196389 4.321046 0.388778 0.567234 4.451472 -1.588501 3.090293 -4.763664 -2.740634 3.320550 -1.642665
43 1.6691390594 -4.093298 -3.957886 -0.737475 -4.426750 -0.643643 4.055912 0.821026 0.817518 4.072306 -1.617629 4.838518 -2.531318 -1.411008 1.416283 -4.533852
44 2.1767307503 -1.589928 -3.795993 -1.524292 -4.195931 -0.222924 3.361615 -1.635499 1.932311 2.422499 -1.095336 4.079303 -2.527723 -0.837566 1.771408 -3.765328
45 1.9404797140 -2.395171 -4.056635 -0.417367 -4.995397 -0.834548 4.919406 -0.776333 1.570560 3.752412 -1.238519 2.200405 -3.351488 -2.975020 4.976735 -2.730705
46 1.6576679583 -3.751238 -3.993364 0.968471 -4.878223 -0.234174 4.257584 -0.431339 1.729953 3.929055 -1.674237 4.999595 -1.590025 -3.939164 4.169585 -1.006165
47 1.6469477378 -4.528338 -3.089487 0.381079 -2.559425 -0.348276 4.138832 -0.049175 1.303455 1.835399 -1.059483 4.933464 -2.213083 -2.415832 3.292486 -1.238849
48 1.8323914457 -2.630888 -3.778983 -0.311245 -4.021304 -2.147555 4.975023 0.538946 1.746706 4.403947 -1.079243 4.207464 -2.308090 -3.550690 3.917395 -1.543545
49 1.7248353996 -3.115556 -4.269853 -1.969931 -4.829616 0.439318 4.106837 -2.494819 0.700349 2.188842 -1.616485 4.681993 -3.369531 -3.804970 3.007838 -3.177138
50 1.5866037882 -4.997643 -2.796931 -0.617913 -4.221920 -0.512595 2.685407 0.459154 0.842169 1.992192 1.055371 4.730270 -3.560410 -3.456208 3.298523 -4.329159
51 1.6269961200 -4.921394 -2.425715 -0.144257 -4.201580 -0.765336 3.143561 -0.158953 1.517596 3.263813 1.570640 4.389820 -4.021514 -4.717604 1.732077 -3.002756
52 1.6576831644 -4.842031 -1.819946 0.697535 -4.185099 0.500133 4.871453 0.130073 1.095881 1.013332 0.786939 3.795444 -1.097330 -4.364963 4.359720 -2.983397
53 1.7457880057 -2.687454 -3.412016 1.751499 -4.940411 -0.409105 3.512472 1.491232 1.511414 0.858029 0.473286 4.685160 -0.892110 -3.014730 3.351251 -1.799465
54 1.6266284434 -4.265339 -3.109749 1.074605 -3.585757 0.057584 4.767597 -0.421122 0.182173 1.298970 -0.403752 4.144168 -3.534717 -3.252906 1.569237 -2.883264
55 1.6239839789 -4.317976 -1.302083 1.464433 -4.410292 0.520994 4.654472 0.783163 0.766571 3.088337 -1.797228 3.724558 -0.569940 -3.497397 3.798942 -1.408551
56 1.6251655014 -4.121737 -3.040714 1.551276 -4.870034 0.754156 2.655930 -1.160923 0.636588 2.228217 -0.773893 4.884523 -3.095982 -4.469414 2.141743 -1.083653
57 1.6751456783 -4.341765 -1.945082 -1.134287 -4.821760 -0.737303 4.199754 -0.266671 2.654068 2.154233 -1.680437 4.973265 -2.772848 -4.129984 1.845593 -2.813020
58 1.6703312071 -4.500495 -4.999304 -0.053894 -4.037390 -0.021144 2.397231 0.525631 1.776525 1.988026 0.235363 4.634886 -1.981129 -3.891993 3.001500 -3.116044
59 1.7596468604 -2.787865 -3.546323 -0.693562 -4.110311 -1.772717 3.936833 0.127140 0.767883 2.269154 -3.773776 4.950557 -3.325732 -4.669531 3.705165 -1.088674
60 1.6345113821 -4.224467 -3.958647 0.676940 -4.283770 -0.280591 4.920824 0.954430 -0.229990 4.499122 -2.977051 3.814777 -2.320487 -2.408812 2.485144 -1.417812
61 1.6905736048 -4.220226 -2.574610 -0.723411 -4.986542 -0.315114 2.404097 0.044547 -2.538404 2.539390 -0.875465 4.725946 -1.691946 -1.278628 2.115767 -2.131069
62 1.7920915045 -2.641336 -0.941252 1.825718 -4.813142 0.847396 2.335062 0.111141 3.769263 2.632403 0.629945 3.712564 -2.156977 -3.528122 3.464128 -3.036482
63 1.6075594329 -4.968916 -3.199453 -0.201751 -4.966301 0.812241 4.961799 2.311749 0.988265 1.634685 0.248867 4.497806 -4.779365 -3.456682 3.592874 -1.570016
64 1.6191469053 -4.496128 -1.725331 1.465065 -4.637231 0.571485 2.474401 0.288928 -1.012764 3.081985 1.140250 4.999549 -2.916151 -1.827774 2.205356 -1.812224
65 1.7100563494 -3.167546 -3.099715 -0.317689 -4.175647 1.326666 4.749895 -0.515034 1.381725 1.877167 1.338715 4.966597 -1.665665 -4.372694 3.392228 -2.915668
66 1.7429254803 -3.595353 -2.209329 -0.654935 -2.811792 -0.152746 2.950332 -1.860253 1.680070 2.767560 -0.846334 4.118133 0.272174 -4.745717 4.736372 -1.009393
67 1.6075019132 -4.955744 -2.488998 -0.929503 -4.694617 2.176450 4.537620 -0.022430 0.664045 1.078584 -1.608227 4.996813 -1.007903 -2.792794 3.360900 -1.608824
68 1.6250781250 -4.841238 -1.603551 -0.233367 -4.933775 0.283281 2.855010 0.556491 -0.183672 3.223161 0.111824 1.652509 -3.011696 -4.847606 3.465356 -4.356454
69 1.6212875614 -4.629625 -2.907388 -0.428821 -4.991651 -0.280239 4.179871 -0.158377 1.509956 1.398510 -0.134558 4.651124 -2.215234 -4.757286 2.936611 -2.976216
70 1.6241352523 -3.835652 -2.391443 1.426378 -4.063071 -0.399775 2.614863 -0.499274 -1.107452 4.431736 1.802356 4.704118 -4.709785 -2.979266 2.633087 -1.760458
71 1.5961721744 -4.940591 -2.160075 1.034114 -3.292353 0.316611 4.545320 -1.405463 0.500477 1.211894 0.853362 4.244966 -1.563000 -2.955058 2.771432 -3.470524
72 1.5570251865 -4.924697 -3.480020 0.317499 -4.540366 1.824783 1.779977 -2.067285 2.252899 1.715255 -1.009419 3.608452 -2.498739 -4.002570 2.582213 -2.155988
73 1.6568094525 -4.273397 -2.119543 -0.167574 -3.280536 0.282386 3.573221 -1.095706 0.138156 1.938934 -0.261781 4.999251 -2.962750 -2.993595 2.193213 -3.302237
74 1.6690180815 -3.454371 -4.165694 0.723910 -4.972155 1.094159 2.459234 -2.859800 0.675280 2.068316 1.121930 3.107485 -1.903246 -4.528523 2.761400 -2.304779
75 1.6493350277 -4.949893 -4.746711 1.767002 -4.911805 1.101078 3.723553 0.007746 4.233221 2.298867 -0.906877 4.335699 -2.155537 -4.723885 4.356749 -3.520486
76 1.6515857735 -4.720094 -1.550381 -1.160663 -4.999085 0.303418 4.981304 0.497912 1.487170 2.285615 -0.432961 4.983824 -2.268220 -2.721246 4.546801 -1.689788
77 1.7561025666 -3.951957 -1.010185 0.510415 -3.491581 0.346642 2.154705 -0.477189 -1.359332 2.160969 1.217093 4.694787 -3.383073 -4.999999 3.165906 -2.459382
78 1.6657098071 -3.756816 -1.399345 0.583317 -4.994363 1.581147 4.929306 1.395498 1.335608 1.355170 -1.013528 3.597561 -3.429013 -4.895978 3.771890 -1.965095
79 1.6615801302 -4.864153 -4.998545 0.396442 -4.998120 1.567164 3.296995 -1.211413 1.040635 3.849995 -1.489951 3.573748 -2.336008 -4.020010 0.983980 -1.981751
80 1.5840642589 -4.841246 -3.342376 0.800787 -3.419452 1.046984 2.227664 0.353845 1.227909 0.968992 -0.727210 4.980785 -2.030974 -3.756996 3.363569 -3.110331
81 1.6034369702 -4.578946 -3.726178 0.871708 -4.909631 3.347859 3.847385 -2.026414 0.203931 0.226765 -1.258051 4.811166 -2.648089 -4.774155 0.939626 -2.853518
82 1.6663856704 -3.646006 -2.908255 -1.570773 -4.573367 0.940554 3.987846 -1.361520 3.861448 1.019127 -0.352335 4.856262 -1.745373 -4.543211 1.129212 -4.680469
83 1.6591266659 -4.974581 -2.999081 -0.899597 -2.843209 0.511077 2.113085 -0.646702 1.593556 1.933826 -0.380118 3.539102 -2.025396 -4.123329 3.689854 0.265677
84 1.6319159338 -4.892846 -2.628627 -0.478181 -3.680307 -0.772276 4.951101 -0.096499 1.135218 2.609298 -0.101108 3.538700 -1.835776 -4.485830 4.921794 -2.527654
85 1.6329851319 -4.050903 -3.118945 0.907967 -4.368060 3.497560 1.471713 0.833344 1.522192 -0.557529 -2.392736 4.961307 -2.171358 -4.569059 4.389870 -4.177421
86 1.6296156279 -4.040285 -4.382586 2.079442 -4.888506 2.448728 4.880505 -1.056176 2.067969 2.343669 -1.175394 3.093668 -3.616075 -2.578222 3.305047 -1.788787
87 1.6631163735 -3.581864 -3.295516 -0.622146 -4.045564 0.464607 2.692496 0.210322 1.164696 1.253252 -1.360837 4.982873 -4.348328 -3.994553 3.136623 -3.142487
88 1.8825037519 -2.155316 -3.582527 -0.798069 -4.737102 2.474657 4.471456 0.403464 0.761906 1.432187 -0.481971 2.698403 -0.246408 -3.091834 1.438385 -2.157659
89 1.6346672067 -4.837511 -2.921217 -1.143115 -4.223526 2.102816 3.057647 2.117944 2.696300 2.706579 0.430019 4.869872 -0.864474 -4.832037 4.533820 -1.676532
90 1.6331530506 -3.972145 -4.004631 2.886167 -4.883257 1.821544 2.851168 1.196619 0.144846 0.751687 -1.953273 4.998990 -2.659675 -4.737389 3.156873 -0.947265
91 1.6341314966 -4.898893 -3.389206 1.142741 -3.034360 0.564689 3.331389 0.131669 1.304136 3.727442 -0.635326 3.975412 -1.346068 -4.429921 2.847744 -2.647728
92 1.6588812914 -3.460457 -2.463431 1.485652 -3.627866 2.541577 4.015479 0.169633 -0.551504 0.659316 -0.156987 4.109652 -1.013933 -4.626824 1.897035 -2.366129
93 1.5951431455 -4.815572 -1.599114 -0.576318 -4.884448 1.363234 2.791741 -1.932293 2.512679 0.770661 -0.642644 4.928837 -1.917150 -3.781776 3.923640 -2.448599
94 1.5594525564 -4.949566 -3.110415 2.001590 -4.144442 2.136580 4.263748 -1.928094 1.251081 0.913877 -0.827211 4.857131 -0.971754 -2.908230 3.255202 -1.610621
95 1.6129315675 -4.998937 -4.149784 -1.091505 -3.526266 1.803756 3.120194 -0.933784 1.162657 1.717519 -0.497210 4.546738 -3.686315 -4.998791 2.677591 -1.261226
96 1.6819164524 -3.339298 -3.636280 -0.345940 -4.019865 3.553235 3.965516 -1.337176 -0.027957 1.595356 -2.084288 4.999701 -4.710790 -4.117682 4.306826 -2.427402
97 1.5955659971 -4.912006 -4.000590 -0.508592 -3.563127 1.974160 4.410994 -1.764470 3.005424 3.615098 -1.818207 3.396485 -1.569770 -4.993726 4.337365 -1.378563
98 1.6528582517 -3.644298 -4.540569 2.305782 -3.929473 3.245824 4.986559 -0.569980 0.431814 2.315485 -0.873048 4.037984 -0.465963 -3.776969 2.717249 -2.098535
99 1.5835289360 -4.417396 -2.874040 0.212032 -4.466563 1.022151 4.942687 -1.452617 1.699268 1.888267 -1.046122 4.962577 -2.325382 -3.406461 4.698231 -2.725571
100 1.6659573957 -4.178206 -4.813992 2.153642 -4.970718 1.425808 4.932375 1.443734 1.292683 0.248111 -1.844392 4.196342 -2.099791 -4.969084 1.799828 0.091390
101 1.6128732443 -4.609632 -2.400640 1.761260 -3.909148 2.332634 4.019787 -0.092881 2.626056 1.541550 -0.847714 4.420907 -1.516751 -4.927662 4.267817 -2.417211
102 1.5939569364 -4.957782 -2.976666 3.206818 -4.945814 1.693914 4.532972 -1.522118 1.927956 1.381028 -1.296123 3.534528 -2.366724 -4.227932 4.767781 -0.549985
103 1.7084790920 -3.092826 -3.386136 0.421524 -4.379623 3.637245 4.314436 -2.018463 1.316027 0.658923 -0.166541 4.586137 -2.083900 -2.729629 4.494281 -2.502832
104 1.5636131121 -4.978940 -1.409944 2.373946 -4.575638 1.225239 4.639945 -1.793623 2.823974 1.122234 -0.150541 3.263533 -0.348768 -4.277480 3.315292 -1.280228
105 1.5560533306 -4.886027 -3.440178 0.686504 -4.956118 3.743908 3.558702 -2.890045 2.275964 0.473866 -2.068406 4.911428 -0.591195 -4.970264 4.042291 -2.653737
106 1.6852111905 -4.980041 -1.217238 0.482307 -4.666870 2.909487 2.288996 -1.472804 2.375105 2.043495 0.524650 3.376388 -2.327583 -4.883713 4.346615 -2.389387
107 1.5662942356 -4.437162 -1.726483 2.789452 -4.992718 -0.015052 3.704084 -2.401840 1.555012 0.935662 -1.510053 2.526093 -1.654573 -3.734158 3.843632 -1.375333
108 1.5932388789 -4.755776 -3.025715 0.030153 -4.428698 1.913333 4.986574 -0.336804 2.305507 -0.528314 2.196028 4.860690 -2.235004 -4.423136 3.658481 -2.231855
109 1.6312328434 -4.244085 -1.817206 -0.051022 -4.405080 2.762752 4.453453 -1.750963 2.008347 1.414839 -0.771576 4.815903 -0.783690 -3.107756 4.836644 -2.822403
110 1.6250593409 -3.665900 -2.237721 1.290396 -4.997966 2.635457 3.458725 -3.005786 0.305639 -0.722908 -2.974059 3.967879 -3.100509 -4.767402 3.650326 -3.092251
111 1.5628112341 -3.823550 -3.156520 2.397591 -3.392822 1.231264 3.075819 -2.649707 0.837580 0.555612 -3.623157 3.130733 -2.646777 -2.611605 2.486512 -1.168588
112 1.6075328576 -3.581907 -3.339721 0.687991 -3.801615 1.310519 4.057687 -3.189128 4.815846 1.600146 -1.853452 4.999732 0.296537 -4.909531 4.208649 -1.487268
113 1.8526008104 -2.372506 -3.630935 0.488877 -4.298254 3.297793 3.043326 -4.665388 0.659067 0.210210 -1.455430 4.982474 -1.544596 -3.988764 4.006286 -1.892574
114 1.5701110878 -4.347622 -2.350818 0.402261 -4.798739 2.665028 4.859036 -3.082976 2.973004 -1.403894 -1.559730 4.725937 0.401539 -4.890748 3.086328 -2.330247
115 1.6866671686 -4.978974 -0.903498 2.126973 -4.953163 3.924501 4.361383 -3.001773 3.564080 2.350700 -3.240028 1.664810 0.036783 -3.915811 4.422308 -0.352874
116 1.6039770779 -4.856415 -2.742570 2.260395 -4.386851 1.020559 4.928406 -0.857231 1.137458 -0.675263 -0.999482 4.651271 -2.655175 -4.741693 4.996957 -3.156189
117 1.5893418955 -4.326766 -2.549820 -0.402211 -4.305040 2.243152 4.943134 -3.993323 2.219246 1.785999 -2.418543 2.680570 0.124649 -4.986158 4.384887 -0.460083
118 1.5954846974 -4.392061 -3.394065 2.761742 -5.000000 0.665042 2.759636 -2.705807 2.626533 1.103414 -2.544194 2.818939 0.068317 -3.247363 4.670448 -4.034332
119 1.5700519527 -4.588356 -3.362187 2.558118 -3.950164 1.384302 3.420628 -2.028689 0.568945 0.953915 -1.637949 4.833330 -3.471301 -4.965462 4.253381 -0.584419
120 1.6487778522 -4.712339 -1.410455 0.554800 -3.934072 1.119258 4.485252 -0.708477 3.991511 1.505085 -0.399420 4.314987 1.212204 -4.981444 2.187404 0.053931
121 1.6863589535 -4.671609 -3.024752 3.260596 -1.510789 0.771526 3.761510 -3.476161 1.041325 -0.968796 -1.567153 4.128008 -1.268549 -4.998758 2.443106 -0.605892
122 1.6287494430 -3.974470 -2.472918 1.817848 -4.484606 1.070422 4.242126 -0.392343 3.973885 1.580644 -4.397556 2.963939 -1.174760 -4.156923 4.375106 -1.023957
123 1.5623922549 -4.489508 -3.081586 3.381042 -4.994957 -0.096239 4.011963 -2.895606 2.080571 -1.627848 -3.198198 3.870862 -3.465417 -4.587220 3.856092 -0.541124
124 1.5819479796 -4.319126 -3.636385 2.755971 -4.970278 1.013728 4.912050 -3.347385 1.760286 0.298414 -3.830816 4.751419 -0.267660 -4.991566 4.949544 0.399378
125 1.7932724731 -2.424969 -1.497737 0.251518 -3.788892 -0.332982 3.692153 -0.581126 -1.714006 1.997550 -3.054186 3.049062 -3.253060 -3.166568 3.483774 -1.421811
126 1.6069418654 -4.854172 -1.714504 0.785948 -3.915645 1.688253 2.720605 -1.758386 1.810269 0.029302 -3.516999 2.355882 -0.869292 -4.929537 4.572740 0.695561
127 2.4112882434 -1.224540 -2.054671 0.874622 -2.514277 2.371097 2.164851 -1.799324 0.667721 1.400761 -3.833506 4.428582 -3.488946 -2.657050 2.380727 -2.159297
128 1.5728329575 -4.632027 -1.870800 1.292836 -3.358154 3.348021 4.418631 -3.060661 2.825307 -0.055589 -2.108133 3.820664 -1.676889 -4.916837 3.788802 -2.893556
129 1.7074792353 -2.693288 -4.463678 2.750991 -4.993525 1.662332 2.572608 -3.900053 0.434580 -1.066652 -3.118088 2.002287 -3.064788 -4.855846 1.816409 -2.640842
130 1.5639782195 -4.455448 -2.432300 2.222019 -4.973806 2.294387 4.815708 -2.213950 1.203862 0.522380 -1.503341 4.993856 -0.884829 -3.615814 2.948180 0.478461
131 1.5886027662 -3.613716 -2.741030 4.221440 -3.770293 0.137081 3.507453 -1.270464 2.524040 2.231521 -2.423612 4.093381 -2.857824 -4.935931 1.901603 -2.566025
132 1.6546618475 -4.694958 -4.450972 3.017930 -3.149054 2.338576 3.203489 -0.606052 -0.464753 -1.420998 -1.603085 4.771669 -2.261642 -3.772733 3.392210 -0.442175
133 1.5580358609 -4.500154 -2.751343 2.050527 -3.784020 3.031911 2.023008 -3.581009 0.466241 1.143176 -1.256321 3.813480 -1.733826 -4.662742 2.945854 -0.209475
134 1.5635190568 -4.999116 -1.511700 2.212001 -4.764887 -1.180169 2.358766 -2.808501 1.359047 0.721927 -1.120393 4.445023 -4.278872 -4.052311 2.977638 -2.260012
135 1.6917802932 -2.765561 -4.001495 1.406195 -4.626751 0.058267 3.558622 -3.968631 2.209357 0.953970 -3.857497 3.626006 -1.546422 -3.905576 4.848797 -0.658538
136 1.6628502375 -3.460718 -4.935120 3.052436 -4.989574 -0.119105 4.670868 -1.582486 1.973610 1.384817 -4.175678 3.965384 -3.645147 -2.509207 2.415914 0.267793
137 1.8888200452 -2.189041 -1.528850 3.538833 -3.409241 2.460552 4.348895 -3.251544 2.207915 -2.897342 -2.885292 3.554206 -1.506549 -4.198163 3.454645 -0.293077
138 1.6495394957 -4.911067 -0.960564 3.587910 -4.734198 1.330889 4.929731 -3.270857 2.606967 -4.997847 -1.058938 4.076690 -0.884350 -4.036750 4.576496 -1.607459
139 1.5453285831 -4.846625 -2.761633 1.595372 -4.722616 2.725191 4.567172 -3.425665 1.525174 -1.768339 -0.963429 4.850360 -1.460611 -4.087386 4.215615 -0.511806
140 1.6964993030 -4.067450 -4.963228 1.808942 -3.136716 1.108454 4.209511 -1.619771 3.070937 -0.541817 -2.065757 3.895957 -4.421737 -4.866349 2.795236 -1.281822
141 1.6560246251 -3.985183 -4.634745 4.483333 -4.321416 -0.437912 1.918507 -3.135646 1.899415 -1.064148 -1.241110 4.639376 -2.650973 -4.875858 3.908578 -1.436588
142 1.5709126239 -3.819780 -2.991869 3.182957 -3.758490 0.562265 4.975814 -3.925792 3.382054 -1.260298 -2.716851 3.939357 -3.191781 -4.999452 1.551199 -2.068396
143 1.6700102891 -4.061803 -2.302977 4.276419 -2.333984 1.856128 4.037214 -4.524559 2.783174 -1.457841 -3.546355 4.868705 -2.308953 -4.985490 3.313085 -1.532437
144 1.6188353782 -4.999227 -1.288881 1.049342 -3.939829 1.009687 4.327250 -2.910639 2.253015 -0.857953 -2.292154 3.511822 -0.912381 -4.964774 4.802626 -0.934524
145 1.5809215908 -4.336347 -2.112862 1.119478 -4.675140 0.739089 3.842418 -2.668079 1.820150 0.965107 -2.152328 3.976042 -1.460863 -4.312219 1.839930 -0.171468
146 1.7487678577 -4.999686 -0.624130 3.915424 -4.101837 1.381951 2.574073 -4.149156 0.977980 -1.804414 1.277629 3.462820 -3.744584 -4.237018 2.404886 -1.148426
147 1.6065648403 -4.183243 -2.551123 0.983279 -3.516723 1.834373 4.822223 -3.197724 0.618528 -0.078840 0.580084 4.764877 -3.823015 -3.418028 4.249192 -0.024342
148 1.5486887837 -4.594919 -2.574916 2.351404 -4.764275 3.450276 3.592873 -2.675378 1.090611 -0.002992 -2.809751 4.890440 -2.001471 -4.342530 4.001495 -1.783220
149 1.6216649113 -3.909813 -1.807226 0.766194 -4.511539 0.937476 2.554160 -4.038162 -0.058297 -1.048648 -1.138015 4.718754 -2.519785 -4.654735 2.721439 -0.872861
150 1.6292342690 -3.971403 -1.419986 2.635286 -4.776486 3.002309 3.315857 -1.426869 3.229167 -1.462551 -1.900458 3.497217 -3.970989 -4.600441 2.755704 0.266047
151 1.5927317291 -4.228515 -2.771615 1.142659 -3.182909 -0.546797 3.251637 -2.070604 0.678436 0.882536 -1.866767 4.773813 -1.372898 -4.320161 2.709417 -1.538939
152 1.7848757421 -4.906089 -0.093182 2.587830 -2.938706 0.402588 2.430834 -3.931068 0.930824 -0.287662 -1.784537 4.950910 -2.296113 -3.242002 4.727492 -1.782502
153 1.5703896717 -4.693408 -3.749472 2.260987 -4.526990 1.369395 2.491586 -4.393817 0.499596 -0.635876 -2.044669 4.662502 -1.507395 -2.907111 3.048041 -1.678127
154 1.5915359148 -3.570806 -2.896902 2.948877 -4.078692 -1.589462 2.039761 -3.221247 0.657412 1.475921 -2.451975 3.788050 -3.113267 -3.752754 2.651473 -0.090624
155 1.6483910011 -3.144765 -3.320216 3.798918 -4.976865 1.055039 4.894638 -2.947296 0.754401 -0.276822 -0.677799 4.047152 -0.479164 -4.870464 3.109652 0.546025
156 1.6009931173 -4.090286 -1.844339 3.832010 -4.962329 2.682012 3.484067 -3.815621 2.420992 0.660259 -3.083824 4.193647 -2.315083 -4.618298 2.549703 0.679350
157 1.5578816508 -4.909774 -2.425252 0.991987 -4.392072 2.156323 4.352756 -1.863841 1.323152 0.599577 -3.153605 4.493004 -1.525812 -4.265927 1.469511 -2.740148
158 1.5884040508 -4.754944 -1.837725 2.635528 -4.538208 3.164505 3.059370 -3.878068 0.435166 -1.017994 -2.823569 4.858654 -1.822700 -4.774062 4.999080 -2.755332
159 1.5648734468 -4.957840 -3.150113 1.746457 -4.865248 2.583351 2.395651 -2.450231 0.462196 -0.490204 -2.439293 4.201582 -2.887872 -4.537676 1.863425 -0.322267
160 1.6048765985 -4.944154 -4.458886 3.468634 -4.952505 1.885919 4.454034 -2.142074 0.956818 1.959571 -2.726285 3.420193 -0.827099 -4.997164 4.873887 0.837755
161 1.6099667181 -3.671477 -3.569963 0.576354 -4.101956 4.040037 3.130747 -2.570800 1.011173 -1.397017 -3.850447 4.466504 -3.103955 -4.658525 0.807597 -1.510245
162 1.5791115609 -4.632635 -3.940373 1.045685 -4.981152 1.892485 3.720148 -2.646222 0.834718 -0.661876 -1.890796 4.679135 -3.380024 -4.372378 2.934738 -0.524715
163 1.5741658261 -4.392206 -2.540369 3.099637 -4.527269 1.928639 1.188744 -1.687103 0.828619 2.533251 -0.824470 3.921925 -2.250991 -4.740222 2.703222 -2.528121
164 1.6679115784 -2.839033 -2.760170 2.729665 -3.856198 1.184482 4.203084 -2.015545 0.783520 2.639605 -4.158636 3.685627 -2.532228 -4.373310 3.952405 -3.508098
165 1.6018360869 -4.583863 -2.460157 2.134149 -3.650049 1.854085 3.940248 -1.179691 1.825192 -0.336285 -1.522512 4.383919 -0.675479 -4.946659 3.465653 -1.079746
166 1.5644229943 -4.655379 -2.971855 2.706908 -4.797972 2.520728 1.865974 -3.482433 0.772069 0.387725 -4.534323 4.604141 -1.858954 -4.274165 2.896500 -0.580231
167 1.5880793232 -4.252476 -3.722286 2.788233 -4.602040 3.232382 0.254343 -3.587313 0.611224 -2.016935 -2.249489 4.809849 -2.739647 -1.744748 4.060234 -0.464581
168 1.5763773488 -4.640059 -2.066187 -0.011759 -4.434077 2.320563 2.118928 -2.670121 0.160490 0.650631 -1.219828 4.057666 -2.829722 -4.958951 2.018623 -0.512492
169 1.6105344538 -4.220712 -1.484333 0.844616 -3.594922 3.945197 3.295297 -2.413309 1.324741 0.020048 -3.798442 3.982745 -0.725816 -4.984139 -0.124171 -1.448490
170 1.5887924222 -4.346308 -4.181969 0.452163 -4.422087 2.759414 3.246837 -4.037662 0.441669 0.916700 -3.182074 3.098392 -1.492183 -4.737611 2.481587 -2.806325
171 1.5973272836 -4.312263 -4.298600 2.148883 -3.637513 3.110867 2.337037 -1.688417 0.549540 -1.311159 -1.795634 4.980440 -1.480975 -4.904535 3.094824 0.659778
172 1.5847331500 -4.603192 -3.715409 1.590992 -3.405443 2.318741 3.414649 -4.294259 1.768320 0.101988 -3.238807 3.917614 -3.235221 -4.574258 2.757362 -0.125885
173 1.7021375631 -3.369401 -1.951498 0.522299 -4.841640 1.761362 2.147183 -0.958524 0.996816 2.486948 -2.728036 4.908222 -1.242698 -4.820273 2.154746 1.529069
174 1.5715830734 -4.695519 -4.194023 2.354688 -4.301481 2.372444 3.472586 -1.495105 2.103959 -0.219120 -3.752573 4.917980 -1.827034 -3.685532 1.790456 -2.562643
175 1.5570748941 -4.967711 -2.879048 1.477833 -4.755680 1.318626 2.756671 -1.990686 0.990161 0.138580 -1.560335 4.489773 -1.452379 -4.552970 1.974392 -2.564894
176 1.5722993627 -4.825034 -3.886283 0.422028 -3.944317 3.186538 3.460264 -2.711998 0.615885 -1.315502 -1.843377 3.715149 -2.341534 -4.995278 1.271102 -0.793760
177 1.5903942076 -4.610900 -3.648415 1.461201 -4.981906 1.513663 1.313029 -3.361889 0.375476 1.730760 -3.018509 4.205113 -2.474133 -4.829301 0.943952 -1.287375
178 1.5494417308 -4.998267 -3.265622 2.971281 -3.783608 2.192883 2.391692 -2.782724 0.294263 1.095939 -3.226190 4.529971 -2.621552 -3.929495 2.989827 -1.990651
179 1.6075758520 -3.845371 -2.764994 2.344741 -4.932646 0.097390 2.642833 -1.231823 -0.182657 0.744973 -2.826092 4.908846 -3.566723 -3.917390 2.140742 -3.029977
180 1.6854632596 -3.353919 -2.920225 3.208529 -2.573337 2.807099 4.053206 -2.495749 1.684335 -0.312447 -3.785345 4.099164 -2.490177 -3.396167 0.814047 -1.236072
181 1.5654473181 -4.994047 -4.019228 1.896759 -4.144021 1.084383 3.468100 -1.589871 0.608171 1.073217 -2.640510 4.944113 -3.076563 -4.657386 2.473369 -2.405042
182 1.5620579299 -4.994522 -3.166286 0.638107 -4.772347 2.039145 2.966745 -3.961163 1.506649 0.240278 -2.237216 3.324207 -2.587919 -3.600771 2.725847 -1.280000
183 1.5659670965 -4.727505 -4.044850 2.084036 -4.999283 2.973489 2.847925 -3.015846 2.105661 0.171534 -4.450927 4.259372 -1.915656 -4.520887 1.541211 -1.747975
184 1.6591303521 -4.117026 -4.973510 2.376680 -4.890038 3.319668 2.846074 -2.421160 0.586841 2.457091 -4.964635 3.502470 -1.223501 -4.979443 1.463928 -0.434564
185 1.5564592307 -4.839031 -3.307621 1.656988 -4.586880 2.299215 1.145920 -1.521131 -0.252267 0.409707 -3.250738 4.712591 -1.389320 -4.873137 3.308002 -1.587423
186 1.5765081634 -4.631152 -1.664801 1.366156 -3.868992 0.684093 3.394488 -3.658352 1.666139 -0.272328 -3.621563 4.617571 -2.290928 -4.348687 0.428401 -1.918988
187 1.5460985032 -4.999811 -3.206721 1.734049 -3.841542 1.961855 3.745089 -3.115280 1.978290 0.457774 -4.160056 4.997116 -2.884060 -3.685971 3.575752 -2.245974
188 1.5743083413 -4.599193 -2.659580 0.713679 -4.639945 1.669950 3.430806 -2.496704 1.751705 -0.994658 -0.528670 4.339682 -1.486963 -4.994044 4.364202 -0.193046
189 1.6011671302 -4.403544 -3.112759 2.392981 -4.909424 3.410117 3.707375 -0.661513 2.347278 0.749421 -0.936019 4.457467 -3.653969 -4.865106 2.645180 -2.288874
190 1.6355659712 -3.273471 -3.979724 2.135098 -4.776548 0.998310 3.604326 -2.387264 -0.469630 -1.451453 -3.810698 4.040609 -2.655729 -4.928257 1.778477 -2.827230
191 1.5960378706 -4.994273 -3.521509 2.706866 -3.686506 1.977289 3.103956 0.988041 1.572980 1.216818 -2.766225 4.974258 -1.987751 -4.039136 2.003808 -3.208293
192 1.5774471382 -4.681820 -2.676322 2.240590 -4.884370 1.125505 2.831284 -4.252893 0.348801 0.752005 -2.812928 3.912578 -2.062372 -4.988526 1.230945 -1.986692
193 1.5813067798 -4.231934 -3.896165 2.448787 -4.499294 1.963305 3.314148 -2.958180 1.243257 -0.652215 -4.454832 4.476006 -2.847331 -4.670097 3.583484 -2.267945
194 1.6116823717 -4.502698 -4.990623 0.892946 -4.820681 0.852623 2.609983 -2.757484 1.138585 -0.390219 -4.112740 4.947549 -0.805192 -3.609347 3.619019 -2.168355
195 1.5552385067 -4.933547 -3.068045 0.244534 -3.515692 1.119734 1.811329 -2.377166 1.266526 0.096210 -3.748484 3.667461 -2.691694 -4.669821 2.475052 -1.617750
196 1.6623454737 -4.064093 -4.132526 1.246086 -2.666667 1.239738 2.729231 -2.010116 2.709717 -0.186557 -2.974538 4.741019 -3.741544 -4.894294 3.907834 -0.541916
197 1.5666030831 -4.623542 -4.272037 1.317906 -4.143372 0.645191 2.641439 -3.157627 2.835094 0.277677 -3.323290 3.627569 -1.561800 -3.949474 3.792714 -0.719814
198 1.5941183760 -4.920387 -4.492420 3.152009 -4.589277 2.441497 2.401920 -2.891058 0.911110 0.040292 -3.598458 4.362405 -2.635874 -4.814842 3.900068 -2.838768
199 1.5648580064 -4.934812 -2.642456 1.150459 -3.859567 1.343384 2.636345 -1.928689 2.328246 0.612063 -3.454600 4.261139 -1.813191 -4.101269 4.857987 -2.502357
200 1.5871942573 -4.458786 -2.044458 0.664791 -4.980012 1.922144 4.084276 -1.858557 1.005009 -0.032603 -2.338074 4.391819 -1.978185 -4.837371 2.306938 -2.375698
201 1.5741255798 -4.945676 -3.609611 0.608356 -4.340104 2.002542 1.608466 -1.899242 1.402661 2.384237 -4.671115 3.659007 -2.300563 -3.454019 1.944481 -1.177936
202 1.6330444868 -3.407000 -3.590457 2.124534 -4.912073 3.089334 2.763823 -2.725186 1.896117 0.576308 -2.631047 4.811635 -3.005945 -4.998049 2.723147 -1.778986
203 1.5978947812 -4.217482 -4.214718 0.516438 -4.098167 2.109300 1.036716 -1.848704 1.473753 1.637265 -4.280484 4.855173 -2.423865 -4.961223 3.233423 -0.612903
204 1.5902735757 -3.764152 -3.250154 1.583505 -4.570364 1.937337 2.252619 -2.597413 0.599262 -0.182436 -2.952524 3.934468 -1.748095 -4.327660 3.390884 -1.278148
205 1.6196517732 -4.218592 -2.764498 1.349730 -3.103549 0.253974 1.670686 -3.428254 2.566912 0.373449 -3.981676 4.659348 -2.082017 -4.858077 3.014730 -2.164807
206 1.6437635213 -4.249061 -4.359900 1.271394 -4.900384 2.121520 2.174438 -1.040093 1.933427 0.658256 -3.451127 4.273480 -2.896922 -4.430485 3.720032 -4.226032
207 1.5703758881 -4.969603 -4.228792 0.120147 -3.688030 1.702837 1.846732 -2.825640 3.633478 -0.665427 -3.653171 3.288210 -3.080271 -4.130633 3.234987 -1.264475
208 1.5574327055 -4.613641 -2.337585 0.706290 -4.539193 1.922874 3.082190 -2.808636 2.411514 0.759715 -2.551282 3.953607 -0.858853 -4.972490 3.785632 -2.233672
209 1.5981352668 -4.318246 -2.197689 -0.817633 -3.977825 1.308906 3.006216 -2.075796 0.904465 -0.034936 -4.447527 4.995146 -3.021639 -4.665615 2.095583 -1.542356
210 1.6027896491 -4.450838 -3.056035 0.926473 -3.014627 1.170176 2.062239 -3.349045 2.857928 1.188589 -3.150874 4.356900 -1.629094 -4.236300 3.290100 -3.107835
211 1.5875330321 -3.972921 -1.831363 2.109119 -3.600431 1.719303 2.419922 -2.145615 0.168796 -0.341830 -2.891910 4.716875 -2.193667 -4.560016 4.989682 -1.179630
212 1.5739203652 -4.914274 -3.446549 1.985498 -3.856203 2.223496 2.892171 -1.275302 0.652496 -0.479309 -3.143209 3.761528 -2.116104 -3.399776 3.171578 -0.776211
213 1.5581901076 -4.812482 -2.919659 -0.237053 -3.908239 2.418775 2.555642 -3.115519 1.368680 2.556160 -4.964979 4.999992 -1.839153 -3.767620 3.625018 -1.747825
214 1.6106483178 -4.691933 -3.353501 -0.055453 -2.992319 1.055970 2.044107 -2.444502 0.826458 1.474276 -3.236173 3.076250 -2.560980 -4.550594 4.077890 -0.209074
215 1.5744872397 -3.966083 -3.774099 1.467832 -4.133404 1.621873 2.954001 -2.436471 0.562694 -0.139194 -4.080319 4.402007 -1.399522 -3.544568 1.884744 -1.762259
216 1.5881707268 -3.986819 -2.107892 -0.007149 -3.943664 1.285103 1.349249 -1.761565 1.049616 -1.362547 -4.428630 4.190648 -2.139406 -4.549465 3.395755 -1.702111
217 1.5712873596 -4.872138 -3.732173 0.672294 -4.131199 2.124918 4.129035 -2.378416 2.317938 1.639924 -3.256357 4.137947 -2.337500 -4.601331 2.545209 -2.209879
218 1.5923614299 -4.990094 -3.953637 0.416351 -3.249556 3.193264 4.426969 -2.794141 1.573036 -0.029271 -2.984161 4.708317 -4.067187 -4.998109 2.871033 -1.236722
219 1.6350972785 -4.062796 -3.045930 0.802913 -3.044530 2.285088 3.456043 -3.613370 2.964333 0.038268 -3.341054 4.959331 0.109161 -4.920566 3.542694 -0.678744
220 1.5898314625 -4.387755 -1.990761 1.005774 -4.975843 2.452897 3.888609 -2.691058 1.944968 1.339315 -3.234362 4.447964 -1.116358 -4.371913 1.792689 -1.991789
221 1.5675754811 -4.434151 -2.966724 0.993428 -4.165598 1.271857 2.717845 -3.346492 2.112396 -0.004363 -2.852951 2.901828 -1.553970 -4.997795 3.058336 -1.828207
222 1.5779552331 -3.832649 -2.058348 2.443966 -4.485428 0.867129 3.409805 -1.176673 2.008885 0.396137 -2.670803 4.997328 -2.508377 -4.728808 3.489157 -1.510593
223 1.5640795396 -4.973327 -3.799729 -0.229392 -4.767893 1.238523 1.450343 -3.621176 2.210553 2.049941 -3.241258 3.392299 -0.484996 -4.418924 2.718096 -2.277641
224 1.5652395561 -4.852010 -2.155854 0.651845 -4.255550 1.641522 4.428093 -3.821413 3.354174 0.563628 -3.742878 3.072076 -1.980401 -3.716408 3.688987 -2.093037
225 1.5934982573 -3.651478 -3.315675 1.971026 -4.141158 1.175753 2.446635 -1.905802 2.316147 0.179135 -3.211667 4.294288 -2.467445 -4.924989 4.641642 -2.284604
226 1.5773364409 -4.482549 -2.299824 1.166747 -3.240343 2.504447 2.875997 -2.689053 1.932622 0.623456 -4.996477 3.104388 -1.982730 -4.995644 3.156720 -0.570245
227 1.5489331665 -4.998969 -2.947004 1.258229 -4.459370 1.388807 2.076191 -2.409124 2.037841 0.364707 -3.608294 4.373927 -0.943938 -3.164681 4.217769 -0.494741
228 1.5564013476 -4.399964 -3.700746 1.643004 -4.754420 2.891866 3.334648 -2.604984 3.467096 1.377428 -3.600443 4.370116 -0.185878 -4.994184 2.647775 -2.803696
229 1.5592116310 -4.998993 -3.800072 0.311325 -4.200487 2.078659 3.362210 -3.323679 3.582758 0.854796 -2.259084 4.111688 -0.609612 -4.583867 3.685385 -0.941005
230 1.5774565933 -4.966277 -4.433581 2.084929 -4.318698 2.360394 2.336164 -3.901876 2.151577 0.515009 -4.254430 4.294425 -0.819566 -4.608790 2.431176 -1.225957
231 1.5632835465 -4.745618 -3.302642 0.402385 -4.183057 1.488394 1.716582 -2.474840 2.328744 2.365911 -2.879559 3.669529 -0.960390 -4.144291 3.647704 -2.609301
232 1.5524835434 -4.418435 -2.125204 1.943147 -4.631393 1.809361 3.062959 -2.228691 2.718719 0.599666 -3.302672 2.881920 -0.824510 -4.835945 3.002473 -1.000579
233 1.5803686647 -4.999363 -2.379767 1.710553 -3.325995 2.532445 3.247232 -3.024244 3.075786 1.608504 -4.996088 4.629426 -0.754942 -4.415207 4.471687 -1.798439
234 1.5928918226 -4.107644 -2.902953 1.916953 -4.839340 1.609452 1.698724 -2.226678 1.590039 0.693899 -3.780880 3.940586 0.218709 -4.310717 4.265516 -1.249294
235 1.6124215083 -4.571102 -3.664719 0.986367 -4.958357 1.901250 1.723175 -0.544440 3.671652 1.308910 -3.439248 4.545676 -1.276650 -2.839633 3.176234 -1.629161
236 1.5636231445 -4.956827 -2.977903 0.584587 -4.653597 1.615116 1.394063 -2.887888 1.843692 1.620795 -1.812588 2.939223 -0.923183 -4.776652 2.474845 -0.473154
237 1.5698339929 -4.702404 -3.363107 1.689007 -4.871005 1.325547 2.939080 -2.636478 2.800971 0.343780 -2.160838 4.502958 -1.363180 -3.790281 3.674392 -0.483681
238 1.5931853716 -4.607408 -3.535391 0.862737 -3.667819 1.271114 2.478824 -1.458037 2.033089 2.173680 -4.118873 4.630602 -2.062089 -4.131118 2.282065 -2.612137
239 1.6361989214 -3.507005 -3.679001 0.255422 -4.918401 2.113030 1.909745 -2.046902 1.575799 1.655087 -3.384553 2.091302 -0.213347 -4.157106 3.523356 -0.660031
240 1.5704565272 -4.633751 -3.523558 -0.592245 -4.316085 0.871330 3.406611 -2.512075 2.746175 3.109780 -3.928174 4.515747 0.302737 -4.721678 2.912459 -2.418869
241 1.5698534982 -4.948646 -3.769165 1.016613 -4.598605 2.302474 1.597575 -3.437104 2.054464 1.782782 -1.904399 2.551904 -1.695919 -4.639520 4.771488 -2.078513
242 1.5658067328 -4.485636 -2.467436 0.183218 -4.334717 0.262517 2.996939 -1.601491 2.744849 1.249659 -4.263218 4.276376 -2.643902 -4.947896 3.001465 -0.934988
243 1.5572181394 -3.800885 -2.956665 1.859381 -4.173780 1.462168 2.887343 -2.533775 3.033650 1.430208 -4.690828 3.853822 -1.556138 -4.724089 2.157907 -1.796508
244 1.5706975470 -4.717044 -3.146953 1.786825 -3.626671 2.539005 4.022216 -3.076226 2.448104 1.674281 -2.199654 4.692577 -1.217466 -3.860984 2.277618 -0.947998
245 1.6130616446 -4.281229 -3.980894 1.127645 -4.249708 1.169795 2.254742 -2.619817 1.696563 1.757576 -1.579424 3.829523 -0.793923 -4.989295 2.757911 -0.163748
246 1.5656050619 -4.917204 -3.229064 0.738174 -3.716489 1.961787 2.053041 -1.821177 1.660597 1.359133 -2.803212 3.552431 -0.729557 -4.934342 1.716103 -1.350240
247 1.5558213419 -4.978617 -2.149539 1.862420 -4.982660 2.051000 3.553957 -3.586596 1.624422 2.729865 -1.946160 3.147656 0.375162 -3.948762 2.431813 -2.013278
248 1.5862703288 -3.945651 -2.245977 1.087232 -3.744855 1.372835 2.979778 -2.644235 2.847979 2.418428 -2.369075 3.742603 0.346257 -4.772823 3.041812 -0.562617
249 1.5377448523 -4.914866 -2.748187 1.943813 -4.944375 -0.004607 2.068866 -3.174663 2.612528 0.755030 -3.981392 2.891872 0.516713 -4.986282 3.284665 -0.563048
250 1.6122480100 -3.853571 -4.538982 1.366727 -4.682872 0.978406 2.092737 -3.097250 3.664133 1.154025 -3.826760 3.489571 -1.028793 -4.759950 2.210199 -0.973887
251 1.5611070344 -4.911341 -3.021867 1.554508 -4.999929 1.617514 3.214955 -2.242346 1.142490 1.329562 -2.304621 2.654718 -1.008459 -4.059024 2.674929 -0.877438
252 1.5803192675 -4.313114 -3.787273 0.358635 -3.754465 1.920370 2.837622 -2.112492 3.306061 1.425230 -3.016403 2.433919 -0.712078 -4.718240 1.712897 -0.929844
253 1.5603868799 -4.655234 -3.057810 1.257088 -4.304004 0.481960 3.586071 -3.630356 0.934454 2.587869 -3.278189 2.117246 0.192887 -4.250228 2.996760 -2.083220
254 1.5513138997 -4.833836 -3.968621 1.835002 -4.332576 0.096359 1.978612 -2.395306 2.013092 1.305966 -3.438496 3.003842 -0.414410 -4.901660 2.610272 -1.752324
255 1.5441855160 -4.973359 -3.097635 1.261323 -4.695622 1.378488 2.994933 -2.484929 1.488925 1.564453 -2.810646 4.615978 -0.280714 -4.862169 2.774673 -0.491902
256 1.5446817921 -4.980917 -2.137039 1.565577 -4.302881 -0.613698 2.041554 -3.079004 2.068265 0.432282 -3.414805 3.098310 1.129758 -4.841911 1.944158 -2.028548
257 1.5763345576 -4.797240 -1.429271 2.200433 -4.062303 1.156050 3.039532 -2.939471 1.593847 0.769382 -3.999538 3.939455 0.487011 -4.120365 2.593425 -1.160820
258 1.5443701284 -4.985462 -2.312471 1.624360 -4.086647 0.194861 2.721332 -3.021260 3.274975 1.668199 -2.961710 2.715306 -0.600707 -4.360856 2.735207 -2.210815
259 1.5558814113 -4.292578 -2.665013 1.892223 -4.339550 0.322508 3.492039 -3.081995 2.361115 0.813090 -2.571997 3.088567 -0.280934 -3.971285 1.402953 -0.663177
260 1.5631619535 -4.950986 -1.851757 1.222015 -4.700403 1.558753 1.448282 -3.029289 3.045979 1.178841 -3.277298 2.939775 1.094791 -4.990245 1.646751 -1.909236
261 1.6707613070 -3.842645 -0.837153 2.766249 -4.747565 0.137628 2.874165 -3.585165 2.781001 0.642674 -3.091924 3.775867 0.790267 -4.175707 2.927819 -1.427722
262 1.5747535724 -4.745074 -3.459821 1.010909 -4.993442 2.331216 2.818783 -2.038626 1.548300 0.647382 -3.204286 3.056302 -0.988242 -3.498937 1.225100 -2.304000
263 1.5699135160 -4.940758 -2.748982 1.091275 -4.952167 0.579042 3.170634 -2.525476 3.366227 2.070040 -3.541991 4.021675 -1.075396 -4.647755 2.587333 -1.243325
264 1.6065513244 -4.270896 -3.272473 0.499517 -4.998793 0.380395 2.388265 -3.538357 1.126684 1.219864 -2.618027 3.289288 0.556516 -4.775641 1.417968 -1.705336
265 1.6190151938 -4.198201 -1.193157 2.352230 -4.888229 0.420280 1.350930 -3.046671 1.859074 0.979612 -3.118838 2.721464 -0.576415 -4.201812 0.516092 -1.615102
266 1.5588361764 -4.853659 -2.436823 1.153844 -4.127525 -0.389310 2.476521 -2.202754 3.601211 1.840508 -2.737714 2.059695 0.022235 -4.901842 2.945765 -1.918426
267 1.5907701039 -4.960490 -4.843445 0.874354 -4.999952 0.039631 2.882553 -2.283397 1.947644 2.359499 -3.813802 3.400290 -0.895464 -4.333780 3.523972 -0.513033
268 1.5554713376 -4.953860 -2.924393 0.698617 -4.472343 1.028463 1.886191 -2.710344 1.876943 0.915198 -4.491331 3.531247 -1.018120 -3.859478 2.188721 -1.196350
269 1.5752346980 -4.596303 -3.258457 2.743948 -4.991176 0.949823 2.600023 -3.814190 2.009600 2.512823 -4.202773 2.769068 -0.025244 -4.753339 2.452208 0.106087
270 1.5597152050 -4.999766 -3.376296 2.042153 -4.999860 0.903584 2.305366 -2.606215 2.187530 1.215576 -3.624690 2.677727 -1.083597 -4.697063 1.997694 -2.025177
271 1.5355991010 -4.957378 -2.456154 2.837165 -4.156347 -0.234819 3.138204 -2.005635 2.407524 1.347375 -3.896165 4.382393 -0.106814 -4.960379 3.135423 0.185284
272 1.5565637699 -4.989056 -3.011289 1.764839 -4.998435 1.825017 1.067274 -2.282384 0.580647 1.090394 -2.806820 2.843696 -0.932751 -4.295725 1.367181 -1.486410
273 1.5567463292 -4.995740 -2.935287 2.327996 -4.593587 1.601402 3.386790 -1.257344 2.193529 0.295936 -2.239750 1.776209 -1.405382 -3.266762 3.222448 -2.761164
274 1.5766880497 -4.826754 -3.672241 0.849701 -4.820437 0.379316 1.538789 -2.590863 2.126674 1.744567 -3.698031 4.277123 -0.862906 -4.864641 2.490672 -2.944287
275 1.5578361282 -4.636583 -2.936815 1.092070 -4.435862 0.056859 3.270080 -1.802040 0.332785 1.512733 -3.434389 4.987954 -0.165503 -4.981812 1.072478 -0.980964
276 1.5536318099 -4.944163 -2.264988 1.249506 -3.939527 0.671263 2.623354 -2.962476 2.008771 1.681792 -2.527230 3.875362 0.220303 -4.943411 1.893635 -0.906128
277 1.5517854400 -4.920729 -2.637744 1.490667 -4.284145 0.138134 2.638636 -2.228980 2.700147 2.730465 -3.669007 4.315195 -0.743279 -4.941077 1.785343 -0.866446
278 1.5419795445 -4.946012 -2.117005 2.798599 -4.333099 0.716542 1.626758 -2.398406 1.742179 0.598812 -3.014377 3.667659 0.339747 -4.322420 1.465532 0.679304
279 1.5652709269 -4.999912 -2.486736 1.507594 -4.887201 0.298262 3.329771 -1.985941 2.372905 2.413751 -4.316299 2.699881 0.147213 -4.516647 1.344828 0.064399
280 1.5652902276 -4.972130 -3.103811 1.651514 -4.105143 -0.548158 0.903259 -3.114712 2.160891 1.391535 -3.586970 2.187510 -0.745646 -4.896824 2.162859 -0.417216
281 1.6262547974 -4.867868 -3.304105 2.881195 -2.837065 1.163327 2.107724 -2.572787 2.457752 0.942105 -2.154254 3.387693 -0.325289 -3.989992 2.813631 1.361534
282 1.7018141282 -4.989538 -1.222435 2.023199 -3.037553 -0.382632 2.858673 -2.989066 2.396606 1.093865 -3.891783 4.218293 -0.989638 -4.883905 2.176540 -0.705910
283 1.5272002270 -4.984912 -3.125854 2.523544 -4.383320 -0.327820 1.899768 -2.601486 2.174728 0.598935 -4.962185 3.786691 0.112868 -4.938156 2.291114 0.187523
284 1.5767175803 -4.899295 -1.788102 1.107150 -3.814949 0.399927 4.214706 -1.371744 1.716073 1.547410 -4.307935 2.540240 -0.406251 -4.319035 3.123634 -0.538684
285 1.6302378198 -4.944254 -3.638761 1.244268 -2.680903 0.181644 1.936950 -2.525067 1.874460 -0.071792 -4.600229 3.560432 -0.696145 -4.966740 1.477160 -0.998096
286 1.5473008550 -4.995782 -2.805193 2.790860 -4.928916 0.044192 1.808805 -2.994726 2.728773 1.386732 -2.830935 3.771323 -1.126712 -4.828919 2.577907 -0.725392
287 1.5730953727 -4.485308 -2.493051 1.908354 -4.999999 0.607504 2.120494 -1.926226 1.878195 1.164094 -3.526682 3.359936 -1.153897 -4.290311 3.698338 -1.677334
288 1.5834359558 -4.569752 -1.711315 1.433834 -3.544217 2.025183 2.870151 -2.624805 2.500529 0.355732 -4.494195 3.594912 -0.423319 -4.997865 4.003398 -0.390837
289 1.5495681419 -4.978724 -1.863916 3.119752 -4.706250 -1.274299 2.037520 -4.575149 1.972873 0.863002 -3.568838 3.839248 1.269461 -3.993994 2.229140 -0.230867
290 1.5598836366 -4.338762 -2.716454 2.849825 -4.870681 -0.402342 1.399568 -2.971742 2.693348 1.678100 -3.735617 3.464984 0.044234 -4.034987 2.505440 -0.576513
291 1.5501451420 -4.856266 -3.392421 2.697599 -4.360381 0.194861 1.457122 -2.246571 1.852099 -0.249727 -3.880425 4.933673 1.123523 -4.379834 3.176263 0.001873
292 1.6474588558 -3.936594 -1.017430 3.551471 -4.004163 1.202536 2.232183 -3.476982 2.285873 1.630678 -2.692631 2.588124 -1.852387 -3.699969 0.691263 0.543359
293 1.5341133405 -4.994877 -3.211433 2.231345 -4.808680 -0.386425 1.426995 -2.955089 3.121452 0.081346 -4.503267 3.572482 0.245165 -3.802561 2.629912 -0.389147
294 1.5347160781 -4.995344 -3.512692 2.303728 -4.536173 -1.604799 2.234913 -3.087084 2.584297 1.685182 -3.798873 3.622095 0.209006 -4.959409 2.469250 -1.270873
295 1.5397988166 -4.611113 -2.937725 3.425327 -3.525732 -0.004436 2.105452 -3.367677 1.369903 0.097426 -4.429706 3.906210 0.872201 -4.918932 2.354091 -1.248980
296 1.5381429665 -4.846756 -2.764683 3.051895 -4.315848 0.499076 2.426188 -1.852474 1.985491 0.892259 -4.067997 4.575749 -1.390826 -3.396131 2.287822 -1.584181
297 1.5379332402 -4.687726 -2.778178 2.310536 -4.703587 -0.496391 2.235721 -2.932856 0.846802 0.381760 -4.760514 2.715968 0.524425 -4.985479 2.063164 -0.786426
298 1.5723708092 -3.631729 -3.185036 2.142462 -4.015614 0.600621 1.092996 -2.426584 2.507245 0.389789 -3.207404 3.885266 1.037188 -3.556089 2.912309 -0.013293
299 1.5864008221 -4.607342 -2.630214 2.676620 -3.036916 0.897539 2.163459 -2.886171 2.410102 0.642056 -4.544583 2.973753 -0.746917 -4.598069 2.667553 1.231030
300 1.5871743244 -3.978466 -3.264391 1.095847 -4.366962 -0.125826 3.457921 -3.435077 1.735663 -0.780876 -3.694904 4.332247 0.242101 -4.063809 2.030218 0.730729
301 1.5501086401 -4.955833 -3.646911 2.326001 -4.169616 -0.800018 1.553959 -3.783780 2.429282 -0.005972 -3.767372 3.218891 0.192543 -4.976332 1.614740 -0.466190
302 1.5882483225 -4.247582 -1.984985 2.970289 -4.998886 0.536214 1.294721 -2.724340 2.027990 0.613728 -4.207215 4.485678 -0.087151 -4.660528 2.735497 -0.486748
303 1.5460304043 -4.839517 -2.941714 2.257886 -4.149203 -0.117772 1.962394 -2.992185 2.544059 0.297802 -2.788702 1.866416 0.221043 -3.504462 2.127509 -0.621205
304 1.5481136100 -4.939823 -3.923192 2.854082 -3.944430 -0.625440 1.939575 -1.979845 2.124101 0.668665 -3.496438 3.801495 0.383810 -4.359562 3.305315 -0.509192
305 1.5294951269 -4.996654 -3.510572 2.102352 -4.717064 -0.767324 1.920416 -2.910653 2.983654 0.334489 -4.687672 4.272195 -0.521348 -4.984939 2.559396 -0.617452
306 1.5396738033 -4.884596 -2.462800 3.277287 -4.159817 0.578748 2.511550 -3.236518 1.801355 0.032439 -4.188926 3.562776 -0.688970 -4.950921 3.110150 -1.003700
307 1.5417128633 -4.693363 -2.746420 3.397514 -3.374780 0.084945 1.602342 -2.780535 2.043700 1.821103 -4.984539 3.175625 0.581378 -4.961898 2.413787 -0.846287
308 1.5640109351 -4.529299 -3.497164 2.394641 -4.944948 -0.078035 2.090079 -2.277619 2.466128 2.316180 -3.754055 3.981645 -0.728762 -4.575324 1.940735 -1.819584
309 1.5821248769 -4.291877 -3.379759 2.455898 -3.597890 -0.499262 0.132403 -2.597698 2.647548 -1.095799 -4.191452 3.960870 1.244549 -4.046348 3.000890 -0.769591
310 1.5422259030 -4.915240 -2.854233 3.021823 -4.196983 -0.999869 1.248322 -4.109279 3.227913 0.065974 -4.934754 3.569545 1.442608 -3.298683 1.850267 -0.712678
311 1.5965093880 -3.636950 -2.740841 0.809646 -3.879380 -0.555026 0.434038 -3.685063 3.893490 -0.931193 -4.967317 3.161716 0.226795 -4.996952 2.975552 -0.261083
312 1.5304418830 -4.983247 -2.338356 2.275263 -4.352859 -1.342397 3.144047 -3.265335 2.097830 1.192861 -4.870030 4.240287 -0.173272 -3.635088 2.332256 -1.098697
313 1.5641227032 -4.651170 -2.918725 -0.109048 -3.484340 -1.354426 2.685798 -2.912106 2.186776 0.854219 -3.675480 3.939993 -1.126260 -4.999007 3.655796 -0.241907
314 1.5623252951 -4.690018 -3.556241 1.189530 -4.881226 0.627278 2.908210 -3.129224 2.678657 0.234108 -4.971464 4.329175 -0.596938 -4.958928 3.308969 -1.238817
315 1.5331346331 -4.979732 -3.067199 2.817846 -3.609759 -1.316094 2.050336 -3.401081 3.438206 0.283049 -4.905529 4.236750 -0.038740 -4.991833 2.052234 -0.755881
316 1.5210252978 -4.997453 -2.487987 2.608389 -4.276905 -0.485814 2.903030 -3.389419 2.720555 0.749726 -4.961776 3.235444 0.538768 -4.014446 3.564060 -1.881712
317 1.5734349521 -4.608961 -3.158474 2.390954 -4.995565 1.457168 2.719587 -4.095188 2.397568 0.698384 -2.564065 4.585040 -0.932471 -4.982690 2.974179 -1.494032
318 1.5773361090 -4.688980 -2.453927 3.235873 -4.981704 -0.486141 1.592404 -4.994011 2.696096 0.561929 -4.634088 3.392120 -0.378170 -3.936210 2.311031 0.304359
319 1.5591596560 -4.986560 -2.907763 0.865491 -4.962466 -0.038936 2.031511 -4.718229 3.307371 1.417827 -3.971839 3.588858 -0.304528 -4.929220 3.401140 -0.026444
320 1.5393911749 -4.988243 -3.545570 3.722242 -4.016578 -0.608367 3.267294 -2.667033 2.441082 0.561226 -4.959260 3.173694 -0.290719 -4.718868 1.741825 -0.406862
321 1.5616153702 -4.651145 -2.968415 2.979787 -4.913721 -0.810945 2.593921 -4.050318 3.569504 -0.267486 -4.019186 3.135175 -0.569810 -4.675042 2.261623 -0.809895
322 1.5322866748 -4.978969 -2.344774 2.774162 -3.931473 -0.067674 3.105794 -3.271784 2.434520 1.126075 -3.685613 4.271338 -1.511448 -4.984652 2.856073 -1.367522
323 1.5764712893 -4.287348 -3.587389 2.978981 -4.991413 -0.766308 1.866952 -2.841231 3.202467 -0.313282 -4.883894 2.099696 0.341279 -4.733860 3.369494 0.394436
324 1.5333158946 -4.997471 -2.094741 2.182154 -4.726941 -1.390478 2.470870 -3.183036 2.648451 1.142355 -4.428721 4.306620 -1.175340 -4.948482 2.768918 -0.717050
325 1.5479746882 -4.997050 -2.913474 3.956365 -4.908730 -0.205462 2.762808 -3.859260 2.066996 -0.313953 -4.896933 3.282436 1.133468 -4.487019 3.300004 -0.150816
326 1.5628418732 -4.846075 -3.629782 4.052314 -3.121308 -1.524513 2.748434 -2.534763 3.379948 1.251338 -4.372325 4.132238 -0.607877 -4.960091 3.179708 -1.771419
327 1.5264029210 -4.810026 -1.819580 3.035723 -4.530892 -0.703989 2.178869 -2.908078 3.678976 1.179706 -4.476159 2.875189 -0.671783 -4.148406 2.565268 -1.837023
328 1.5578579584 -4.983453 -2.058616 2.951939 -4.949522 0.176208 3.527317 -4.233042 3.035595 1.317562 -4.586298 2.779830 -1.218323 -4.767692 2.083613 -1.073142
329 1.5537401007 -4.959913 -2.250482 2.709534 -3.167810 0.893039 3.712215 -2.901917 2.014173 1.329463 -4.999177 4.016551 -0.354287 -4.507857 1.659176 -1.439178
330 1.6063751214 -4.891583 -1.715846 2.222847 -2.959964 -0.143704 1.282320 -2.416089 3.105010 0.591114 -4.249813 4.087904 -0.374085 -4.878987 3.423650 -0.340666
331 1.5630386942 -4.456722 -2.132294 3.764234 -3.255936 -1.240566 3.521559 -3.912071 3.532848 0.775823 -4.999625 3.021429 -0.529885 -4.013206 2.806702 -0.355977
332 1.5644405075 -4.603489 -1.362823 1.866094 -3.873932 0.423390 1.188281 -3.594742 2.770988 1.064097 -4.710110 3.890519 -0.242211 -4.798808 3.501658 -0.867331
333 1.5524186543 -4.911010 -2.290234 2.795602 -4.228078 -0.340441 1.186633 -3.309122 2.399878 1.572074 -4.990830 3.649904 -1.159867 -4.622439 2.917735 -2.797998
334 1.5297630696 -4.999999 -2.964589 2.557035 -4.397766 -1.617253 2.031404 -2.843908 2.515049 1.141700 -4.951350 3.331239 1.129089 -4.993605 3.397165 -1.029000
335 1.5473575936 -4.981225 -2.498854 2.027491 -4.688489 -0.834943 2.983065 -3.297728 3.591433 0.936444 -4.742410 2.809079 -0.694724 -4.742347 3.051439 -3.155437
336 1.5625021996 -4.668288 -2.910599 2.932301 -3.692475 -1.349180 1.867855 -4.394051 2.063516 0.685806 -4.367193 4.338717 -0.197691 -4.737193 2.510745 -0.937762
337 1.5366977918 -4.819142 -2.004407 3.417822 -3.932081 0.008371 2.021446 -3.578674 3.104967 1.123192 -4.544312 2.996963 -1.056272 -4.769582 2.746009 -0.773589
338 1.5655800732 -4.625308 -2.334765 2.503132 -4.145799 -1.479581 1.951766 -3.175943 2.799459 -0.131609 -4.761043 2.318686 0.286487 -4.846472 3.711939 -2.960846
339 1.5411201235 -4.993489 -1.883960 1.887471 -3.589040 -0.630182 2.399689 -2.450923 3.763095 0.252527 -4.371918 2.535129 -0.855292 -4.999887 2.513165 -2.095619
340 1.5247332796 -4.947993 -2.269335 2.525088 -4.622655 -0.873151 2.449574 -3.253402 2.975038 0.553030 -4.458944 3.041294 -0.269247 -4.297109 2.091483 -1.959004
341 1.5474095905 -4.978430 -2.351960 3.384203 -3.937071 -1.070322 3.209329 -3.347096 2.923792 0.484136 -4.992769 2.805556 0.138846 -4.984344 4.492272 -1.931111
342 1.5656539319 -4.786671 -2.377545 3.468307 -4.927713 -1.810883 2.439358 -3.079731 3.260332 1.601236 -4.622324 3.689494 -0.450605 -4.939516 2.356034 -2.964104
343 1.5419949507 -4.535179 -2.166641 4.095006 -3.975976 -1.732439 2.886811 -2.737268 2.580478 1.418571 -4.113829 3.553504 -1.716600 -4.637928 3.575174 -1.731522
344 1.5640452794 -4.990804 -1.593814 2.278274 -4.197781 -0.586335 2.374980 -2.747632 2.371660 1.065852 -4.991668 4.090503 -0.526802 -4.644034 3.312087 -2.639765
345 1.5457757114 -4.921274 -2.545099 2.967713 -3.743225 0.869504 0.614392 -2.182626 2.777461 1.367380 -4.346435 4.334483 -0.328029 -4.892456 1.829822 -2.943621
346 1.5603326779 -4.989323 -1.464400 1.886651 -4.577874 -0.124310 2.690398 -3.252014 1.809633 1.368594 -4.295057 2.584301 0.014542 -3.717015 3.028544 -3.113562
347 1.5422374513 -4.525525 -2.702888 2.892713 -4.060807 -1.068917 1.469054 -3.423786 3.960104 1.558283 -4.046077 3.270956 -0.006381 -4.026219 3.331550 -1.191988
348 1.5717392076 -4.584734 -2.147326 3.772338 -4.785522 -0.243467 3.024850 -2.591327 3.554383 1.550065 -4.259257 2.684677 -0.384989 -4.183663 4.788980 -2.225987
349 1.5267144680 -4.871745 -2.780634 2.993347 -4.221639 -0.668847 2.754329 -3.121936 2.063689 0.326686 -4.665786 3.425846 -0.595770 -4.994204 2.275827 -1.768058
350 1.5374478228 -4.994230 -2.907159 2.793409 -3.411568 -2.050961 1.605041 -1.997174 3.459186 0.810102 -4.518432 3.767703 -1.093758 -4.598870 2.100032 -1.099207
351 1.5399259216 -4.851536 -3.474155 1.900656 -4.663850 -0.779458 1.476817 -3.801974 3.591917 0.995704 -4.379125 3.230006 -2.230913 -4.805752 1.494525 -1.236507
352 1.5702470107 -4.142530 -2.895032 2.268443 -3.259232 -0.364702 4.088888 -2.735497 2.495279 2.239843 -4.431602 3.909843 -1.124171 -4.186705 2.382622 -2.142222
353 1.5605678589 -4.456227 -2.131404 1.939063 -3.579017 -1.467591 3.173756 -2.799154 3.123227 1.169330 -4.675488 2.375514 -2.107576 -3.948514 2.792105 -2.196680
354 1.5599948616 -4.754646 -1.761388 3.161864 -4.473175 -0.261078 2.222251 -4.375589 2.472722 0.478365 -4.899872 3.338895 -0.471914 -4.692861 1.473454 -1.497300
355 1.5580796106 -4.403646 -1.888253 3.209321 -4.761163 -1.064767 0.975421 -3.253670 3.642394 0.321708 -4.983428 2.715345 -1.580324 -4.965611 2.734481 -1.579214
356 1.5639577716 -4.510932 -1.741166 2.321754 -3.483227 -0.938873 2.552948 -3.062501 3.643478 -0.088380 -4.103940 2.971355 0.068430 -4.961133 2.968713 -2.763496
357 1.5354643739 -4.803653 -2.096368 3.001586 -4.678343 0.728974 2.312840 -3.262939 2.981108 1.431044 -4.608264 2.892484 -0.506925 -4.197803 2.813699 -1.374477
358 1.5340252653 -4.627346 -2.562052 4.218339 -3.595470 -0.819284 2.675746 -2.331977 3.503776 0.428711 -2.864862 3.607136 -0.619456 -4.088566 3.297020 -1.830722
359 1.5855232475 -4.620176 -1.431765 2.578903 -4.296446 -0.828357 1.379191 -2.652658 2.307274 0.051486 -4.904330 2.164136 -0.130970 -4.550672 2.799720 -2.252654
360 1.5509644350 -4.979505 -1.982397 1.569865 -4.132660 -1.896956 2.480135 -1.501452 2.593412 1.292087 -4.490380 3.225907 -1.616772 -4.996266 3.118636 -1.881518
361 1.5482829822 -4.977537 -3.885431 2.511264 -4.772592 -1.828621 2.401709 -1.923120 3.300180 1.075544 -4.839439 3.073408 -1.200913 -4.971025 3.079664 -2.579035
362 1.5419949346 -4.433415 -2.716354 3.171165 -4.234150 -3.082505 3.159660 -1.805071 2.985882 -0.005925 -4.234808 2.703264 -0.034623 -4.353765 2.648648 -1.971559
363 1.5288239852 -4.999423 -2.485003 2.868186 -3.827472 0.315197 2.580763 -3.055774 2.932608 0.660779 -4.604599 3.437630 -1.812769 -3.898653 2.213699 -2.275058
364 1.5316452334 -4.991106 -3.674360 3.835701 -4.625206 0.327525 2.255174 -2.390655 2.776475 0.434832 -4.942658 4.263201 -0.815301 -4.999829 2.191764 -0.865669
365 1.5355222180 -4.734849 -3.152332 2.509569 -4.213121 -0.123499 3.270014 -2.396038 3.785420 -0.281972 -4.772827 3.904958 -2.009307 -3.615030 1.806980 -1.427799
366 1.5480249556 -4.812302 -2.218662 1.580991 -4.213356 -0.258194 3.197366 -3.124983 3.573867 1.018762 -4.739026 4.486299 -0.804850 -4.197252 2.416383 -2.457768
367 1.5423053660 -4.761790 -2.879679 2.976623 -3.666542 -0.879498 2.715466 -2.694592 3.436999 0.504679 -4.312637 3.048694 -0.946238 -4.803490 2.468114 -2.429185
368 1.5277476592 -4.800212 -2.850285 3.133911 -4.050493 -1.269367 2.636930 -2.543968 1.265896 0.354640 -4.962847 3.942221 -1.491849 -3.644405 2.345648 -1.868640
369 1.5916342146 -4.272695 -2.317961 3.169179 -3.028774 -0.525263 1.272610 -2.869481 3.451927 0.738311 -4.898864 3.598191 -0.064916 -4.383643 2.136662 -1.526164
370 1.5376776802 -4.841816 -2.131209 2.175025 -4.647805 -0.875995 1.849537 -2.793525 3.348492 1.185847 -4.702162 3.809255 -0.558287 -4.576661 1.765774 -2.130930
371 1.5246092731 -4.892658 -2.484036 4.557385 -4.012442 -0.261879 3.049311 -3.048170 3.605736 -0.171316 -3.167746 4.027899 -0.324871 -4.349095 3.141678 -0.868359
372 1.5306949645 -4.868922 -2.741382 2.302364 -4.454311 -0.920152 1.526274 -2.502734 3.469125 1.341276 -4.780246 3.637722 -1.167078 -4.926284 2.625128 -2.139151
373 1.5432674552 -4.598876 -3.618478 4.184484 -3.895441 -0.474616 2.422612 -2.163478 1.435970 0.733751 -4.405946 4.425834 -1.287150 -4.708393 1.717997 -1.365354
374 1.5398624881 -4.738842 -3.326592 3.809868 -4.975465 0.227660 3.155835 -3.058407 2.518686 -0.130727 -4.652357 3.512078 0.112845 -3.770742 2.377323 -1.796338
375 1.5312095713 -4.997931 -2.653386 3.530912 -4.538147 -1.535283 3.551886 -3.089897 3.366646 1.190474 -4.993517 4.510520 -1.490447 -3.407615 2.060140 -1.127817
376 1.5307337575 -4.982006 -2.615231 3.513161 -4.063524 -0.633470 2.121835 -2.625148 2.510206 0.186290 -4.553418 3.939495 -0.498018 -4.491513 2.252203 -0.930813
377 1.5392428757 -4.883289 -2.424439 3.861901 -3.541031 -0.569715 3.239235 -1.800252 3.385624 -0.772343 -3.879198 3.454706 -1.977391 -3.823558 2.713282 -1.544326
378 1.5354102986 -4.325101 -2.972965 4.139076 -4.491561 -1.427664 2.280162 -2.517654 3.982293 -0.519899 -3.583650 4.096117 -0.927970 -4.731268 3.576972 -1.146122
379 1.5412555043 -4.756620 -2.686421 2.726262 -4.159677 -0.139282 1.521729 -2.334109 3.146322 -1.050099 -4.874176 4.503330 -1.729801 -4.567387 2.254700 -0.862357
380 1.5428000704 -4.670159 -2.764137 3.296065 -4.492315 0.537292 2.480715 -3.399426 3.300780 -0.287230 -3.748943 4.207106 -0.756961 -4.964557 2.874552 -1.154129
381 1.5409521212 -4.939425 -2.905157 2.730747 -4.799190 -0.130260 2.303575 -2.959215 2.872947 -0.049959 -4.577179 3.881345 -2.189709 -4.395630 3.208317 -1.687800
382 1.5209129079 -4.999238 -2.735127 3.275354 -3.900232 -1.867876 3.348771 -2.657176 2.182322 0.173502 -3.972472 4.045548 -0.336091 -4.367768 2.281816 -0.942848
383 1.5666123554 -4.241575 -2.854117 3.494346 -4.254699 -1.736229 2.257982 -2.730332 2.817993 2.021178 -3.997075 3.845007 -1.325605 -2.580883 2.123429 -1.467137
384 1.5306572211 -4.838244 -2.461799 4.041976 -4.391951 -0.698495 2.988565 -3.161583 2.954619 -1.038012 -4.322109 3.953723 -1.227724 -4.772501 3.002456 -1.958009
385 1.5234220988 -4.999551 -2.330996 3.679107 -3.950525 -0.545255 3.691680 -2.377866 3.436912 0.564343 -4.044613 4.305380 -0.115767 -4.505106 3.192512 -1.784936
386 1.5345846422 -4.861161 -2.922226 2.597607 -4.149757 -1.855195 2.370995 -3.223775 1.780047 -0.083727 -4.954843 3.958892 -1.821035 -4.212419 2.215743 -1.090918
387 1.5334434717 -4.578391 -2.386397 3.446231 -4.277508 -0.508664 3.114331 -2.501022 2.233672 0.811239 -4.702102 4.928458 -1.810460 -3.237884 1.817552 -1.778560
388 1.5642346248 -4.655344 -2.459610 2.938148 -4.852329 -0.538401 3.239060 -3.104164 2.956664 0.346822 -4.675398 4.265886 -1.103551 -4.501363 2.423427 -2.067788
389 1.5412608724 -4.892363 -2.613010 2.873268 -4.371436 -1.573057 3.460203 -4.013597 3.158402 -0.165620 -4.794141 3.116539 0.221186 -4.885289 2.595686 -1.435034
390 1.5448659664 -4.902396 -3.084271 3.475681 -4.969916 0.804898 2.896629 -2.767074 3.489791 -0.048932 -4.988603 3.982383 -1.179503 -4.998862 3.390188 -0.684678
391 1.5255904334 -4.895457 -2.245332 3.505421 -4.283381 -1.116640 3.131146 -2.628010 3.398893 -0.430028 -4.869414 2.623533 -0.023464 -3.690410 2.146790 -1.318800
392 1.5675804809 -4.458188 -1.589295 3.882029 -3.447013 -0.864320 3.128756 -2.588291 1.111986 1.247193 -4.674028 3.826424 -1.383072 -4.511843 2.453406 -1.853340
393 1.5313522526 -4.891405 -3.088802 3.150419 -3.701617 -2.044507 3.607197 -3.156736 3.213116 1.359771 -4.636849 4.069585 0.160399 -4.274575 2.730369 -1.338565
394 1.5434375784 -4.938992 -2.493561 3.775939 -3.762597 1.398488 2.960969 -2.493923 1.948560 -0.215463 -4.993557 4.911521 -1.503171 -4.938274 2.220955 -1.921434
395 1.5328274433 -4.999919 -2.884891 3.760644 -3.754359 -1.251521 3.106292 -3.103902 2.394046 -0.413180 -3.444026 3.387802 -0.695472 -4.997648 2.019685 -1.022442
396 1.5368374662 -4.949374 -2.651593 4.484895 -3.681142 -1.300686 3.585606 -2.639803 2.947363 -0.530915 -3.439478 3.251918 -1.357951 -4.427157 2.778172 -1.288586
397 1.5467963738 -4.925322 -2.106074 2.778843 -3.239666 -1.280019 3.531129 -3.282157 4.025447 0.934050 -3.927462 3.572682 0.122156 -2.556188 3.064410 -1.382789
398 1.5335661293 -4.947057 -2.387238 2.719033 -4.600348 -1.163892 4.655203 -2.179932 3.100125 1.217287 -4.971012 3.113208 -0.112985 -3.348216 1.971703 -1.061788
399 1.5331955639 -4.823240 -2.200008 3.955671 -4.475208 0.918074 3.481873 -3.220764 3.309866 -0.141436 -4.426159 3.027103 0.450121 -4.955200 3.968792 -1.745044
400 1.5372450427 -4.972046 -2.086669 4.614363 -3.544402 -0.825865 3.196495 -3.831787 3.895052 0.143080 -4.931702 3.375730 1.279293 -3.896134 3.928575 -1.206334
401 1.5390353618 -4.763718 -2.901879 3.326104 -4.980140 -0.761161 2.933025 -2.433322 3.797879 0.685511 -4.891451 4.618661 1.063175 -4.737140 3.236213 -1.042883
402 1.5390025008 -4.752524 -2.224707 2.625577 -3.674753 -1.244827 3.015500 -2.192504 2.157556 -0.313157 -4.848114 3.904213 -0.291497 -4.778280 3.195943 -1.017076
403 1.5459738158 -4.942774 -3.286990 3.223148 -4.033486 -1.375092 3.031929 -2.594590 3.328496 0.023194 -4.318875 4.304333 -0.124157 -4.999998 2.226615 -1.389507
404 1.5380293069 -4.752859 -2.498658 3.851931 -4.382335 -1.594904 4.521231 -2.374107 2.809291 0.000857 -4.358011 3.334537 -1.471697 -4.514086 1.852251 -1.487054
405 1.5391280557 -4.750325 -1.954867 2.827121 -3.789425 -2.469199 3.815050 -2.380602 3.222959 0.814601 -4.471409 3.644895 -0.205665 -4.009356 3.375024 -0.993265
406 1.5621805249 -4.678708 -2.724588 4.156471 -3.144588 -1.372901 2.869722 -2.912977 4.305159 0.950294 -4.009177 3.634894 -0.118753 -2.879272 2.828472 -0.268798
407 1.5264479906 -4.955368 -2.748063 3.802986 -4.519809 -1.210561 4.231153 -2.291355 2.852450 -0.015470 -4.993559 3.284331 -0.147690 -4.704618 2.368692 -1.517241
408 1.5301854197 -4.947218 -2.660730 3.826998 -3.860497 -1.466494 3.211182 -2.553885 4.172749 0.454675 -3.125984 2.907864 -0.514237 -4.294685 3.661940 -1.860080
409 1.5313018789 -4.861714 -3.057179 4.048871 -4.753662 -1.198135 3.934833 -2.879628 4.008062 0.756072 -3.822707 3.254429 0.088120 -4.206241 4.338183 -1.434938
410 1.5651720995 -4.229371 -2.461334 4.100771 -3.261198 -0.757310 3.715279 -2.737603 3.677078 0.126397 -3.454165 2.435645 1.037765 -4.070625 4.057489 -1.225344
411 1.5360404165 -4.672450 -2.472695 4.932757 -3.870771 -0.901820 4.063797 -2.411219 2.966065 -0.990196 -3.545427 2.939584 -0.170614 -3.841989 3.686955 -0.800597
412 1.5375373075 -4.862470 -3.206016 3.096796 -4.565020 0.720640 3.237432 -2.442235 2.932541 -0.317591 -4.896166 3.661901 -1.091931 -4.973389 3.101168 -1.633114
413 1.5633281746 -4.924492 -2.281899 4.821494 -4.997951 -0.508811 4.094114 -3.057352 4.346292 0.811658 -3.719799 2.131299 1.125609 -3.779925 3.206366 -0.978892
414 1.5376155422 -4.186087 -2.454421 4.418648 -4.294518 -0.651743 3.715781 -3.084412 2.497720 0.347841 -4.612768 3.035839 -0.187170 -3.717064 3.167408 -1.734371
415 1.5365654420 -4.736187 -2.443857 5.000000 -4.282812 -0.268561 4.178485 -2.762122 3.461617 -0.802801 -3.906810 3.814092 -0.757096 -4.703595 2.587870 -1.731464
416 1.5383673931 -4.998054 -3.008266 4.993351 -4.949415 -1.757584 3.524628 -2.650408 3.874315 -0.100459 -3.836780 2.402936 0.879418 -4.300828 3.065641 -0.997719
417 1.5432027321 -4.719135 -2.273595 2.799784 -4.107390 0.620206 3.840579 -3.094863 3.357815 -0.130593 -4.531220 2.994737 -0.070238 -4.990938 3.390087 -1.694228
418 1.5626313211 -4.101101 -3.270029 3.701204 -4.175675 0.354547 3.665269 -2.420684 3.188869 0.342628 -4.889940 3.427906 0.783176 -4.079422 3.888568 -1.826915
419 1.5195514987 -4.961499 -2.402989 4.196781 -4.690995 -0.866486 3.940722 -2.706974 3.146160 0.035952 -4.967832 2.372836 0.560048 -4.101685 2.999324 -0.862202
420 1.5509648203 -4.953384 -2.794806 2.751856 -4.997413 -0.670682 4.120462 -2.743181 4.321146 0.319014 -4.398128 3.638247 -0.213452 -4.761550 2.723693 -1.705857
421 1.5376790538 -4.974587 -2.369366 2.896193 -4.740144 0.305491 3.305312 -2.876700 2.659120 1.053391 -4.910593 2.488398 -0.421260 -4.999576 2.733893 -2.007494
422 1.5417040813 -4.872347 -3.523777 4.382924 -4.965631 -0.623665 4.519978 -2.619855 3.418434 -0.264054 -4.287024 2.043786 -0.132248 -4.739942 3.463534 -1.598313
423 1.5632809351 -4.592000 -2.744511 4.446488 -4.880555 -1.556565 3.378957 -2.613829 4.511736 0.286887 -3.398129 2.932669 0.521419 -3.601145 3.143641 -1.436446
424 1.5239764413 -4.998083 -2.636725 4.668817 -4.389434 -0.673485 3.511478 -1.498964 2.826311 -0.237785 -3.924585 2.050119 0.336430 -3.980585 3.149422 -1.071452
425 1.5322806442 -4.832748 -3.281222 4.034498 -4.266738 -1.372354 3.146871 -1.658025 2.914796 0.340763 -4.981130 3.248017 -0.079254 -4.436038 3.629399 -1.841322
426 1.5348065444 -4.926050 -2.443549 3.524548 -3.924785 -1.354726 4.010214 -2.287183 3.323294 0.201345 -4.865019 3.030584 0.098096 -3.631937 3.177943 -0.900399
427 1.5323057375 -4.893170 -2.784226 4.099007 -4.016816 -0.419114 3.814246 -2.736772 3.294174 -0.142542 -3.904555 2.815774 1.003039 -3.969209 3.019784 0.170350
428 1.5532966956 -3.828636 -2.687344 4.550264 -4.254220 -2.167309 3.734129 -2.390397 3.602522 -0.111098 -3.938464 2.464736 0.184690 -3.920400 3.102801 -1.232068
429 1.5212921279 -4.936424 -2.884343 4.590968 -4.479735 0.318959 2.380412 -1.860423 3.362695 0.015595 -4.991611 3.274516 -0.184350 -4.520850 3.628279 -1.066500
430 1.5351740469 -4.892127 -3.363283 4.037551 -4.363000 0.100216 3.814239 -3.161655 3.533594 -0.011086 -4.956005 2.967036 -0.991287 -3.765538 2.903687 -1.895977
431 1.5523417186 -4.303442 -3.626819 4.348283 -4.731638 -0.744880 3.359669 -3.069964 3.333482 0.470988 -4.510445 3.207630 1.024754 -4.987595 3.261555 -1.221456
432 1.5327395681 -4.368413 -2.161825 4.424511 -4.329243 -0.611369 4.777221 -2.442916 3.409948 -0.004773 -3.247938 3.018600 -0.326967 -4.585833 4.032157 -1.313080
433 1.5709943081 -4.739003 -3.768586 4.473421 -3.851429 0.381964 4.299996 -1.251576 3.003120 0.286112 -4.999966 4.103236 -0.967587 -4.550490 3.754909 -0.835104
434 1.5288363674 -4.947073 -2.857770 4.393126 -4.237510 -0.875988 3.722044 -2.950214 3.911066 -0.596729 -4.892618 2.393475 0.874351 -4.535620 3.505169 -1.487355
435 1.5574949880 -4.575579 -2.636445 4.886430 -4.612195 0.548717 3.527196 -1.349061 3.711015 -0.941124 -4.556147 2.953151 0.459839 -4.826091 3.868044 -1.335922
436 1.5399546327 -4.378035 -3.264222 3.930517 -4.051894 -0.800308 3.065236 -1.557497 2.692393 1.051242 -4.386631 3.881271 0.585923 -3.992669 2.639561 -0.431912
437 1.5321261214 -4.774930 -1.902316 4.433123 -3.819304 0.241677 3.733100 -1.867759 3.413709 -0.127663 -4.847553 3.411598 0.138412 -4.627732 3.314184 -0.906490
438 1.5616120209 -4.939574 -2.789327 4.506573 -4.784839 -0.448643 3.075860 -1.528611 1.843645 1.358390 -4.734455 2.340437 0.754007 -4.712939 2.950812 -1.078428
439 1.5247550827 -4.980822 -2.600321 4.599129 -4.984617 -0.788545 3.658411 -2.536405 3.120323 -0.565553 -4.801579 2.832095 0.642054 -4.218621 3.400906 -0.978930
440 1.5211850313 -4.985692 -2.626690 4.866524 -4.728429 0.038072 2.740275 -1.488108 4.027961 0.274907 -4.569784 2.792718 0.116381 -4.040264 3.212809 -1.139642
441 1.5422624370 -4.967448 -2.687077 4.971411 -4.323770 -0.769601 2.608102 -1.685597 3.498923 0.745952 -4.769687 2.156399 1.326511 -4.354935 2.128630 -0.233293
442 1.5303708082 -4.904509 -2.527977 4.774378 -3.986202 -0.863114 3.135568 -2.479100 3.524515 -1.552445 -4.155491 2.711550 -0.388142 -4.709605 2.949977 0.564562
443 1.5285401724 -4.869988 -2.808914 4.652905 -4.069409 -0.758552 4.277891 -1.952209 3.049214 0.949897 -4.117099 3.054973 -0.300503 -3.798162 3.200489 -0.890707
444 1.5223683391 -4.795182 -2.662565 3.871917 -4.360767 0.157131 3.360180 -2.491069 4.043882 0.638749 -4.266087 2.907100 0.152692 -4.283181 3.128077 -1.266244
445 1.5296926489 -4.325875 -2.396695 4.444281 -4.326876 -0.630114 2.908870 -2.089304 3.788955 0.360565 -4.018438 2.132542 0.498810 -4.974316 3.286697 -1.825504
446 1.5248562662 -4.985314 -3.208461 4.497778 -4.482640 0.080440 2.625091 -1.896798 3.427991 0.079961 -4.146698 2.896255 -0.873914 -4.531482 2.435385 -0.620499
447 1.5302244314 -4.974286 -2.653953 3.722774 -4.624967 -0.310155 4.340971 -2.596422 4.141634 0.256276 -4.883000 2.856769 0.389080 -4.967600 3.872497 -2.234050
448 1.5226847500 -4.509996 -2.690158 4.495135 -4.748337 -0.699663 1.897325 -2.636131 3.937353 0.601979 -4.967465 3.001835 -0.100213 -3.828183 3.229952 -1.427972
449 1.5635403415 -4.260900 -3.071573 4.873485 -4.981950 -1.038084 3.319269 -1.582417 3.609706 -0.830102 -4.634903 2.790323 0.275604 -4.247203 3.284064 0.161216
450 1.5351286261 -4.877897 -3.493403 4.948924 -4.681341 0.574978 2.468775 -1.832322 2.437839 0.103484 -4.624947 3.587941 -0.624666 -4.333505 3.796653 -1.095054
451 1.5379101720 -4.677904 -2.031734 4.517657 -4.696649 -0.194212 1.936537 -2.156418 3.550091 0.527039 -4.797004 3.079971 0.213331 -4.967790 2.457324 -2.141917
452 1.5423605380 -4.625767 -2.755219 3.046981 -4.126179 -1.000721 3.279592 -2.274025 4.040221 0.902284 -4.247994 3.505977 -0.676443 -3.539769 3.107825 -0.848079
453 1.5112335355 -4.999997 -3.125669 4.998174 -4.579705 -0.054189 2.718636 -2.559827 4.250302 -0.298447 -3.788813 3.255976 -0.134857 -3.305423 2.859695 -1.696074
454 1.5520413921 -4.832861 -2.099753 3.379867 -4.969247 -1.254246 3.292497 -2.073814 2.990232 1.301652 -4.691992 2.458702 0.688374 -4.917203 3.623768 -1.357747
455 1.5383363115 -4.976611 -3.241933 4.959868 -4.998370 0.175077 2.095310 -1.963988 3.553882 0.106444 -3.795666 2.424660 0.278299 -3.756793 3.467780 -1.210583
456 1.5425355160 -4.710280 -2.657664 4.801572 -4.970904 0.077775 3.191132 -2.539650 3.281477 1.260416 -4.060939 3.533075 1.232538 -4.238078 3.221514 -0.912253
457 1.5054954840 -4.906058 -2.932711 4.750148 -4.584213 -0.259090 2.602037 -2.409387 3.948848 0.099600 -4.274323 2.997723 -0.161663 -3.965445 3.000802 -1.482867
