evaluations raw_y x0 x1 x2 x3 x4
1 3.7333524227 0.248928 0.248928 0.248928 0.248928 0.248928
2 3.4592800140 -0.601231 -0.601231 -0.601231 -0.601231 -0.601231
3 6.8536224365 -4.877833 -4.877833 -4.877833 -4.877833 -4.877833
4 4.4777016640 4.605106 4.605106 4.605106 4.605106 4.605106
5 4.1740407944 2.540968 2.540968 2.540968 2.540968 2.540968
6 5.5547504425 -2.820915 -2.820915 -2.820915 -2.820915 -2.820915
7 5.1844682693 -2.326088 -2.326088 -2.326088 -2.326088 -2.326088
8 4.0222711563 1.981064 1.981064 1.981064 1.981064 1.981064
9 4.0100202560 1.701131 1.701131 1.701131 1.701131 1.701131
10 4.3892483711 -1.356181 -1.356181 -1.356181 -1.356181 -1.356181
11 5.7277288437 -3.166006 -3.166006 -3.166006 -3.166006 -3.166006
12 4.3350009918 3.446027 3.446027 3.446027 3.446027 3.446027
13 4.4446153641 4.252870 4.252870 4.252870 4.252870 4.252870
14 6.1943311691 -3.980218 -3.980218 -3.980218 -3.980218 -3.980218
15 3.4425587654 -0.873970 -0.873970 -0.873970 -0.873970 -0.873970
16 3.4429776669 -0.765763 -0.765763 -0.765763 -0.765763 -0.765763
17 3.4429776669 -0.780452 -0.780452 -0.780452 -0.780452 -0.780452
18 3.4352765083 -0.731101 -0.731101 -0.731101 -0.731101 -0.731101
19 3.4352765083 -0.724645 -0.724645 -0.724645 -0.724645 -0.724645
20 3.4352765083 -0.738398 -0.738398 -0.738398 -0.738398 -0.738398
21 3.4429776669 -0.799384 -0.799384 -0.799384 -0.799384 -0.799384
22 3.4429776669 -0.792896 -0.792896 -0.792896 -0.792896 -0.792896
23 3.4429776669 -0.742441 -0.742441 -0.742441 -0.742441 -0.742441
24 3.3741695881 0.413921 -1.936955 -2.291356 0.413921 -1.936955
25 3.4626328945 1.585116 -2.076132 -1.704067 1.585116 -2.076132
26 3.4898321629 0.083208 -0.917171 -1.988120 0.083208 -0.917171
27 3.6107056141 -0.206257 -2.191991 4.956744 -0.206257 -2.191991
28 4.6483440399 0.336708 -4.722692 -1.329642 0.336708 -4.722692
29 3.7332508564 0.449237 -1.662000 4.868961 0.449237 -1.662000
30 3.7808873653 2.445155 0.713725 -1.992054 2.445155 0.713725
31 4.2879028320 1.565127 -2.780006 -2.455102 1.565127 -2.780006
32 3.6634886265 0.749158 -2.082695 4.424165 0.749158 -2.082695
33 4.3449621201 1.106791 -1.666123 -4.816075 1.106791 -1.666123
34 3.4156105518 0.526512 -1.719300 -1.178153 0.526512 -1.719300
35 3.3992171288 0.819453 -2.105301 -1.222274 0.819453 -2.105301
36 3.4479477406 0.054702 -1.233807 -2.516207 0.054702 -1.233807
37 3.3962850571 0.327453 -2.148547 -1.564548 0.327453 -2.148547
38 3.4084570408 0.262230 -1.878964 -1.276382 0.262230 -1.878964
39 4.3344087601 0.332953 -2.043296 -2.983496 0.332953 -2.043296
40 3.3760051727 0.280575 -1.728892 -2.234359 0.280575 -1.728892
41 3.3790035248 0.543434 -1.715900 -2.236463 0.543434 -1.715900
42 3.3458328247 0.342852 -2.196160 -2.240711 0.342852 -2.196160
43 4.3288831711 0.192319 -2.398963 -2.298335 0.192319 -2.398963
44 3.3625767231 0.120078 -2.145186 -2.139676 0.120078 -2.145186
45 3.3627281189 0.562860 -2.143194 -2.134403 0.562860 -2.143194
46 3.3458328247 0.414096 -2.190920 -2.156423 0.414096 -2.190920
47 3.3466632366 0.229112 -2.191555 -2.157076 0.229112 -2.191555
48 3.3458328247 0.310649 -2.180180 -2.159188 0.310649 -2.180180
49 4.6761198044 -1.641895 -2.919777 -0.008800 -2.096686 -1.744533
50 4.7650232315 -3.727440 -1.956018 -4.524888 -1.873414 2.259128
51 3.5859656334 4.227470 1.869376 -2.954967 -2.091734 -1.855330
52 4.3490390778 2.062045 -3.934346 -0.171592 -1.957061 -1.920383
53 4.2806582451 -4.588243 -1.485228 -1.508040 4.489552 -1.877973
54 4.5261640549 -3.632207 -2.115150 -1.524704 3.641675 -4.437154
55 3.5636518002 -2.108444 -2.396448 -1.985317 4.006225 0.733484
56 4.4381322861 1.255291 -2.096629 -0.896984 -1.353335 -3.243639
57 3.4776871204 4.883643 -2.184468 -1.786636 -0.442683 -2.036913
58 4.3360748291 -3.620945 -0.002329 -1.433000 1.423539 -2.027226
59 4.8424415588 -0.970447 -4.826368 -2.610305 1.255615 -2.268082
60 4.6091275215 -3.753615 -1.392171 -2.610903 1.546842 -2.284627
61 4.6662797928 2.442987 -3.316827 -2.761726 -2.118964 -2.278574
62 3.5607092381 4.816045 -1.650996 -1.741113 0.113630 -2.202206
63 4.7815017700 -1.536510 -2.904180 -2.619680 0.270669 -2.256571
64 3.4133050442 -0.149329 -1.756880 -2.227143 2.446818 -2.258778
65 3.4776201248 1.066265 -1.880193 -2.435004 3.137360 -2.260186
66 3.5720467567 0.529435 -1.367108 -2.431912 4.693328 -2.250620
67 4.6007256508 1.038377 -1.775763 -2.295726 -3.460255 -2.183010
68 3.4284024239 0.058979 -1.772973 -1.908203 1.575600 -2.123882
69 3.4662885666 2.626304 -2.175309 -2.165642 0.106107 -1.982304
70 3.4254980087 2.273721 -2.204696 -2.253029 0.170038 -2.367277
71 4.4507222176 -0.666175 -2.212612 -2.396085 0.439399 -1.930692
72 3.3832497597 1.478494 -2.205152 -2.217816 -0.250898 -2.211657
73 3.3488647938 1.046832 -2.104534 -2.400214 0.060183 -2.247730
74 3.3458328247 0.951208 -2.171416 -2.233216 0.280053 -2.231997
75 3.3458328247 0.230957 -2.133939 -2.346950 0.770468 -2.215921
76 3.3458328247 0.590293 -2.152027 -2.325609 0.644848 -2.218801
77 3.3458328247 0.217829 -2.163353 -2.254307 0.620499 -2.219471
78 3.3466632366 0.703099 -2.140932 -2.129165 0.191531 -2.179220
79 3.3466632366 0.529898 -2.188625 -2.184333 0.125642 -2.197012
80 3.3582839966 0.402380 -2.062925 -2.233863 0.462567 -2.198072
81 3.3458328247 0.512788 -2.220991 -2.184372 0.237743 -2.188493
82 3.3458328247 0.534690 -2.202046 -2.177948 0.256787 -2.188031
83 3.3458328247 0.280441 -2.225473 -2.197152 0.480902 -2.202810
84 3.6023070812 4.529133 -1.576938 -2.429725 2.465840 -1.930525
85 4.4649009705 -0.880752 -0.018670 -1.813349 -1.506591 -1.705957
86 3.6693575382 2.397290 -2.999372 0.794458 3.941088 -2.218904
87 4.3459692001 -4.457842 -3.913667 0.925571 1.600260 -2.171918
88 4.3129353523 1.746137 -3.889946 -2.757860 -0.102906 -1.651583
89 3.4675283432 -2.844174 -0.790284 -0.813726 3.564203 -1.948799
90 3.3954761028 0.020547 -2.648932 -0.263410 0.798377 -2.471122
91 3.6629297733 1.942907 -3.037348 -0.381859 4.455283 -2.396638
92 3.4358789921 1.530327 -1.431761 -1.658581 -0.133871 -2.276510
93 3.4608731270 1.251702 -3.014590 -3.574261 4.386609 -2.182218
94 3.4506747723 -1.003470 -1.650287 -1.224958 2.330408 -2.117848
95 3.5704209805 0.569667 -1.381540 -1.253647 3.246166 -2.079241
96 3.4914469719 1.697092 -3.056765 -2.170334 3.150674 -2.355835
97 4.4444780350 1.486002 -3.245065 -2.967652 1.166749 -2.352172
98 3.4839768410 2.649211 -1.771258 -2.353053 1.877767 -2.370125
99 3.3946435452 0.814287 -1.947504 -1.878203 0.339607 -2.111321
100 3.4402937889 0.313471 -2.306359 -1.894875 1.691529 -2.167179
101 4.6121950150 -0.510777 -1.972910 -2.699948 0.566802 -2.254355
102 4.5638995171 0.637060 -4.951839 -2.032434 0.052325 -2.181836
103 3.3980495930 0.206891 -2.078422 -2.312121 1.890715 -2.264233
104 4.2802958488 0.566320 -2.288662 -2.293111 0.502218 -2.224957
105 3.3707740307 0.930823 -2.176620 -2.266528 0.897741 -1.293262
106 3.4540102482 0.459094 -2.177513 -2.254681 -0.135452 0.406558
107 4.3715515137 -1.240118 -2.195463 -2.226190 0.531408 -1.099298
108 4.4257659912 0.402033 -2.169097 -2.268902 -0.513497 -3.597823
109 4.5093288422 -0.519270 -2.179429 -2.223637 -0.405359 -2.126629
110 3.3939940929 0.395549 -2.167648 -2.262203 1.056132 -1.967374
111 4.3091087341 0.438241 -2.171408 -2.279942 -0.406305 -2.031236
112 3.3707740307 0.310895 -2.212758 -2.070621 0.312636 -1.399679
113 4.2937450409 0.259765 -2.215480 -2.052768 0.379942 -3.116912
114 3.3627281189 0.320609 -2.209284 -2.127525 0.299988 -2.096812
115 4.2655439377 0.373650 -2.178419 -2.094471 0.332366 -2.265395
116 3.3466632366 0.609590 -2.173226 -2.247616 0.164942 -2.211553
117 3.3466632366 0.347000 -2.186760 -2.257405 -0.144733 -2.215351
118 3.3466632366 0.304420 -2.211616 -2.212843 0.120322 -2.193748
119 3.5556316376 4.596349 -3.028282 -1.150365 0.320991 -1.254700
120 5.2160553932 -4.187779 -3.712233 -2.960333 0.012581 -4.763441
121 3.6573946476 0.857989 -2.544623 2.883314 4.442653 -2.897581
122 3.4451310635 0.566292 -2.462738 -1.048298 1.310977 -1.424721
123 4.3760113716 1.487564 -2.823063 -3.091043 1.434101 -2.440319
124 4.2908639908 2.483684 -3.290770 -2.349664 0.584707 -3.009486
125 4.5482463837 -4.169534 -0.022449 -1.812064 0.316162 -2.585246
126 4.5342721939 -4.647998 0.184291 -2.795003 -0.077067 -1.161445
127 4.4597930908 -0.641316 -1.994139 -1.747294 0.372253 -2.249292
128 3.5546791553 4.447049 -0.451010 -2.719650 0.309862 -3.570444
129 4.6609106064 -3.640574 -1.929940 -2.044474 0.532615 -1.756269
130 3.4190857410 0.058803 -1.994305 -1.997231 1.312611 -1.955671
131 4.7084789276 -1.887202 -1.991433 -2.308848 -0.636587 -2.458901
132 4.9239640236 -4.145733 -2.459980 -2.521233 -0.193817 -2.379848
133 4.2834715843 3.439406 -3.480853 -2.453115 0.065393 -2.711994
134 3.5014851093 3.144824 -1.821507 -2.346739 0.189400 -2.024726
135 3.5121433735 3.350421 -1.627507 -2.116967 0.207629 -2.198898
136 3.4627125263 2.366285 -1.473283 -2.354842 0.234839 -2.537442
137 3.4638800621 1.600490 -1.567543 -2.183972 0.358221 -1.980249
138 4.3042473793 -0.387702 -2.104711 -2.174071 0.368544 -1.965169
139 4.4459824562 -0.700145 -2.219816 -2.175441 0.737677 -2.164376
140 3.4367475510 0.005680 -2.234232 -2.136589 2.295910 -2.125631
141 3.4129307270 0.240778 -1.472450 -1.810377 0.333455 -2.117650
142 4.3775372505 -0.074434 -2.115784 -2.302885 -0.468764 -2.270394
143 3.3741974831 0.103227 -1.774805 -2.230433 0.419665 -2.136259
144 3.3582839966 1.049125 -2.017841 -2.282633 0.294541 -2.185119
145 4.3359155655 -0.292868 -1.988322 -2.268066 0.292498 -2.225864
146 3.3741695881 0.438504 -1.961077 -2.206437 0.357341 -2.051247
147 4.3941965103 0.266590 -2.538553 -2.533946 0.385776 -2.192283
148 3.3864154816 0.326570 -2.148612 -2.280558 1.512009 -2.223482
149 3.3466632366 0.416130 -2.164701 -2.244341 0.221542 -2.217594
150 3.3458328247 0.304151 -2.180469 -2.272013 0.639230 -2.216769
