evaluations raw_y x0 x1 x2 x3 x4 x5 x6 x7 x8 x9 x10 x11 x12 x13 x14
1 1.8876757622 -3.236110 -3.264506 3.199237 -3.639134 0.928292 -0.770709 -2.192943 -2.370962 3.029293 2.278100 1.554309 3.259921 3.665405 -1.154794 -1.534798
2 2.6131052971 1.610727 3.301797 1.204685 -0.709611 -2.320512 -1.521396 2.402933 4.607883 0.882289 0.404214 -0.517499 0.340018 2.714773 -1.940005 -0.198763
3 1.8876202106 -3.870587 2.177846 2.278642 -0.899950 -4.555415 0.546676 -4.884980 -1.504145 -4.787873 1.236721 2.471431 2.929175 -1.008525 4.798465 3.280391
4 1.6075239182 4.289801 -1.861344 -0.044292 -4.572062 -2.412534 0.869436 -3.176945 -4.947527 -4.586315 -1.489122 -2.817562 3.958701 4.594686 -1.886288 -0.047300
5 2.3703207970 0.550772 -4.241915 0.819590 -3.905147 -2.623818 3.797703 -1.985808 -3.751526 -0.059527 -4.863073 -0.584910 -0.513836 4.533574 -0.841741 -4.082877
6 2.6261196136 -0.615928 -3.942713 -1.948647 2.597783 -3.904648 1.963351 3.272486 -1.156101 -1.299331 -4.085826 0.190289 -1.981920 -2.021348 0.977984 3.658316
7 1.3775202036 -4.910523 4.191280 2.796402 3.181134 -1.056805 3.042526 3.038409 -0.131949 -1.874767 4.917480 -4.272789 0.753543 1.625773 -2.796072 0.206576
8 2.0790326595 3.694266 -4.367344 4.065475 2.372986 4.132948 3.593344 -1.791948 3.350816 -2.678177 -2.784150 4.081337 -1.392776 2.204886 1.200511 -4.231183
9 2.3935472965 -1.650679 -0.154155 0.156259 -3.130523 -0.150460 4.352907 -4.506716 -0.722174 4.553967 -1.305919 -4.975629 -2.682882 -1.687020 2.427246 -2.359870
10 2.4071364403 -1.734436 -1.259081 2.355476 -2.620450 -4.875377 -0.807431 0.110112 0.475300 -3.337329 -1.864951 -0.040128 -0.182872 1.086474 -3.984573 3.024714
11 2.3801374435 1.311649 2.388140 1.259248 3.573964 0.225656 1.021713 -4.665693 -2.746003 -1.634775 0.882804 1.246272 -2.430462 3.818788 -2.566554 -3.603262
12 2.3731684685 -0.980563 -2.674859 -0.837979 -2.467932 3.064715 1.278045 -3.294717 -3.614745 -3.499885 -3.302637 4.833074 -4.219281 -3.219415 2.273096 1.805760
13 2.0114188194 3.498505 3.759605 -1.303950 -2.100433 4.924735 0.598632 0.951381 0.586649 -0.531157 1.087118 -2.323549 -3.146128 1.832154 4.437594 1.192088
14 2.7122864723 -0.539704 0.118734 -4.434532 0.905386 -3.483971 -0.284202 -1.118885 4.915048 1.767739 -4.188008 1.918010 3.489621 -2.232097 3.320370 1.242600
15 2.1694169044 -3.643416 -2.398969 -4.203378 0.280553 2.621145 -4.614647 2.085403 3.098462 0.535605 3.681433 -1.730986 1.278641 -0.865250 3.710935 2.496605
16 2.1713306904 3.039171 -1.543618 -1.676827 3.705178 3.528557 4.278107 4.730578 2.298113 -0.781603 1.664251 -3.408648 -0.058752 -2.875298 -2.410584 4.409124
17 2.0198631287 -2.405578 -4.692317 4.365386 4.189944 1.306376 -4.282362 -0.424960 2.878830 -0.164812 0.227596 1.086470 1.507379 -3.371813 -4.431471 3.851434
18 1.7794545889 3.403696 -0.617312 3.416013 -4.933178 -1.971420 4.656003 1.035524 -0.495780 1.608550 3.397197 -4.443560 1.931022 4.062399 3.628637 4.573449
19 2.3748888969 -0.325716 1.963103 2.695500 -2.922098 -0.515094 0.301043 -3.930993 2.532360 -3.901149 -3.089686 3.067879 -0.628561 4.869949 -4.289957 1.494950
20 1.6030517817 -4.165551 2.988504 0.581052 1.027565 -1.422345 -0.095983 2.189434 0.133165 -3.164367 -0.654173 0.473261 1.214365 3.443021 -2.134197 0.458401
21 2.0569591522 -2.693210 3.646561 1.938073 -4.445377 -4.756086 2.585814 -4.270836 -2.088385 4.656631 -0.496689 -3.847886 -4.936236 -4.605623 2.601400 -3.394914
22 2.2866573334 1.681541 -4.934811 -1.211885 4.093085 4.506968 -3.445458 -3.455470 -4.405949 3.536097 -2.391695 3.863486 1.772664 -0.561404 -3.003047 -2.734952
23 2.1682674885 2.109052 -3.779618 -2.633618 -4.227393 1.157412 -3.955910 -3.703816 -1.335087 4.268549 2.783721 -4.100310 -3.740171 2.836041 4.240965 -4.569936
24 2.6330165863 0.953778 1.534438 -0.591100 -0.115571 1.786836 -2.691801 -0.859720 -2.245921 2.266777 4.636545 -3.579843 -3.537155 -0.226325 0.196882 -3.858368
25 2.6727750301 -2.217966 -3.561508 -4.851892 -1.689322 2.254023 -4.888602 0.518687 2.080631 -0.766069 -3.691187 3.344406 -1.718635 -0.399699 1.816571 -1.058917
26 2.3794736862 -1.309997 -0.793344 -0.542634 -2.200205 -1.812781 -2.233963 3.545363 -3.955331 0.710356 -4.769495 -0.200761 -4.394635 0.087379 -4.615053 -2.051054
27 2.3606901169 2.352843 1.037567 -2.450952 4.786658 -0.574733 4.108269 -2.909902 0.021613 1.221697 -0.285425 2.193792 0.872431 0.408754 2.003657 2.576388
28 2.5496773720 0.692669 -0.549287 -2.999431 -3.373292 4.683398 1.718133 3.760075 -4.242109 -1.013132 1.897963 4.322249 -1.187646 -2.563706 1.299127 -1.803316
29 1.7433173656 4.478206 2.655589 -2.221876 0.015663 0.374986 4.962443 -2.660841 4.329563 1.361177 -0.011967 2.885151 3.055602 3.129251 0.387623 -0.722994
30 2.4802474976 -0.048119 4.501852 4.644782 -1.200787 2.102262 -2.485871 -0.733034 -3.027260 -1.933487 2.606106 -1.565221 2.175865 -3.865904 3.929781 4.898886
31 1.5542815924 4.981026 0.765190 -3.197694 2.923955 1.501984 -3.835383 1.485413 -3.421657 -4.455606 -2.100247 4.580863 4.545327 -4.281834 3.052003 -3.008098
32 2.6401572227 0.148351 3.908880 -3.967650 1.983403 -3.089452 2.239625 1.714933 -4.636604 3.354573 -1.182698 0.583497 -2.246626 -3.915808 0.653230 -0.893432
33 2.6353220940 -1.157134 -1.932726 -1.621323 1.255189 0.756576 -1.907998 -0.147720 3.661162 4.795948 -2.245222 -1.117285 0.204201 1.224784 -0.408780 0.664297
34 2.8265836239 1.000472 3.134565 -4.621866 -1.287352 -0.072241 2.411429 1.261050 -0.956330 2.089298 0.688947 4.516582 4.642214 -3.543701 1.534750 1.916194
35 1.6722168922 -4.062763 0.478849 1.814098 2.121074 -2.993486 -2.995207 2.809487 1.182034 -3.772049 -3.641661 1.813524 4.963101 -1.405013 -0.217333 -2.283644
36 2.3039934635 -3.017490 1.281602 -3.328638 -0.361365 2.379387 -4.539298 4.239112 0.818005 -2.255048 3.890356 0.934264 -2.915469 -1.504073 -4.914781 -2.808169
37 2.1428141594 2.856562 4.856876 1.621055 4.543674 2.793441 2.980001 0.175370 1.642529 3.773888 1.884371 -0.873010 2.513463 0.143228 4.717075 2.117993
38 1.7020759583 -4.667297 -3.221410 -3.745681 1.550299 3.924212 -3.153731 -2.427753 4.388603 -4.181031 -4.437225 -2.692126 3.818493 2.082200 -1.242539 -4.456230
39 1.8253974915 4.655569 0.011996 -3.636814 0.579363 3.817531 -3.336040 4.385581 1.227107 2.764917 3.138410 3.666240 4.166754 -4.409961 -3.622846 -0.532516
40 2.2359180450 2.656836 -1.007932 3.872953 0.404005 -0.979781 -1.246667 4.920578 3.836263 0.167999 2.506277 2.676441 -0.857044 2.352327 0.059819 0.844067
41 2.0560498238 -2.887329 4.629480 4.129199 -3.838010 -3.287798 -1.197852 2.775632 -2.982579 2.908285 -2.605235 -4.595882 -1.473735 -4.825550 -3.768057 -1.329386
42 2.3152918816 2.272074 -2.190729 3.488978 3.236000 -4.300545 -0.492954 -1.257467 2.709837 -2.978355 3.469096 -1.440969 2.705208 0.734936 -1.575282 2.892856
43 2.3271665573 -1.933136 -2.787608 4.909517 -1.515881 -3.880737 3.375158 0.685049 -1.810182 3.966516 4.212830 -2.394147 -3.318342 0.896538 -0.573608 4.115327
44 1.6244440079 -4.512931 1.880760 -0.164049 1.849754 -1.666220 -1.764410 4.074047 1.735061 2.510429 -0.947451 -3.128427 -3.922553 -2.336488 -3.387511 -4.883885
45 1.8293061256 3.901322 0.845161 0.465491 4.594471 3.281138 1.484084 -1.632132 4.046893 -2.522116 4.537003 -2.066913 -4.762621 4.201467 2.794896 4.008367
46 1.3931536674 -4.856981 2.094153 4.370180 3.706089 -1.661703 2.797866 0.987712 4.270980 -2.803280 0.324803 -2.027361 3.318803 2.404070 1.182393 1.262567
47 1.4997158051 -4.928866 -0.540959 2.231486 4.387529 -2.304236 3.191259 -0.041062 -1.872905 2.479504 3.258038 -3.593262 1.002670 -2.412407 -4.857362 -3.417199
48 1.3594878912 -4.998840 2.401546 2.115884 4.820731 2.567456 -0.094569 4.755623 3.895884 1.611064 1.164562 -4.322573 0.580275 1.128410 -3.357117 0.864833
49 1.4389984608 -4.993159 2.264249 0.852653 -0.422256 -4.741876 4.483154 3.334416 3.282864 -3.247500 4.466536 -0.996740 4.206245 4.411969 -1.343263 -3.610249
50 1.4228835106 -4.855956 2.488399 3.785514 3.136159 -0.040811 4.541517 -0.654973 -1.541504 -2.123309 3.706021 -4.595623 -1.988286 2.719538 -4.044842 -2.463764
51 1.5487171412 -4.914808 2.136420 3.655570 1.795724 0.223984 -2.453729 1.994766 4.213935 4.990671 -0.307959 -4.628009 3.853450 2.093600 -4.878721 -2.394802
52 1.4333986044 -4.963601 4.767141 -0.509149 0.088932 2.459307 4.622185 4.619867 1.295531 -0.419771 -0.670548 -1.787795 -0.528238 -3.099653 -0.817430 0.374566
53 1.4551702738 -4.862903 4.600490 0.821656 4.356021 -0.346890 4.557061 2.266738 3.718319 4.879566 4.779659 -1.103436 -1.860675 4.554323 -1.865065 0.994656
54 1.6088160276 -4.838857 4.566329 4.024692 0.163215 -0.807445 -3.941176 4.192739 -0.136190 0.116791 1.092152 -4.827615 3.398121 -0.853427 -3.735368 3.218437
55 1.5908063650 -4.971987 4.678988 3.853012 3.105157 -1.726617 -1.664916 0.920280 3.282589 4.264823 3.236153 -2.884787 0.904583 3.848894 0.311213 -3.656839
56 1.3930609226 -4.976165 0.372925 1.258382 2.857307 4.966966 3.855334 2.912273 2.738160 0.251553 4.277712 -3.960163 2.448775 4.915485 -1.002942 0.079370
57 1.5002876520 -4.933862 1.475729 4.449761 0.485710 -2.187244 2.442531 4.311050 4.219961 -0.949663 2.961546 -4.208811 -3.184931 2.289387 -2.537432 -0.022189
58 1.5140938759 -4.952176 -0.761239 4.374940 3.220825 3.137273 1.852654 2.157764 1.536746 -2.013051 4.288444 -2.204330 -4.207288 2.254496 1.261146 -0.997820
59 1.5328836441 -4.689538 2.723932 2.366592 0.746342 0.973463 1.869166 0.836529 1.742879 1.186523 -3.524347 -1.596603 -4.148863 -1.769551 0.114992 4.867168
60 1.5324460268 -4.900113 3.073102 4.949229 2.178330 -1.999335 4.094456 2.999425 1.522725 0.666277 -2.857736 -3.204780 1.694925 -1.133402 -2.514983 3.846954
61 1.5143824816 -4.835793 -0.988694 3.589988 1.333514 1.447690 -1.562606 2.969406 4.076507 -0.788152 -3.422230 -4.743490 -0.427235 4.699777 -4.776086 3.062029
62 1.2869473696 -4.990787 2.302131 0.169012 4.593636 -1.641663 -0.758646 0.689191 1.114945 -2.211138 -0.205524 -3.114592 3.067385 4.095650 -0.107040 -3.009133
63 1.5744851828 -4.829740 4.881243 3.542843 3.831152 4.472715 -0.762197 3.232034 4.784942 -1.327109 -1.126139 -2.516070 -1.538654 2.633255 -0.252243 -3.405271
64 1.5421049595 -4.877276 2.282361 4.256471 3.284954 3.842521 1.286555 4.512105 4.693175 -0.538211 2.715452 0.093184 -0.514640 3.491450 -3.378498 -1.247979
65 1.3260154724 -4.965254 -1.182286 1.729467 3.475532 2.220079 0.779783 4.660958 3.657952 1.075164 -2.882125 -1.889740 4.305641 -1.672897 -3.106530 -1.632263
66 1.4579367638 -4.948009 1.554625 -1.989588 1.755172 -3.451159 3.319929 -3.468681 2.938596 -2.707926 -2.283752 -4.474331 0.125424 0.646049 -1.517168 -1.872130
67 1.2547892332 -4.854918 -1.807558 1.615359 3.494020 0.954100 3.123706 -0.010154 4.495502 -2.666976 1.506920 -1.740618 1.766331 4.545022 -3.335512 0.176516
68 1.8333696127 -4.509935 2.567018 0.120013 4.135689 -3.206262 -0.561794 2.499234 2.632847 -0.623896 -1.350792 -4.586910 2.242879 0.832484 4.706332 -4.241711
69 1.3868217468 -4.932160 -2.240929 -0.315227 3.184943 1.355843 2.007624 0.507838 0.930873 -0.865540 -1.812558 -4.403576 3.828933 4.347152 -0.256806 -4.051980
70 1.1774960756 -4.992484 -1.194448 -1.057111 3.410179 -0.226145 -1.924032 0.178972 0.158765 -1.463136 -2.956379 -0.265749 3.284341 1.354440 1.463994 0.899106
71 1.5364274979 -4.750028 0.157481 -2.200583 2.185689 -1.411946 2.397510 1.107373 -1.279203 -3.530836 -4.872533 1.433169 2.661952 2.609341 -0.732840 3.061241
72 1.1797478199 -4.910835 -2.755065 -0.911119 3.613642 -2.519447 2.097360 0.091150 3.302672 0.434703 -1.214502 0.783109 -0.820217 -1.731523 -0.842253 0.741494
73 1.3526239395 -4.962822 3.400899 -0.606671 4.019650 -1.422289 0.705156 -1.030648 1.413274 -3.271232 2.108346 3.645966 0.659179 1.458418 1.211612 4.928593
74 1.3113669157 -4.962239 -0.078764 1.020960 2.202318 2.000015 -3.273452 -2.275808 -1.961085 -0.082387 -1.528894 -1.012836 3.429651 -3.409856 -1.911890 3.431497
75 1.3321716785 -4.919764 -1.670057 0.343677 4.754678 2.943074 -1.105695 -1.571362 -1.795596 -2.707016 -2.493783 0.454701 3.213633 0.447583 4.247769 3.629631
76 1.6534065008 -4.641179 -3.391272 -1.249502 4.251328 -1.169652 -4.098535 -2.600866 3.333793 1.018422 0.640812 4.515304 4.846608 -3.596844 0.045218 2.470876
77 1.4643943310 -4.959009 -4.890668 -0.049191 1.529682 0.295594 -3.584987 0.734864 0.262952 3.032310 1.080985 4.155888 3.125491 -0.556414 2.159000 1.661635
78 1.5322444439 -4.723828 -3.230952 -0.275442 0.499547 -3.969152 0.991092 -2.837669 -0.465094 -1.613623 0.717450 3.983930 2.773465 -2.482260 -1.840540 1.164670
79 1.5507543087 -4.975712 -0.590512 -3.071351 -1.207730 -3.351522 0.524982 -0.548560 0.490393 2.982219 0.318096 0.716529 2.876984 -3.272764 1.824475 1.293361
80 1.2802582979 -4.933902 -2.363840 0.741545 4.487033 -4.298800 -1.155155 1.963674 4.681263 2.187547 -0.642383 3.143306 2.551649 -1.158654 -1.911174 1.372383
81 1.3974308968 -4.994066 -4.566591 -1.440613 2.834152 2.767817 -2.786898 2.060567 1.683839 -2.554810 -3.588295 2.805160 -1.009965 -0.248221 -2.100169 -0.397724
82 1.2826466560 -4.862307 -0.940655 0.504036 2.504450 -0.312328 -2.401268 3.445452 3.300122 -1.920667 1.013623 -1.284357 2.499612 -1.756362 0.727002 4.071510
83 1.2925026417 -4.954272 -3.595116 1.435131 0.714700 1.632808 -2.826001 -2.023656 3.059250 -0.074920 0.907405 1.153608 0.330007 4.561649 -0.735210 -1.268396
84 1.2351789474 -4.973107 -2.439096 -0.693510 0.368029 1.984594 -0.738641 0.230706 1.841403 -4.789054 -2.921142 2.938365 2.349945 0.509644 0.687772 1.038467
85 1.4720472097 -4.811905 -1.668524 -1.449107 4.374032 1.891174 0.037758 -1.456231 3.231254 -0.020598 -3.963389 -1.997560 1.558881 1.551065 -0.192038 4.364518
86 1.1531403065 -4.966456 -0.875757 -0.056403 1.172468 1.160151 -0.760673 -0.445037 2.442026 -3.364700 -3.875222 0.547667 0.753303 1.779188 -0.123951 1.069535
87 1.2050424814 -4.895847 -3.095999 0.063478 2.216788 0.014441 -1.738052 0.967603 -0.299090 -3.478321 -1.865870 0.808584 2.597322 2.719348 0.877359 1.558293
88 1.1763123274 -4.971505 0.437344 0.023575 4.305570 -1.643706 -4.219531 0.810051 -2.154031 -2.051212 -0.622609 1.174088 1.529974 -0.881840 2.141857 2.270554
89 1.0959765911 -4.981607 0.582375 -0.102117 2.358398 0.176594 -1.600226 1.453210 0.141086 -1.615213 -0.856905 -0.049387 2.419927 -0.165300 2.289960 1.493163
90 1.1674299240 -4.897905 -2.164957 0.210396 4.470299 1.949521 -1.040124 1.214284 1.587170 -4.138631 -0.627118 1.293869 3.743304 0.789226 1.488320 0.700617
91 1.1261615753 -4.970728 -1.353460 0.355443 3.855685 -0.310013 -0.004198 2.216152 0.689213 -2.573665 -3.199964 1.265743 1.921864 0.333614 3.589091 0.116241
92 1.0928647518 -4.943452 0.696698 0.748495 4.151641 1.409998 -0.263103 0.005569 -0.331522 -2.581742 -0.258315 0.070788 0.190373 -1.883324 0.708758 2.035352
93 1.2859374285 -4.847690 2.761126 1.127621 4.732210 0.449232 0.587937 3.328601 -2.304569 -1.329822 0.894544 1.725720 4.423618 0.802662 0.142351 0.660375
94 1.0600194931 -4.953857 -0.739632 -0.864852 4.480305 -0.342438 -0.251402 1.293575 1.349150 -2.373669 1.371127 0.501749 1.743175 0.926251 0.767126 1.149195
95 1.2758630514 -4.880571 1.592540 -0.339694 1.538391 2.278705 -0.069113 3.034890 0.825008 -2.598895 0.629753 0.094475 4.055378 -1.516964 3.208478 2.007443
96 1.1301164627 -4.992011 -0.861753 -0.138628 3.166755 -1.650040 1.637065 1.620094 3.776935 -3.095699 -0.615073 -0.220213 2.889383 0.099759 0.443773 0.923333
97 1.0750876665 -4.991521 1.047330 -0.303932 4.455682 -0.887850 -0.501426 -0.955152 1.731328 -2.952859 -0.387463 -1.000003 0.860311 -0.050157 1.023432 1.094199
98 1.1056383848 -4.926190 0.407255 -0.635944 4.983765 -0.645968 -1.933602 0.063057 3.197158 -1.907553 -0.661047 -0.646914 0.204132 0.494588 -0.518613 1.171673
99 1.0648529530 -4.934531 0.236534 0.203860 4.534217 -2.176942 2.151001 0.906678 1.388259 -3.192548 0.081206 0.005637 0.363315 0.754542 -0.159106 0.267184
100 1.1376696825 -4.973558 0.263544 0.245536 2.805580 -1.494837 0.111150 0.069775 3.690817 -2.004076 1.072124 0.185870 1.512576 3.128964 1.244933 -0.253822
101 0.9966061711 -4.999731 -0.206254 0.045700 4.635849 -0.677369 1.048796 0.440652 0.193842 -2.724052 0.480200 1.349423 -0.291569 1.367775 -1.422542 -0.432090
102 1.1493272781 -4.991596 1.224057 -1.091197 4.265604 -1.754551 -1.139690 2.898250 0.980901 -3.055330 2.564931 1.208877 0.811938 1.040832 -0.896926 0.026373
103 1.1449124813 -4.970035 -1.178308 -1.905034 4.659614 -0.099608 0.871254 2.414172 0.569239 -2.994445 2.528467 -0.468158 -0.001067 -0.921068 -1.309482 1.066989
104 1.0933384895 -4.946680 -2.785541 0.239360 4.611391 -0.193779 0.490348 -0.173141 0.754931 -0.843575 2.012994 -0.260474 -0.703852 1.723638 1.998017 0.057835
105 1.1144549847 -4.970855 -1.771424 -0.662074 3.330631 -0.358204 1.948593 -1.154619 0.027845 -0.149365 3.791243 0.320306 -0.417408 2.077309 -1.135681 0.147963
106 1.0393584967 -4.985683 -0.251255 -0.389487 4.018412 -1.136892 0.354797 -0.862596 -1.886786 -1.405822 1.971433 0.019307 -0.719536 -0.344750 -2.576329 1.253930
107 1.1069763899 -4.948086 0.438798 0.696901 4.472901 1.356593 -0.585716 -0.518349 -2.160844 -2.555019 2.192813 -0.243091 -0.088390 2.417360 -1.605326 0.806053
108 1.1426749229 -4.987134 -0.073114 0.033988 2.596075 -0.660678 -1.655529 -0.035134 -0.267118 -2.071576 -0.817544 3.168497 -2.761263 3.887424 -2.222794 1.001669
109 1.2313029766 -4.872120 -0.783124 0.527911 4.126324 -1.170751 3.015685 -1.447416 0.492030 -4.228124 -0.864379 1.937904 -1.209096 0.815695 -2.170445 -0.135106
110 1.1101146936 -4.990026 -0.707390 0.676849 4.006368 -0.007289 0.836439 -0.349672 -2.235561 -2.113321 2.573215 2.206342 1.520807 3.654275 -0.216491 0.446767
111 1.0734021664 -4.944878 -0.452056 0.513103 2.354065 -1.481847 -0.748877 -1.741318 2.268398 -2.090469 -0.657630 1.182325 0.397687 -0.560682 -1.759184 1.219355
112 1.0216013193 -4.990217 -0.008206 0.913107 4.519767 -0.463136 0.567534 -1.297442 -2.507488 -0.831884 -1.334260 -0.198494 -1.030781 1.770020 -0.508146 0.071209
113 1.0218740702 -4.987009 -1.365533 0.360833 4.674358 -2.149339 -0.505278 -0.659751 1.235241 -2.542380 1.128960 -0.246803 1.211832 0.085182 0.237226 0.456940
114 1.0164577961 -4.974306 -0.653297 0.006869 4.583788 -1.368414 0.527783 0.937841 -1.918676 -0.475374 1.099450 1.898350 -0.443950 -0.366142 -0.246805 1.302336
115 1.0944623947 -4.954491 -1.340987 0.627930 1.834976 -1.310983 0.679411 0.316291 2.514980 -3.843193 1.660638 -0.697996 0.348313 1.636308 -2.175448 0.916847
116 0.9964802861 -4.993169 -0.141762 0.437388 4.503867 -0.305308 -0.023391 0.136330 -0.775371 -1.658010 1.599878 2.315228 0.774064 1.839744 -0.604945 0.549561
117 1.0704048872 -4.970356 -0.314362 -0.204137 3.445061 -0.591759 -1.389684 2.887417 0.291383 -0.476986 -1.519668 2.182689 -1.119355 -0.305557 -2.340458 0.957957
118 1.0635583401 -4.992385 -0.617180 0.637755 4.566828 -1.051965 -0.923991 1.809755 -1.623305 -0.480653 1.975328 1.191271 -0.802655 0.349493 0.131707 -1.398568
119 1.0450539589 -4.943317 0.082170 0.575670 4.952610 -0.745168 -0.379396 1.394482 -0.027855 -2.573585 -1.109038 0.903612 -2.511804 0.767973 -1.050171 0.088428
120 1.0367840528 -4.961546 -1.910194 0.142919 4.760240 -2.436844 -0.882887 0.199811 0.127096 -2.024426 2.201039 -0.492524 -0.205163 -0.267617 -3.530631 1.159424
121 1.0044394732 -4.986233 -0.073144 0.143415 4.427073 -1.222557 -0.837292 1.007535 -1.006553 -0.518449 0.558194 2.211742 0.709085 2.062401 -1.062102 -0.105322
122 0.9518609643 -4.985154 0.002108 0.677952 3.814899 -0.171693 -0.982411 0.723691 -0.058098 -1.070734 0.873511 1.245461 0.117657 1.199070 -0.119847 0.444836
123 0.9648944139 -4.997859 -0.422606 0.271314 4.539404 -1.405826 -0.800269 1.352055 -0.401892 -1.409749 0.382938 1.141817 0.995688 0.954515 -1.790709 0.470764
124 0.9628883600 -4.983083 -0.155181 0.980845 3.226785 -1.178766 -0.191807 0.641596 -0.132634 -0.927692 0.460857 2.105852 -0.216095 0.644913 0.364243 1.046085
125 0.9705106616 -4.994788 -0.545976 0.317784 3.526341 -1.213635 -0.946835 0.123780 -0.758075 -0.986855 1.689438 1.355726 -0.346540 0.893323 -0.612523 0.595777
126 0.9433102608 -4.999992 -0.573847 0.751263 4.698258 -0.364386 0.077338 1.484246 -0.022969 -1.104100 0.991776 0.320063 0.506455 0.690997 -1.147992 0.556180
127 1.0021088123 -4.956955 -0.620923 1.337874 4.447885 0.490860 -0.759356 -0.366890 -0.368936 -1.734531 -0.280791 0.163068 0.907940 0.585826 -0.809450 -0.343323
128 0.9834716320 -4.987653 -0.522035 0.364668 3.877127 -0.356740 -0.643024 0.290422 -0.265286 -1.514998 2.008829 0.165699 -0.269440 1.297304 -0.113575 -0.138060
129 0.9510361552 -4.991253 0.133762 0.360983 4.758028 -0.539854 -1.740155 0.174828 -0.102901 -1.259799 -0.407425 1.317892 -0.171826 0.392086 0.038792 0.308176
130 0.9574570656 -4.983926 0.599777 0.738162 4.226132 -0.222544 -0.694091 0.814204 -1.290160 -0.464377 -0.405232 0.194989 -0.526831 0.577377 -0.717896 0.955769
131 0.9873560667 -4.963624 -0.082584 0.165744 3.918187 0.672035 1.169244 0.795656 1.092224 -0.489098 0.324599 0.975551 -0.015702 0.751749 -1.433601 1.002871
132 0.9682635665 -4.985580 -0.260850 0.444972 3.350070 -0.740910 -0.323627 0.866830 -0.885283 -1.991486 -0.038242 -0.207148 0.977857 1.344235 -0.698155 0.378715
133 0.9887235761 -4.993877 0.204714 1.360103 3.751067 0.830422 -0.725646 1.283266 0.684528 -0.849590 0.690107 1.104651 0.879638 -0.283914 -1.614550 0.572046
134 0.9676412344 -4.976024 -0.524348 1.213341 3.535844 -1.305957 -0.431030 0.893922 -0.214746 -0.391052 0.275255 -0.640421 0.053984 -0.516379 0.090383 1.284702
135 0.9685609937 -4.974773 0.366297 0.403703 3.623601 -0.567622 0.455769 1.214079 0.440834 -0.469186 0.760079 1.500124 0.305714 -0.195708 -0.184585 0.535284
136 0.9620338678 -4.975295 -0.679184 0.751532 3.606950 -0.936085 0.537571 1.742216 0.245918 -0.191110 0.937920 1.267284 0.007234 1.035256 -0.279721 1.010709
137 0.9575026035 -4.994139 -0.784157 1.429083 3.839680 -0.616675 0.345800 0.449707 0.229293 -0.047535 -0.240334 -0.507776 0.883937 -0.254999 -0.462623 0.957081
138 0.9536913633 -4.988746 -0.029291 0.598353 3.635247 -1.376631 -0.690808 0.530336 1.078440 -0.794913 0.502814 1.301490 0.227984 0.902578 -0.559644 0.144870
139 0.9963598251 -4.957074 -0.034659 0.395190 4.246049 -0.907491 -1.072146 1.794155 -0.024332 -0.503971 1.119643 -0.098233 -0.218653 0.044852 -0.218917 -0.030609
140 1.0214931965 -4.978732 -0.039196 1.121116 3.337164 -1.120940 0.107453 1.985147 -0.823952 -0.433435 -0.167054 -0.617282 0.901220 1.830988 -2.439311 0.325982
141 0.9472517967 -4.996668 -0.879245 1.155199 4.298340 -1.328565 0.211948 0.540018 -0.783845 -1.211718 -0.008412 0.231612 -0.649203 0.776247 -1.508632 1.326792
142 0.9528543949 -4.995020 -1.107867 0.476721 4.783585 -1.472858 -0.075583 0.611323 0.648707 -2.165407 0.298558 0.004324 -0.150578 -0.070310 -0.115753 1.199954
143 0.9418411255 -4.990923 -1.183543 0.191129 4.440129 -0.273008 0.044917 0.773757 0.955618 -1.050498 0.478353 -0.101585 0.109458 1.120801 -0.156933 1.018044
144 0.9572065473 -4.996624 -0.253137 0.130302 4.631855 -0.177623 -0.189545 0.430185 -0.692962 -0.206636 0.610223 -0.462873 1.010147 0.125289 -0.802332 0.922594
145 0.9575594664 -4.981337 -0.556958 1.122568 4.090559 -0.743080 -1.148251 0.952572 -0.527587 -1.694722 0.599817 1.512963 0.296337 0.463474 -0.572671 0.781839
146 0.9491491318 -4.993988 -1.365784 0.477970 3.496784 -0.840251 0.336018 0.872722 1.095449 -1.685537 0.536728 0.007564 -0.534046 0.507020 -1.329187 0.631303
147 0.9199265242 -4.998995 -0.946852 0.823667 3.681117 -0.851234 0.039752 0.561450 0.343264 -0.464048 0.295928 0.309942 -0.116264 0.253225 -0.991279 1.147788
148 0.9537398219 -4.996629 -0.505121 0.141772 3.778969 -0.905142 0.218804 1.388197 0.863225 -0.861352 1.116479 0.376698 -1.100889 0.390327 -1.413048 1.343332
149 0.9596836567 -4.975830 -1.216836 0.165158 3.645428 -1.046808 0.669766 1.181301 -0.330983 -0.215815 -0.144757 0.361862 -0.382040 0.090779 -0.525138 0.498226
150 0.9503736496 -4.998347 -0.616723 0.079600 3.275305 0.235905 -0.128210 -0.140597 0.137135 -0.428475 -0.695107 1.118149 0.780673 -0.173924 -0.171266 0.506942
151 0.9310677052 -4.993089 -1.028291 0.811731 4.258895 -1.073308 -0.405846 0.412944 0.678726 -0.883649 0.236133 0.888393 -0.773091 0.390569 -0.869348 0.368714
152 0.9616910219 -4.992271 -0.235956 0.704120 2.914956 -0.814636 0.948286 0.841002 1.208446 -0.919837 0.636251 0.730583 1.049074 1.244787 -1.323999 0.591389
153 0.9688028097 -4.988565 -1.704852 0.170745 4.972442 -0.099902 -0.326944 0.549914 0.474115 -0.065765 -0.712486 0.839830 -0.673232 -0.808613 -0.887623 0.537074
154 0.9522514343 -4.993124 -0.935922 0.971610 3.854091 -1.345114 -0.996230 0.128137 -0.631022 -1.469011 0.896630 0.066870 -0.834181 0.704924 -1.924777 0.790059
155 0.9566420317 -4.990227 -1.412191 0.859347 4.340882 -1.277635 -1.131852 0.456287 0.523352 -0.958099 0.679334 -0.330079 0.569622 -0.186952 -1.028246 0.471741
156 0.9340615273 -4.990368 -0.742755 0.561868 4.581369 -1.216731 -0.639453 -0.390225 1.346372 -1.123909 0.263056 0.219557 -0.165357 0.616053 -0.710344 1.208552
157 0.9422924519 -4.987796 -0.210538 0.281113 3.323756 -0.191887 0.268020 1.343563 -0.125261 -0.270844 -0.027276 0.464038 -0.151072 0.039056 -0.554241 0.965277
158 0.9487235546 -4.999430 -1.351998 1.041409 3.385179 -1.662785 0.335035 0.556986 -0.265901 -0.115642 0.527511 0.220712 -0.600049 0.751747 -0.382380 0.350689
159 0.9522271156 -4.986872 0.021331 1.485675 4.064028 -0.452456 -0.912757 0.805107 -0.020111 -0.950848 0.700427 1.305053 0.784012 0.593046 0.154499 1.319547
160 0.9406186938 -4.993962 -0.637631 0.554434 4.445717 -1.022261 0.062553 -0.286616 -0.084340 -0.965596 0.918203 0.433897 0.719004 1.152493 0.083230 1.253889
161 0.9325098991 -4.997755 -0.173646 0.758410 4.332376 -0.219776 -0.518646 -0.032817 1.327374 0.134773 -0.108865 0.386416 -0.346198 1.345456 -0.445133 1.544707
162 0.9541682005 -4.991311 -0.393795 0.832953 3.741790 -1.130663 0.288661 0.425701 0.150740 -1.634473 0.082424 -0.099204 -1.017083 -0.657447 -0.740321 0.743671
163 0.9542007446 -4.988765 -1.415177 1.064418 3.320978 -0.574372 0.241413 0.232066 -0.841515 -0.030016 -0.684708 1.172761 -0.263926 -0.268174 -0.580381 0.813152
164 0.9508317709 -4.993936 -1.075254 0.791356 3.306211 -1.360346 -1.115042 1.127920 0.174832 0.353505 0.138752 0.256106 -0.202455 1.399862 -1.735454 1.248207
165 0.9473741055 -4.984667 -0.746675 0.856481 3.868182 -0.531913 0.567754 0.568093 -0.290401 -0.087020 -0.021793 1.076534 0.599704 0.019273 -0.918799 0.494047
166 0.9298706055 -4.994679 -0.660167 1.166590 4.196159 -0.670431 -0.364675 1.127920 0.377372 -0.623755 0.575379 0.080187 -0.340767 0.576625 -0.695489 1.162532
167 0.9361685514 -4.984140 -0.481056 0.672724 3.958132 -1.296745 0.058988 0.811089 0.221633 -0.693813 0.535994 0.510126 -0.404916 0.116565 -1.232615 1.280913
168 0.9263237119 -4.998953 -0.476145 0.623238 4.005381 -1.215309 0.523041 0.031827 0.369985 -0.087549 -0.076620 0.102281 -0.195820 0.189708 -0.942671 1.202997
169 0.9361521006 -4.989290 -0.900681 0.676097 4.218277 -0.599961 0.281664 1.069632 0.696279 -0.455217 0.637162 0.284365 0.207848 0.169410 -1.157011 1.010826
170 0.9383983612 -4.983920 -0.907589 0.871791 3.881858 -1.073157 -0.017175 0.691627 0.777675 -0.652696 0.853505 0.165154 -0.156501 -0.033753 -1.129551 0.908273
171 0.9405440092 -4.987502 -0.599271 0.789551 4.080490 -1.376422 0.549582 0.186557 0.323786 -0.974939 0.825020 0.835853 -0.030168 0.611186 -0.505348 0.735596
172 0.9340932965 -4.977430 -0.664845 0.722677 4.287107 -1.195764 -0.131888 0.532591 0.405439 -0.444268 0.106011 0.220887 -0.437684 0.443450 -1.360022 1.520046
173 0.9369033575 -4.992752 -0.983817 0.732184 4.219691 -1.060785 0.248820 0.650920 0.321791 0.121484 0.309129 0.718396 -0.713832 -0.318066 -1.371145 1.122497
174 0.9304757714 -4.996479 -0.925483 0.804113 3.820649 -1.417829 0.352242 0.057172 0.394620 -0.108182 0.328949 0.790617 -0.683708 0.773406 -0.617705 1.297950
175 0.9245109558 -4.994776 -1.118156 0.726383 4.150532 -0.515121 -0.596690 0.327337 0.743437 -0.402049 0.621442 0.799845 -0.378137 0.446120 -1.181594 0.906813
176 0.9319177866 -4.988408 -1.071379 0.686127 4.191214 -1.028131 0.057259 0.623151 0.431855 -1.075016 0.500639 0.038275 -0.197008 0.856663 -1.375236 1.340977
177 0.9327324629 -4.990306 -0.415947 0.775911 4.100139 -1.237568 0.204300 0.070551 0.478372 -1.011736 -0.022944 -0.250478 0.248481 0.576409 -0.662936 1.574422
178 0.9360218048 -4.993248 -0.456752 0.573279 4.262892 -1.002893 -0.203879 0.058808 0.386154 -0.132357 0.533112 -0.145478 0.191602 -0.361483 -1.547789 1.157292
179 0.9353125095 -4.997645 -0.644183 1.166096 4.188040 -0.650019 0.470125 1.047849 0.705150 -0.409220 0.737181 0.854389 0.169031 0.337228 -0.868284 1.000992
180 0.9346579313 -4.982014 -0.995864 0.852717 3.622679 -0.958615 -0.482831 0.042242 0.357637 0.069711 0.690892 -0.108503 -0.477259 0.549040 -1.073416 1.066101
181 0.9243683219 -4.994310 -0.927020 0.718746 3.566826 -0.976045 -0.085484 0.336262 0.493507 -0.232488 0.058562 0.019617 0.023475 0.202131 -0.743014 1.175502
182 0.9163416028 -4.999255 -0.793950 0.827312 3.941815 -0.691406 -0.027357 0.293955 0.634100 -0.211195 0.296181 0.387073 -0.218092 0.519371 -0.828846 1.167277
183 0.9235565662 -4.995319 -1.146462 0.808609 3.580106 -0.787922 0.083774 0.358119 0.394863 -0.533841 0.316280 0.603820 0.131932 0.232340 -0.723210 1.323582
184 0.9262319803 -4.999265 -1.046997 0.705045 3.720946 -1.046171 0.237432 0.332574 0.645628 -0.618128 0.492775 0.512928 0.192019 0.176452 -1.034205 1.348651
185 0.9211301804 -4.999907 -0.837200 0.958529 3.687140 -0.801668 -0.112298 0.272513 0.395146 -0.306370 0.539463 0.061446 -0.211955 0.090299 -1.161343 1.059269
186 0.9187936783 -4.997810 -0.849430 0.957971 3.999858 -0.552713 -0.137839 0.042189 0.338174 -0.045183 0.565339 0.337556 -0.253578 0.777108 -0.774888 1.013565
187 0.9195777178 -4.994955 -0.747757 0.974976 4.074054 -0.617810 -0.088195 0.236261 0.480910 -0.139670 0.075380 0.350700 -0.386333 0.729048 -0.657699 1.391973
188 0.9207955599 -4.995741 -0.722431 0.804177 3.650356 -0.946821 -0.150067 0.380511 0.633564 0.035301 0.300677 0.565703 -0.430426 0.335573 -0.940552 1.116908
189 0.9231171608 -4.988980 -0.687734 0.788894 4.231177 -0.588546 -0.074965 0.355253 0.644741 -0.523593 0.157096 0.289046 -0.143551 0.361791 -0.781247 1.317238
190 0.9199849963 -4.999618 -0.740319 0.863409 4.027470 -0.905475 0.280795 0.264842 0.457116 -0.049859 0.551775 0.528583 -0.408460 0.416946 -0.684144 1.111727
191 0.9198111296 -4.992238 -0.531416 0.961281 3.885544 -0.825364 -0.176891 0.500671 0.457752 -0.361682 0.059911 0.570052 -0.241475 0.627817 -0.578480 1.012925
192 0.9192165136 -4.999557 -0.855122 0.837902 4.014569 -0.426720 -0.059783 0.053801 0.796943 -0.070630 0.245888 0.607247 -0.534956 0.395494 -1.088527 0.975921
193 0.9169828296 -4.999238 -0.548003 0.686389 3.685831 -0.580657 -0.091310 0.410549 0.450272 -0.470730 0.314429 0.566689 -0.194667 0.210697 -0.929109 0.939361
194 0.9226837754 -4.996154 -0.808186 0.849547 4.102049 -0.778099 -0.199117 0.531992 0.926677 -0.196651 0.370660 0.158343 -0.111157 0.578693 -1.029645 1.158226
195 0.9221763611 -4.996519 -0.793072 0.777057 4.228945 -0.632380 0.148533 0.491671 0.580206 0.048140 0.500622 0.493131 -0.131411 0.797155 -0.953102 1.083813
196 0.9241273403 -4.992526 -0.809236 0.669406 4.194294 -0.653374 0.202445 0.350454 0.625848 -0.126644 0.242501 0.603371 -0.352305 0.205007 -0.997430 1.190040
197 0.9224778414 -4.991059 -0.654853 0.815066 3.722826 -0.843162 0.244695 0.435898 0.611686 -0.286002 0.251601 0.471313 -0.468689 0.619403 -0.613627 1.061312
198 0.9225238562 -4.992987 -0.659954 0.720522 4.263606 -0.658592 0.192367 0.511046 0.589424 0.045959 0.108639 0.512884 -0.315179 0.576755 -0.718153 1.183096
199 0.9235596657 -4.993841 -0.741034 0.841573 4.040241 -0.970102 0.030560 0.517397 0.398560 -0.447664 0.586908 0.417228 0.081933 0.282672 -0.621278 1.134049
200 0.9200000167 -4.996860 -0.912630 0.922767 4.209386 -0.758344 -0.316687 0.296746 0.889451 -0.313684 0.360459 0.456669 -0.266098 0.571586 -1.112661 1.134063
201 0.9205419421 -4.991872 -0.710279 0.856256 4.102707 -0.802328 -0.175276 0.261103 0.534733 -0.154467 0.298239 0.440014 -0.103564 0.401984 -0.775723 1.244079
202 0.9162073135 -4.998220 -0.804993 0.779541 4.051267 -0.766674 -0.144736 0.150426 0.611203 -0.234007 0.286214 0.499136 -0.309891 0.418908 -0.766774 1.063037
203 0.9157367945 -4.999123 -0.670849 0.894586 4.003530 -0.665531 -0.158400 0.411506 0.511157 -0.363512 0.338704 0.524108 -0.365058 0.446337 -0.837553 1.235580
204 0.9191847444 -4.998822 -0.768029 0.825714 3.954217 -0.767502 0.102556 0.379643 0.792991 -0.087982 0.387323 0.483461 -0.245741 0.512221 -0.794396 1.266018
205 0.9185099006 -4.992654 -0.657069 0.770700 4.063024 -0.744418 -0.142656 0.323492 0.497403 -0.262360 0.213997 0.522890 -0.214378 0.579898 -0.748761 1.281671
206 0.9175347090 -4.998381 -0.805472 0.827666 3.903987 -0.807761 -0.306832 0.447883 0.570735 -0.486800 0.472211 0.591690 -0.418106 0.354980 -0.726541 1.128527
207 0.9190595746 -4.996662 -0.768017 0.898567 4.080789 -0.710083 -0.037570 0.396533 0.556264 -0.222535 0.315515 0.457245 -0.392335 0.337607 -0.800864 1.290109
208 0.9166661501 -4.996575 -0.544822 0.810895 3.952745 -0.652317 -0.254988 0.287643 0.378599 -0.259372 0.494124 0.466964 -0.482825 0.506286 -0.764745 1.141234
209 0.9156002998 -4.998994 -0.593342 0.903999 4.069209 -0.688368 -0.176466 0.348534 0.494614 -0.425282 0.493017 0.646031 -0.311569 0.479960 -0.790181 1.130448
210 0.9217275381 -4.989102 -0.577661 0.920092 4.025649 -0.557780 -0.296092 0.353429 0.366290 -0.404908 0.358441 0.386434 -0.324528 0.327876 -0.801457 1.309382
211 0.9156328440 -4.998642 -0.710314 0.851027 4.227590 -0.548097 -0.294547 0.221258 0.344848 -0.540929 0.556742 0.522219 -0.306834 0.551215 -0.694600 1.034343
212 0.9171016216 -4.999041 -0.573226 0.965841 4.166812 -0.798083 -0.292958 0.288663 0.506947 -0.526725 0.626716 0.561860 -0.180481 0.329520 -0.702672 1.221973
213 0.9204486609 -4.992376 -0.670446 0.928066 3.912342 -0.653698 -0.230762 0.455058 0.525473 -0.540007 0.596706 0.534399 -0.312169 0.620831 -0.823941 1.029220
214 0.9189764857 -4.992525 -0.636190 0.865165 3.963035 -0.584701 -0.171557 0.305023 0.535311 -0.579288 0.423402 0.513397 -0.432067 0.640477 -0.830268 1.061653
215 0.9207491875 -4.991552 -0.667725 0.873717 3.992680 -0.754027 -0.233460 0.205058 0.630736 -0.433880 0.572392 0.508836 -0.395268 0.420918 -0.786661 1.185583
216 0.9170269966 -4.995942 -0.566914 0.903196 4.037051 -0.731761 -0.214053 0.297315 0.460267 -0.361342 0.488189 0.622062 -0.329153 0.486992 -0.731295 1.121528
217 0.9158252478 -4.998469 -0.563114 0.904122 4.032578 -0.650842 -0.113246 0.290909 0.435329 -0.383229 0.520499 0.687260 -0.248294 0.538945 -0.795035 1.179041
218 0.9156167507 -4.999282 -0.611615 0.934816 4.006128 -0.662421 -0.101780 0.319529 0.442993 -0.379982 0.448073 0.590794 -0.286587 0.401236 -0.755935 1.180055
219 0.9188983440 -4.993285 -0.545885 0.863581 4.114529 -0.750468 -0.234733 0.369966 0.424023 -0.455016 0.561850 0.682393 -0.299874 0.502273 -0.767202 1.122664
220 0.9161518812 -4.998403 -0.625555 0.895304 4.115591 -0.657589 -0.229033 0.276956 0.527245 -0.367709 0.547165 0.649137 -0.236140 0.451588 -0.803246 1.079345
221 0.9160311222 -4.998265 -0.660210 0.927884 3.994175 -0.634578 -0.188190 0.281307 0.438019 -0.473199 0.557737 0.593541 -0.240734 0.473839 -0.717097 1.106678
222 0.9163554907 -4.998279 -0.542996 0.941382 4.040291 -0.736667 -0.245911 0.336783 0.547104 -0.480616 0.446539 0.717955 -0.390201 0.464097 -0.834633 1.158455
223 0.9176471829 -4.995361 -0.527611 0.913627 4.143451 -0.616415 -0.247617 0.371645 0.420726 -0.423622 0.499544 0.692559 -0.385431 0.464799 -0.716035 1.162635
224 0.9153176546 -4.999764 -0.631595 0.917045 4.091636 -0.720716 -0.246047 0.403042 0.566202 -0.436713 0.451731 0.598655 -0.310321 0.502892 -0.770943 1.126155
225 0.9181978703 -4.995032 -0.631543 0.941479 4.074809 -0.751043 -0.173685 0.287135 0.525094 -0.358667 0.431445 0.591747 -0.384731 0.407389 -0.823073 1.143673
226 0.9185565710 -4.995190 -0.629013 0.953662 4.068976 -0.706502 -0.208180 0.431420 0.575717 -0.398084 0.499843 0.569456 -0.351765 0.559601 -0.707637 1.122736
227 0.9160591960 -4.998809 -0.614372 0.930867 4.094413 -0.784500 -0.248609 0.393054 0.506524 -0.379296 0.445335 0.664269 -0.356217 0.448379 -0.698815 1.100188
228 0.9156676531 -4.999795 -0.593920 0.909718 4.158985 -0.731011 -0.322546 0.456231 0.532810 -0.432512 0.524079 0.563502 -0.356567 0.565984 -0.741579 1.148278
229 0.9171417952 -4.997914 -0.677517 0.903662 4.168351 -0.744781 -0.203765 0.459309 0.586874 -0.467672 0.514332 0.621716 -0.280637 0.520671 -0.819482 1.141124
230 0.9168009758 -4.996352 -0.642267 0.891156 4.111328 -0.678893 -0.318428 0.336917 0.512193 -0.441831 0.515971 0.571974 -0.266446 0.564495 -0.731294 1.113835
231 2.6728467941 -0.756196 2.079418 -4.778837 3.682604 0.784240 0.093958 2.832834 0.570084 -4.591958 3.071380 1.984037 2.197713 0.449154 -3.477343 -2.665962
232 2.1254584789 3.115133 -2.458867 4.407807 4.787244 2.459316 2.523003 -3.600779 1.014001 2.520078 0.250348 0.250019 -1.495744 -2.089115 -0.845158 -1.555522
233 1.7411518097 -4.458564 -0.193276 -3.395707 1.584272 -4.235173 -0.115918 2.171093 2.155367 -0.280543 3.230476 -2.429826 3.615889 2.383508 -4.073256 -2.448209
234 2.2212789059 -2.770718 -1.525047 4.637030 1.307540 -3.309542 1.337287 3.022293 3.734748 1.017606 -0.830515 -3.409060 -1.039282 -0.627501 1.537097 4.023869
235 2.0197486877 -3.491814 4.715276 3.915463 0.062848 -4.542865 0.923043 -2.638514 2.479025 -4.331559 -3.864648 2.871547 -0.221197 3.454030 2.053629 0.299005
236 1.5735247135 4.943844 2.637813 -0.257165 0.486209 -0.177813 2.296361 2.639176 3.049182 -3.443112 3.667226 1.873758 -2.757547 4.513350 1.879573 1.365586
237 1.9449415207 3.865475 2.980178 -1.044462 -4.108483 -3.658345 2.778531 4.493563 4.509113 -2.177000 3.638019 -3.620366 3.893151 3.437033 3.664705 3.783209
238 2.3839304447 1.710565 -2.110793 3.729041 3.607048 -1.864265 -4.416645 -3.798049 -3.683482 -4.027483 -1.252667 2.307143 -1.375650 -3.213247 4.314672 -3.837113
239 2.7165393829 -1.498493 -4.082184 -3.754161 -1.135299 -4.705612 -1.532278 0.840503 1.692119 4.130854 -1.952894 3.344330 -4.590217 0.590162 0.076026 2.422852
240 1.9717035294 4.227933 -2.770436 -2.873760 -2.861372 -2.583385 -3.544080 -2.027256 -0.948733 -1.745556 4.464460 2.466986 1.206410 -1.343707 -3.359727 -4.461174
241 1.6281764507 4.387892 -0.593529 1.020234 -3.079529 0.004491 2.769056 0.092919 0.054084 -3.614962 -1.521337 4.725227 3.676453 3.948502 2.457160 2.921761
242 1.8209617138 -3.850778 -3.180364 3.082837 -3.361781 1.023593 -1.274062 3.872239 3.942453 2.561651 -4.887062 1.454553 4.569726 4.894347 2.606177 -2.032811
243 1.5807287693 4.648082 -1.871255 1.704640 -4.903933 -0.388254 4.390300 -4.637099 -4.282981 -0.404876 -0.183004 -0.507411 0.893850 -1.727569 3.839219 -1.126657
244 2.4107453823 0.913755 2.139689 0.254601 -3.703328 -0.829009 4.686735 -1.217716 -1.698041 4.069069 -2.954397 -4.923898 -4.986092 -2.527728 -4.396768 3.581576
245 2.1631796360 -1.808415 1.059515 4.253280 -3.538260 4.589419 -1.033146 4.707787 -4.806054 4.498521 1.841342 4.827364 2.983300 -2.146606 4.760931 4.539565
246 2.4314255714 -1.889409 4.183385 -3.064984 -2.500238 1.230567 -3.964680 -4.436081 -3.113269 0.320340 -3.585949 -0.910203 -2.178770 3.862029 -0.566799 2.620833
247 1.4160531759 -4.906479 -2.952999 0.906963 -2.114487 -2.022843 3.949712 1.019901 0.484189 -1.473932 1.178220 -4.214934 -2.353796 -4.594458 -2.653350 -3.638780
248 2.3123641014 -0.022310 1.447536 3.503948 -0.783503 3.798974 -4.624460 3.238560 3.265513 3.243097 -4.464450 3.564261 -2.971336 1.983977 -4.684445 -3.227334
249 2.5760297775 1.475529 4.815354 -1.849021 -1.638246 -1.118520 -4.788848 -1.536493 -1.521081 2.896803 -4.281913 -3.963562 -1.763204 1.099478 3.032893 1.044766
250 1.7158093452 -4.064771 0.169585 3.442074 -0.277758 0.214018 0.534638 -2.878630 -2.683406 -3.847280 0.656931 -0.756388 -3.279624 2.609465 0.470918 -0.457259
251 2.2223732471 3.227407 3.009381 -1.947601 -0.768166 2.303100 1.612657 -3.240637 -4.714537 -4.880303 -3.250504 2.773142 0.443740 3.102874 -2.331470 3.250937
252 1.7520421743 4.059687 -4.321008 1.313636 4.211625 3.180919 2.053274 -0.516038 -2.152734 0.000069 2.560664 0.586193 -1.907956 1.868641 -1.310912 -1.326227
253 2.4801726341 -1.279829 -4.570840 0.090988 4.481995 2.834335 -2.016061 -0.631320 2.051916 -3.028419 -1.114429 -4.437163 0.008532 0.847576 -2.971944 0.899561
254 2.0706269741 3.537800 -1.182748 2.864256 0.200448 -3.160443 -0.411679 -4.330751 4.262835 0.347195 1.231697 4.077598 1.738835 -2.662472 -3.683064 0.620527
255 2.3500823975 -2.392279 -0.378655 -2.605349 3.293300 -0.668191 -2.234700 1.813292 1.482956 -2.613510 -2.229886 -2.293021 4.325256 -4.397810 1.348537 -0.770489
256 2.4165456295 1.978452 1.715194 -2.211127 3.207770 4.007793 3.541548 3.600842 -1.235487 4.575492 0.022003 3.683334 -3.500529 4.152667 1.117027 -2.912041
257 2.2669873238 -2.240333 -4.463654 4.817204 1.181112 4.942447 -3.742115 -3.032694 -2.449875 -1.433112 2.060605 -4.625864 3.230320 -3.467328 -1.753872 1.677851
258 2.1111941338 -4.261149 -0.881887 -4.521859 2.742480 -1.323306 1.823019 -3.987055 0.842204 0.891182 0.414361 4.230021 1.242886 -0.165272 -0.510032 3.146997
259 2.5960021019 0.703876 4.002832 1.997453 -1.868008 -3.732940 -0.764085 0.464801 0.175842 -2.467356 4.652517 -0.053086 0.286455 -0.045526 2.846263 1.954066
260 2.3363809586 -0.825585 4.378123 0.648542 -4.676301 2.728993 1.020600 -1.236842 2.896586 1.895867 -0.702404 1.242492 -0.962093 -1.540370 -3.099021 0.335890
261 2.6367049217 -0.539069 0.421382 -1.559164 2.546721 3.603970 -4.207048 -2.185857 2.628885 -2.101242 -1.866141 -3.750243 2.690792 -4.183652 3.384225 1.615497
262 1.4107640982 -4.757983 -1.332273 1.505599 -1.989231 -2.130439 3.801590 2.455458 -0.586425 3.197006 -4.726860 -1.863182 -4.436877 4.725321 0.905910 -1.821971
263 2.2447962761 2.116036 0.611661 0.447780 -4.360064 4.510691 -1.741098 1.940358 -4.051780 1.642507 -2.389234 4.376624 3.110989 1.469627 0.316241 -3.164549
264 2.4943747520 -1.221875 -3.427802 -0.354254 2.139413 -4.090580 -3.132875 -2.503467 -0.402762 1.827998 2.880198 0.464054 4.953218 0.324960 -1.105237 4.190785
265 2.2965025902 2.643798 -2.326700 -0.599314 -2.738141 2.097679 -3.261216 0.188070 3.491279 1.326543 3.965801 -2.072458 -0.614412 -4.002713 -4.797055 -2.200084
266 1.9779623747 -2.872046 -0.006099 -0.921425 4.089155 1.731018 0.172199 4.997187 -2.075218 -2.801789 2.272607 3.100263 -0.447493 -3.830709 4.830053 -0.801967
267 2.4902377129 1.265060 3.259816 -4.273918 1.972235 -4.989773 3.009575 4.175464 1.345826 -0.798269 -0.370255 -1.176630 2.458602 -2.945713 -2.434147 -4.928113
268 2.7453808784 -0.183233 3.496688 -1.328438 -1.419993 -1.594582 -0.994760 -0.956204 -3.392152 3.867273 2.381150 -0.307777 2.017507 -4.911127 -4.169591 -3.929955
269 2.3050854206 2.811250 1.420144 2.641846 0.641455 -2.867431 -2.542090 1.652289 4.725657 2.231368 -2.562927 1.029702 0.741083 2.846500 2.270880 -0.083664
270 2.3093571663 1.024883 0.987183 2.378015 1.793314 -2.440983 3.348305 -4.942410 -3.484675 0.638009 4.114656 -3.198780 1.553255 -0.934592 0.674675 4.737606
271 2.1193556786 -3.418561 -4.999727 -4.022174 2.981766 3.293053 -2.751126 1.288955 4.831695 -1.140946 1.621501 -2.601355 4.525535 -0.476122 -1.970058 -4.318327
272 2.5910816193 0.354799 2.411168 -3.632957 0.805677 1.516564 4.311212 3.983629 -2.947613 3.501880 -4.096090 -2.916522 -3.212422 1.366051 -0.324720 -0.173766
273 2.5538527966 0.118309 -3.668278 -2.370413 -0.526077 0.639692 0.766031 -0.201543 -1.134476 4.893405 0.957623 -1.552795 -4.070133 -1.049110 4.506198 -4.662562
274 2.1846153736 -3.173170 -3.515322 -4.721682 -4.157441 4.140436 -2.813821 -1.829655 -4.455656 -4.449244 -3.083970 -1.425420 -4.248187 -3.433519 3.916138 2.319865
275 2.1320030689 2.467178 3.668806 2.177353 4.718676 0.374346 4.969101 0.604515 -0.192805 -0.753882 4.906426 0.895858 -3.726924 2.249050 -1.567751 4.946698
276 1.3959151506 -4.967788 1.355585 1.789947 0.327246 2.084585 4.976872 0.147008 -2.074097 -0.942077 -4.103643 -1.889536 -3.144200 0.312614 0.666713 -2.619164
277 1.3903988600 -4.881462 3.428518 1.997670 -0.808571 -0.049343 4.853529 3.641706 -3.051796 0.993862 -3.651221 -3.800359 -0.542754 2.118777 -2.988983 1.048826
278 1.5661680698 -4.586833 -2.675005 -0.169211 -2.239827 -4.688497 3.543939 2.355747 -0.932066 3.846661 -2.980801 -4.884254 -2.953754 2.290019 -1.972662 -1.424680
279 1.3926465511 -4.914490 -1.567062 2.059973 0.719989 0.571586 4.041067 1.986205 -2.494316 -0.373923 0.502105 -3.411029 -0.918169 0.840652 -1.304611 -4.934268
280 1.7067904472 -4.469850 -4.726722 2.560692 -4.516154 1.402069 4.901530 3.355270 -0.033460 -0.652817 -4.910280 0.295733 -3.319702 -0.620437 1.553055 -3.497647
281 1.4648461342 -4.808731 2.659559 2.347942 1.803006 -1.877717 0.795780 3.189728 -0.169175 -2.816272 -4.414658 -2.011005 4.154539 -1.560957 1.986850 -1.463358
282 1.3787429333 -4.975775 -0.549359 2.172912 2.728103 -0.612618 4.669058 2.522477 1.632591 -2.641904 -2.023073 -1.702749 1.331403 -0.328398 -4.815777 4.163817
283 1.4470710754 -4.995938 3.305468 2.150200 -4.086768 -2.682897 0.905947 2.299493 -1.975347 -2.948761 -0.683347 -4.661234 -4.830791 0.038901 0.320276 -1.871965
284 1.3755693436 -4.974110 4.522275 2.066068 -1.580704 4.295220 3.978894 0.004904 -4.966586 4.795326 -1.160943 -3.998764 0.269476 2.957633 0.589162 3.355066
285 1.4170341492 -4.861997 4.225170 1.159130 3.447210 0.293716 4.556193 2.183001 0.083328 0.064588 0.740619 -4.425885 -2.802142 1.763228 1.360290 -1.952029
286 1.3355010748 -4.930315 1.272045 1.607019 -2.877106 -0.367275 4.113658 3.306856 -0.376820 2.993855 4.011548 -2.267902 1.861212 2.799909 -2.772464 1.960356
287 1.2477390766 -4.888202 3.007300 1.184500 -1.993480 0.289157 2.332351 -0.415922 -1.416149 0.897564 2.581563 -0.381123 -1.284367 2.060206 -0.866252 -1.531456
288 1.3484421968 -4.818288 3.194714 2.364448 -3.358509 -0.570690 2.233992 -4.079247 -0.338012 4.336898 -4.892957 -3.305258 2.112940 0.191690 -3.847419 4.866821
289 1.4663512707 -4.845733 2.272716 1.936973 1.321751 4.116036 -0.543141 -3.382361 -0.605258 0.076624 -3.429800 -3.233706 -0.708950 4.734257 -0.779547 0.699464
290 1.3003242016 -4.941680 2.260807 2.426205 1.834771 1.448230 3.468802 -1.435916 -0.831888 3.792708 -4.770090 -2.802539 0.322649 3.335312 -1.300508 -0.367715
291 1.5348628759 -4.980667 4.374307 1.278882 -1.368496 4.989440 -1.423525 1.709113 -1.650678 4.100975 0.892680 -2.557556 3.165562 -2.359200 1.465059 -4.344775
292 1.1830933094 -4.835838 1.022692 0.832900 -4.687528 0.315982 2.455131 -0.335078 4.202173 4.820922 1.365701 -0.193545 -0.784611 2.688265 1.165938 2.447870
293 1.3859877586 -4.790432 4.203529 1.097708 -3.384738 0.000941 4.918534 -3.202635 3.973289 -0.515475 -4.519716 -2.833298 -1.741741 -0.000934 1.891738 1.551397
294 1.4395166636 -4.981485 2.492737 0.863399 -0.194624 0.568368 0.348312 -4.784326 -0.983936 3.064549 -0.832000 -3.132084 0.931360 -1.424477 0.979695 -3.113857
295 1.5168709755 -4.707279 -1.879700 2.969115 2.780289 -3.486196 4.243116 -1.395308 2.723559 -3.355367 -0.603270 2.420374 1.977721 2.777579 4.496145 -0.980553
296 1.5439792871 -4.926237 0.788352 3.351159 2.467179 -2.891859 4.457118 2.155444 4.425176 4.460324 -3.377629 -2.453324 -1.359206 -3.507009 4.640999 -4.329317
297 1.2173862457 -4.906137 -1.490242 1.228759 1.151544 -1.141464 2.924974 0.769779 -3.473865 2.520350 -1.765336 0.529347 0.157266 -2.416464 -1.489666 2.095606
298 1.2719936371 -4.645359 -1.553540 1.926584 -4.214276 4.977931 1.801461 -2.747530 3.895783 4.845914 -3.833739 -0.377341 0.531108 4.161727 -3.700842 0.984704
299 1.4454771280 -4.800953 4.371163 1.682958 -0.087687 -2.090346 3.959320 -1.888013 -1.085619 2.849466 -2.527804 0.051100 -0.805241 -0.427713 -1.175213 3.566889
300 1.3892521858 -4.912281 1.687920 -0.708213 -2.498025 -0.344210 4.505560 -0.958161 0.972098 -0.189688 2.613640 -3.205675 -2.527502 2.970777 2.785731 -0.402682
301 1.4848802090 -4.915547 0.118587 2.724758 -2.729068 4.852893 1.532092 4.979935 4.957921 1.289751 -2.287666 0.114885 -3.193311 2.663631 -4.160187 -2.386095
302 1.6296408176 -4.682090 4.187264 0.018606 -2.662187 -0.380148 2.715241 2.598415 -3.730267 3.865621 3.530845 1.455519 -4.805654 -4.326887 -0.960785 -4.161583
303 1.4085884094 -4.951320 -1.246391 1.325085 1.665686 -1.627823 4.916466 1.630021 4.979782 3.074089 3.367588 2.051381 -2.140756 4.568586 3.428565 2.629616
304 1.3838927746 -4.985473 1.877148 1.581306 -4.232996 2.780746 1.369913 -0.411477 -0.012226 1.023508 3.888767 -2.757901 -1.634092 4.008623 -4.840688 4.108703
305 1.2449274063 -4.901498 -3.828209 -1.217493 -3.005732 2.826775 -0.385962 -0.611988 -2.218055 1.987795 3.074870 -2.114836 2.616862 1.050373 0.027295 0.317271
306 1.4667537212 -4.951396 -3.008389 -2.508376 3.573369 1.311697 -3.873083 1.782474 -0.079356 -3.521618 -2.729770 1.172353 2.568159 1.155601 -1.116754 3.922871
307 1.3480622768 -4.802969 -1.785836 1.453704 -2.273095 0.241092 0.992736 -0.842350 -3.683120 2.370760 2.574655 2.430673 4.554259 -1.080480 0.875495 4.988632
308 1.3086775541 -4.910623 -2.565050 -0.115300 -2.361950 0.481802 0.624923 0.316617 -4.311520 -3.959748 4.303828 2.164452 3.519291 4.906766 -1.691576 0.631333
309 1.5954273939 -4.680877 -2.320949 4.300385 -2.174029 2.674649 2.034618 -3.169135 0.963225 4.421260 3.032861 -3.355671 -3.268419 0.907671 0.541610 -0.617147
310 1.4392299652 -4.983206 -3.736612 1.902503 1.092951 1.979129 4.242013 0.434312 1.644967 -0.193490 -4.543849 2.230792 4.865094 -1.927626 2.593184 4.522354
311 1.2841652632 -4.945623 -1.595345 2.112174 -0.964251 0.149193 2.842681 -0.838409 -1.351307 2.570429 -2.656008 0.155852 -2.439939 2.313817 4.535906 0.393993
312 1.1648408175 -4.943759 1.403932 0.166567 -4.474273 3.944684 0.646970 1.860914 0.139540 3.778078 -0.217595 2.257584 -0.953974 1.475761 0.368221 4.518160
313 1.2375707626 -4.976457 -2.919878 2.123247 -4.572724 -1.950259 0.708645 -1.498415 -0.586503 4.776382 2.176658 -2.580281 -1.689912 -0.921748 -0.706194 1.820265
314 1.5482193232 -4.621284 1.464231 -0.566625 -1.306236 -0.172336 1.916999 2.602630 3.403066 0.638241 -2.112787 -0.890007 1.705022 1.605485 4.774653 -1.694279
315 1.1799529791 -4.940358 -2.725954 0.101770 -4.007630 -0.436400 1.208425 -2.694674 1.606545 1.836969 1.401176 -0.048669 -0.049885 3.253228 -3.149963 -1.393819
316 1.5475488901 -4.899840 3.212850 1.617972 -4.513685 1.770527 -1.518385 4.101163 -3.196005 3.624560 -4.928380 2.775253 4.242282 4.592446 1.382180 2.370439
317 1.3278932571 -4.941212 0.948849 0.553061 -2.312398 4.573710 4.299984 -0.568649 3.625557 4.224744 -4.497421 -1.773017 1.510059 1.886216 -0.320504 3.549687
318 1.2246794701 -4.931670 0.439480 0.874641 -0.173326 3.841299 0.481465 3.620667 0.909553 -1.309276 1.709162 0.678181 -0.529423 0.385880 -0.407314 3.905209
319 1.3807561398 -4.808464 -2.275849 0.405827 -4.866887 1.016326 -1.640228 1.057516 4.674704 3.243689 0.596558 -0.780673 1.125783 -1.818045 -2.279713 4.627098
320 1.6293257475 -4.951904 -0.514323 -0.374308 -4.087628 3.359274 2.063235 4.441966 4.116595 4.245131 -3.953687 3.164199 4.187126 -3.019471 -1.921224 4.982724
321 1.3525207043 -4.938109 -1.631786 -0.405647 -3.439241 2.145426 1.960361 4.858686 -4.985966 4.192389 -0.868680 -0.408132 -0.144251 2.319977 3.666283 3.652937
322 1.0989749432 -4.796490 -1.254853 0.342059 -3.107082 3.750038 0.179434 -1.494238 -0.953116 1.410655 1.637829 1.052780 -0.243039 0.902193 -0.408272 -0.064719
323 1.3043639660 -4.970300 -1.812390 -1.096340 -0.044522 3.162803 -0.480566 3.331794 -0.902373 3.361226 0.416274 0.609419 0.034073 4.945614 3.904857 4.718232
324 1.2421443462 -4.965907 0.028114 0.397449 -4.763562 2.742859 1.103797 1.731793 -2.686612 0.962952 -2.834361 4.269612 -2.189873 1.467647 -3.092864 3.382301
325 1.2667685747 -4.950822 -0.943990 1.842328 -4.652057 0.422974 2.738189 -1.096135 4.550703 2.593201 0.605619 3.738071 -2.683890 2.266170 1.327050 3.369223
326 1.4862546921 -4.833108 -0.312207 0.401714 -0.722026 1.688732 -3.551806 -2.958594 -3.862045 3.487131 1.784697 -1.532659 -2.992859 1.969745 3.051468 2.670877
327 1.2190151215 -4.907214 -1.097581 1.952261 -0.609784 0.884473 -2.649575 2.188532 0.247046 1.933962 4.355796 1.767397 -3.134951 1.628272 0.273186 3.614669
328 1.2139236927 -4.937264 0.858790 -0.481834 -1.417414 4.546372 1.306801 0.224573 -0.926653 2.798488 -0.445678 0.230836 -0.277532 1.892714 -1.008488 3.382508
329 1.3759201765 -4.819053 -0.584500 1.022416 -2.609458 4.584407 3.243761 -3.483487 -1.478588 3.153285 1.062603 -2.200450 -0.656632 0.410009 2.726694 2.178676
330 1.2648125887 -4.779658 -0.608418 0.520831 0.445028 -0.083031 0.833336 0.888240 -0.184740 4.505262 3.296236 1.522506 -0.351637 -2.502187 0.972595 0.124067
331 1.7105007172 -4.359133 -4.140505 1.532103 2.054147 -0.878825 -2.009893 0.373891 -2.744453 -3.816665 3.713691 2.769032 -3.974174 4.487458 0.549653 -2.771440
332 1.3980537653 -4.865808 -3.284445 2.001707 -2.339465 4.634651 2.419105 -2.734292 -0.652344 3.427944 0.481537 3.841419 0.100068 3.187045 -4.448824 -1.492926
333 1.3757482767 -4.581780 -3.304306 -0.186891 -4.758910 1.685824 3.728887 -2.050693 1.721419 -1.196420 0.828940 -0.779894 2.578415 -0.156013 -1.476645 1.294856
334 1.2679197788 -4.997337 -3.589648 1.240714 -0.483580 3.305757 -2.682351 1.224907 -1.805705 -1.706058 -3.331691 3.753032 -0.507844 -0.425816 2.231098 0.844400
335 1.0792938471 -4.959607 -2.270604 0.816850 -0.730055 -0.192353 0.731360 -0.653806 1.004969 0.171209 0.610127 2.054427 2.759478 1.660610 -1.487942 -1.017497
336 1.4584091902 -4.829897 -0.537164 1.074017 -1.100965 -4.688242 0.068133 -3.399001 2.708629 -4.753542 -3.500110 0.326220 3.262297 4.139305 1.981642 2.780547
337 1.5369795561 -4.760028 -4.542222 2.050135 -4.419610 -1.741661 -2.920746 -3.685528 2.858729 2.664794 -4.343949 3.494422 2.319578 0.996093 -3.454275 3.320094
338 1.1906492710 -4.999347 -2.542422 -0.017911 -1.928460 -1.781406 0.571875 1.015848 -3.185967 3.133777 0.614857 3.026871 -0.456228 1.922214 -1.105255 2.364698
339 1.2338035107 -4.896939 -2.705951 1.809910 -0.402894 0.436502 -1.841316 -0.231373 4.090040 -0.745467 0.188510 3.198280 -0.892883 1.800183 -3.807534 0.053159
340 1.4209649563 -4.757996 -2.423132 -0.417218 -1.107892 0.099601 -3.476077 -1.229663 0.725622 0.472546 -0.917070 2.183850 0.224799 2.213684 -1.865939 -4.290628
341 1.4407926798 -4.670201 1.704698 1.414358 -1.266759 2.264438 0.608747 0.107817 4.274045 0.798398 3.493060 0.026354 3.475442 2.686662 -1.488874 -3.406011
342 1.3762475252 -4.969722 -4.934645 2.356671 -3.061472 2.392474 0.475777 0.362319 1.441566 3.344867 -4.702609 4.350608 1.594498 0.996625 2.384329 1.118153
343 1.2819391489 -4.895268 -3.544770 -0.787681 -4.501926 2.442721 -2.167017 -2.299004 0.278430 3.531744 1.789261 2.112318 1.250386 2.102687 -2.067051 -0.536409
344 1.0759959221 -4.957137 -2.176628 -0.022813 -1.095243 1.186081 -0.527546 1.298458 0.590198 -3.221479 -0.291411 -1.710763 0.947343 1.961185 -0.923200 1.256669
345 1.1106468439 -4.948204 -0.157813 1.933868 -1.183310 1.498369 0.058611 -0.153117 -1.503002 2.027769 -3.779566 2.281790 0.000933 0.044707 0.881105 0.222551
346 1.3758270741 -4.842677 -0.044185 1.609222 -3.097733 0.755487 2.799650 -1.166407 0.273029 -4.447717 -3.903818 3.219742 1.460116 -2.505212 -2.143575 -0.411811
347 1.2295451164 -4.901086 -4.110955 0.459436 -3.300608 2.943409 0.516943 0.317293 -2.926268 0.068899 -1.606630 -1.565772 0.126945 -0.490884 -3.183004 -1.157796
348 1.2531243563 -4.958911 -2.541046 1.067004 -4.469319 0.793920 -0.902177 2.806480 4.676602 -0.000119 0.567471 3.330821 -1.519366 -0.153182 0.096850 3.236735
349 1.4557838440 -4.748735 -3.274960 0.969919 1.299041 -0.289092 -2.194427 1.481122 -2.294811 -3.006363 -0.560795 -2.275631 4.250647 -3.420964 -4.125133 -1.783080
350 1.5320944786 -4.740060 -0.177906 2.226262 -4.265313 2.907185 -3.135264 3.400995 -2.330981 -4.501561 2.669659 -1.445879 1.941519 -2.305534 3.636032 2.912722
351 1.1154487133 -4.785978 -0.676387 1.502048 -2.619609 0.891354 -0.111722 -1.461625 -0.889099 1.964499 2.437714 -0.762524 1.063926 2.933905 -0.929094 2.357858
352 1.1275938749 -4.988987 -2.250643 1.900370 -3.322814 -1.289429 2.033430 2.323017 -1.356231 0.563783 -0.613110 -0.418006 -0.117456 2.732469 2.565548 3.430244
353 1.2936794758 -4.826804 -3.771274 0.712798 -3.355750 0.588393 -1.450537 2.028947 -0.224370 1.352305 -4.907111 -2.436522 -4.169072 2.581826 -1.477704 1.895645
354 1.4060268402 -4.858051 -3.349139 -0.660276 2.899840 3.957418 -2.748071 1.792587 4.426717 1.823285 0.375649 3.203801 -2.547557 3.671224 -1.074917 -0.112773
355 1.6012089252 -4.995557 -1.092389 -1.632602 0.138944 2.603280 -1.206714 2.568324 1.889529 -2.582441 -3.380699 -1.623685 -3.436089 -2.281790 -3.846202 3.942093
356 1.1740490198 -4.883066 -0.981220 0.638496 -2.450138 3.332885 3.237034 0.756119 -2.453235 0.617639 -1.815121 0.231590 -0.321813 3.653671 -0.769830 2.379804
357 1.4357922077 -4.818016 -2.789584 -0.245640 -1.619329 2.490630 -3.920990 1.106163 3.854718 -1.265326 3.801998 -1.979920 -0.340359 4.341987 0.905831 -0.574073
358 1.1928124428 -4.677958 0.465715 0.924158 -2.982318 -0.608057 -1.127641 -0.636669 -3.340618 2.117433 0.510547 0.207899 -0.837964 0.270006 -0.242922 0.233822
359 1.2959271669 -4.994043 -4.817856 2.135173 -1.652024 3.773878 -3.394569 1.848425 -1.812446 -0.333805 3.748422 1.106119 2.776043 1.234152 -1.721669 1.296428
360 1.2622770071 -4.961752 -2.736360 -0.675632 3.838807 0.421801 0.303736 2.348142 -2.908226 -3.626851 1.716684 -1.627763 -2.447195 1.391564 1.391051 3.349905
361 1.0499507189 -4.918011 -2.167187 0.049749 -2.596982 0.344926 0.466137 1.772376 -0.170365 -1.467185 0.723228 -2.147361 -1.111580 2.413308 1.013517 0.888940
362 1.0428030491 -4.985401 -2.755366 0.770876 -3.104932 0.835750 0.361751 -0.446694 3.435634 -0.308708 -0.825714 0.653030 0.573496 1.851046 -1.178941 2.325158
363 1.1007614136 -4.969454 -0.433223 0.577454 -1.076931 -0.690994 0.260052 1.004342 2.639915 -3.340861 0.146527 -0.406126 0.495939 4.246812 -0.257524 0.828177
364 1.2077438831 -4.910870 -3.193120 0.853983 -0.087148 -1.153872 -0.871666 0.236930 -1.718908 -2.762036 -2.821557 -1.743294 1.444869 0.974974 -1.081088 0.794175
365 1.0360713005 -4.973437 -0.885923 0.723223 -2.751516 2.799527 -1.353019 1.660176 0.384101 -1.336784 1.708865 0.049351 0.386195 2.316176 -1.768777 -0.116459
366 1.0987334251 -4.890278 -1.503579 1.580816 -1.235635 1.944332 0.144631 -0.216660 2.725986 1.629207 0.046234 -0.780407 -0.784929 3.883674 -1.779109 1.337064
367 1.1070145369 -4.863509 -2.563403 1.693322 -3.547455 1.147580 0.077678 0.730258 0.616621 1.200822 2.938971 -1.461642 -1.634929 3.100329 -1.004127 1.972588
368 1.0285370350 -4.961363 -1.038342 1.377550 -4.346978 0.670854 -1.529756 -0.023397 0.657083 -0.874279 -0.435928 0.343705 -1.642777 4.097170 -2.836393 0.738254
369 1.1098742485 -4.958937 -0.007190 1.034487 -3.056512 0.873018 -0.044298 1.888351 -0.859852 -0.698332 1.253949 2.008929 -0.025550 0.174142 -2.575003 -2.328434
370 1.1906107664 -4.858289 -1.382810 0.245719 -3.708837 4.235954 0.182493 2.461439 -2.197776 -1.105438 0.794946 2.479226 1.551212 3.047059 -0.524811 1.579704
371 0.9992771149 -4.970793 -1.145695 1.317373 -3.255600 -0.288235 -0.000212 1.283664 -0.170152 0.827591 -0.116250 1.774627 -0.811455 3.981205 -1.806594 1.432596
372 1.0301935673 -4.989666 -1.591637 1.383931 -4.487714 1.214242 -2.072813 -0.139304 -0.125071 -1.163752 -1.054934 1.888217 -0.992502 2.763673 -2.622278 1.537087
373 1.0262238979 -4.902507 -0.564592 1.212198 -3.586410 1.321430 -0.277323 0.489706 -1.022681 -0.919057 1.623919 -1.915624 0.230262 1.798073 -0.476143 -1.342604
374 1.0009876490 -4.971615 -2.727621 1.420549 -4.753179 1.752325 0.124529 -1.477279 1.392167 0.107588 -2.853537 -1.438674 -1.694719 4.010329 -0.399875 1.794696
375 1.1067808867 -4.964125 0.622773 1.464805 -2.481111 0.081174 -0.952305 1.736789 -1.802852 0.909694 -1.987724 0.483396 -2.232571 3.837586 -3.376735 0.994255
376 0.9895516634 -4.992588 1.095735 0.020941 -3.459815 -0.568603 1.371569 0.054807 -1.008689 1.341271 1.370056 -0.354405 0.877348 1.338173 0.616574 0.327239
377 1.1093969345 -4.976294 -1.072568 -0.482134 -4.588512 -0.644382 2.745478 -1.047206 -0.766958 -1.640933 -2.954364 -2.995348 1.138014 2.133563 -1.073555 -0.209214
378 1.1344914436 -4.946303 -1.792910 0.833497 0.443758 -0.235660 -2.296132 -0.352167 0.708596 -0.359574 -0.958810 1.119423 -1.631049 4.438576 -3.105862 2.153615
379 1.2240658998 -4.936293 -2.310848 1.726805 -3.864500 0.849319 2.694347 0.541224 3.367474 -1.459610 -1.525833 -1.416242 2.300599 0.721174 -0.700997 3.383055
380 1.1507356167 -4.966029 1.255867 1.956119 -2.264768 -0.960767 -0.824960 0.575514 2.204153 2.613215 0.701353 0.219731 1.527582 4.388177 -1.898940 -0.024841
381 1.2114651203 -4.904679 -1.124549 0.947973 -3.774333 0.304226 -0.464331 -0.023248 2.404256 -0.615799 2.411592 -0.101836 0.211841 -3.865578 3.538692 4.053456
382 1.0849758387 -4.944112 -1.395652 0.240178 -3.720294 3.125817 -0.080504 1.026892 1.943582 1.101680 -1.190641 -2.030735 3.247085 1.469764 0.057136 -0.025909
383 1.2754350901 -4.788321 -1.287166 0.315780 -2.960037 0.729466 0.384728 -0.412653 -2.070725 3.579698 -2.924402 -2.766034 3.301821 4.300412 0.198519 0.363854
384 1.1889026165 -4.982293 -1.942372 1.436742 -2.631961 -0.281949 1.447489 2.898935 -2.550282 -2.913389 -1.136034 -3.229639 -0.936924 1.950683 1.449869 2.136180
385 1.1049355268 -4.948970 -2.254038 2.345986 -4.302087 2.575803 -0.270854 -0.870943 -1.478592 1.654073 1.519846 3.673134 1.748408 1.338786 -0.434468 0.292311
386 1.1816009283 -4.877648 -2.620935 -0.090139 -3.356225 -1.757943 0.552635 -0.602867 0.685953 -1.228135 -2.879514 -0.089208 -4.221774 3.210922 -0.428733 -0.014803
387 1.1471799612 -4.892161 -1.819730 -1.547167 -4.026040 2.360103 1.825650 0.935179 1.393824 2.147773 -0.541774 -1.168720 1.041112 1.651606 2.225819 -0.331381
388 1.1190989017 -4.971837 -0.491549 0.316116 -4.344827 -1.138644 1.228109 -1.547666 -2.017732 0.546591 1.636064 -1.285186 -0.982366 -3.095514 1.792404 2.184411
389 1.1760189533 -4.952895 -2.543434 1.232619 -1.413484 -3.412341 1.402449 1.066198 -2.636170 2.141654 1.133130 0.365076 1.620071 3.915813 0.143164 0.982317
390 1.2505635023 -4.823513 -2.404604 1.742972 -4.649400 1.770508 -0.711317 -1.574127 2.901987 2.272931 -2.638935 -2.827347 2.131848 -0.367324 -2.487154 3.272652
391 1.1411919594 -4.989521 0.731177 1.880262 -4.766711 2.348000 0.631487 2.656494 -0.847154 1.328334 -1.857660 -2.212015 -0.282564 1.051898 -0.873313 4.738800
392 1.2306594849 -4.931325 0.245813 -0.387430 -1.538326 0.198369 -0.087538 3.574131 3.085809 -0.452131 1.212640 -0.403235 -2.626638 4.102034 -2.632918 0.816549
393 1.3403577805 -4.994209 -1.458820 2.118306 0.178170 -3.672125 1.469722 -0.647631 2.042692 3.086170 2.265176 -4.679469 -1.303305 -1.800488 1.978128 2.339586
394 1.2715991735 -4.900983 1.414267 0.632150 -0.875403 -3.551610 0.493406 1.159292 0.989161 -1.126879 2.408501 -0.532472 2.823224 0.825083 1.380172 0.871484
395 1.1946740150 -4.987792 0.141710 2.660587 -3.006876 0.135465 -0.462461 -0.999952 4.052008 -0.597535 -0.846877 -3.293328 -2.739598 2.887434 1.458970 2.681802
396 0.9697977304 -4.984459 -0.655508 0.402536 -4.169177 1.648243 0.841822 -1.178752 -0.750224 1.794545 0.126006 -2.156544 0.462523 0.600921 2.082180 0.550085
397 0.9991532564 -4.943932 0.058564 0.939119 -4.718059 0.297095 -0.135603 -1.614734 -1.723064 0.643171 1.099085 1.274595 1.301755 3.054137 -0.230753 2.352183
398 1.0214039087 -4.920794 -0.367435 1.405089 -3.854881 -0.239012 1.641437 -0.956391 -1.933006 2.600207 1.329514 -0.510013 1.232397 0.877383 0.943015 0.606070
399 1.0070674419 -4.982385 -0.202671 -0.701066 -4.875503 -0.453262 0.694935 -0.815034 1.498632 0.276009 0.930925 -0.402127 2.774904 3.206174 0.860853 -0.676602
400 1.0055711269 -4.904768 0.875097 1.018740 -4.784146 1.002114 1.043285 1.687846 -2.048172 1.902091 0.365239 0.692154 0.690346 1.893098 0.407763 1.363682
401 0.9723538160 -4.947213 -0.519890 -0.188479 -4.993481 -0.261277 0.154137 0.186274 0.771978 1.121333 1.400511 -2.435770 0.014616 1.152864 0.257290 1.575004
402 1.0355991125 -4.940388 0.777398 1.537159 -4.596810 1.385197 1.139795 0.577168 -1.013551 1.317452 1.878723 -1.231917 -0.429356 1.343777 0.291909 -1.366763
403 1.0541908741 -4.971093 -1.138405 -0.192218 -3.603517 2.177628 -0.398598 -1.423963 -2.745617 -0.487052 -0.584918 -0.349040 -1.185371 3.118183 1.976439 1.521696
404 1.0226900578 -4.924760 -1.726657 -0.306840 -3.635185 1.344347 1.632042 -1.528460 0.795216 1.830272 -1.481134 -1.915222 0.889250 0.230088 0.414964 1.004851
405 1.0703594685 -4.980270 -0.860262 0.641404 -4.396374 1.477393 0.682254 -1.492293 -1.102140 3.845128 1.782596 0.193935 1.833985 -2.273835 -0.108522 -0.840110
406 0.9827163219 -4.925010 -0.926813 1.369199 -3.758265 1.163294 -0.442688 0.210959 0.269544 1.711046 1.235183 -0.072753 -0.534021 -0.276533 1.600685 0.142520
407 0.9619308710 -4.988336 -0.754319 0.809518 -4.626747 -0.109555 2.035532 -0.139207 -1.023358 0.885382 0.677381 -1.273424 2.036130 0.228964 0.574145 0.195462
408 0.9882246256 -4.947467 -1.439590 0.630146 -2.941097 2.570177 0.154686 -0.078651 0.305077 1.269529 -1.696782 -2.039922 -1.452239 1.617735 0.911663 0.767799
409 0.9790342450 -4.977025 -0.258230 0.743266 -2.567934 2.220559 0.677313 -0.823341 1.340573 0.325883 0.760829 -1.571151 -0.691659 0.669205 1.719900 0.379947
410 0.9475884438 -4.987585 -0.362938 1.432273 -4.107527 2.157819 1.052819 -0.699807 -0.253032 -0.513998 -2.028955 -1.204696 -0.430622 2.175419 1.107558 -0.954395
411 0.9606605768 -4.963503 -1.001909 0.973573 -4.385937 1.519703 0.088560 -0.741419 0.265362 1.464456 -2.593127 -2.104093 -0.598115 -0.544032 0.797871 0.210867
412 0.9979406595 -4.995742 -2.094721 2.450517 -3.667260 0.306053 1.378954 -2.073715 0.720167 1.972535 -0.643818 0.754074 -0.158931 2.797265 0.135946 0.544578
413 1.0309177637 -4.990041 0.175849 1.093806 -4.765565 2.189770 0.355982 -0.716942 0.617061 2.273116 -4.266199 0.426986 -1.526105 3.521147 2.386525 -0.792809
414 0.9525688887 -4.974391 -0.310262 0.557901 -4.668987 2.013652 0.882462 0.501201 -1.092912 -0.779140 -1.542047 1.122488 -1.173323 2.273115 -0.205745 -0.359119
415 0.9638578296 -4.883988 0.621470 0.643500 -4.899262 0.191738 -0.029589 -0.828531 -1.523931 0.975697 -0.930152 -0.744171 0.426345 3.615804 -0.653827 0.602398
416 0.9967041016 -4.995453 -0.315166 0.624986 -4.245294 0.521147 0.502720 -0.889460 2.296218 -0.787155 -1.093265 -0.826008 -1.824947 2.064139 2.915917 -0.819807
417 1.0067133904 -4.955061 -1.933406 0.241571 -3.751018 1.894746 1.459615 0.474299 0.891368 1.659772 -0.445492 -2.268001 -0.257096 2.068159 -0.384031 -1.458667
418 0.9643898010 -4.959949 -0.866681 1.538675 -3.862794 0.914219 0.399178 1.217271 -1.124740 1.870243 -1.623622 0.680476 0.675086 1.146596 -0.831646 0.200778
419 0.9681533575 -4.999658 -0.054498 0.808847 -1.856056 1.003324 -0.280664 -0.291661 -0.105226 0.697790 0.561778 -1.669558 1.987829 0.348255 1.060009 0.465762
420 0.9644471407 -4.995936 -0.845238 1.730430 -4.772095 0.832963 0.780972 0.006743 0.401270 0.931762 -2.817612 -0.902838 -0.446275 3.044597 -0.705665 -2.221249
421 0.9296201468 -4.953924 -0.650637 1.154487 -4.862135 1.617146 0.201757 -1.520439 1.117979 -0.539320 -1.602958 -1.169627 0.380743 3.118255 -0.497478 -1.416827
422 0.9253225327 -4.977152 0.106813 1.332024 -4.710950 1.876883 -0.365642 -1.412766 0.155324 1.089326 0.031139 1.163147 1.516211 0.756308 0.834098 1.462133
423 1.0270582438 -4.913229 -0.928709 1.358123 -3.510721 0.880712 1.582115 0.313752 0.127903 -1.114069 -2.119272 -2.229040 -1.575274 3.307018 0.081138 0.596827
424 0.9904665947 -4.994420 -0.457496 0.694317 -4.815405 0.022877 0.131784 0.815142 0.352496 1.416123 -2.212140 -0.004960 -1.636702 -0.197506 2.473080 0.225677
425 0.9490123987 -4.959207 -1.683389 0.611290 -4.766100 1.114349 -0.004217 -0.626451 -1.796559 0.620366 -1.302794 -1.496729 1.557098 0.908544 -1.076537 0.380406
426 0.9681437016 -4.978808 -1.580761 1.445463 -3.600941 1.213318 -1.661252 0.458819 0.204287 0.044399 -0.846189 0.045731 -0.567646 3.216489 1.145502 0.066904
427 0.9284173250 -4.982940 -0.565441 0.597301 -4.829944 0.909979 0.073230 -0.526718 -0.122146 3.075602 0.767571 -0.823766 -0.769810 0.947748 -0.808747 0.233343
428 0.9317479730 -4.987636 -0.029825 0.388738 -4.873697 3.939295 0.282382 -1.768813 0.346316 0.109467 -0.978190 -0.296609 -0.400009 1.523122 1.104223 -0.128495
429 0.9773135185 -4.929459 1.522328 0.100770 -4.902774 -0.397247 -0.824891 0.075922 -0.143869 0.319762 -0.761177 0.012187 0.789014 1.837393 -0.989464 1.376019
430 0.9495927095 -4.949154 0.347642 0.606226 -4.217780 1.906600 1.164886 -1.549735 0.425214 1.248957 -0.384351 1.358733 1.344691 2.685013 0.769719 0.124994
431 0.8845341206 -4.992352 -0.662810 0.864021 -4.673054 1.974402 0.168808 -0.883561 0.089738 1.367655 -1.223002 -0.579121 -0.303482 2.842326 1.209459 0.530934
432 0.9273012877 -4.980768 -1.035710 0.133080 -4.132802 1.244989 0.283728 -0.509469 -0.901539 -0.977278 -1.648817 -0.460189 1.275635 0.703269 1.189994 0.864331
433 0.9619649053 -4.914050 -0.228693 0.753716 -3.367601 1.377563 -1.141389 -0.513636 0.144517 -0.582222 -0.065210 0.779593 -0.038632 2.689514 0.255409 1.920018
434 0.9526507258 -4.947684 -1.144232 1.099307 -3.864326 0.414081 -1.513261 -0.673462 -0.732241 1.097169 0.751023 -0.308003 -0.333360 0.814595 -0.872311 -0.271122
435 0.9638659358 -4.934319 -0.788099 1.176524 -4.175195 0.520170 -0.684874 0.366091 -0.532805 -1.200619 -0.021229 0.875707 -0.498610 -0.360543 -1.126091 0.023596
436 0.9587535858 -4.932726 -1.010530 0.852464 -4.544881 2.030948 0.509092 -1.903515 0.437284 -1.156918 -0.788639 -1.192604 1.407008 3.102504 -0.495224 -0.142774
437 0.9533565044 -4.983027 -0.143087 1.591665 -4.498463 0.346597 1.058422 0.045022 -1.918701 1.107770 -1.480750 -1.152512 -0.890232 4.135572 -0.452966 1.697453
438 0.9801827669 -4.990180 0.012343 0.601923 -4.237288 1.185421 0.849805 -1.131747 1.805023 3.548194 1.364585 -0.035868 0.964481 2.138340 0.223799 0.983852
439 0.9378182888 -4.958474 -0.853825 1.510185 -4.525532 -0.237849 -0.964312 -0.417363 0.305788 1.482229 0.311428 -0.084854 -0.112228 1.393598 -0.954664 -0.356541
440 0.9681346416 -4.960178 -1.402362 0.978828 -3.885429 1.192916 0.141620 -1.454728 -0.493066 -1.331852 -0.836451 0.864853 1.002982 0.701463 2.423309 0.131417
441 1.0190930367 -4.932161 0.089304 1.335538 -4.723288 2.539905 1.403612 -0.655893 -1.460280 0.129570 -1.734569 0.728321 1.176610 4.960932 -0.067146 -0.102394
442 0.9207951427 -4.986437 -0.877904 -0.232806 -4.837359 0.871128 0.941029 0.089176 -1.385644 1.886851 -0.090836 -1.047494 -0.785272 0.917705 -0.761049 0.037006
443 0.9459948540 -4.924020 -0.352199 0.437317 -4.140986 0.232614 0.490598 -0.725591 -0.184280 2.115831 -0.478925 1.447681 -0.359898 1.783948 0.840668 1.373408
444 0.9625833631 -4.958417 -0.289435 0.460649 -4.856636 1.592607 0.328264 -1.848219 2.019734 2.784053 0.708841 0.161666 -0.871509 1.133670 0.741899 -0.298634
445 0.9360966086 -4.994515 -0.171395 2.213163 -3.405176 0.119122 0.741370 -0.637482 -1.786019 0.478489 -0.730365 -0.496152 0.417109 1.817112 0.409341 0.531512
446 0.9420638084 -4.983258 -1.337961 1.244031 -3.181756 -0.192598 -0.417664 -1.591265 -0.610873 0.649871 -0.638644 -1.699650 -0.527509 2.508705 -0.739495 0.318310
447 0.9954695702 -4.897956 -0.977575 1.514267 -4.186470 0.879678 -0.051599 -2.317119 -0.568773 0.810530 -0.677592 -1.484743 -1.217000 1.477260 0.633168 2.170914
448 0.9638983607 -4.981041 -2.303359 1.004122 -4.945741 0.900737 -0.256173 -1.390253 2.209622 1.184148 0.194558 -0.596758 1.640319 1.791927 1.439470 1.490406
449 0.9994686842 -4.995301 -0.834884 0.984699 -3.409944 0.490219 0.895251 -1.111805 1.959805 -0.658818 -1.682714 1.729091 1.218665 4.818806 0.707280 0.293664
450 0.9695413709 -4.999849 -1.518982 0.816446 -3.844213 1.539465 -0.457293 -2.299553 1.839455 2.645277 -0.041365 -0.225601 -0.451793 1.893954 0.051870 1.620129
