evaluations raw_y x0 x1 x2 x3 x4 x5 x6 x7 x8 x9 x10 x11 x12 x13 x14
1 2.0534013609 3.403093 -1.749059 0.471279 1.830998 -3.027526 -0.882323 1.244546 -3.141989 -0.726278 -0.223914 4.806058 -1.199720 -1.725929 -3.509615 -3.918952
2 -4.5641648121 10.201186 -15.699003 1.111661 -8.951916 -8.213198 6.499732 6.106618 2.626475 12.500979 25.398700 11.375892 -17.531061 -18.264366 9.695701 -0.642128
3 -10.7175326175 15.042843 -18.828675 11.724405 -11.615905 -3.733321 11.062669 6.163254 10.390023 28.613891 40.593077 10.839187 -5.041884 -6.451480 -4.221037 3.579957
4 -52.9855575700 32.400542 -17.603665 7.353905 1.762523 19.674818 14.609815 -6.732359 27.605602 24.834123 61.645839 14.217236 0.716238 0.531052 -5.674910 17.273817
5 -75.8972064971 38.412767 -19.868797 17.157703 6.391094 11.736864 23.349077 7.442130 31.409059 12.370851 81.128417 14.117420 19.762466 -13.885605 0.436287 24.292243
6 -103.9372183757 45.132990 -30.366484 8.264982 -4.928827 2.382672 21.889721 -0.904761 31.119957 9.231603 92.955641 -4.794646 26.528665 -3.642521 9.898990 18.441561
7 -90.4549930509 40.952636 -31.270996 -9.836733 19.481895 9.080135 11.696761 -17.070726 19.197439 6.521594 87.912387 6.367024 38.572597 -4.842788 10.373593 32.571654
8 -136.7710556779 52.859241 -26.088184 18.456481 -6.889318 -2.725725 21.559280 -3.951532 17.098126 14.029498 87.980784 -3.982594 29.200057 13.649850 5.609205 21.738668
9 -166.4974255133 57.355907 -31.839137 15.294220 -10.817772 -7.407705 15.652004 18.374159 13.595119 26.012328 103.333275 1.589949 44.283991 15.245264 16.074749 34.445277
10 -236.1560091864 69.955479 -38.145023 12.979947 -12.875158 -15.458782 30.459551 13.832855 31.542153 40.326640 101.305437 7.068330 39.804843 -4.556310 2.591746 25.802812
11 -188.1096833819 63.297909 -48.850039 17.121899 -14.838510 -39.233254 31.147920 7.193378 26.610478 37.949128 98.067171 11.504934 47.543118 2.054295 15.784890 28.304982
12 -272.1195592797 75.625865 -31.550271 27.918856 -21.884918 -8.869689 26.980942 23.729870 34.714225 43.947604 90.133718 26.121880 49.282284 -22.893865 0.754260 27.316701
13 -411.1909404419 94.653581 -36.531888 44.292488 -16.135921 -4.733370 36.489795 14.790304 43.730005 52.976883 79.201469 14.895359 56.748743 -36.988235 12.915295 20.744368
14 -346.6362548713 86.736660 -33.685305 38.247854 -7.549933 0.500327 32.401665 6.938423 52.175204 40.605543 80.655504 3.855647 50.996234 -22.912376 18.899867 23.095173
15 -555.3552691752 110.816982 -35.555346 59.735309 -19.494356 -4.284452 31.297253 21.512604 40.796079 63.544556 70.482713 4.435989 67.482124 -44.436909 6.200928 26.324317
16 -536.0295865942 109.894975 -39.064802 68.763692 -16.488084 -15.906872 39.657561 34.359589 41.289322 88.619961 66.109708 2.821022 64.468317 -41.530324 3.653624 31.173431
17 -465.8196739448 98.852488 -35.207192 26.049104 -6.497567 -14.224263 42.872186 20.451044 43.850780 67.986607 86.494168 5.336298 74.792591 -56.916192 1.774158 40.250884
18 -633.3662068996 116.351104 -7.304334 40.669778 -19.967619 -21.636042 46.791452 29.527070 29.559133 78.181963 80.217077 -3.373362 72.866145 -47.003057 -3.217275 36.942129
19 -719.5676741428 122.950792 -30.762112 28.806103 -39.716579 -33.140154 46.993637 37.538320 -1.192281 76.446665 62.268734 -9.148020 101.474355 -61.631388 1.080147 66.827865
20 -889.4564669316 137.121805 -34.549040 44.333242 -25.838740 -20.735798 40.513765 43.273568 5.631077 81.020035 93.166140 -6.070593 101.527485 -53.827803 20.198573 66.650799
21 -744.1260011093 124.840558 -65.793477 35.104032 -26.684354 -15.996525 27.818640 35.996214 7.992485 80.266301 101.157779 -14.199035 88.691360 -52.227695 15.263408 70.454095
22 -921.3214959027 138.898494 -62.242367 40.227947 -37.402048 -10.319626 27.062460 44.140083 10.115059 75.140697 86.527564 6.885625 92.759217 -62.984796 20.279318 82.669478
23 -932.7555702589 139.079282 -82.602997 31.659130 -44.178940 -13.558315 8.190822 55.706756 39.365254 68.524031 109.876469 11.957993 92.700883 -54.075368 28.096677 95.870256
24 -1012.2455752956 145.362036 -92.667079 30.992988 -44.098135 -15.337340 19.323433 49.164004 49.673194 80.625949 111.454250 9.347796 95.673140 -52.454746 48.126153 86.895802
25 -978.0186826409 142.870682 -102.153378 -7.408462 -32.424028 -22.317799 14.782945 70.809451 45.158739 80.405658 100.621566 8.718076 124.374639 -34.425557 36.246947 112.698354
26 -941.4171534679 138.835288 -80.417761 15.251311 -75.650899 -18.281217 26.350424 16.900043 32.079478 70.579787 91.911803 -19.354140 116.698159 -35.076345 32.911709 82.735025
27 -1312.3373545913 165.854207 -82.897573 42.273008 -49.907103 -43.279063 0.845002 57.911559 47.808612 80.001968 119.860271 5.789482 86.795567 -63.512111 53.194194 96.870483
28 -1529.3513231814 178.960981 -93.296964 47.079223 -53.765900 -39.798112 -26.849236 57.551609 50.880850 62.258178 122.468563 8.254504 91.497134 -74.189585 72.386805 103.484144
29 -1353.1517725333 167.081373 -89.389402 43.034662 -76.544813 -35.024708 -30.057985 42.962778 47.848458 79.877141 119.990758 10.360777 111.593376 -73.763909 72.573585 82.094647
30 -1771.4859303843 192.444505 -94.676254 49.848158 -41.860393 -52.249895 -40.632438 72.678941 30.958299 56.066660 132.673822 12.937923 89.727915 -83.100046 92.680801 111.317494
31 -1823.8414878126 195.031883 -83.260253 41.858365 -16.563580 -36.534280 -52.806672 73.615459 25.755485 64.633634 118.567598 -9.757876 100.290100 -81.119205 91.362379 93.766923
32 -1948.4437184803 201.347952 -75.647376 16.829988 -26.606128 -32.501488 -33.483726 78.666644 44.840098 68.669136 108.521645 -0.478070 111.374660 -79.014090 75.528438 100.889274
33 -1414.3679014767 170.508202 -74.341720 -10.865200 10.922854 -26.092556 -21.168653 84.577081 23.438589 29.132121 103.565865 -16.987960 111.268500 -75.886426 73.492535 71.318518
34 -1559.7448959772 179.003186 -92.539695 25.986320 -1.066876 -11.880151 -16.441528 91.267806 36.961751 67.192535 121.642423 -20.860441 97.759503 -87.777062 102.518902 86.583594
35 -1980.4823930035 202.670597 -64.035248 24.268971 -41.205519 -36.930701 -62.643611 64.978345 39.067455 71.671796 112.337355 -10.192396 127.095682 -83.533814 97.256667 98.434050
36 -1569.3673081410 179.810848 -24.967789 15.289639 -16.366886 -55.283976 -81.439446 68.852917 57.859182 92.660329 93.168493 -23.309969 160.725185 -84.022265 111.682881 123.258825
37 -1687.4147960448 185.189727 -46.257550 17.618744 -40.598445 -43.698073 -70.074589 48.626986 32.912864 56.808198 140.119783 42.441207 134.704435 -86.300133 96.338474 118.178032
38 -2167.6167576565 212.070885 -57.374294 25.923721 -68.539274 -44.938388 -61.762043 71.718054 67.273698 76.849272 117.184448 -5.245546 129.737329 -79.270604 111.823571 100.822309
39 -1935.8136441541 199.615248 -49.705007 -5.149980 -74.745615 -58.011166 -54.531696 47.224929 64.313931 91.970959 131.299503 3.695994 124.076945 -74.227625 98.791039 91.815569
40 -2116.4798486396 210.429526 -56.602351 47.951964 -80.678890 -63.322199 -76.454384 72.060950 78.199381 116.332100 127.981935 -20.082632 141.308532 -76.936403 103.814211 69.566892
41 -2793.5009331612 240.384156 -76.424810 14.323382 -80.370891 -14.763174 -59.522571 85.766522 63.644935 79.675241 108.574170 -17.424383 114.282067 -76.845944 114.719972 105.625410
42 -3123.2567728064 254.760940 -80.353879 27.991378 -80.885777 -30.982087 -47.296431 112.553024 48.555867 67.950598 95.901483 -15.113141 112.854285 -104.136421 126.639370 95.758884
43 -2859.4451846536 244.994956 -94.246933 37.533629 -67.428723 -32.707977 -37.769478 101.521047 52.082690 54.622154 115.148585 26.396582 110.001334 -76.608861 134.257898 73.759160
44 -3123.8708029426 254.206667 -77.261332 35.297785 -84.441471 -34.751698 -59.331975 92.179742 45.019784 70.632210 116.456420 -2.275927 136.023244 -114.161385 147.163040 93.154213
45 -2754.5898877671 236.817649 -90.225560 41.534769 -117.667433 -42.626748 -69.651527 103.487343 37.621769 76.250160 115.337094 -9.606266 135.899182 -126.400423 157.624465 103.777929
46 -3290.3332145732 261.419209 -97.289610 42.745248 -84.426942 -50.473303 -66.223285 122.487550 64.864901 76.691330 110.282268 10.092057 120.997386 -130.546745 149.065783 104.259997
47 -2954.1115861575 245.295429 -65.542592 20.088778 -94.032286 -36.547058 -82.310137 118.983548 49.244545 71.888491 108.270374 -13.786706 116.546818 -137.109734 183.092550 110.116902
48 -2918.1335793929 245.329651 -119.336677 49.461994 -99.244286 -54.678405 -29.251983 127.566913 82.024571 98.564627 92.885065 34.577941 108.121095 -141.137561 185.591623 122.123102
49 -3671.4571227232 277.895090 -112.994906 27.588027 -88.139386 -60.250161 -102.228637 115.479439 103.860313 47.144024 84.002332 16.024431 118.943424 -98.348530 148.773132 107.878490
50 -4561.0342329397 310.466330 -123.852957 15.440945 -92.201057 -55.119329 -111.526171 106.453898 102.187059 21.012148 70.536624 38.640055 94.798698 -77.044290 153.581017 97.661959
51 -3933.5317575990 287.765169 -121.956893 12.437361 -74.344436 -63.790433 -100.369534 75.689544 117.622338 34.945952 91.065123 60.236094 111.963177 -102.275845 145.022469 101.719085
52 -3260.0360422115 260.095150 -121.565357 11.225756 -104.460278 -41.186529 -96.392366 101.107768 79.271764 35.056699 93.043911 39.528390 84.178035 -98.699050 167.746455 111.836657
53 -4718.8804874041 316.290357 -128.109077 29.001459 -93.219452 -47.898535 -121.792573 107.496943 103.387818 31.329472 67.497645 34.331120 96.093272 -73.846234 152.772131 64.583100
54 -4511.8019405624 309.342100 -146.507407 29.433653 -94.904782 -75.378274 -95.062437 104.355166 82.230977 97.127662 49.791480 2.495011 101.091795 -65.661659 158.569897 45.213487
55 -4414.0352283688 307.121683 -129.759121 59.126511 -109.892978 -51.825429 -140.865494 97.388507 101.047828 8.563372 54.062013 36.488455 92.866123 -69.429734 126.623360 72.607477
56 -5702.5384138922 348.012368 -142.144426 24.156349 -73.477156 -41.615868 -112.220355 101.751359 106.728676 16.718479 85.216141 8.208098 101.181335 -75.402689 158.721091 49.574939
57 -6398.3695999729 367.681847 -134.119779 28.811142 -82.392329 -23.476970 -83.656161 65.005436 89.072992 21.742824 79.067358 -9.221618 110.080628 -101.300335 151.389810 35.432324
58 -6263.6013674390 364.701802 -115.787902 69.368042 -74.595318 -14.329080 -79.397566 62.844678 95.086122 9.120723 92.418040 -21.335319 116.371811 -115.503927 170.644522 49.072700
59 -6962.6063476315 382.653305 -113.882640 8.039696 -106.506644 -42.052704 -70.723742 68.023183 86.270781 16.465832 103.427026 -15.139562 121.417161 -81.151077 171.252224 66.310506
60 -7582.1335185522 398.756125 -105.873413 -22.263961 -136.150389 -66.995375 -78.646923 51.890817 80.290636 -1.616210 86.230518 -7.061243 130.796033 -71.372808 151.767719 66.773536
61 -6804.2338261693 378.965677 -103.066522 -13.237639 -96.596560 -59.696371 -86.112461 69.581758 111.962047 10.773024 96.983181 12.461528 130.486647 -68.985066 153.829383 32.828871
62 -7880.1467735828 405.294352 -94.521382 -11.896629 -162.608939 -69.112874 -50.596329 20.496210 70.653684 -14.733423 64.455080 0.051141 136.768459 -85.883084 131.061433 68.102823
63 -8351.9834849158 418.259319 -104.507692 -3.845192 -142.070681 -83.941176 -83.414585 15.398565 67.786154 -57.925311 12.434296 -16.549227 110.216172 -106.201478 176.021868 95.649566
64 -9056.1112695072 433.734902 -55.949818 -50.399838 -158.108893 -69.952955 -69.834585 -33.597335 67.240631 -80.230528 30.025373 -19.330133 76.507985 -115.211868 184.960724 65.462814
65 -8825.1329047795 428.303775 -45.077453 -77.316761 -184.099921 -107.364836 -75.556703 0.124833 65.048777 -113.765331 8.009874 17.893584 63.411700 -107.167060 200.143608 87.548074
66 -10032.1419402144 459.081505 -71.646372 -39.350256 -143.272002 -87.405193 -106.520279 18.547449 94.861433 -44.570092 56.701674 8.532858 113.969996 -80.667231 199.320584 23.685094
67 -9259.0683475823 442.070758 -99.489781 -44.743398 -129.764370 -100.777433 -127.014861 14.597495 148.897541 -10.872680 66.872474 36.129360 80.019377 -62.915114 212.784676 10.958937
68 -10462.3188548143 469.728716 -91.338025 -35.360401 -121.689830 -68.150534 -124.201984 -1.123543 114.319943 -43.318099 52.436400 14.272023 131.579193 -50.429789 149.222418 1.236447
69 -11252.9354928442 487.414451 -64.827871 -27.477664 -106.546370 -54.840776 -116.203829 -30.572578 171.752824 -64.049606 89.349521 -13.096619 122.233550 -17.065306 147.744137 -11.399746
70 -9785.1562376311 453.597488 -84.242177 -23.171330 -115.598620 -50.981123 -123.963652 -67.209515 155.125484 -64.835347 120.913891 -30.299218 123.137870 -16.158568 136.972726 -23.572336
71 -9183.8546396182 440.822768 -52.686571 -72.909436 -88.217972 -54.824434 -101.635501 10.731595 143.893562 -44.585832 100.593823 12.159078 103.212422 5.707690 164.654894 -30.812122
72 -10870.1085398102 479.924302 -57.889194 -35.455154 -75.786519 -47.064909 -147.513571 -15.162507 185.089800 -63.935640 90.826221 -39.763728 78.183852 -29.201877 111.234295 -34.102867
73 -11931.2088909738 501.473371 -46.243000 -20.459967 -105.344137 -28.722254 -91.486150 -20.182198 143.964681 -92.065509 82.669832 -32.991352 101.806765 -8.310958 177.029363 4.594353
74 -11401.7767968531 487.800266 -52.703441 -4.522138 -169.307814 -3.887733 -97.699981 14.154021 100.942265 -105.136368 61.427327 -43.956906 83.893530 -57.414312 192.337735 -28.995633
75 -11791.4769222432 499.350550 -41.640282 -19.036193 -82.676717 -43.476357 -113.306357 5.289724 190.100351 -126.844479 72.616971 -51.156853 131.216452 -14.043405 189.394983 -18.770302
76 -11849.2282874573 501.047101 -55.942668 15.217826 -89.537346 -39.458820 -63.261435 26.295305 163.064432 -124.121006 54.398426 -45.530127 107.303463 11.287519 185.671739 15.354889
77 -11920.2735702789 500.393562 -26.606926 -68.590946 -128.894141 -60.210268 -80.345023 -56.250714 152.073062 -94.944010 78.106257 -27.276453 116.488799 6.620649 194.295099 -14.433479
78 -11194.1124180626 485.285019 -34.930486 -0.143843 -123.309202 -17.139481 -94.575648 -27.239450 131.593787 -106.315804 63.996103 20.564096 113.748595 11.090593 190.301721 10.997266
79 -12841.9219518966 518.113838 -76.997256 -31.362970 -148.483159 -13.435322 -91.277443 -75.769196 155.667724 -99.232981 69.311537 -40.788567 93.823857 -20.794503 177.070065 10.397195
80 -12179.1805548518 506.152730 -97.057165 1.463473 -91.910821 -1.725632 -16.183425 -81.388805 193.786082 -57.106024 60.394373 -55.530548 78.137860 -8.966225 149.908378 16.624075
81 -13487.5505512005 532.773843 -35.403156 -23.810216 -96.957007 -9.133752 -69.824493 -58.589896 206.399108 -100.603022 90.360524 -45.884584 51.873343 -2.749947 190.317205 -29.505305
82 -10872.7915591120 478.149836 -34.676553 -33.778693 -55.827761 27.702391 -137.545761 -65.283377 237.662223 -134.893541 107.796239 -54.196333 49.517007 4.470853 229.362318 -55.639676
83 -12733.8588801503 517.756492 -51.444049 -33.625044 -63.390039 -4.898144 -89.268859 -49.663764 239.539361 -55.202174 85.145531 -71.598560 54.832030 3.942953 214.991415 -64.458900
84 -13871.5426929767 541.639572 -29.670785 -45.840421 -60.096417 -55.860729 -82.074981 -41.710966 202.875677 -97.354116 98.978042 -22.431945 5.190249 -2.222097 216.698098 -33.200947
85 -13691.1864753533 537.133904 -53.885688 -16.967213 -101.655460 -12.536678 -69.100488 -20.322497 173.848104 -84.451858 93.626892 -48.558834 -4.257067 -27.257474 203.923568 1.081122
86 -14205.4090646242 547.071803 -76.549776 -34.013726 -98.897760 -36.989578 -70.977977 -68.656543 159.527095 -118.943286 80.534681 2.399298 -9.295438 5.833006 220.680589 -32.371016
87 -17102.3033561582 600.142887 -123.906907 -38.598214 -50.104720 -58.077596 -72.873905 -116.574570 150.875417 -103.238210 83.192983 -31.315957 45.408998 18.567322 256.368040 -53.653643
88 -19001.6721221841 633.470882 -177.731515 -33.721341 -36.823744 -75.115332 -28.170465 -77.244315 154.242331 -67.540531 98.287005 18.572160 14.495925 23.527288 270.051446 -74.146376
89 -21145.1022929372 667.874228 -191.944371 -36.214049 -32.459201 -56.637242 -52.888947 -74.639033 110.692687 -38.825805 66.990685 3.587645 19.500258 71.032875 266.565739 -61.384346
90 -19744.6518821602 644.066032 -167.581174 -63.383599 -11.641005 -60.534121 -50.192232 -128.858257 101.087087 -41.008616 66.185909 -35.220307 54.783946 67.563454 283.796234 -61.902733
91 -23432.1967552215 703.044564 -149.598792 -57.285945 -30.572728 -76.582958 -31.007139 -33.158356 83.425532 -47.033497 68.400173 -6.545973 -73.147193 38.285427 275.915277 -72.025344
92 -22655.9757595900 692.154378 -153.216047 -139.801084 -54.291431 -144.965094 29.429380 -28.509616 76.828539 3.599321 51.470566 13.070838 -130.026114 41.125775 238.566785 -49.377126
93 -22273.0948174501 685.428343 -152.332468 -115.612419 -54.777474 -84.224279 -43.623135 -49.028402 87.457574 -25.231796 63.278190 49.649276 -73.807978 81.176539 310.307139 -87.695171
94 -23177.1024779096 699.435196 -146.804560 -117.058708 -21.649656 -120.611936 -36.040662 -72.443839 71.843519 -34.862966 64.068345 15.752237 -59.470055 88.209667 207.173565 -63.333136
95 -26395.0483461877 745.241487 -154.934004 -87.577557 -23.828829 -51.695814 37.820763 -28.304193 7.724073 -33.140241 86.473000 -18.701785 -98.276243 70.914144 262.756853 -53.810046
96 -26792.1145757160 750.621096 -142.856990 -94.544933 -12.035233 -61.021056 110.305233 2.671973 6.700813 -19.341983 126.590618 -23.614348 -85.316266 100.195294 328.621411 -48.257208
97 -26273.4949818746 742.558263 -68.818279 -84.648116 49.948974 -67.955058 105.438972 -16.781013 19.097843 0.520009 180.319654 -19.322187 -104.240068 80.549205 271.485927 -22.194413
98 -25821.7748710363 737.196128 -185.024370 -68.807457 0.684231 -108.274045 116.415508 13.515542 0.289854 -52.520954 97.372789 -15.530197 -62.308431 109.572434 372.729509 -56.908284
99 -29044.5491881648 782.020575 -123.852473 -104.302081 -51.087788 -87.320615 151.621928 -9.632279 33.715162 -43.329457 116.451959 14.315900 -102.331320 113.791194 279.358026 -155.083120
100 -26845.4538865251 751.692881 -131.085219 -99.858180 -54.048210 -92.120566 176.490542 10.641518 25.360702 38.270040 106.211029 8.642758 -157.563359 71.228683 294.997109 -143.710378
101 -27618.7953711785 761.631563 -120.323129 -106.790512 8.277726 -70.336969 142.230373 -20.384314 -9.577173 -37.005482 136.838504 38.310421 -91.201146 95.073578 324.113452 -173.225797
102 -29533.5380952154 788.764323 -92.820678 -34.667726 -19.722429 -109.180098 139.968580 -29.867324 68.137073 -40.770330 84.609072 20.958942 -103.521905 109.373920 308.703445 -217.109558
103 -31030.6852391483 806.973353 -81.709384 -72.660799 41.998692 -96.259765 132.413852 -29.151078 116.531136 -89.887430 107.979626 -6.061430 -129.000400 85.472414 334.456460 -258.180572
104 -32155.6968826091 821.838162 -125.204647 -115.615392 -1.084803 -45.401697 129.360380 -11.938344 116.685283 -129.504721 89.162220 7.362434 -130.593899 81.722376 356.675177 -238.340921
105 -31569.5120786294 814.048359 -110.682850 -76.795886 52.949427 -138.373554 160.744076 5.996952 112.104761 -99.224782 146.791012 -13.734877 -203.227556 78.411764 325.445735 -217.928282
106 -31999.7392101095 819.672562 -140.668400 -171.956132 13.293614 -51.966794 124.622158 -34.424082 76.132772 -152.266219 120.908474 -9.733119 -156.205389 77.267719 353.190713 -210.951522
107 -33232.6815001482 834.229234 -114.808070 -91.449546 -18.692937 0.959575 76.382586 -76.053032 13.243751 -65.541824 123.857624 -11.262220 -179.122874 29.839876 376.759099 -224.838345
108 -34374.4002877291 849.192111 -65.564554 -87.018430 18.431337 -59.328685 104.782705 -14.518836 19.750775 -109.757703 73.558391 -6.545920 -125.616988 39.984361 386.047735 -248.049346
109 -35511.0877683724 864.884216 -169.853205 5.576326 25.633738 -97.913221 144.964673 -77.639288 56.391193 -84.650249 -11.608410 27.000248 -81.347038 4.342187 361.770105 -223.727730
110 -39690.0971514418 913.255983 -146.640256 12.284787 42.637521 -88.058106 133.451468 -124.037750 39.407430 -82.888496 24.249226 -69.531500 -56.021810 20.962630 350.295360 -225.974395
111 -42738.7234745140 948.916719 -184.452883 -1.333894 -5.417312 -97.387874 177.380085 -99.978986 81.965889 -81.120861 34.022343 -33.222885 -101.379799 12.148731 356.480185 -215.540908
112 -45099.4902401920 971.041876 -198.464953 -88.095007 65.766211 -26.721975 139.231087 -143.359770 -4.647597 -82.615098 84.229685 -18.914190 -93.865989 -28.099061 408.272683 -224.932975
113 -46993.4045048494 992.640669 -211.427305 -36.073081 54.107186 -25.515825 152.548283 -90.417996 26.511167 -78.136993 181.831274 11.101066 -73.450948 -35.901149 452.187211 -194.038463
114 -43128.7649421381 951.072000 -153.965145 -134.098886 7.343819 -71.549114 220.050063 -139.463678 -2.613610 -60.054769 189.819350 47.243356 -84.688357 -33.028013 420.971346 -173.804143
115 -43464.3058686322 953.501185 -258.142351 12.207970 116.815201 -40.575934 211.913267 -189.976178 52.127855 -113.277231 146.653574 30.691818 -27.274343 -63.149630 502.536243 -147.926670
116 -46905.9634391498 989.397390 -196.518591 -100.607868 92.223690 51.916765 183.944892 -51.270796 82.894936 -9.323532 206.776532 -32.702860 -68.031256 -111.228685 435.580458 -210.773483
117 -49847.3034597491 1022.215031 -185.558302 -38.321031 41.728319 18.847363 144.226850 -115.063869 101.916038 -129.743593 144.043039 35.861470 -97.946449 -102.779669 491.533316 -149.652796
118 -50208.4283602936 1025.030554 -203.868350 -44.790549 90.533600 30.060144 134.940406 -83.479419 80.889866 -146.091349 139.504643 14.679538 -87.138820 -152.849112 461.535491 -60.270185
119 -59294.2346477237 1113.951226 -230.782074 -41.205095 59.429275 36.097310 72.768640 -108.624912 29.780119 -57.395630 132.773451 -55.634612 -74.191703 -200.203702 414.576048 -45.163880
120 -54301.6660451555 1067.329158 -245.407332 9.748418 21.208238 30.772600 105.098317 -70.586580 39.453285 -46.820471 140.292231 -51.057785 -55.610540 -226.245117 402.556114 -22.921263
121 -52900.9037565537 1049.016650 -229.010342 -96.187985 62.657348 44.427011 15.991509 -127.296829 -81.226474 0.195115 132.995828 -102.633873 -60.010177 -233.899971 422.548840 -73.818319
122 -46098.4866691986 980.374280 -183.135000 -32.961113 114.065828 60.909146 49.740063 -29.404522 92.169839 -84.649167 165.164416 -87.084723 -27.672323 -199.096846 449.123530 -36.381554
123 -59898.0841621326 1119.215373 -252.784439 -66.467954 69.122446 93.883173 19.389179 -129.601397 30.061591 -83.116349 206.271818 -14.496411 -11.910977 -144.687076 483.771666 38.342258
124 -63185.3874008977 1147.689097 -290.472666 -144.759763 79.828771 127.854123 70.400392 -252.940536 8.609605 -88.426813 287.210330 2.869241 -29.852999 -178.508926 445.172152 -5.514977
125 -60660.3529568034 1125.077782 -306.080643 -80.084815 126.120693 65.547823 77.623901 -209.560007 101.095054 35.974946 318.454774 -3.503997 61.557778 -107.275326 408.084684 -36.557539
126 -66473.3139681205 1176.317792 -175.660077 -199.390953 72.927081 94.926926 13.186299 -308.399912 -28.640811 -34.904189 325.366902 17.415400 -10.791861 -131.407670 523.072647 -66.171471
127 -64878.9585436526 1159.428015 -158.506813 -109.396730 119.743902 114.760989 -89.506199 -217.430143 -98.539992 12.023760 394.587244 70.782304 18.081412 -191.555129 515.474892 -125.437134
128 -65796.6239867009 1169.417125 -195.014204 -235.483623 47.914336 129.925620 -7.127588 -382.762148 -51.549050 40.554472 282.264037 19.941838 -43.031982 -108.859406 563.136270 -108.107799
129 -68709.0836133652 1194.272519 -196.232353 -190.637535 96.035439 82.317538 26.601130 -382.430591 25.246777 -25.229978 309.128732 46.964421 41.596781 -249.790164 479.392767 -63.399986
130 -69821.5990753361 1205.880672 -120.178817 -199.948753 85.620273 109.474767 85.698694 -267.462661 18.317882 19.360105 288.920618 -13.738351 32.375317 -217.569590 430.391052 -141.996689
131 -62693.7218376315 1144.220860 -102.610267 -275.209727 58.309287 157.159659 73.354541 -154.724358 30.733379 -23.150737 318.565273 -127.268908 88.312140 -248.751380 312.151482 -186.595591
132 -69045.6162030471 1200.059359 -76.768406 -223.156503 3.299059 162.687889 204.890998 -177.330512 -28.072869 0.719576 292.114524 46.310100 25.244744 -255.707121 464.173386 -218.435667
133 -74503.7520835509 1247.175766 -189.044259 -170.091225 79.673669 -29.604749 94.421443 -257.770978 107.539558 -18.724744 225.087494 -55.516848 20.723215 -263.182142 379.591644 -105.855088
134 -77324.3332792712 1271.737722 -82.204589 -121.319686 26.942327 14.158723 236.473247 -241.097291 120.534605 2.966249 250.426667 -98.018743 -20.690220 -251.616861 360.257268 -54.005370
135 -80730.4336228905 1298.934201 -131.261116 -168.887296 46.249655 -58.612139 223.793330 -215.071911 145.297251 -32.191363 287.554109 -108.439301 -5.485126 -334.978874 359.561900 -70.180654
136 -79800.3764933814 1290.518913 -156.330207 -179.154225 24.251137 -95.224125 217.783671 -246.962177 82.641219 -116.008183 351.755585 -103.713190 -87.912304 -365.017053 307.620053 -102.329800
137 -82053.2909315041 1310.457911 -106.268248 -126.915681 1.413191 -181.697866 314.176724 -276.538092 156.412884 18.871061 377.176532 -120.173450 -19.342056 -289.587141 429.135601 -4.481193
138 -81914.8871470007 1309.467168 -84.674494 -150.497157 46.506042 -231.983722 327.131269 -321.288000 95.210512 40.743916 449.845352 -158.913144 11.939024 -209.674286 366.178527 26.571909
139 -75400.2734623234 1254.708550 -95.543103 -146.604573 -119.185348 -127.551772 338.721179 -319.756877 152.220840 93.080401 391.705861 -219.651468 -41.870511 -233.277505 512.040940 37.547936
140 -75389.9875858106 1255.929328 -32.706369 -131.814851 -45.193417 -138.289384 181.485528 -269.654463 170.463692 -67.489583 281.099833 -130.982964 6.502582 -266.779869 518.425429 20.109111
141 -83061.0078098132 1320.522662 -15.178272 -182.850896 -38.434920 -217.477050 394.381968 -255.669038 53.808741 33.366459 313.060557 -91.082680 38.527632 -265.801544 428.555691 -23.284939
142 -83928.0497888182 1328.158709 30.447783 -122.000821 -38.083249 -174.229749 558.752735 -327.391587 129.040921 -40.288052 207.797887 -51.014910 68.598882 -250.536089 410.677487 -10.092657
143 -80347.8995328804 1297.404466 -35.288752 -194.592975 -23.643107 -207.786645 431.388054 -336.186422 113.275437 -21.787392 154.938401 -167.474494 77.073065 -304.428672 414.971326 -52.949370
144 -91545.5409761802 1385.635527 77.613322 -143.063166 29.442026 -218.501266 552.755487 -333.550911 48.626169 52.451466 193.038166 -159.564282 6.905501 -276.563107 376.360575 -24.613653
145 -77332.3451635193 1271.245252 86.616925 -66.362844 120.229244 -218.320943 528.077122 -272.681609 132.112971 1.308414 136.483591 -153.196585 51.631777 -350.382997 423.296981 69.618230
146 -96416.5249139355 1422.670999 46.597394 -41.023798 17.428926 -253.545967 609.451482 -413.914739 -4.001578 -1.555572 262.822713 -192.793030 -8.309405 -206.437259 308.371118 31.086234
147 -96289.1463243572 1423.945721 -67.659928 -84.751745 -63.876604 -354.722812 632.144397 -408.496950 -36.366892 61.808433 237.845425 -131.015262 41.315456 -159.475202 318.649378 101.245907
148 -104472.7282267805 1479.987946 143.237892 -40.283571 51.570296 -243.451287 573.144194 -349.568491 -7.620079 4.076883 271.402822 -215.231947 -17.188302 -288.803106 326.517858 67.775795
149 -93768.0155115914 1404.083893 178.055168 -115.623842 -16.391895 -252.070813 593.807685 -390.063443 5.647491 60.027013 307.127502 -137.730193 29.467635 -193.509791 322.923740 99.375532
150 -87170.7175907295 1351.134728 272.659308 22.209618 31.329052 -212.487204 492.482005 -324.673766 0.788933 -64.321130 352.044472 -328.608881 48.748185 -310.264167 377.544042 31.211807
151 -106350.8927179235 1494.611117 119.567666 -157.235453 -7.143864 -337.738808 490.466355 -346.547088 -79.139598 60.522295 293.845424 -172.675396 3.140835 -236.170697 269.363360 119.161481
152 -82448.1948208133 1316.966465 35.307790 -99.658233 -74.199305 -294.345443 571.244860 -239.597860 -117.675626 13.500554 290.267389 -189.980286 24.535695 -211.599823 329.251098 148.452620
153 -126212.6593015008 1629.110211 85.779603 -194.712151 -31.254462 -412.452663 393.681979 -346.101024 -85.505744 75.887774 321.725685 71.147961 -4.917525 -234.215420 399.056489 71.566769
154 -141847.3167967301 1728.968249 166.934327 -240.959677 -71.899812 -465.494632 472.055346 -374.160545 23.943529 101.550715 372.869001 56.693550 -21.522131 -244.611647 469.434316 -48.272677
155 -152013.5620831421 1789.553695 189.516188 -249.089457 -127.554475 -480.156515 352.131821 -402.842982 44.487397 271.029561 276.173921 49.165394 -44.165462 -136.968457 532.989614 -92.735473
156 -150550.8302632163 1780.329741 146.331101 -147.392166 -96.270194 -538.092652 403.427420 -445.771131 23.211256 254.267712 229.801141 135.573107 -9.318028 -147.996861 490.668377 -20.153004
157 -139795.1506161701 1714.319515 -62.541453 -198.197195 -121.207583 -565.430777 416.769095 -490.137867 7.923599 341.626013 252.704957 11.547995 -76.761547 -59.670277 450.279928 -143.134584
158 -154024.4700150316 1801.862076 193.717051 -277.618545 -159.146498 -381.470443 456.128445 -289.286420 139.361371 272.701656 275.064633 137.213472 -65.318094 -229.869527 641.509268 -96.129199
159 -140138.3100119378 1716.384121 -17.293285 -156.914194 -94.066790 -315.498136 354.860345 -171.251983 77.772747 272.466780 367.647009 167.042250 -92.815297 -297.822110 554.858453 -59.821138
160 -160974.2836381218 1840.967671 62.182834 -308.699189 -223.473459 -300.110143 470.517906 -300.139933 153.466939 244.168884 301.079935 45.428618 -19.659103 -196.569937 625.662468 -165.232647
161 -149008.9961643296 1767.771014 94.172951 -347.797815 -239.519789 -241.091139 369.401306 -354.719198 105.835813 93.345510 233.438338 -49.272670 74.919248 -272.677471 811.317879 -254.556258
162 -154830.8778741336 1806.275558 50.559538 -335.980598 -125.821442 -245.768900 499.982188 -268.042027 135.994655 216.157887 497.708187 -30.644117 -108.222975 -167.313743 594.408735 -77.384416
163 -185270.4055222056 1975.840949 24.885801 -328.185712 -217.187043 -276.020026 445.668155 -278.796259 150.489594 312.943678 274.075913 126.311769 -6.735274 -75.938013 611.346945 -179.610358
164 -188056.2115929810 1990.955304 13.011347 -259.435622 -324.250695 -382.364863 445.844942 -235.863569 118.207670 255.803482 366.305842 177.889554 62.275982 -139.950449 645.013809 -129.624275
165 -214775.0280438785 2125.667468 -34.037754 -149.714009 -426.206527 -385.648513 394.911874 -202.084793 107.980812 233.822863 431.081541 89.533085 32.164583 -124.639744 794.122513 -160.523749
166 -235313.7812692419 2225.971455 107.267054 -84.560575 -471.339885 -438.308838 452.019750 -157.096984 166.609043 165.234897 438.388211 -12.993831 -48.120244 -189.966625 859.930250 -48.155943
167 -216696.0358058091 2134.790461 131.008525 -103.742372 -502.317940 -443.352081 548.529700 -99.362762 110.869230 146.296933 414.634212 64.436152 -157.148595 -275.651846 857.627334 150.663797
168 -282828.7186297405 2440.310936 80.635505 -117.268856 -496.833943 -448.494393 412.668633 -151.857493 228.842317 180.217786 371.695177 101.836464 -144.980529 -245.859867 879.074664 -27.815445
169 -288533.2425355095 2461.874073 144.597627 6.132405 -639.161554 -520.266319 424.934781 -164.036154 184.993784 124.689053 440.439711 13.395951 -168.781628 -399.393787 895.213778 43.362037
170 -278617.7128925336 2412.585476 126.580267 65.776406 -858.858798 -525.928778 442.211658 -362.902158 313.763517 97.576437 489.957437 134.439037 -85.097568 -308.307862 825.679602 21.355206
171 -324375.5493745151 2612.883762 92.093490 13.157557 -436.117535 -368.559800 523.267988 -220.546878 132.832259 83.006138 318.155024 86.263697 -185.283163 -394.602552 892.549157 -8.066548
172 -313807.7729973241 2572.277769 190.360962 -84.401739 -414.569091 -554.097385 452.425933 -178.442326 162.835707 -4.435723 200.512199 143.264737 -147.382673 -336.175404 978.335799 107.824513
173 -316001.2103449002 2578.987030 148.237665 -117.963164 -273.751688 -409.217804 672.582327 -241.765025 142.326705 186.801639 350.264697 110.911612 -106.422338 -409.464945 998.971550 92.203264
174 -339553.7768570678 2666.415547 100.060436 -20.449024 -627.247282 -382.167372 714.027350 -287.010645 68.672721 110.986626 517.231954 81.338816 -77.571994 -592.389649 969.836086 128.364400
175 -319615.5812814326 2582.128512 365.688706 -69.460082 -720.038542 -376.638967 568.699395 -319.383392 63.838092 -38.958859 540.136118 197.648198 -97.100289 -626.419651 946.634219 190.606530
176 -344468.1067650163 2682.959063 21.430996 -98.296874 -746.384081 -446.484733 713.851363 -250.177307 35.298872 195.987328 513.329117 -28.177315 -4.942209 -565.823413 1061.291555 61.881523
177 -351810.8169179871 2707.543565 86.165593 -179.606678 -853.904294 -507.530762 610.001591 -230.051867 87.670531 138.664133 442.967839 -83.701518 32.187362 -627.372736 1136.255703 308.028302
178 -366311.6614368412 2765.559844 64.217710 -206.488763 -784.968318 -538.269399 655.539468 -347.200743 6.322432 -7.079943 467.562381 113.053825 185.288178 -643.654437 1043.389691 355.295169
179 -369557.9146040499 2775.366380 -1.021914 -209.306467 -830.468207 -517.036168 591.586267 -282.668061 -57.259491 -136.264148 437.735075 294.423268 89.217646 -741.633894 981.872604 514.302282
180 -330764.8559136927 2629.266749 -52.450587 -238.599334 -625.616775 -529.262956 664.194938 -354.356050 75.834482 -60.507493 409.289989 181.261246 83.091665 -771.314232 976.722033 424.425035
181 -358127.7653184294 2727.217241 104.533734 -316.031157 -879.161213 -541.790011 344.576915 -459.340000 94.961393 -28.161066 498.087861 402.573575 60.230000 -860.603006 814.391902 437.625965
182 -307724.6928706987 2515.305427 36.876857 -109.456171 -938.201137 -475.924221 540.711761 -425.207502 -69.061503 13.239789 425.288123 212.221265 97.510280 -967.379576 996.706263 684.890993
183 -335461.4347672606 2637.407244 98.904944 -286.060806 -1058.603541 -368.654427 927.236166 -126.455856 -3.196118 -276.090702 496.857552 191.756768 -25.697351 -505.363400 1049.845753 448.651081
184 -394428.0287691123 2867.869230 -186.065326 -299.041782 -811.154844 -428.244656 494.984089 -257.608806 -0.135347 -264.457365 390.349590 379.016857 76.215576 -802.009441 1128.648605 472.111102
185 -397485.0498619922 2883.663193 -214.139335 -268.089811 -672.774340 -322.902680 671.725181 -322.277083 189.391796 -274.561957 473.709670 219.806804 -146.335647 -743.355698 944.401355 406.901736
186 -388387.8001048301 2849.130188 -202.603289 -131.310966 -626.460016 -336.370452 540.337456 -348.606256 414.611247 -440.452700 497.221070 151.480767 -70.093226 -894.128907 967.575321 227.370210
187 -381600.0885603019 2826.461566 -106.938771 -137.789864 -668.374440 -308.371296 433.091581 -298.173447 162.504479 -266.890342 430.437591 173.441581 69.156215 -670.590085 804.800591 292.224417
188 -392337.0392362783 2858.949566 -167.689561 -351.771729 -737.464778 -292.492498 646.011440 -465.420673 138.636824 -239.914191 404.254923 270.416992 -207.483302 -833.182942 991.097945 484.375668
189 -423636.3733202076 2981.669903 -245.618438 -281.560093 -668.238823 -374.817383 750.211925 -174.253257 150.472958 -350.974096 537.574135 141.971658 -231.286187 -644.783938 850.931700 500.593824
190 -408408.7565050856 2926.421662 -376.761503 -186.263902 -496.944721 -300.579776 611.128335 -170.216293 -69.831505 -197.031409 486.688337 112.669809 -336.869481 -699.156873 840.314632 611.086980
191 -374969.1424203649 2800.525349 -277.330900 -348.367652 -648.146610 -215.675706 927.000006 -363.771379 282.362134 -291.690576 646.888845 -54.400892 -346.682694 -630.055918 830.047113 572.699551
192 -479786.7812381726 3174.041232 -143.730112 -388.097155 -796.686462 -428.908898 1074.321438 -210.406016 157.181581 -243.571934 214.337949 249.784842 -354.519502 -630.897541 867.690530 329.290509
193 -487323.4512385347 3195.687680 -4.742331 -342.127534 -879.721020 -388.899989 978.778197 -250.838336 287.010926 -76.127481 267.161653 347.856676 -524.097954 -508.033260 1013.275072 371.626334
194 -466443.2163471824 3121.681407 26.123345 -396.222568 -1015.649418 -447.755677 1046.086735 -327.023861 320.570876 -40.880879 327.783170 404.437664 -341.639950 -521.368004 1098.333066 469.889066
195 -515384.7956145959 3283.787879 -61.326923 -184.598628 -1087.410340 -565.623552 1051.101411 -193.562029 223.529072 -34.129390 458.571356 366.379766 -471.919981 -454.486271 967.672069 559.621939
196 -555382.1580190472 3409.674171 -19.413876 -334.626984 -1106.361889 -456.876130 910.534478 -80.341329 248.730126 -60.711014 629.512445 417.219748 -836.441270 -173.977810 982.240195 590.987151
197 -552474.1521617565 3394.496970 249.036369 -611.531040 -1377.309942 -665.376819 727.658898 42.813452 350.536057 230.306251 621.745880 396.632304 -860.284334 -439.919864 915.250219 785.280084
198 -550744.7333793086 3401.908880 -114.037798 -220.670228 -955.767815 -624.370734 854.413070 -143.485388 210.978506 -163.398832 871.058054 598.129937 -694.354710 -28.539086 885.008932 653.730837
199 -481608.1575459313 3162.059182 79.628128 -688.785137 -1360.806911 -326.978576 908.551016 -48.253325 114.515160 18.747880 749.918080 225.267149 -1080.672360 45.046663 782.263695 612.347636
200 -541718.2516912088 3354.379904 -180.395689 -437.121575 -1384.665091 -521.730289 900.844865 -23.503538 313.360738 -44.259926 872.385198 371.947227 -1087.283889 -389.294327 893.137016 442.851907
201 -516281.9681082785 3283.006652 -269.880039 -161.751343 -1119.110030 -508.802450 551.137484 -213.479410 238.128244 -167.156858 716.494478 368.621490 -1078.092383 -127.862796 906.518468 544.586490
202 -505284.2103999592 3250.504548 -24.378517 -434.936801 -1061.458324 -346.730785 921.625007 151.963218 197.415444 -139.145135 936.389458 449.461966 -849.268193 -307.655082 1206.484305 577.075639
203 -551223.6458101115 3387.437527 167.193473 -458.424738 -1277.547540 -488.767295 988.485551 -254.022523 312.718253 69.175554 684.016970 442.164104 -994.955841 -369.065645 952.415548 796.428992
204 -529434.6652456135 3328.690851 40.957105 -178.144068 -1005.634324 -391.517568 867.561618 -256.037372 323.001893 19.611633 632.937326 474.830078 -875.186405 -205.823087 1009.280133 469.959580
205 -542166.1590142054 3360.460182 -78.318730 -327.859519 -1277.819510 -320.886777 837.583232 -53.306344 418.147634 46.349615 658.950683 360.892271 -696.013662 -95.013977 1002.769151 499.776830
206 -545227.6923663036 3360.511055 -73.448874 -66.399184 -1405.089390 -239.799584 981.692411 -79.147460 314.774516 82.706113 693.980069 299.913304 -959.111602 7.533065 1133.215373 723.068711
207 -477895.4540704110 3164.594450 323.062045 -202.025476 -950.971165 -397.051975 677.048914 40.593250 227.844271 -79.640174 744.982945 351.526595 -761.932770 -49.490177 1253.871389 564.226347
208 -582945.1466726947 3497.133048 -91.166910 -575.037306 -1109.189557 -458.812084 821.499822 151.309735 134.030618 -30.829037 738.331302 560.526062 -1171.422488 -9.577757 1037.595332 450.461996
209 -565247.6466799375 3439.891534 112.829277 -576.835440 -1171.400091 -499.100203 756.240519 220.193218 81.297103 103.379590 1083.704345 812.337993 -1475.906136 175.967082 950.901139 276.583657
210 -632358.1830658158 3642.385735 -64.495877 -222.609758 -1120.151602 -568.304356 714.778216 305.279746 1.365778 -98.529911 644.192454 523.300268 -1088.075146 -116.014941 1114.026576 420.044669
211 -654580.6728598984 3704.194673 -201.868225 5.739297 -1247.796953 -551.634047 945.629908 154.254572 -76.950835 -235.269143 499.676257 689.574173 -1126.802601 -67.456183 1241.917318 445.678919
212 -616280.5324523010 3587.924618 -448.520878 -187.025419 -1383.996585 -338.033466 855.446116 370.714990 314.268106 -571.487372 709.007443 890.009399 -1155.991994 -146.039047 1392.358970 411.855654
213 -694761.6477484399 3816.501761 18.707386 24.602486 -1310.622056 -651.136642 501.580855 159.044380 -136.352767 -502.925542 560.997601 832.020627 -1322.774449 -51.333804 1149.876572 198.169261
214 -730312.4864867649 3911.904796 -30.308258 -102.705205 -1316.256578 -642.604330 442.514400 185.162926 -41.189615 -340.965181 521.798942 804.221580 -1541.588802 -97.825490 1379.336671 155.027909
215 -737285.7099643627 3940.041373 159.793071 46.809239 -1175.566534 -1033.073329 779.422865 104.968187 113.094902 -448.595976 512.548950 423.924329 -1481.126710 -220.414909 1338.037365 17.254315
216 -808638.2145309531 4123.854718 -109.859013 -146.681981 -1288.267258 -1181.855198 873.393082 49.983648 233.696199 -401.131051 590.682984 526.297355 -1738.162555 -81.606791 1571.797311 -231.837542
217 -753370.9380376943 3986.251359 -80.513539 5.763204 -1181.509871 -1307.151005 1091.991990 176.590754 351.215614 -330.789876 520.957764 361.920982 -1797.940031 -237.745205 1461.243331 -321.714516
218 -981366.1252135416 4546.772517 -181.046848 -96.457075 -1374.276002 -1390.082148 1021.301985 23.404137 369.640668 -513.408519 487.370596 479.687496 -1702.513439 415.854619 1619.785590 -421.336310
219 -971665.0916462989 4522.138333 -274.467426 -254.552262 -1425.203367 -1515.780404 1162.417611 217.220752 239.887389 -305.613373 605.688575 365.470898 -1861.004416 271.694786 1986.051051 -483.012648
220 -940764.0517445899 4444.471042 -253.407185 -217.609036 -1430.755995 -1657.456407 732.950525 -462.422251 40.601796 -270.133594 832.060691 519.929853 -1508.011291 505.755508 1987.707467 -578.168126
221 -963564.1569737593 4500.055901 91.502682 73.901576 -1563.881784 -1418.141331 877.372172 -316.666819 298.587498 -571.994247 488.178916 661.920271 -1662.640292 129.630830 1495.638865 -489.466389
222 -1025671.3129841596 4640.826091 117.412106 6.406348 -1579.469412 -1521.998583 635.611803 -327.544840 331.349417 -688.056709 661.084483 391.446714 -1697.713141 545.767289 1737.693800 -171.237667
223 -1044538.7023702688 4682.308527 -9.688944 317.922892 -1675.749388 -1494.658436 456.562241 -207.139794 121.010591 -646.975936 740.682317 -137.149087 -1589.012154 557.069767 2009.976641 -77.683112
224 -948491.4653605197 4470.716784 -179.615418 428.625778 -1567.428414 -1683.980728 380.914013 -338.361360 220.745457 -712.212176 504.620175 -48.781739 -1618.713993 302.054667 2038.043077 35.331249
225 -980872.0260991588 4525.218719 139.409180 384.634309 -1880.607959 -1283.176736 866.934186 -143.637565 145.535006 -825.344981 933.237791 -84.612980 -1709.340827 455.751230 2183.934379 14.039041
226 -1022493.8468919544 4620.477078 162.166772 253.656249 -2002.943237 -1663.013439 408.169948 -219.835837 57.375014 -774.423860 617.915751 -171.381503 -1536.616877 510.429041 2366.430693 -185.974794
227 -1014255.1610222307 4602.153561 428.627915 397.124368 -1740.227546 -1093.869936 490.638135 -292.629858 291.630121 -92.324609 1047.670995 -345.271792 -1814.747173 631.800469 1539.066760 6.066396
228 -1017035.5490046127 4619.043065 -119.406917 122.520749 -1425.706887 -1408.052782 170.066442 -323.579398 93.186851 -586.506572 876.637194 -200.935611 -1696.294869 731.274326 1890.149557 -198.003561
229 -1109689.7876497738 4835.604956 -360.163373 391.467352 -1521.605896 -1664.302444 397.750588 -37.805363 -270.236575 -652.235925 534.713896 -126.108849 -1574.287360 658.904448 1899.986097 -348.145157
230 -1177557.0269992440 4978.536668 -211.066204 502.073666 -1681.003880 -2089.077172 320.865238 106.057580 -185.773089 -1077.136446 269.318146 -376.694467 -1509.588034 1341.936787 1777.056855 -215.765314
231 -1210443.2330378641 5065.399750 -579.638985 532.709620 -1409.481084 -2106.072670 -456.735016 -162.819499 -55.123291 -1041.559371 9.689612 -18.793350 -1101.504143 1283.227516 1943.470944 -504.487605
232 -1038211.5173778601 4692.652807 -707.254055 643.829514 -1494.104807 -2002.115378 -756.073840 -178.722323 -125.191131 -1063.579161 -55.404349 261.395367 -1064.415384 1494.212089 2074.024743 -677.438792
233 -1144131.2882846473 4928.216467 -411.286321 569.941496 -1491.186624 -2626.774645 -235.312639 -171.185616 -81.174071 -764.908734 153.213962 -158.530066 -1192.534516 1305.313733 1724.832916 -616.388295
234 -1300660.1575235841 5252.329619 -589.386741 380.004570 -1335.570064 -1963.075206 -432.452756 442.973605 -251.431735 -1329.353045 -160.466869 232.230686 -1016.161188 1241.638483 2256.084165 -751.577487
235 -1404785.5262815706 5473.678041 -544.150423 808.804849 -1430.425423 -1892.533853 -220.947122 606.678210 -64.254754 -1474.965085 -510.568281 368.147035 -1356.600734 1141.918065 2388.678674 -514.813669
236 -1370245.7769264120 5405.566706 -597.060575 733.052677 -1122.514953 -1739.744243 -315.149378 815.040872 -61.498358 -1476.950815 -940.981194 118.472484 -1345.576132 918.395097 2086.285839 -104.737774
237 -1539165.7312008287 5716.223438 -831.766982 478.401346 -1760.668935 -2140.369100 -357.857338 606.660252 -120.875237 -1237.432838 -189.886172 442.415180 -1193.708736 994.641484 2431.458520 -483.043991
238 -1548865.5433579390 5746.302417 -507.906845 802.261819 -1710.068378 -2265.138941 -299.033467 504.477342 -197.541787 -1414.053750 104.336685 536.509593 -1297.584666 1038.903548 2415.818317 -479.183795
239 -1604001.5972175573 5852.556623 -213.742038 851.804889 -1470.707605 -2188.204035 -561.477921 582.851942 -291.447156 -1681.039589 373.448594 741.594470 -1120.799799 1172.599151 2576.225229 -439.990808
240 -1813000.0800845327 6226.802610 37.824421 949.930506 -1199.669336 -2288.498791 -311.289772 494.548781 -253.625611 -1808.145781 43.628971 657.022509 -1284.138968 1118.850742 2457.196631 -628.135784
241 -2027933.3393182724 6594.401577 -162.542005 1102.420193 -1227.534023 -2281.648166 -870.472157 187.178672 -70.177008 -1868.810257 -154.718641 968.121678 -1606.921994 954.073413 2294.097940 -719.925606
242 -1903579.1055770942 6391.353634 300.400444 984.632263 -970.453671 -2528.583010 -977.859790 217.617762 -35.829030 -1344.668888 -8.216606 975.523938 -1625.731782 708.435748 2474.483556 -651.934233
243 -2167414.1717146370 6805.856749 24.415767 824.007338 -1337.804085 -2600.318261 -1164.848293 11.178625 -425.897269 -1924.025976 -263.309500 1109.335638 -1513.047948 805.158998 2271.156242 -1083.511744
244 -2310151.3111551711 7028.963983 59.450169 839.246937 -954.429473 -2931.238448 -1141.776073 165.989429 -657.571281 -1892.735594 80.316355 1200.178109 -1731.686869 798.785903 2288.032659 -1118.930515
245 -2097283.8671213519 6684.233896 -266.539702 712.831241 -661.970854 -2575.540069 -810.478756 -496.445381 -769.651058 -1823.494283 78.191996 860.129753 -1493.081876 514.111554 2103.525878 -1210.428795
246 -2237646.6491065738 6926.276423 144.868084 1173.411110 -1226.714282 -2633.377042 -1119.747714 342.371027 -810.829960 -2386.989432 -66.110930 856.251319 -1770.994896 409.335636 1905.362716 -1230.370542
247 -2132172.7559127668 6762.250091 -74.175256 966.035637 -1232.917318 -2932.031806 -1262.735681 206.317928 -769.110528 -2204.661635 -187.491537 1449.867506 -1807.263227 515.945574 1846.310008 -1252.747845
248 -2316254.3662187741 7030.503344 309.835738 1170.123263 -652.674493 -2485.873305 -838.559284 -406.853493 -1199.427948 -2356.772679 370.315521 1297.559925 -1814.810689 972.660272 2195.872828 -1055.152244
249 -2404364.5916559603 7154.165687 369.090034 905.639121 -668.079653 -2939.308804 -886.013522 -504.995818 -1204.588605 -2107.372171 432.652836 1205.268206 -1949.337248 996.941482 1726.794477 -1238.895477
250 -2581396.1039007739 7415.343500 541.497851 691.004385 -818.783117 -3122.299487 -1040.509527 -318.663252 -998.322953 -2100.112565 963.717377 1646.104243 -2036.164437 774.651034 1950.786664 -1384.943598
251 -2186000.2066148221 6843.865072 91.685015 973.994786 -655.654250 -3241.907225 -1035.364530 -273.137149 -769.367148 -2307.047400 733.569391 1933.248125 -1831.944930 714.927754 2292.342967 -1233.113365
252 -2618531.4893955300 7472.630833 388.836610 940.223655 -812.930800 -3058.722802 -1541.248545 -99.307783 -1175.991683 -1947.796189 903.406771 1316.311760 -2136.031988 1113.985427 1649.796463 -1406.821257
253 -2649556.4528937605 7513.349707 849.521730 1057.074072 -1019.552844 -2633.392061 -1643.369074 -159.945283 -1318.140687 -1759.024494 822.877775 1393.256349 -1943.785269 1397.368803 1397.180488 -1454.488612
254 -2637615.3818124128 7490.246646 466.522805 770.073462 -1075.376968 -3083.795302 -1817.062139 264.424538 -1337.527069 -1749.771384 885.728148 1066.227844 -1641.870623 1518.109311 1440.592414 -1209.548675
255 -2778390.6362260496 7687.622841 823.481819 978.231914 -1070.415743 -2739.299626 -1587.775874 -258.301364 -1635.506746 -1241.492444 1082.657739 1425.409550 -1914.508357 1059.073759 1508.901162 -1809.695001
256 -2889649.4474067059 7850.766788 943.116144 1415.121915 -1154.980980 -2837.297733 -1610.893061 -345.745379 -1434.850309 -1430.623757 989.344586 1421.226141 -2066.126233 1900.183532 1353.619683 -1880.502878
257 -2983182.6473927740 7941.959943 906.565908 812.595837 -1317.744130 -2771.423954 -1342.454959 -859.693764 -1770.903440 -1823.308964 460.167739 1183.768295 -2301.497648 1818.276711 908.985676 -1818.058902
258 -2751848.7650194266 7638.657683 784.644321 1141.342821 -981.583087 -3009.067384 -1174.688394 -1356.890010 -1653.837675 -1959.717829 421.720600 1374.836056 -2427.242815 1943.414189 742.202410 -2319.541862
259 -3088262.0475183539 8092.928002 684.023568 1095.796120 -1120.190126 -2195.959293 -1616.601062 -775.612151 -1781.880154 -1804.959131 1011.536547 1469.334320 -2039.255683 1613.544757 788.177624 -1797.978586
260 -2959990.3629629835 7909.932787 374.767973 858.336207 -943.942784 -1844.658694 -1742.801946 -462.465915 -2105.467742 -1889.105719 1537.333463 1504.081915 -2340.447142 1408.807772 195.381430 -1729.182459
261 -3200147.9936695360 8234.564426 624.786016 1254.935234 -1642.649807 -1972.936238 -1619.221633 -632.702560 -2114.834586 -1343.039162 872.971745 1894.067955 -1965.006040 1899.570928 943.453466 -2086.140105
262 -3300427.8760487554 8341.880613 857.592293 1072.502132 -2254.893616 -1588.275983 -2687.977950 -749.617076 -2466.992562 -1421.515164 985.144835 1199.101199 -2111.651526 1272.667612 821.106349 -1932.814284
263 -3284568.0073174085 8324.646396 1010.690222 1455.601026 -2712.067827 -1072.990588 -2703.382001 -1029.773234 -2466.121540 -1866.070171 875.502797 1626.493500 -2346.901419 947.599251 816.520477 -1843.689141
264 -3528738.0587430964 8644.047018 542.579522 1058.230927 -1974.362474 -2076.253898 -2454.475036 -322.329394 -2423.538035 -1451.151183 672.165074 1418.956848 -2346.959604 1019.073694 609.808124 -2605.194256
265 -3421746.5212134160 8525.150919 462.556319 1244.293826 -2242.543490 -2321.445122 -2271.968900 -372.098272 -1699.833075 -1590.588792 860.126204 1609.729122 -3180.867611 930.902204 774.609907 -2231.450192
266 -3517488.8656422794 8639.332659 577.547981 1294.062338 -1929.490538 -1830.279831 -2534.256754 -23.735113 -2634.973742 -938.060493 427.262620 1902.458711 -2155.618237 1005.520698 204.199125 -3059.845418
267 -3767668.6086166929 8934.424166 576.842820 946.654708 -1537.489280 -2016.363523 -2220.966310 -291.958485 -2354.759829 -1578.582467 -4.712200 1221.680031 -2210.408256 667.663193 464.722755 -2504.435758
268 -3978102.2426000880 9176.908555 443.397556 1195.425339 -2263.216909 -2667.483478 -2250.891135 -152.777440 -2831.171090 -2037.683901 104.882334 910.540001 -1959.659280 282.908043 20.003634 -2770.894228
269 -3728105.5729889618 8872.266087 421.988032 1145.346373 -2236.144427 -2208.260994 -2228.216125 -126.010310 -3293.537842 -2614.543593 359.758585 877.750524 -2103.380979 550.616964 448.487725 -2945.983997
270 -4345274.8605904151 9588.758829 406.510485 978.859591 -2535.775581 -2893.788814 -2537.795801 44.108133 -2563.965377 -1673.578546 -224.611222 1176.838054 -1929.040515 -91.109108 75.704402 -2880.733014
271 -4479633.3064550636 9736.285754 984.978683 1254.587111 -3071.251559 -2909.203585 -2141.114644 256.688625 -2114.594706 -1610.358145 -300.021044 1376.831142 -1530.356811 345.964110 -153.243934 -3012.627631
272 -4792683.4130216222 10058.908639 777.659874 1336.985550 -3299.289718 -2530.464707 -2612.831418 -81.437854 -2564.272742 -1228.418049 -457.285563 1589.666351 -1112.445569 -72.954319 157.258351 -2478.767289
273 -5275844.3087378647 10550.682412 50.253839 1478.999327 -3525.811374 -2130.302030 -2695.356793 227.988059 -2629.658323 -986.668560 -315.764537 1152.223720 -1810.428484 -194.327276 333.370677 -2552.418769
274 -5171733.6389555428 10449.826185 223.241509 1138.775992 -2747.814584 -1880.970519 -2525.499197 455.607413 -2900.337637 -501.349710 -323.574947 1674.223098 -1972.953740 214.961342 482.700590 -2966.157623
275 -5224920.3152159993 10497.051045 86.355833 1394.517373 -3500.619305 -2097.380933 -2570.479319 29.175727 -2578.114911 -1215.385394 -130.374750 1270.608064 -1702.125276 -690.395889 792.875868 -2182.819836
276 -4883043.7722985623 10199.388371 170.525740 2254.963878 -3232.833109 -2365.972625 -2523.952637 258.141757 -1907.625770 -848.979531 -357.491844 1159.826090 -2026.409555 91.407267 -208.798995 -2044.102925
277 -4332406.2833841480 9553.448696 -98.888786 1551.940915 -3837.396255 -2403.809290 -2246.893274 485.504572 -2424.291467 -716.561199 -19.399309 1325.751169 -2312.765812 -491.338799 937.777205 -2411.035443
278 -5032043.9344010456 10290.027117 54.681988 686.518182 -2901.104858 -2415.812771 -2339.395437 308.462413 -2841.287290 -759.533771 -1069.868099 1468.745540 -1972.181400 -460.709141 -464.263020 -2914.642773
279 -5146193.2623963989 10380.257932 282.897320 654.702668 -3457.113541 -2056.774450 -2321.270109 -124.420861 -2866.592730 -556.518637 -817.524682 1223.265378 -1879.950078 -539.813723 -419.403170 -2804.917090
280 -4845222.4805629235 10130.416149 -215.389345 1502.345218 -3746.477845 -2506.589676 -2894.873736 532.498229 -1776.507532 -1303.810100 -536.968616 1925.831340 -2424.065277 -396.274285 596.021625 -2674.734158
281 -5514565.8533693356 10797.921702 -26.420313 1646.546474 -3245.109708 -1817.591170 -2397.403428 -58.915127 -2719.678273 -1355.670810 -268.708102 939.919589 -1536.227675 -210.216700 376.723106 -2607.398995
282 -5022892.3383281603 10286.854408 -271.381375 1231.582879 -3361.195924 -1946.191271 -2227.601835 -286.677173 -2520.052396 -1297.226843 -433.059443 1094.887317 -2113.199767 -71.727092 349.338761 -2829.981621
283 -5222242.8208105415 10510.870875 321.359833 1177.450201 -2764.084952 -1805.439662 -2080.790601 483.485220 -2325.014265 -1226.793188 -714.752502 1527.746996 -1208.010329 -67.460586 507.593989 -2954.386194
284 -6155727.4112473289 11454.739497 -504.299198 2133.350449 -2104.910117 -1916.163077 -2328.869653 141.444588 -2645.920101 -1270.151351 -636.521180 897.551040 -1089.218775 -529.299778 658.955013 -1891.268302
285 -6601327.2398836082 11850.565480 -1122.419234 1795.255920 -1394.330397 -2144.043206 -2458.108312 -549.880086 -2515.546128 -922.377479 -892.790007 851.532881 -687.360253 -510.047055 987.823619 -2279.855689
286 -6359273.1457122732 11634.840573 -1281.161673 1680.449621 -1667.163156 -2196.052285 -2297.523891 -811.790779 -1560.297783 -938.640916 -1008.459413 762.558182 -718.575521 -677.096754 918.109079 -2086.827407
287 -7082586.4454248566 12245.707208 -918.173000 1419.543881 -691.696906 -2167.772227 -2197.681405 7.092319 -2946.165886 -502.896198 -472.467524 337.769607 -855.618739 -372.612286 1138.287032 -2590.136936
288 -7517468.4556915462 12617.493780 -971.364811 1606.916010 -694.729863 -2225.993946 -1876.998783 147.374925 -3260.690661 -445.706352 -817.730974 514.969192 -1086.359208 -406.043714 705.837054 -2114.642896
289 -8310979.6972132232 13231.994857 -952.041260 910.984016 -254.590898 -1933.882523 -1068.351055 307.775754 -3128.147363 91.630223 -856.601020 435.974481 -2295.834633 -385.385478 411.016057 -1656.152016
290 -8462525.7470181473 13369.630979 -418.577754 1366.977059 278.856603 -2219.024351 -1316.276073 435.059547 -2560.856115 -650.026963 -1049.940327 409.755268 -2104.827783 -223.425170 118.647355 -2015.349746
291 -8794380.8828726932 13625.384158 133.582601 1628.208086 744.900980 -2370.547325 -1415.045377 855.152933 -1902.941601 40.918899 -1631.078456 13.422960 -1827.303538 473.385474 -96.934356 -1578.190326
292 -7992241.0065338118 13008.045498 -507.616956 2053.091606 899.127990 -2108.555031 -946.203730 932.102812 -2090.103177 -490.894424 -1546.259563 275.273239 -2027.271841 30.634024 -210.059627 -1609.040325
293 -8049395.7844314761 13033.637977 844.087032 1984.284997 934.118120 -2483.044790 -1470.137089 961.485784 -1607.066712 640.684479 -2034.442645 -380.436944 -1008.181185 999.494596 291.203456 -341.926229
294 -9218942.6640782617 13938.234506 741.589414 2381.654253 1355.041439 -2017.907389 -1881.689327 681.250022 -2228.977922 643.082302 -2359.350623 -530.377188 -2188.374752 227.390264 -730.382092 -476.775067
295 -9875959.0245463699 14407.780464 674.888172 1487.668857 1905.250831 -2355.065605 -2806.799406 942.735715 -1587.911204 -285.506524 -1813.522619 311.102717 -2377.110106 23.665522 -513.467792 -521.884751
296 -9730447.5899829362 14282.201142 348.467237 1050.437035 1981.313183 -1990.091680 -3120.018834 976.695264 -1619.573058 598.258895 -1859.473582 834.389829 -2473.324023 -227.147611 -751.528373 -218.910499
297 -9000134.4331809618 13723.526014 819.641153 1332.235653 2768.467485 -1991.280753 -2800.751414 1151.748493 -486.672637 -156.680358 -2505.886325 661.756324 -3078.972647 66.083652 -556.238623 -420.214852
298 -9347646.0740070716 14055.023758 299.037501 1920.252320 1080.497304 -2569.241877 -3328.935615 1069.956825 -1928.397868 -512.267507 -2816.222806 1522.644460 -2581.759409 178.127176 -1541.067038 -639.674004
299 -9375854.8012831490 13998.858950 339.750169 142.890607 2201.148420 -2720.643886 -2429.618527 910.699976 -1633.070940 -441.815406 -1782.105164 646.551502 -3130.958190 -591.825706 -535.445998 -176.476622
300 -9730767.6182599999 14338.967933 70.178446 2145.865716 1467.040207 -2385.515482 -2992.673706 1468.349312 -735.535457 117.030583 -2523.919014 231.254987 -2700.108084 1255.485933 -189.213310 -787.187142
301 -9979581.7460381817 14520.168978 537.814123 2039.641785 1707.361919 -2279.516773 -3936.303292 614.494220 -1165.323581 -819.790197 -1654.028314 467.610911 -2572.666428 -174.202539 -528.055198 -363.935840
302 -10246702.6241998523 14747.071596 -60.983701 2719.411158 1418.502967 -1571.985371 -3177.644500 655.585836 -1195.327831 -1109.232131 -1695.123523 911.071622 -3043.294618 -925.482843 -921.404063 291.073926
303 -9732792.4745896030 14358.091658 -321.163992 2365.204737 1048.476897 -2054.423476 -3655.959860 558.734200 -1628.455698 -1056.972069 -2103.400706 780.326919 -3632.948399 -1468.802498 -790.470246 747.581893
304 -10960150.6019611116 15239.164525 133.973382 2141.803541 537.749945 -1881.276566 -3697.994065 305.287720 -1487.975223 -1298.597582 -2269.045559 -73.787205 -3053.104166 -408.144455 -1549.272486 816.522167
305 -10656069.9296269659 15032.932856 692.521194 2369.503217 1261.065879 -2838.131588 -3818.420999 -65.632536 151.192206 -1557.347507 -2284.161271 166.416133 -3765.788674 -591.324787 -2648.883927 1222.376459
306 -9357501.1157440860 14097.243314 456.224449 2319.498157 468.272327 -2035.753969 -4284.397945 549.373951 -724.201026 -1083.484089 -2335.177963 -554.708428 -3131.100653 46.706721 -559.866326 948.291030
307 -9552776.0903502610 14208.819319 320.585655 1250.265917 1108.259832 -1058.462997 -3495.152092 -20.704905 -195.133069 -977.356909 -1875.748955 -260.040156 -3139.935062 -127.240350 -2295.505665 322.283753
308 -10283132.4472705927 14747.718327 1121.207230 1454.740069 604.539475 -1792.851215 -4370.346333 377.130983 -1097.034778 -1345.309872 -1888.302146 -517.000472 -3347.228388 -653.408989 -1754.511513 272.039858
309 -11476965.2015208285 15622.722127 110.292994 2713.320651 436.346616 -1681.885432 -5030.473400 934.351317 -1080.913260 -861.962587 -2273.468788 156.523173 -2916.198702 -293.865720 -1622.300256 1291.745078
310 -11089061.0620558485 15333.470112 222.699706 2727.551024 676.551305 -1929.328642 -4680.329165 339.389536 -1350.898503 130.708015 -2922.947473 441.970996 -3685.103772 547.663915 -2159.464460 660.990908
311 -10684133.3205441684 15136.868384 291.101549 3870.396927 -315.103060 -1527.073580 -3729.489021 1021.623969 -668.985390 -1250.153371 -2437.156454 734.114047 -3227.617044 -462.419018 -1861.502764 1934.869372
312 -11908245.1377624013 15903.776314 -644.177414 3040.087244 572.870017 -1110.810389 -4278.239409 933.309744 -1376.171888 -63.798209 -2444.520205 -699.348983 -3661.056566 28.638295 -2297.828352 1454.707611
313 -11126229.6518265028 15347.628562 -1419.707811 2446.711064 163.811401 -1495.451316 -4277.988859 1590.193797 -1962.138543 919.965254 -2042.848343 -852.719143 -3651.495645 931.975250 -1988.180927 290.214721
314 -11116639.4735292196 15368.642843 765.507400 3532.922377 172.216831 -1454.696633 -5028.356871 1589.077146 -2258.772737 184.573837 -870.609010 -803.258749 -2536.092394 -1050.836136 -2624.479605 2633.950050
315 -11908069.9639883526 15901.770897 -622.315519 2260.961077 -78.983551 -346.173920 -4049.569722 582.846994 -1030.724490 -1048.087213 -3320.605330 -287.395005 -3788.845754 -523.242392 -2053.227290 928.875217
316 -12879998.7087661196 16556.387621 -211.242276 3180.012453 376.866402 -777.255115 -4374.512161 1679.721987 -1072.904020 169.365958 -2261.648376 -281.748935 -3143.292619 -377.598418 -2826.194377 700.811457
317 -12384777.8237560540 16200.224824 -752.140179 1611.374490 156.894568 499.260046 -3722.693151 1263.278088 -1793.162279 -256.955025 -2360.240803 958.222257 -2521.348814 2.164519 -2894.592527 271.820626
318 -12966202.8279734068 16652.674244 507.899603 3454.939163 534.870962 -1203.457366 -4056.905995 2139.247754 322.350100 -1232.413193 -734.885478 210.684211 -2330.126922 -966.428831 -2443.532326 494.053240
319 -11887093.6048596520 15972.952591 1995.290651 4114.865180 -1126.501363 -1603.708317 -2317.282760 1446.300133 -99.805354 -962.834685 -663.219711 -1379.910066 -1691.723291 -1372.035968 -3382.240412 -16.956582
320 -12494232.3694530372 16351.421782 -464.030969 3623.549464 395.009927 -1007.439746 -4812.599648 4272.886215 223.448573 -1048.011703 -608.878309 227.430425 -2060.464519 -1842.060216 -2314.142640 2036.329461
321 -13704014.0040183533 17126.032913 627.004649 3662.302838 391.242459 660.519290 -3859.634011 2194.246195 -106.809624 -1495.887603 -912.244919 -193.960984 -2669.161820 -1505.035940 -2141.381855 -385.942410
322 -12372256.6849726867 16272.631289 1320.715078 4283.705939 852.802655 293.010749 -3242.808697 972.160751 -550.331312 -379.154316 -696.690262 -993.694501 -1740.004170 -1483.627571 35.564500 -479.046510
323 -14034206.4041021951 17332.327149 522.297929 4391.161023 952.756838 795.874318 -4648.122510 3339.973316 -949.537669 -148.869390 692.349559 223.709712 -2718.748993 -1632.398160 -2047.103473 -864.565110
324 -15032000.9840428233 17948.342535 795.595942 4266.018380 -500.333977 1633.361063 -5408.162491 3985.432871 -232.144047 675.496274 625.653030 1456.103322 -2473.480912 -1691.681136 -1105.356091 -345.574652
325 -15878050.5836234856 18411.149402 1819.057405 4324.194745 56.030781 2467.496337 -5367.143125 4563.777699 -471.018920 1558.024700 496.878364 1852.688860 -3011.393152 -2354.527422 -399.682186 9.528937
326 -17447693.3404486105 19293.547047 846.171221 4664.836861 705.415194 2914.234564 -5643.048197 5091.542869 -24.189955 2874.678774 331.675643 1441.850202 -2128.695598 -2182.734032 -683.789411 -373.018840
327 -15789505.8439867683 18297.742777 1834.879662 3454.525774 684.391218 3596.483207 -6019.245273 4777.185957 -603.575377 3495.782351 -48.976280 1191.915060 -3079.891302 -1517.399167 9.059352 -553.024514
328 -17339712.5836190283 19325.068781 739.215715 6084.711862 83.592068 3385.852736 -5408.535722 4523.614834 -695.733444 2532.947875 807.241718 -356.797917 -2821.068036 -385.229130 -734.914142 -997.260529
329 -17498085.9727994055 19305.897910 1751.119235 4642.577196 1612.049721 4424.697831 -6331.478464 4020.899841 -425.341622 1569.689399 1573.099384 2102.967710 -3273.242149 -3270.145004 -1573.418898 338.778505
330 -17464234.9780430496 19264.875253 2001.182907 4174.971435 1432.631670 3232.340605 -5311.005898 4173.454418 776.371977 1043.663181 2381.495218 2079.393081 -2526.635250 -4046.833811 -953.588451 375.544231
331 -17962324.0896022320 19554.408565 2053.018338 4411.145082 437.007603 4042.226970 -6969.248713 4440.268625 -110.573133 2323.992794 1783.293952 522.928702 -3478.578361 -3374.595538 -1352.773610 566.078142
332 -18310898.0096827969 19734.201715 1536.369287 4932.798058 1454.995185 3827.963385 -6775.020388 4306.788393 -200.806124 2184.156830 2421.301705 -187.096798 -2244.114471 -4138.880342 -1728.393814 622.498383
333 -20128358.7359100841 20693.833275 2091.369831 4343.450311 559.484191 3290.051560 -7621.123447 4841.684383 -337.091409 1716.199063 1961.656328 440.990020 -1694.316770 -3381.737840 -1581.703162 383.969722
334 -19474673.2362442054 20408.959826 1243.440191 5631.425898 -1157.816584 2850.207227 -7754.670018 4655.689712 -165.883332 4268.196560 1184.307155 1582.021123 -2086.200604 -3057.908665 -1112.545291 359.335546
335 -19009009.5751470998 20055.202904 1801.688932 3038.673396 1093.664886 1379.373491 -8576.942362 5269.514990 518.025766 2749.788592 1950.744895 1114.225143 -1315.681726 -3537.100660 -11.178887 -397.713149
336 -19742246.3696609251 20504.994086 2294.587497 4279.422301 515.671098 4263.967941 -8102.920288 5126.920554 -233.220076 307.440116 2453.902360 -227.811215 -3482.871692 -3951.262945 -3161.376144 1184.430353
337 -19653522.6873793826 20500.061187 2311.315651 5189.175384 299.926431 3513.094328 -8556.931248 5107.668339 462.336254 2348.801720 2211.671939 1232.100081 -2034.866012 -2521.641090 -2044.649851 984.501366
338 -22248813.4993482381 21734.518766 1797.410746 4496.017279 1946.822678 3973.841632 -8687.246295 5143.796222 -962.828264 2042.395999 1103.192165 1889.545425 -2212.198592 -2839.203687 -2006.827658 844.073372
339 -24273303.8766495660 22679.956437 2619.103507 4249.700267 1662.644776 4185.973745 -8889.418601 5764.900741 -784.486061 3155.330331 1803.611954 3179.563174 -3552.502583 -2404.220377 -2114.471999 1240.319509
340 -26066991.1986501776 23458.829410 1904.015097 3048.935340 1718.738781 3430.212456 -7177.290256 6633.962235 -731.555659 2888.119204 2114.720063 2999.252906 -2227.496107 -161.049315 -1271.516155 2702.546968
341 -25881565.7434768416 23383.916395 1893.187185 3681.579906 1457.682417 3586.874525 -6880.481999 5757.855438 -2295.888524 1890.195439 2274.738343 3213.914591 -3400.092947 260.918271 -599.513433 3888.819742
342 -28488366.3812476546 24485.396322 2271.984401 3332.771344 2536.403307 3191.583825 -6754.247208 7566.187252 -2184.736510 2937.240376 1812.688579 3483.555222 -3431.075428 219.589110 -612.445777 2987.041012
343 -29583356.5204786137 24961.750028 1353.191554 2909.876044 1513.861494 3291.645034 -6907.930249 7831.738801 -2762.735025 3279.203148 1148.832784 1657.301144 -2477.101817 471.826022 -2554.930716 2377.103458
344 -29018198.5603200570 24742.111304 2760.564347 3497.475222 1013.944127 5031.167625 -6780.533935 7964.468707 -2094.940819 3822.904078 2023.295615 1019.666473 -2101.194837 -477.470432 -2830.885331 2680.184659
345 -27859175.9693091400 24244.696123 389.115003 3504.594441 2008.803127 3006.411786 -5681.250562 8275.884547 -1406.686049 3304.033641 99.751201 2423.115331 -1496.880261 371.927648 -1829.428505 3105.589244
346 -27711131.9008773565 24174.588903 2099.529420 4013.649339 1418.962533 2526.455601 -7192.109547 7798.610361 -2910.529387 3504.890994 1410.913845 2219.216118 -3570.375981 -984.448538 -159.709246 2222.505865
347 -26995951.6375595257 23892.128615 1063.951900 3468.489809 1378.683727 4613.424877 -7598.289505 8723.403052 -1175.354172 1661.755124 2392.730858 2765.053276 -3549.083039 1984.506530 -736.578463 3074.591516
348 -31312785.5793441869 25727.914011 1348.445216 2585.605179 -159.534861 3930.559598 -6515.945220 8640.024584 -2532.624536 2322.677953 380.694583 3369.385389 -5050.319250 797.831211 -3369.141858 881.841465
349 -30928673.0020580515 25561.574915 1746.794214 3056.731211 -1647.712823 3691.928427 -6122.956489 8448.428210 -1519.813889 4528.705190 449.701349 1508.263158 -5477.020872 16.688274 -3843.865027 1670.886451
350 -28747034.2824835293 24604.128905 558.558599 1189.350001 -1046.174143 4242.960003 -5589.530547 9130.262165 -1993.838158 3694.227864 811.266159 2347.204031 -5627.961247 -859.115496 -3074.785074 2681.349422
351 -33259452.8319791444 26523.194478 803.929683 1429.899260 1000.808869 4384.440713 -8941.366444 8525.065797 -1461.464853 762.429589 582.882376 4081.350136 -6887.260968 1811.672288 -2283.888284 518.384119
352 -32411920.4807543755 26206.335731 862.952095 3877.914053 1202.971887 5073.029932 -8886.605612 10985.980354 -1381.776558 929.622058 1354.135425 1570.573451 -7596.708324 2417.300951 -1537.176655 105.806077
353 -34600538.6623143852 27057.445117 -612.841061 408.679938 362.624755 5263.256800 -10118.325913 7218.024724 -110.677423 1906.097190 2776.442447 3827.227468 -6518.856136 2486.899603 -3584.973735 -547.410624
354 -34233449.3208848163 26867.103186 -1681.725297 219.192139 1867.868311 4751.221089 -9961.995645 8096.847145 346.025366 2802.984446 2675.444481 2211.157907 -7255.166491 1987.793028 -2767.414819 -1055.530089
355 -35591235.1481947452 27432.801490 -785.291561 1750.031843 1351.735269 5754.359516 -10441.998384 7803.561442 -576.086317 2294.607010 2605.475374 3931.278992 -8300.457142 3847.012616 -3238.958393 -78.620678
356 -35855985.7400223687 27548.309714 550.041716 840.842840 1384.366441 6908.396177 -11432.400734 7349.458952 1081.449028 3015.545838 3353.703010 5560.803337 -7801.937761 3656.804006 -3912.181367 -1365.354309
357 -39753227.9654774591 29037.093006 2181.632393 1241.482651 -903.684296 6581.147293 -12112.040705 7117.009594 722.723321 2593.137945 1897.311418 4833.597561 -5381.504582 3614.411952 -4110.925289 -1297.154621
358 -46486059.2300323695 31398.272683 2232.425041 1592.281601 -1415.624837 6783.775771 -11183.884772 6480.088222 1954.300704 3106.388367 1826.163921 3749.937034 -5497.133859 2631.897568 -2118.818951 -769.755453
359 -42395943.8453108296 29992.177480 2845.814411 1753.807970 1.587171 7221.893359 -12851.373526 6814.463368 2324.776866 3617.215082 1443.509067 4022.973411 -5936.945850 3464.755529 -1329.592680 -1149.356010
360 -45885784.1916403472 31185.183753 3219.421373 3012.809071 -1962.144684 5908.115766 -10801.783486 5624.323878 602.254483 3964.379625 3836.215299 3909.540349 -4646.938386 3605.582964 -976.303921 -538.356926
361 -43661762.4618091285 30422.746369 2639.328290 2468.785865 -2873.816504 7388.276121 -10705.150164 5747.878781 1439.335593 4538.416998 2362.238971 3429.261256 -7345.498193 1958.679030 -2824.701085 -1648.917687
362 -46235991.2052988485 31334.025981 3072.166155 2319.236310 -1389.742792 7393.514993 -11858.637248 8687.204947 3401.862364 3531.757625 584.864362 3677.714086 -5632.029332 3344.548678 -1803.947396 -2878.163515
363 -47887674.6605451554 31845.355658 3605.050269 -317.103294 13.200444 7681.404375 -11494.174885 3781.407749 3915.034906 4160.341597 968.673376 4574.130350 -7681.251634 5241.094602 -3634.642201 -511.715508
364 -47114091.5922552943 31541.416649 3769.257806 -1673.675028 1940.817460 5329.933076 -13450.867852 4528.100064 2819.498657 5310.559331 292.392435 7265.723258 -4867.952333 6107.759429 -5168.177547 -412.653216
365 -54335455.2134263143 33878.468436 957.118028 -1055.490777 -1941.810527 6628.009228 -9312.588935 2224.339845 4914.830297 4507.176425 26.233682 3696.657129 -5673.068903 6776.756241 -6719.782043 -295.117192
366 -63054095.5333966464 36496.705877 3996.172539 -879.421111 -1496.346549 6379.998662 -7733.727276 3135.948554 5832.137039 3699.890276 -424.449852 3139.105860 -6637.790648 8268.759424 -6738.525263 115.256246
367 -57853263.8383482397 34962.973541 4522.398591 -793.533898 -253.578705 6439.705363 -10135.528312 3935.273254 6189.592229 3914.366868 616.796087 2376.288514 -7174.384575 9006.044247 -6607.692133 168.071989
368 -61151138.0398711115 35982.267716 3434.832502 888.326580 -251.087845 6459.584349 -6953.412521 2332.281697 5836.265035 2742.367831 -610.523610 3359.901838 -5800.230794 6851.116339 -8899.877188 -612.051903
369 -67746995.4145149142 37796.223114 4499.567511 -648.317270 -1322.031086 7139.099943 -8826.487567 4471.009812 4770.848225 6081.588311 -168.522270 2049.424240 -6676.570213 8470.480679 -6547.682985 -1559.783971
370 -67597166.7795789391 37765.854820 4314.592445 -1310.207763 -1105.855474 5611.824639 -8792.835404 3855.461761 3305.920417 5256.638002 1243.068405 3007.218727 -6039.171864 7057.371813 -4527.950911 -2524.037157
371 -64312696.5134792998 36815.022605 3819.415770 -467.118471 -1290.932041 6350.599732 -9099.370808 7106.217682 4200.955918 7110.280991 1073.818880 2497.492903 -8187.561456 7512.908558 -8581.902387 -4130.352523
372 -73820561.4567824006 39447.423426 3079.716401 1216.535933 91.007635 5450.898626 -11235.720704 4135.892880 4173.949586 6427.735278 -1563.358617 662.137436 -6965.637464 9040.190235 -6162.942701 -1760.760154
373 -74977793.9363954067 39792.977076 6342.641416 4074.037713 733.661283 5991.414402 -11759.112971 3311.180836 3859.678936 6840.067464 -1985.747523 1202.631004 -6185.390241 10075.795218 -6111.491366 -1620.523411
374 -86759640.9890539497 42784.136414 5151.060522 1868.086713 -558.915754 6105.852936 -11029.917897 3009.133565 3763.163475 5604.650099 -1656.895424 663.442106 -9896.819064 9706.633161 -6126.150916 -439.466415
375 -84349732.9164199680 42153.708040 4752.634791 -104.188362 -2167.816888 6475.900990 -12517.379925 1658.307448 4149.842176 6616.703036 -2831.172326 111.886548 -12399.419286 8685.716019 -6242.350379 -1586.293244
376 -78061760.9018236399 40550.449814 6657.962051 921.454239 -245.843760 6608.322963 -11828.649289 2026.554485 1832.174923 5841.203409 -2009.357566 -1612.166821 -7531.656816 8935.841903 -7457.269666 -689.243472
377 -94013128.5815656185 44531.791277 3929.565249 489.092745 -1158.501909 4900.313716 -11151.057425 702.425776 6398.005798 3927.003424 -2703.078948 392.227714 -9329.807089 10532.988371 -4699.091716 10.111694
378 -96636857.6323668808 45166.793436 4808.480797 -238.442250 -44.281793 5509.494306 -11865.399599 2429.128083 4838.111691 3364.080961 -2610.783207 1611.659705 -8681.288783 9849.474651 -5615.773950 946.169736
379 -109994736.6147009134 48138.587034 2619.916286 -564.788832 -780.831756 3112.385010 -11132.746072 1578.129477 3157.402011 2729.245013 -5058.383140 2159.186446 -13906.178870 11338.602322 -5002.860837 277.275820
380 -111342555.1981960088 48475.900995 3857.261288 1736.123634 -577.327606 1968.721334 -11436.641312 691.302498 2449.078672 1581.074422 -3445.930540 867.698959 -14326.009012 9979.860407 -3780.517585 -679.753124
381 -109401433.5944279283 48076.033525 6943.084849 143.636448 -1890.032509 -281.483100 -15258.795697 2297.270973 2484.654669 149.447791 -3933.896610 394.931865 -16822.118818 10921.752297 -375.740725 1313.568619
382 -111762255.8099638671 48529.480347 1508.897011 663.724172 428.413271 3424.791272 -12122.722733 3337.243859 -83.333613 3263.049106 -1733.342285 369.368733 -14015.574684 8974.606535 -5655.062771 1937.287326
383 -112339669.9821555167 48595.768887 2359.903234 -757.108878 1276.022651 3189.653458 -13471.755309 887.866676 -2178.751961 3569.368184 -3504.683756 -352.702044 -13154.617869 9113.117912 -3801.752287 -502.304289
384 -117377840.9323564023 49564.610022 2361.014769 -1195.102013 2121.665355 968.022972 -14962.407414 1754.044965 -4051.350672 3269.588207 -5602.229781 -1983.320691 -14629.501067 13872.065464 -5068.848345 -1353.524855
385 -122158441.3628722429 50532.574725 2505.281273 -1275.627367 2483.607303 2979.385823 -14776.748949 726.113725 -5740.851742 4399.073530 -5301.766363 -651.468640 -13988.153851 14892.654092 -4124.396866 -698.949384
386 -124751118.9610315859 51050.786292 2501.655337 -473.993897 3383.410740 1718.244270 -14985.262372 2641.305241 -7312.213708 4159.627332 -7027.712640 938.067490 -15704.618045 14496.361244 -3253.055723 -3899.426202
387 -123934590.8535620719 50919.691828 2640.710426 -430.163506 1480.356431 4168.826326 -16477.993897 4159.305121 -10404.687750 3894.198032 -7228.439179 1850.333473 -15317.913942 13216.349385 -5751.143481 -2194.469106
388 -134561126.7329804897 53047.548004 2303.348683 1908.463484 3005.601916 560.064832 -13033.555647 4086.711907 -4680.824759 6137.642256 -8102.846751 2427.998721 -15264.038825 16002.034291 -4284.287621 -6412.273856
389 -127929096.1467299610 51821.940153 4173.281539 3104.675670 1710.441521 299.272699 -14497.617245 3963.215515 -4964.690329 4477.713745 -8697.408320 2059.824743 -14296.512730 12999.974516 -4437.234870 -5005.006781
390 -128703817.6833453625 51894.684035 3971.828430 672.082048 2209.326998 3329.226089 -12351.970816 5318.810182 -3506.738329 7007.890737 -7618.325339 3273.583678 -14498.351303 15541.364447 -4554.580253 -6800.959118
391 -136100989.5166947544 53351.706739 2023.046527 647.679445 3524.142813 830.896463 -13910.423921 5223.084935 -4182.477283 6518.574571 -8564.611075 2405.707745 -14671.569726 14409.310847 -1562.827831 -8125.327796
392 -123189238.3938901126 50728.191953 3947.116473 2298.562992 3880.969405 827.091740 -15032.209562 3731.728627 -9293.814534 6998.296481 -8764.224039 1971.931963 -13602.378428 11916.280134 -719.318280 -7000.712616
393 -143200773.1193740964 54770.539559 92.572389 2797.726951 3694.875238 1875.305919 -16995.722783 2048.384520 -3181.629521 8075.881700 -12753.519989 5336.084672 -13370.654537 12669.060147 -4608.758510 -10582.219176
394 -144549084.7363654077 54951.575033 1625.102486 890.303305 4778.475039 1225.022293 -14690.689249 3908.970334 -4803.213498 7622.722039 -14313.344765 3950.556147 -13157.994272 11440.035371 -3709.691683 -8005.832820
395 -150470164.0842688382 56062.274323 1153.856322 2366.993825 5476.780628 -1379.750701 -15233.204129 5800.808257 -4045.663721 8721.815610 -14401.044163 2597.037274 -15127.031071 9854.195750 -1380.879362 -12698.014412
396 -148672004.8354936540 55839.709173 -1095.420046 5981.341552 5681.437666 -1027.578032 -15239.445315 7049.584615 -602.474703 9561.647764 -15884.848568 5722.811142 -16826.152495 8859.210419 -2381.000860 -14142.695847
397 -157114571.5675634742 57177.658637 -1009.523429 -1313.117308 5958.912245 1143.691466 -13834.475126 8136.866710 -4010.228338 8299.319656 -17934.308157 1737.538395 -18100.257725 10738.790709 -411.840228 -12741.887247
398 -154295516.8194966316 56637.973627 -3740.239665 -943.181806 4253.678183 552.388358 -11144.724118 4165.035337 -5447.015241 10986.080162 -17895.739796 2113.128625 -13315.343911 10644.122449 -800.413832 -13831.255472
399 -154835909.5944267809 56709.571672 -2885.993631 1488.956303 8040.343551 -1646.979088 -14055.530887 8173.051253 -4141.481869 9366.491394 -16373.935181 1466.852141 -20780.842813 12290.030924 1049.758969 -11949.423531
400 -164000653.6959669292 58280.037528 -182.370834 -57.748856 10700.293510 2668.675250 -13743.339569 7465.627650 -5564.570256 7714.732633 -18312.414296 1630.519237 -19076.281534 12883.071951 -2374.100279 -12562.173012
401 -151884749.0025470853 56051.509121 533.955053 -283.556355 10910.503611 1884.212300 -14902.360738 5453.055054 -5019.543667 8267.311023 -17463.563441 1637.098427 -20990.831658 12488.119252 -863.648661 -11223.704488
402 -158376681.7918688953 57116.808935 353.731793 -2550.378075 11698.722895 2265.638292 -14950.054356 9054.671798 -9430.004735 6483.830836 -20898.292395 1768.402202 -22974.289505 13792.492179 -6281.801182 -12846.955692
403 -137968424.9301607907 53125.116533 813.961068 -735.232453 16309.486691 1976.865002 -14720.178707 2114.415310 -8482.385922 5488.150522 -16809.606976 1567.719066 -14539.331506 12296.548939 -559.343313 -15125.733164
404 -166141185.0669896603 58698.623286 -259.968093 1053.584593 10543.335719 2794.070514 -14301.655029 7327.258197 -4250.477986 8353.413298 -17347.046557 -892.392430 -17772.632232 11084.854661 -4824.772398 -14529.902076
405 -170016427.9531697333 59436.816973 5801.757296 142.396682 9353.186455 558.703002 -10643.222017 5373.770941 -4175.410647 7597.272963 -13716.296967 -2110.511998 -17393.944629 11710.790691 -3443.700243 -13816.602665
406 -190952815.7884786129 62990.274381 5706.201983 -1787.651987 10883.812148 1717.206233 -16540.184597 3571.706711 -3929.030059 6999.412229 -17769.607602 1128.948026 -12916.023875 11477.439114 -819.530530 -11911.480476
407 -184026300.9177180827 61633.173565 6016.431516 -4313.774558 13272.058048 3059.270163 -15791.799186 5983.920441 -7004.377214 8081.268721 -19057.503391 -4171.696588 -11076.408326 13337.660834 -3652.569370 -9951.948382
408 -185775921.8113698661 62116.729384 5985.881388 3071.958340 12301.855323 2791.064670 -17038.846733 7344.434016 -6328.354252 5043.235250 -20279.112315 -805.877042 -16692.290532 11533.721380 1362.377041 -9986.255592
409 -192691450.0869772732 63217.882195 5227.042215 99.872869 11808.239179 390.710823 -11988.728609 3596.465896 -4510.367045 5992.513522 -19685.841640 878.488802 -9656.863854 13407.623281 -286.446971 -10560.365716
410 -188014322.3314893246 62506.170649 6654.683228 -1530.418210 7880.070231 31.441307 -8397.047578 2651.762745 -5248.726854 4072.299097 -24460.794199 990.563348 -9528.247931 11505.577255 -626.022517 -8069.738515
411 -200645678.9645090103 64609.457382 2178.283788 1605.982896 10351.657231 3787.865024 -10013.110529 7499.372177 -9236.765173 3640.940546 -21436.789314 2529.542260 -7426.962174 13028.439849 594.946176 -7779.587712
412 -198691017.1678267419 64186.186881 1342.540365 2500.659535 15731.258594 4222.639595 -6295.726858 7272.618382 -9050.833928 -589.158691 -15736.659021 3533.670087 -4650.766395 15299.945674 1036.920980 -7387.733679
413 -202372373.4033817053 64766.662478 865.775576 1097.683850 13906.408640 5105.130819 -6636.360291 6323.182005 -12955.808674 1960.290924 -21231.403827 343.489772 -6232.112421 10986.314022 -1774.947395 -5144.324086
414 -203362235.2920987010 64812.116339 903.021413 790.351513 14770.616461 2227.710031 -4785.827246 7761.930673 -11871.711002 26.172572 -26435.048096 -1272.004485 -9654.371939 12972.723712 -929.133612 -1257.875368
415 -197774417.3317555487 63836.965935 788.692834 4648.339164 17583.139385 2381.301507 -5364.255226 8134.612154 -7641.215600 220.810348 -30072.032766 -696.159161 -8767.821009 14016.281291 -3235.928869 -465.955864
416 -222006776.0893931985 67758.709291 1208.324821 1685.292623 15110.593660 3800.235203 -2522.778391 7276.102287 -11360.668271 212.133667 -25541.068213 -1890.030679 -12257.878873 15274.418463 635.660977 -4250.500629
417 -209569935.8874085844 65858.126358 1315.986020 -1957.868831 12212.193297 777.494843 -1357.802290 8237.843740 -10806.303302 -2181.454879 -25850.359988 -970.536380 -14364.704832 15694.560495 4025.576144 -3378.802922
418 -238502429.7073188722 70332.905605 -638.443807 1204.597799 11710.237744 809.044367 -2393.195352 9262.381445 -14392.054794 1049.321161 -23323.064910 -3130.247483 -9790.979587 16888.047400 840.441200 -2956.530542
419 -233363561.0226275623 69571.276456 -903.827995 1264.533369 12174.388782 1106.790661 -4095.560209 10786.785409 -12196.208168 286.675476 -23571.496661 -7235.892444 -10107.473712 14618.931584 930.190059 -2311.541938
420 -260917296.5596009195 73469.301989 -447.423008 458.866536 14374.187608 -999.702937 -4073.602695 8630.345614 -13836.107398 2200.652949 -24847.203202 -217.711367 -10273.984153 18530.399593 2407.848065 -2297.910837
421 -262544036.7802893221 73728.436285 1069.169889 -870.842970 14094.135239 -679.210618 -8067.630318 7941.010086 -14218.038786 1723.066480 -20417.236229 1227.503686 -10628.904524 19915.447404 1260.608851 -1742.118155
422 -247870917.1555342078 71679.928220 -3646.605279 2827.324204 13343.535820 -1857.069653 -4883.996620 3397.308928 -18038.804926 6762.759568 -16849.976602 -1944.892216 -9584.270298 12749.007252 -2410.735312 -2241.289464
423 -271936167.4267200828 75006.097972 2962.454832 977.307339 17111.735096 212.885799 -6123.191563 9225.710172 -9089.406827 1612.750045 -16937.082091 3257.468666 -11432.782110 23853.606380 902.402032 -500.866274
424 -251036975.2019081414 72334.138322 4905.841346 7519.846376 12948.179207 482.741029 -2519.388567 8323.279602 -9464.423625 -163.945734 -17281.533223 -883.127714 -10088.977291 21567.382615 577.128028 -4089.942558
425 -300090511.6131411195 78858.693405 4336.303847 4607.195712 16197.870028 2438.950220 -2425.270343 15225.935714 -12719.148748 3397.783721 -16211.645767 197.070104 -14357.520658 25478.687756 2118.034507 -2887.708766
426 -310597356.2094941735 80216.875124 1629.772498 4212.312600 15089.714573 4074.611812 -1667.541582 12319.520385 -17970.486070 620.752732 -13958.170174 107.241169 -20361.124640 27832.390321 1224.956529 884.774238
427 -279677006.9720157981 76187.020263 3670.465511 7752.742612 13224.331424 8610.593562 2404.974732 15299.499925 -17539.306345 -2928.795370 -17000.633434 -1314.976289 -24323.851054 30229.812350 -3104.601216 -2437.387435
428 -305048835.2376002669 79655.198157 -280.162480 4874.569741 10768.696865 3805.826162 -2778.682854 13691.615709 -14017.244286 1123.920114 -12153.609608 -1802.012807 -20690.287404 28884.130710 -2640.756029 2677.709093
429 -325545601.2857224941 82511.540381 1174.896972 9136.464883 9147.115101 6084.096098 2988.744618 13554.434437 -18328.306350 -952.636818 -16177.262808 3319.740162 -23704.115503 26329.489319 982.412443 4476.506824
430 -300480334.5184218287 79217.547144 -830.682203 10682.136725 7850.827781 4418.453869 2953.933193 17278.021685 -21438.077973 -360.408883 -21828.808889 6197.007728 -24806.427211 29159.742962 384.554621 -718.074788
431 -341144356.2362635732 84464.111117 -2103.393708 12046.163982 10811.490758 9204.709859 384.563749 14692.633785 -22506.585348 3895.422834 -12661.629720 6086.714412 -21714.723575 27526.546815 -4473.434241 6143.722895
432 -390273474.7208456993 90515.870170 -2669.995193 16230.164657 13121.437337 13008.989765 -2944.087062 14203.288532 -18829.794136 249.828922 -16806.027922 11144.547828 -19517.499439 32001.375565 -5629.877779 12195.141952
433 -398178730.9733548760 91064.990739 1171.419866 17680.700104 19348.262621 10547.622047 -721.053187 14466.140569 -18981.114250 1889.457930 -18858.861949 7717.245262 -23852.153156 36178.414586 -6875.964996 16218.895081
434 -348897881.2811354995 84888.878649 -967.786156 17807.030943 22692.866391 8970.419612 -1146.702212 14344.329283 -22706.905904 -2043.481038 -21673.070759 3476.124117 -22103.286456 38745.718724 -6994.830278 19155.036233
435 -397346563.3042303920 90684.821106 3352.293292 15704.764874 22940.179684 10885.802042 -340.323520 17072.790953 -17564.980604 5902.310988 -18128.595337 7174.243440 -24140.979878 37830.521163 -8985.006131 14095.907308
436 -370293410.4143459797 88027.860779 -3823.579222 18687.075412 18011.292111 12996.338738 -2603.201356 17123.089013 -13743.504440 402.608250 -17006.283654 7339.055819 -24115.242295 34427.288963 -12029.097454 19226.372309
437 -383291942.0468755364 88837.771404 76.343656 13997.165270 21061.610377 3063.786876 2187.061289 15833.454206 -25709.117019 -1383.971059 -21627.641272 5267.264647 -25146.074006 40643.270350 -9065.841423 18517.973893
438 -371631065.2817685008 87863.518177 942.577485 15578.734684 16694.024783 13884.489300 287.322147 17574.838672 -18524.688765 6476.461041 -16678.875273 4072.048220 -21479.304626 39701.276458 -4701.464385 16528.792502
439 -374288358.5655667782 88111.962742 -3619.556130 9845.048865 18352.524499 14242.267877 -3990.236051 9010.678722 -19928.001104 686.353784 -16267.911513 13731.892938 -26400.355322 38478.934046 -5185.569776 15643.913590
440 -437019516.0251632333 95515.308419 -1011.812662 20175.990122 20086.754226 11924.039161 -1179.554601 11208.271398 -28177.265589 -6425.701007 -17075.676688 8426.225649 -24105.683005 36570.515952 -14721.850969 15469.838764
441 -489609756.4576486945 101220.871455 -8982.646842 21493.148491 21673.213982 6389.048492 -5763.610377 6408.708602 -28853.340917 -8701.109657 -13995.320710 5462.690270 -18310.795012 33473.792915 -19145.216090 13000.193304
442 -523742327.2498992085 104673.922347 -7542.302887 20395.415884 21303.970350 2647.881449 -8306.112602 7338.836777 -28659.082779 -10186.006439 -18655.680673 6172.355894 -14358.250133 34590.617063 -20182.836620 6918.120669
443 -516148231.8889718056 103694.376654 -10664.888072 14910.662881 16420.975152 2213.048286 -7484.870797 1323.617568 -33280.454722 -14683.800682 -17559.142745 1491.238805 -17323.542992 39384.565649 -19767.002308 9845.632302
444 -487870936.0235714912 101051.580353 -69.037778 25686.804948 23431.873325 6747.144449 -5883.477015 4184.863195 -30723.273877 -8037.242263 -15633.959915 10191.626627 -15464.152790 38592.683024 -19146.291428 2020.367461
445 -486377267.3596712351 100847.813498 997.116082 27867.245586 22289.040942 -1103.320680 -11260.245130 1116.203491 -30096.571049 -13873.369527 -20613.959380 3107.236327 -11958.932666 41194.133498 -21839.887679 7061.784441
446 -512147564.4421663284 103551.766213 -9478.269008 18218.771515 19633.773592 3791.655938 -14283.426696 10115.051204 -22689.202759 -7325.190340 -22643.851719 14101.084435 -14647.890094 37293.328144 -14363.719318 6488.916633
447 -512671462.4086288810 103313.388223 -4889.019977 20004.465432 23014.621769 3289.722561 -6503.343548 8517.603765 -32670.884477 -6437.789892 -22193.591650 1560.478564 -10109.371609 35973.662268 -19444.364198 4303.483595
448 -506665819.8192692995 102919.669286 -3370.029773 22140.525305 21683.935577 -1352.923252 -7289.388581 8390.703531 -27332.085599 -8575.147694 -20217.965010 3984.225815 -16544.855844 32823.190047 -17835.912233 8519.513231
449 -497857885.6268485188 101857.193106 -13912.465442 21516.716261 24888.005969 2245.747242 -1310.475816 7704.877069 -33060.162287 -7239.987840 -22206.751251 4125.524505 -17313.670553 34822.964481 -17276.535478 9720.324437
450 -559150001.9128298759 107790.542081 -3724.777018 19355.527848 28568.157273 3435.308971 -9681.540190 8589.132969 -32345.646047 -12413.389214 -19647.517434 13746.897946 -15218.700767 37314.375230 -17684.133130 606.485897
451 -578685565.0818209648 110033.063159 -7747.543869 22555.212099 26096.517418 2774.008926 -11931.733677 5430.800046 -32187.461728 -13710.892089 -19581.585041 15415.594740 -19237.532038 33852.524771 -16448.639493 1139.936899
