evaluations raw_y x0 x1 x2 x3 x4 x5 x6 x7 x8 x9 x10 x11 x12 x13 x14
1 1.8793399334 4.100261 3.432693 0.333136 3.497718 -2.362551 -2.271629 1.347979 -4.337950 1.594733 -2.052947 1.183414 1.555548 4.957817 -1.318746 0.703258
2 1.6412830353 1.505648 24.051259 -4.073953 2.652036 -13.523127 -1.645877 -4.650900 -21.541224 11.705990 9.046238 3.063204 -15.997288 0.846347 3.173311 2.572669
3 1.6411420107 -0.815673 14.935433 -15.495807 8.838325 -2.468955 -0.154747 -13.217064 -25.520215 19.658315 8.098586 -3.841215 -16.259753 -4.092603 10.432199 -6.387735
4 1.6411664486 -2.164899 24.969654 -19.281202 -10.306105 -1.357552 4.359896 3.688890 -40.597829 31.186894 13.534373 -11.432932 -18.647976 0.351081 10.513217 3.252592
5 1.6411663294 -11.491036 19.589289 -0.872465 15.080891 -14.271171 2.252523 -9.633097 -21.784227 32.009167 7.078259 -19.465381 -5.823763 -3.522788 20.684343 -15.200010
6 1.6411664486 2.742738 -6.772039 -18.997499 22.971513 -5.924293 6.022282 -11.611837 -43.428359 25.368447 -11.248695 -2.405169 -11.739611 -4.863716 27.854489 -6.732712
7 1.6411664486 10.369551 12.062083 -28.229497 19.734383 7.427981 15.851447 -17.280206 -17.739761 16.600623 2.364588 -13.722691 -21.900134 7.717129 1.605212 -4.919233
8 1.6411664486 -6.340187 26.508356 13.408629 13.100924 11.524775 15.101029 -10.842578 -48.758085 31.467517 1.165666 -7.421241 -17.869956 -7.040278 7.468536 -3.906563
9 1.6411664486 -8.380439 15.004527 -21.179789 6.476752 -7.701315 -17.042121 -10.857514 -43.510090 12.924508 5.734153 0.862477 -10.580059 -10.644102 25.407877 3.666594
10 1.6411664486 3.094895 24.101476 -24.365159 7.467912 -2.023156 -4.957729 3.423648 -27.356912 27.167971 16.612102 5.326933 -18.974650 -8.577034 11.597049 -16.436652
11 1.6411664486 -10.164144 32.137830 -8.077464 8.666626 0.337270 0.484753 -3.975423 -21.793584 32.826599 7.439004 -4.513640 -29.656019 -15.640295 8.971627 -4.815227
12 1.6411664486 -14.298503 5.075525 -32.642199 9.926555 -11.353621 10.786958 -7.866946 -42.176342 20.305232 10.345543 9.079719 -40.597173 -3.394930 6.567411 1.240442
13 1.6411658525 -3.987602 7.449211 -15.554396 2.374074 -15.620061 0.540278 -14.183817 -19.679502 13.225329 0.178363 -5.235089 -23.399303 -16.033494 25.852072 -21.150202
14 1.6411319971 3.161961 24.433912 -9.216032 -1.506617 -12.402111 -14.668351 -12.276558 -13.544914 28.093342 9.869071 1.933072 -5.314059 -10.275625 2.881592 -4.405619
15 1.6411662102 13.366953 28.159066 -16.072068 3.926371 -7.704655 -1.498447 -20.701692 -15.539208 18.695788 11.626885 0.856416 -21.020438 -10.787163 9.229011 -20.059803
16 1.6411552429 20.312880 8.588730 -17.518222 -4.664263 -7.771339 -24.536711 -16.068186 2.683373 20.682638 6.109579 1.730435 -4.196915 -17.618173 12.670840 -9.399145
17 1.6411664486 -3.145446 29.622711 -2.839348 -6.765686 -6.245163 -23.534479 -25.907443 -9.923423 36.722264 1.794947 -17.164706 -26.549798 -19.040872 18.001828 1.013643
18 1.6411663294 8.376142 20.983570 -11.952756 8.795675 -4.351470 3.476331 -29.618222 -7.932694 21.393376 5.246643 7.618556 -21.832828 -13.485453 -4.821453 -25.008844
19 1.6411664486 17.277181 27.909873 -27.475804 -2.692900 6.566609 -22.757601 -8.831199 -23.362648 37.852102 11.694012 15.002434 -8.057527 -3.919621 4.075295 13.369123
20 1.6411664486 11.895092 29.904633 -3.254024 -13.240505 -7.553140 -13.207372 -20.809888 -18.306720 37.319002 2.677752 -3.143691 -5.316839 -14.749333 0.432023 -3.685050
21 1.6411663294 1.644196 27.762240 -5.639131 19.085806 -16.097232 -18.286769 -16.939803 -24.575771 25.873720 16.281182 1.895213 -1.869888 6.302164 3.719251 -2.641232
22 1.6411664486 -16.022808 2.666084 -3.901737 -1.510501 12.652225 -30.288999 -21.099658 -16.207932 40.869827 4.811639 -14.083117 -9.251635 -8.407090 15.313214 -17.033055
23 1.6411728859 11.006058 17.771881 -9.745588 16.761116 -22.729685 1.468995 -8.188994 -0.583576 18.252423 -1.583681 -9.576473 3.467341 -9.589450 15.497308 21.244572
24 1.6411664486 7.497983 17.752032 -34.533222 -13.177901 -11.067090 -35.798730 -4.846770 -10.215713 28.924404 6.964227 -10.900259 16.764138 -30.252076 -1.561240 1.493578
25 1.6411682367 11.685082 22.437679 3.320498 -4.764677 -14.273482 -7.512538 -18.529721 -3.788582 23.775657 9.714636 11.493547 -7.728973 -12.617377 -20.922010 -2.058248
26 1.6411664486 -0.439478 13.190753 -2.331059 -15.897101 -0.972399 -24.500561 -36.454659 -4.130402 27.249115 -5.877165 16.433700 1.853372 5.290231 -9.133632 -22.725458
27 1.6411664486 -0.684295 38.988833 -11.702683 -2.814645 -10.463083 -0.271597 -10.080416 -16.767469 22.228488 18.731090 -4.977423 -18.012019 -23.864719 3.117090 -7.712369
28 1.6411656141 3.270888 25.520246 -1.477233 1.254606 -13.562173 -22.187867 -8.885812 1.046491 33.175749 5.970792 1.794359 2.606662 -12.810550 7.161079 12.586936
29 1.6411638260 8.223778 15.327315 -7.846018 -0.533985 -12.052943 -21.952558 16.638009 -8.615689 31.044430 19.989306 -10.006914 2.848154 -11.497066 -9.245391 -1.098478
30 1.6411610842 4.274212 27.427132 -17.962511 2.471650 -4.347712 -8.158048 -6.831693 -25.248972 10.505126 5.097467 15.935395 -6.147086 11.926525 6.600548 -1.927170
31 1.6411473751 19.995813 15.005131 -25.517206 -4.723014 -15.584846 -4.697692 -8.199865 -11.689032 12.266453 3.646773 -1.807871 4.725718 -8.716457 -0.919802 15.919600
32 1.6411663294 10.558256 27.775650 -1.216577 -3.063740 -17.400312 -25.306159 -16.617010 -15.337585 28.727114 16.220993 1.079999 -0.388912 -5.717528 3.136546 -7.906609
33 1.6411663294 12.671507 27.056401 3.093742 -11.406253 -19.729035 -8.090918 -22.532069 -14.043297 31.637167 16.588971 -3.663154 -6.239093 -3.620519 1.409386 2.251734
34 1.6411693096 -6.329901 19.744020 -22.815079 -0.862524 -20.241826 -15.527295 -15.814996 1.763959 24.145932 15.645681 2.895551 -6.147260 -1.340587 -1.061437 -12.524176
35 1.6411664486 5.604499 41.349000 -19.756303 -9.057209 -14.451445 2.474298 -12.065036 -6.019054 18.338047 22.011959 -0.537356 -6.416223 -20.900495 2.404623 -4.722876
36 1.6411648989 -10.451615 26.057963 -1.985786 -7.300800 -5.778215 -24.424339 -18.646033 -11.665647 24.642517 -1.078017 6.807004 9.735182 -13.361056 13.432197 -1.282354
37 1.6411664486 13.518096 31.553242 -18.589764 -6.771773 -23.013456 -15.267817 -8.420285 -1.477943 26.951873 11.778846 5.299865 -0.112267 -19.597210 -1.460928 -17.171065
38 1.6411641836 10.709731 27.679901 -11.439174 3.615718 -31.328357 -19.566964 -9.750748 -3.305607 5.178798 -6.162593 1.844268 -5.425364 -3.201258 10.876251 -0.135249
39 1.6411640644 9.225433 10.637430 -12.218853 -4.766557 -14.057714 -16.515692 -16.096729 -20.410630 19.323011 6.632298 13.405421 8.243348 -12.304177 0.745873 -25.115876
40 1.6411664486 -17.707486 23.083235 -8.274728 7.453235 -11.246635 -33.793448 -10.435409 -26.189816 36.275853 0.651228 -1.965956 8.445179 -17.930477 -10.058001 -13.032036
41 1.6411664486 7.673422 5.596459 -7.434497 -13.353776 -16.880161 -33.280079 -12.765262 -25.727355 37.376883 14.931629 4.689469 -4.350031 0.866827 -8.893671 2.938684
42 1.6411664486 12.143277 37.554948 -17.837740 -15.556802 -16.469632 -20.127989 -14.453397 -3.457877 25.023338 15.808978 1.283089 -2.947241 -4.872369 20.204516 -6.063487
43 1.6411638260 7.124188 21.138499 -9.915861 -0.461492 -14.231578 -31.602031 -13.792151 -7.741409 17.467882 12.012789 -9.558269 -10.992203 -16.109256 11.089883 -1.246368
44 1.6411664486 -3.130486 34.270691 7.524291 -3.179131 -8.103867 -4.022590 -16.531661 -14.603951 40.363668 12.979317 -7.361346 -9.145781 -6.734891 1.720212 -14.313930
45 1.6411682367 1.461641 26.189961 -5.583341 -6.335001 -24.940274 -18.083451 -1.857913 8.453241 23.904439 12.681376 16.730341 11.755773 -12.172077 -0.280214 -0.316195
46 1.6411657333 5.198714 24.749607 -15.001917 -5.090023 -11.936874 -16.871958 -21.848749 -15.979591 29.705559 0.991250 5.311784 -17.448721 -4.014486 5.303554 -0.574044
47 1.6411638260 -2.415508 19.879850 -3.077082 -2.880952 -13.095014 -18.835449 -4.589161 -25.116487 15.676358 9.701865 2.537734 6.398595 -29.177107 2.593593 7.939725
48 1.6404317617 -4.852632 23.699803 -10.386718 -8.901875 0.965506 -5.319001 -6.343934 -14.160456 20.770950 5.444710 -2.075833 6.808662 3.608317 1.493094 -11.829064
49 1.6413105726 1.675223 17.956203 -15.510250 -12.320977 -1.522844 0.229541 -0.566139 -21.904168 16.486685 14.420256 -5.452441 -2.644076 -4.037240 2.889850 -10.107146
50 1.6410443783 -10.036219 16.530496 -17.392288 -9.068780 -0.562659 4.102015 -9.111021 -11.756242 24.968005 8.356020 5.388818 7.195822 -4.546141 -7.021411 -9.091521
51 1.6411664486 -7.832841 31.410434 -8.057623 -9.110040 -2.834017 -2.893540 -6.655777 -3.229395 38.693110 11.971624 -9.830174 8.952971 -1.775499 -4.950633 -17.829693
52 1.6411617994 0.111800 31.188546 -6.962293 -16.642313 -7.470436 -4.133078 -4.674988 -17.769597 24.923009 9.170663 2.707810 15.395366 -6.366232 5.080074 -10.309224
53 1.6411650181 -6.998754 28.749275 -17.570502 0.013637 3.398663 -12.665701 -12.467394 -12.792743 32.794228 6.279340 5.147745 4.684262 -2.785338 10.361219 -10.824701
54 1.6411664486 -3.767570 17.233817 -17.449732 -14.458365 5.229499 -6.698292 -12.812635 -15.049219 30.967726 8.983329 3.254612 14.706142 18.595372 2.963521 -9.875502
55 1.6411663294 -4.009648 32.524047 -4.742252 -9.037471 5.600218 -15.567097 -2.540686 -22.819476 34.933434 6.507723 -10.501384 -0.631416 6.999273 -6.168164 0.496118
56 1.6411670446 -4.205833 36.758688 -12.916191 -13.767929 4.426428 7.321796 3.232738 -6.855383 14.656495 3.923839 -3.526945 3.881689 1.162522 3.839518 -31.988002
57 1.6411873102 5.149507 18.975013 -20.940860 -14.386262 8.014452 6.026508 1.554721 -22.179707 18.334646 6.083021 -11.074826 4.746868 -7.592844 5.111651 -18.793619
58 1.6411358118 -9.361677 24.182306 -9.136225 -13.555917 -6.849217 4.409713 5.631847 -13.521154 23.591105 -4.599763 -7.948420 8.761180 2.384649 0.802114 -21.534373
59 1.6416271925 -2.164050 19.025930 3.816157 0.503005 15.464908 5.313783 -14.682529 -17.761434 5.916993 14.079369 0.626969 3.312037 1.267619 0.901661 -17.781648
60 1.6411662102 -17.176499 38.157862 -11.787588 -12.530494 10.883369 -6.264747 4.638675 -17.059309 21.222054 3.608505 2.204415 5.856745 10.805755 -4.394366 -18.524401
61 1.6411664486 -1.158773 28.128040 -18.396772 -16.741454 8.164813 -8.910448 1.409365 -9.903777 37.173293 -1.334610 -13.983756 2.819204 3.832522 -9.287609 -13.315380
62 1.6411826611 -4.392319 23.412455 -6.071743 -13.173250 9.059064 -9.548156 -11.739633 -12.116182 26.894846 11.431051 -7.371139 1.232801 9.203327 -1.273369 -6.311314
63 1.6411662102 -13.781589 30.397013 -14.631724 -13.051043 1.142503 6.554351 -14.941627 -20.993975 25.397545 3.146391 -11.471289 3.378830 5.940159 0.357066 -9.026417
64 1.6411544085 -3.461076 27.097354 -15.285991 1.155300 8.079400 -3.905619 -5.544677 -10.326140 23.676850 9.753853 2.439734 7.006135 10.307012 15.806782 -16.049754
65 1.6411157846 -6.717510 15.847019 -10.972815 -13.555611 2.702778 -7.195684 -10.727774 -13.256109 23.719641 11.710628 -5.713989 14.423828 -2.656618 -6.149811 -9.981215
66 1.6411625147 -7.358566 16.849934 -18.528613 -6.458032 -2.415771 -6.857208 -2.165317 -26.354571 28.260836 6.642139 1.875822 13.260460 -2.976532 9.438459 -16.407708
67 1.6409975290 -8.548533 24.847822 -13.462219 -13.446521 -6.501542 -2.616810 -11.967027 -10.097440 18.941510 4.151269 2.247313 11.287980 9.501756 0.992186 -6.283675
68 1.6410480738 -1.833116 25.074951 -11.190249 -13.750540 -2.562345 -6.910664 -5.108080 -22.850225 13.613534 6.532025 4.845610 10.861994 -0.517049 7.451179 -13.973153
69 1.6411104202 4.066518 25.807558 -10.304850 -9.517541 9.855746 -8.266658 -8.435520 -8.342976 23.730773 3.927759 -0.564816 3.497940 3.132947 -0.121473 -14.713251
70 1.6408327818 -2.138036 22.933452 -6.824313 -1.557491 -0.072319 -0.084274 -6.743969 -16.458995 25.838248 4.026375 -3.768529 9.581113 -1.848007 -4.090142 -12.686431
71 1.6411478519 -10.490561 20.021381 -5.571368 -17.642368 1.876751 -6.514637 -4.031642 -15.155628 28.378826 13.153476 1.180568 10.587418 -0.740067 3.886615 -13.785473
72 1.6411497593 -9.906509 23.587211 -10.959009 -4.507641 -1.881929 -10.024269 -9.462379 -19.062135 28.702290 2.310181 9.889980 7.139496 -1.445337 5.929257 -14.278189
73 1.6410803795 -11.674339 26.914035 -9.193013 -4.185039 7.469501 -6.008629 -13.053253 -17.289798 21.278947 1.038549 -3.611646 -2.559631 0.649086 12.225894 -8.771418
74 1.6418097019 -3.285509 22.060526 -10.414120 -16.195587 1.577095 12.932232 1.578516 -4.440214 16.610461 6.301694 0.714060 10.280946 8.767620 -0.939408 -9.707593
75 1.6406426430 -5.040871 26.963786 -3.772537 -12.743805 -1.509640 -3.777049 -9.544550 -13.040900 15.269441 2.221371 -6.282988 4.088176 12.796721 -8.478767 -5.020429
76 1.6411700249 1.689941 28.207098 -11.915189 -8.022327 4.366169 -1.947313 -14.924254 -12.970125 22.215257 5.772707 -7.763702 9.439332 -10.095817 -4.287356 -8.595227
77 1.6408543587 -5.738047 25.795241 -14.580784 -12.467032 -9.200251 -4.902452 -4.613723 -15.072480 16.772887 3.637137 0.929904 8.616087 6.924165 9.003573 -8.864109
78 1.6392288208 -3.852014 21.964802 -13.477533 -3.307342 -3.304693 -2.524701 -7.304876 -9.305566 22.120749 2.444026 -5.890916 5.313377 2.262825 2.845426 -10.404271
79 1.6403434277 -6.463409 22.919858 -15.908004 1.584318 -1.575466 -4.805985 -2.263733 -19.793202 16.887567 2.387309 -2.074070 9.160362 1.911869 8.665473 -8.331078
80 1.6398987770 -12.382622 17.374687 -13.361178 -3.565620 -0.055735 -5.675142 -4.363650 -14.703112 24.971154 7.436274 1.690883 -0.237530 0.529270 -4.420739 -8.279249
81 1.6408679485 -2.895230 16.003415 -4.515448 -0.931596 -5.590057 -1.950905 -9.119355 -7.048502 29.827258 10.551096 -7.923023 3.831807 3.171274 6.598061 -15.372443
82 1.6405364275 -0.328579 19.884522 -13.823598 -1.567114 -3.943283 -6.636339 -7.463992 -8.408805 22.317468 -1.703719 -9.676197 7.673803 2.042956 4.401506 -19.204881
83 1.6409226656 -4.531346 24.002456 -11.792131 5.922491 2.190508 9.102072 -11.672081 -10.239106 22.875157 5.526693 -4.335538 7.178582 0.625641 3.625256 -14.072270
84 1.6409302950 -8.465064 30.532158 -9.127358 -7.229402 -5.367603 -4.785464 -0.027032 -7.997855 19.495928 5.127906 -1.471403 12.885661 -0.981169 5.629535 -12.811018
85 1.6402614117 2.402155 25.781763 -15.918372 -2.739733 -1.013032 -1.969625 -5.930234 -9.201654 21.149832 1.394640 0.901419 3.950908 -1.086339 3.085055 -10.750109
86 1.6393003464 -1.166953 21.588392 -12.061818 1.557162 -2.861799 -2.010285 -3.259194 -9.890934 18.392359 0.404664 -12.517145 2.540632 7.975623 3.255336 -14.096752
87 1.6411497593 -6.447324 26.199328 -20.694522 -4.244897 1.138992 -1.492462 -3.316691 -7.684729 21.403360 8.747927 -10.250680 4.018788 4.673594 6.178873 -12.787728
88 1.6409133673 2.653481 23.792955 -12.168687 -2.570802 -0.917468 -11.435806 -8.423358 -10.905447 23.587169 -1.208922 1.495772 6.581195 15.504598 6.748921 -10.669928
89 1.6410268545 -7.493440 23.803106 -12.909856 7.365561 -8.062802 5.267878 -5.354240 -4.618050 27.334478 -2.000649 -10.142213 10.168437 -1.139744 0.711843 -14.951924
90 1.6408566236 -10.618773 21.953176 -13.602180 -9.807438 -13.409613 2.679288 -6.406980 -5.024926 17.345304 0.569610 -5.863879 12.590308 6.409521 5.658340 -10.466510
91 1.6402823925 -4.776845 16.197273 -19.015320 -1.799852 -3.253890 -5.444883 -13.379357 -15.009498 17.548211 4.401937 -2.475397 0.580561 -0.612748 -3.805768 -11.613411
92 1.6398347616 -2.109722 20.999470 -5.673363 -4.326013 -6.967071 0.492072 -6.133042 -10.825153 23.369819 7.156209 -5.216717 5.898678 6.509675 1.044343 -10.879335
93 1.6403996944 -4.658193 21.835275 -15.491021 -4.879004 -3.951045 -3.466520 -6.084430 -13.504530 21.817298 -0.195394 -7.153188 0.041849 -1.212145 5.569447 -11.774557
94 1.6382544041 -2.088536 17.477179 -13.381667 -2.628488 -0.051712 -8.058281 -1.294680 -13.575726 21.270981 2.542371 -7.078373 7.116979 1.399942 8.488670 -12.127766
95 1.6410896778 1.063668 19.026983 -11.033393 -11.603573 -0.951018 -9.677750 3.348221 -19.254577 25.100483 6.401647 -10.307865 10.093464 -1.121396 13.741125 -10.202237
96 1.6393483877 0.188190 12.793644 -10.514767 -2.451421 -1.574095 -10.922608 -1.222389 -16.147278 25.018174 -1.048092 -5.276633 10.604187 -0.744253 6.089934 -12.810582
97 1.6378968954 -7.603579 21.648981 -11.389883 -0.180246 0.865975 -7.186416 0.621280 -8.929836 18.490472 2.384503 -9.525195 7.037142 6.634149 5.544555 -13.324094
98 1.6398904324 -9.924364 19.265258 -12.992575 -6.594670 1.472992 -4.776416 3.114426 -7.214940 19.334205 -4.544336 -14.033961 7.329331 5.280960 8.352270 -11.869803
99 1.6409676075 -11.181989 18.597553 -15.967399 -2.361941 0.108722 -2.936753 -3.430555 -8.300335 17.747007 12.544420 -15.395403 7.811711 7.064091 9.175000 -17.473605
100 1.6369626522 -8.515295 16.185490 -1.659086 0.592863 2.204563 -5.098265 7.031532 -6.158646 19.910012 -4.679654 -10.021253 10.126494 1.109350 13.322089 -12.447005
101 1.6359918118 -3.711677 19.176753 -1.081819 3.748674 4.294088 0.984547 7.934614 -9.837792 20.173438 -3.870967 -4.387693 4.450897 -0.560723 9.982389 -9.955467
102 1.6397486925 -7.445726 25.190152 2.294390 4.895031 7.067299 -0.119764 4.752692 -7.640674 21.995176 -5.879417 -9.776027 8.617185 1.327025 9.014827 -9.727315
103 1.6282144785 -2.070268 14.881828 0.041072 5.814277 7.598401 3.764915 1.218712 -1.676234 17.733751 -9.530595 -8.690568 2.149710 -0.390667 10.693615 -7.951561
104 1.6353272200 1.972986 17.449776 -5.612420 1.604529 3.026172 6.316453 -1.585557 -8.507168 19.163871 -3.019982 -9.939764 -2.849635 -4.405814 12.365934 -12.232591
105 1.6428388357 1.267433 11.964697 -1.820322 1.751910 7.577846 8.510898 0.639077 -1.411566 18.849268 -10.708091 -7.114723 5.791383 2.813479 22.674391 -7.585098
106 1.6410459280 -2.463319 16.611555 -0.667689 13.379783 3.164490 3.858057 4.615881 -2.162218 18.323801 -13.289117 -12.530236 0.610443 5.446052 15.847898 -8.349578
107 1.6360601187 -2.694159 11.788847 2.300485 8.677156 5.837360 6.937863 6.882177 -6.227489 20.217902 -12.539149 -9.309162 2.261115 8.300865 8.516512 -6.713454
108 1.6364200115 -3.399274 15.769435 -1.350935 6.939365 11.598672 3.723229 -4.776571 -1.107236 20.738802 -13.521087 -8.156540 3.174320 -2.122474 8.551064 -7.402966
109 1.6331200600 5.212931 14.906471 -0.362341 9.959375 14.796796 0.005926 -1.467914 6.719819 13.111699 -10.715016 -4.537177 3.817601 -4.541530 9.807543 -8.089244
110 1.6309568882 -1.891387 12.119907 1.791260 5.493739 10.381112 9.285106 2.476353 -3.246023 18.491138 -8.971376 -6.506676 -0.210876 -4.141819 6.925051 -5.959737
111 1.6423538923 0.995213 11.244462 -3.733659 7.511479 7.394604 1.152278 2.943846 4.783329 21.994721 -8.494765 -5.993451 3.958288 -1.416749 11.290142 -3.013163
112 1.5797468424 -0.880571 15.855655 1.585041 10.262348 3.522416 2.361450 0.718571 -8.913633 15.836928 -3.808583 -5.976380 2.661050 1.717827 6.666923 -3.490749
113 1.6255376339 -2.586619 15.541644 2.655580 15.910475 0.178208 3.777869 1.273364 -15.784431 16.721197 -0.329156 -2.635897 1.668150 -0.069314 4.295365 -3.217208
114 1.5919480324 -1.920731 9.983315 2.872124 17.111608 1.189723 2.596605 -1.946421 -3.973602 16.445439 -4.474316 -5.381651 1.053946 1.283848 1.355748 -4.335049
115 1.6353728771 -0.126021 19.028071 3.623694 14.415513 5.046958 6.241327 2.650226 -9.305596 17.545086 -3.996232 -3.098023 0.095910 -2.369498 9.103181 -2.134991
116 1.6009887457 -4.412967 11.465841 -0.429241 13.668934 4.378256 -1.367289 -2.423491 -8.381999 15.991973 -3.008545 -9.254069 0.395321 0.415865 7.720204 -5.483015
117 1.6331936121 1.259895 19.187442 2.763790 13.276061 8.448743 5.879579 -1.781925 -12.183896 16.620571 -6.127507 -5.216625 4.917539 0.719085 9.076412 -1.432932
118 1.5991466045 1.695677 16.819417 -0.928957 8.944039 2.418928 -1.637860 2.949083 -3.006747 21.076694 -1.539399 -2.790863 5.497237 -1.494844 3.668472 -7.032831
119 1.6384878159 -4.845929 13.458122 5.216321 19.880680 5.357857 1.622202 -3.556703 -8.309862 17.679180 -13.108782 -4.456597 4.944729 -1.119003 9.774636 -4.950675
120 1.6092647314 -1.767016 13.834593 -4.538724 16.019178 4.979585 -0.187702 1.515421 -5.173154 13.346181 -4.830431 -6.992937 -0.095240 0.806611 8.179163 -2.462717
121 1.5982980728 -1.709758 18.863511 2.221116 8.239473 -1.132420 4.143832 1.252376 -7.230566 15.134121 -5.307352 -4.919144 4.585457 3.005461 6.173995 -5.308301
122 1.6346321106 1.492410 13.068451 5.427750 16.155428 3.361171 3.433151 -2.937037 -11.716232 23.077386 -2.382268 -2.823565 1.622861 -0.930643 9.763651 -5.823343
123 1.5802934170 2.661341 15.886487 -1.270672 10.572228 2.317234 1.204428 1.306483 -8.762511 15.535307 -2.466391 -7.246490 2.130656 3.649840 7.692874 -2.608177
124 1.6066629887 2.315330 15.394951 5.911823 13.476290 3.725972 1.775567 -2.776898 -8.695938 19.477177 -1.460321 -6.693706 2.801277 -0.659610 5.026421 0.493158
125 1.6153218746 0.825432 14.009768 1.333143 12.625130 6.551132 2.399373 -0.531383 -8.060077 19.334609 -2.308619 -2.913767 4.493325 2.366872 9.387979 -4.167185
126 1.6000164747 2.419305 17.296037 3.391945 9.079124 0.682399 5.648656 2.989333 -6.754737 16.687647 -0.209134 -6.522681 4.343506 2.570519 7.748954 -0.832980
127 1.6083546877 -4.317187 18.692886 4.659296 11.604299 4.759810 2.083058 -1.657012 -9.109345 16.060993 -0.302947 -6.524132 -0.947159 1.014868 4.300056 -4.312244
128 1.5984423161 1.171672 13.686066 1.787829 12.513267 3.893940 3.309781 -2.432790 -9.875784 12.790906 2.580311 0.363706 5.276666 2.433064 6.485109 -5.460592
129 1.6224766970 0.082494 15.675819 1.152038 8.041941 1.934001 -0.467636 3.848293 -7.857152 9.747459 -6.081099 -8.451460 -2.527888 1.062669 8.828936 -5.847167
130 1.6258533001 -0.663489 17.705559 1.325416 10.372548 2.412334 3.370970 4.365930 -10.818641 15.711005 -2.504343 -5.609332 6.975879 3.870809 10.562273 -3.587994
131 1.5323973894 0.051545 14.751998 3.875250 12.272751 1.622281 2.030408 0.074535 -7.926187 13.234685 -4.629645 -7.819524 5.215760 6.212242 1.212562 -2.062964
132 1.6201152802 0.600596 19.639907 3.952315 13.891310 0.362950 0.467572 1.660221 -11.821351 12.726752 -7.363285 -9.249329 8.662868 7.760846 -1.535037 1.646772
133 1.5803227425 2.961448 13.640342 8.309171 12.229860 -0.629164 1.505948 -3.647251 -3.802068 14.065466 -8.502874 -10.048796 3.573133 3.643506 -2.040164 -3.249639
134 1.5350675583 -2.082533 14.631462 3.580897 10.893671 2.133742 1.842290 -1.218235 -5.176385 10.684976 -3.314801 -8.238495 1.690978 6.873688 -4.882808 -2.743699
135 1.5807007551 1.345376 13.636947 -0.423163 18.020071 0.403270 0.152133 2.688722 -6.231105 11.919667 -4.394660 -5.931650 9.797846 6.006424 1.716456 1.623182
136 1.5832991600 1.428858 14.675200 -0.933103 11.882276 -1.964540 -0.672656 0.287162 -9.049747 10.795536 -4.381041 -12.940351 5.576844 8.838851 3.623140 -1.805774
137 1.5636646748 -1.981398 15.042992 3.607183 12.249438 1.091446 0.656342 0.345008 -7.665273 14.265322 -7.491702 -6.665058 6.075301 4.051630 -0.230150 -4.499371
138 1.5690675974 -2.182769 12.220704 6.667935 14.308838 -0.648370 -0.788888 0.566605 -9.154299 13.307969 -3.448796 -5.358358 7.841983 8.617879 2.218601 -0.983027
139 1.5115939379 0.141403 12.578668 3.857691 6.843789 3.639423 3.186325 3.889354 -4.829814 16.224922 -1.433686 -8.716554 7.102664 7.166020 2.548509 -0.445973
140 1.5050802231 2.629007 11.640056 5.306802 6.077475 0.607735 4.026213 3.399822 -6.881245 14.849567 1.094157 -8.354442 10.138927 3.053905 2.519242 -1.719060
141 1.5386792421 2.651376 11.192233 2.450598 6.281184 -0.327443 1.875636 3.656211 -5.588543 18.219029 2.420568 -5.559710 10.037705 3.852876 2.858781 -3.998143
142 1.5216814280 3.624272 14.542297 1.171476 5.336384 1.384498 4.153360 1.098730 -8.817129 14.465764 4.382978 -6.728538 8.696408 1.554076 1.246959 -2.865863
143 1.5271496773 3.900897 13.920014 4.281053 6.014633 2.726057 0.913433 4.655384 -5.035486 14.375021 0.158565 -9.314606 12.688921 3.570825 1.646685 -2.660795
144 1.5353136063 2.100203 13.443708 4.426019 4.071633 -1.500410 2.798217 5.249818 -10.208011 13.923518 2.981139 -9.076093 7.769400 2.239960 1.759069 -1.307812
145 1.5239297152 2.624774 12.052174 7.175532 5.329890 0.757811 5.118630 5.450999 -4.485139 13.549676 1.394469 -9.588425 11.141994 4.967636 1.595691 1.931650
146 1.5403778553 1.470333 12.534306 6.655696 6.238166 1.512172 3.831149 2.028972 -7.346913 14.895554 0.557575 -8.401510 11.508798 2.721760 3.933478 0.160694
147 1.5265229940 9.007266 9.844794 6.218469 5.261669 -0.484698 3.284408 0.377406 -7.212036 16.470763 1.574603 -6.065821 11.052347 7.216528 0.600828 -3.137458
148 1.4368375540 2.732815 10.481033 3.529389 8.244373 0.013204 6.292383 3.325902 -5.375577 9.877359 2.300501 -7.376062 9.378346 2.489975 2.298567 -0.194738
149 1.5553402901 2.215444 11.480202 3.926173 10.747346 -0.336469 8.616033 5.025049 -5.319872 7.519960 6.164551 -9.104613 11.409337 1.926883 4.207847 3.742463
150 1.5392681360 3.561792 8.958231 4.005502 9.738579 3.531890 6.808345 3.810723 -3.392941 10.570407 3.385440 -4.177595 6.706959 1.448421 7.391892 -1.051862
151 1.5462118387 2.507320 13.097693 8.148294 9.583251 0.166287 2.714349 7.100226 -7.018421 11.230817 -0.322762 -10.352086 11.388085 3.397763 -0.104872 -1.183448
152 1.3941072226 -0.734459 9.386701 1.366935 8.927617 2.216345 5.560515 1.742548 -6.801294 9.866659 2.231363 -6.801545 9.003849 2.128766 -0.053762 -0.790692
153 1.4504776001 0.258680 8.967455 1.241507 10.771303 2.970783 6.934924 -1.885926 -6.995131 9.165962 -0.478805 -6.251907 10.781040 2.316154 0.722923 -0.652298
154 1.5119674206 -0.218540 10.147019 2.077673 10.951892 5.578640 6.322551 2.080933 -7.304800 10.595985 5.143039 -5.058344 11.571614 1.687023 1.542053 -0.745274
155 1.3553595543 0.607850 7.842197 0.660964 9.488285 6.563031 7.393938 3.338601 -6.239635 8.518724 3.415821 -7.078087 5.261013 1.431078 -2.732392 0.284286
156 1.3414082527 4.025381 7.702306 1.474576 9.197625 6.968558 6.334015 2.050643 -7.678374 10.478973 3.374414 -5.247131 3.941950 0.429819 -3.581470 0.052477
157 1.4622620344 5.232154 8.487288 3.077195 9.447129 5.707919 7.206604 1.460048 -11.079014 10.139464 2.898583 -2.493956 6.785728 -0.371819 -4.165187 -2.590386
158 1.3672745228 4.325464 6.934419 0.551649 9.896005 7.058714 6.678225 3.581746 -5.763560 10.281941 4.602662 -2.614615 2.193430 -0.784465 -3.164244 -1.448285
159 1.3531566858 1.474786 7.457780 1.109730 11.010368 5.959760 5.564268 1.128822 -6.160015 8.930270 1.398543 -4.084261 6.429061 2.056781 -4.324613 -0.751517
160 1.3427581787 2.285618 5.378681 0.965315 10.746031 5.787858 2.861405 0.762713 -6.835281 10.153751 2.129919 -3.813778 6.511195 2.410761 -3.748525 0.317951
161 1.4172008038 6.320486 10.432619 1.396575 8.219805 8.704376 4.657130 -0.979335 -10.005482 9.786990 0.290663 -6.995784 0.053191 2.384900 -1.231512 0.212286
162 1.4730682373 4.112768 4.584246 2.361249 10.811115 9.210871 6.727735 0.512094 -7.786333 8.873024 5.066380 -2.626311 3.537829 -2.046748 -1.688859 -1.165321
163 1.3451160192 6.120053 7.480202 1.093834 7.958603 6.352928 7.006791 2.475277 -7.772482 10.246058 3.961078 -7.235504 7.270721 1.193549 -2.652977 -1.467697
164 1.3088802099 4.156637 8.692518 0.912681 9.574084 7.199508 4.416036 2.587660 -6.546263 9.136371 3.867677 -5.419599 4.545509 -0.238195 -1.312316 -2.084750
165 1.3666765690 6.222086 9.443526 -1.566031 8.341953 10.748561 2.174395 3.866768 -6.885521 9.747866 3.842065 -6.812786 3.405041 2.331704 -1.524937 -1.964637
166 1.3449339867 5.261328 7.308207 -0.126286 9.658398 6.473389 1.876536 1.145765 -6.389019 9.156521 4.880397 -3.477511 8.658470 1.600697 -0.481488 -5.731092
167 1.3200100660 4.838379 9.361696 0.350389 9.610914 7.650383 3.618467 4.699017 -7.107374 9.992985 1.823187 -3.942572 4.146757 2.679255 -1.771458 -1.658782
168 1.4033135176 2.766889 12.268284 1.477627 8.539898 6.572465 4.768971 4.441272 -6.554808 8.333569 4.257952 -5.746503 5.469573 -3.162827 -2.401300 -1.917640
169 1.3569062948 3.956154 9.105835 1.646234 9.698794 9.377191 5.809198 2.332750 -3.254034 7.021416 5.391162 -4.939113 4.130274 1.051653 -1.474781 -3.175861
170 1.3131605387 4.630144 8.308318 2.203037 8.220230 6.779703 4.822980 2.453056 -6.401714 9.133952 4.421430 -4.091325 3.856663 0.135428 -0.651277 -2.444760
171 1.3207707405 5.448765 5.809587 2.086941 8.891453 9.108313 5.312905 1.455822 -7.229194 6.551019 2.793909 -6.058480 2.409286 0.342812 -1.657285 -4.587345
172 1.3537898064 3.882208 10.070109 -0.818772 9.852623 8.155369 3.272825 2.844450 -7.808221 8.093600 3.451738 -4.010158 3.921257 0.886722 -1.087252 -1.455708
173 1.3423004150 4.900138 6.981170 1.097486 9.827408 5.557295 4.795657 3.470303 -8.642987 10.683734 4.369843 -3.955503 2.430800 0.538699 -2.447416 -1.961248
174 1.3072712421 4.879766 8.592541 0.970974 10.071703 9.282605 5.413882 2.413019 -4.564967 8.319765 1.148645 -5.753739 3.684036 -1.002941 -0.164687 -1.831268
175 1.2605420351 2.574587 6.951413 1.323308 8.963802 8.217343 3.664942 3.677367 -3.775696 7.830984 0.509031 -7.930923 2.753876 0.689705 -0.436206 -1.431294
176 1.3840125799 1.635323 8.042659 0.146038 10.114790 8.932478 1.958108 3.937644 -5.186311 7.726966 0.920174 -8.267649 0.925411 0.853958 2.137961 -3.280215
177 1.3166186810 2.847928 6.685467 0.439284 9.236558 8.347410 3.583005 6.211187 -6.877817 7.134971 -0.598657 -8.498790 3.869156 -0.004298 -1.327208 -0.420740
178 1.3570246696 3.106688 6.770921 2.629258 10.739972 8.748582 4.108290 2.600584 -1.587821 9.880518 -0.700613 -7.908469 4.820755 -2.623583 -2.711908 -0.413164
179 1.2776196003 3.816132 6.882063 0.979126 9.915994 8.434930 1.460146 6.098449 -5.022460 5.874386 0.087257 -7.830497 0.411813 -0.315642 -0.276009 -0.172908
180 1.3562674522 2.066795 4.829060 1.863145 10.819000 10.380504 4.288770 3.713578 -3.810203 6.731546 2.649282 -8.975500 2.568540 0.312542 -1.656787 -0.332836
181 1.2617322206 3.132809 5.907673 1.804803 10.116155 7.571677 3.857643 4.539792 -3.032991 8.316864 -0.071444 -7.810842 3.599904 -0.097760 -1.276759 0.076037
182 1.3318128586 3.134160 6.357415 0.706948 8.758906 10.050489 3.621762 3.230938 -2.697600 9.973566 0.297546 -8.033437 2.569627 2.653358 -0.113433 -1.640495
183 1.3090506792 3.781080 5.546879 1.817086 7.007749 9.944895 4.547657 1.700979 -5.106332 7.103435 1.342249 -10.948046 2.677180 0.797580 1.008032 -2.232727
184 1.3392772675 1.164618 7.312605 1.274743 9.330449 8.415946 6.642709 2.750621 -2.868374 6.331111 -1.044954 -7.479636 1.701280 1.337914 -1.838975 1.061718
185 1.3033797741 1.989146 6.515668 3.926944 8.441193 7.079891 3.815562 4.644772 -5.444032 8.234083 0.561754 -10.151897 2.393942 1.857179 0.378437 -0.387474
186 1.3277908564 3.246321 5.540985 1.118114 9.626950 10.018958 1.634692 3.768754 -4.911459 8.241810 -0.519062 -7.684387 4.410442 0.339074 0.791951 0.531668
187 1.3321833611 0.813058 7.173050 0.506331 8.442591 8.889138 2.286617 3.542727 -4.225832 7.086519 2.635431 -6.014082 2.681115 0.500099 0.491623 -2.371070
188 1.2721884251 3.043873 6.864544 0.129347 8.790168 8.215064 5.096536 4.396692 -4.262355 7.434989 1.487321 -6.733007 2.624061 1.619755 -0.266649 -1.154001
189 1.2971110344 2.263763 6.808631 2.434669 7.761894 9.303687 4.608434 3.100809 -3.721455 7.948948 0.726048 -5.383329 4.756106 0.478490 -1.388333 -0.475472
190 1.2440686226 3.463691 6.484910 3.338984 8.175777 6.438497 4.732215 2.454422 -4.290699 6.872148 -2.047823 -7.044126 1.904173 2.417733 -0.729371 -0.569201
191 1.3703324795 3.088430 4.951049 2.114872 8.932575 6.605717 3.966954 2.418981 -2.762314 5.437461 -3.224284 -7.912187 1.188429 3.219940 0.106957 -0.672877
192 1.2417867184 4.410514 7.812025 4.320543 7.542967 8.557906 4.285510 3.559913 -3.780609 5.955688 -2.680005 -6.108320 1.410213 2.981436 -2.681437 -0.536192
193 1.2852431536 5.218219 9.060780 4.254284 7.390134 10.279452 4.992899 5.078560 -3.979700 5.869131 -2.784180 -6.692534 2.835326 3.473216 -3.127688 0.047024
194 1.2068698406 4.295167 7.742611 4.495680 5.867156 8.689863 3.415787 2.884379 -3.655378 4.796297 -2.379703 -5.766106 1.333002 3.137071 -3.660559 1.378167
195 1.3733632565 1.944922 7.100757 3.073359 6.507122 8.237742 2.507844 1.313794 -3.971617 4.698714 -3.571381 -5.766932 0.848007 4.181861 -4.577154 2.907689
196 1.2842545509 4.230483 5.593695 3.497279 7.442321 8.315012 3.641508 3.838946 -3.223386 5.318130 -4.102659 -6.921837 0.051014 2.875656 -1.672483 2.523400
197 1.2797484398 3.109016 7.589800 5.466018 7.878194 7.795736 2.471249 3.422607 -2.174402 5.873357 -2.751232 -6.012185 1.574617 2.486900 -3.746188 0.805251
198 1.2308589220 4.594737 8.603750 5.359846 5.158101 9.111988 3.332582 4.174753 -2.066209 5.116473 -2.547194 -5.877028 0.570476 3.289073 -3.300784 1.683386
199 1.2699363232 2.992850 7.396433 4.552947 6.800122 8.141704 3.354815 3.933768 -3.000407 3.452631 -1.938487 -5.169251 1.255633 4.268973 -3.982458 0.695442
200 1.2077751160 4.463389 7.264780 2.720271 4.978783 7.714167 2.984816 3.683995 -3.368354 2.931981 -1.558251 -7.069889 1.172316 4.252772 -3.834572 0.715318
201 1.1360366344 5.359510 7.198776 4.676959 5.455275 8.583491 2.653964 3.128975 -2.161802 5.462666 -1.910829 -5.361190 1.174470 1.607284 -3.734630 1.299607
202 1.1947792768 5.712718 9.474770 5.461651 5.706867 8.134494 2.777673 4.356576 -4.204271 4.181821 -3.420343 -3.799712 1.028090 1.757747 -3.687635 1.115731
203 1.0750370026 5.936525 7.341670 4.034781 5.048524 8.036456 2.512712 3.337704 -3.114939 5.749954 -2.226523 -4.979097 1.612447 1.738074 -4.577943 2.088201
204 1.1635339260 4.670523 6.192438 5.357422 6.041960 6.687684 0.817143 2.622168 -3.441480 4.241499 -1.071016 -4.889366 1.204593 2.521423 -4.188820 2.192633
205 1.1386935711 6.583480 8.688915 5.376790 3.600363 8.611909 2.138763 3.445793 -5.441332 4.867846 -3.062415 -2.889739 1.409752 2.259734 -5.147214 2.577259
206 1.0859991312 6.476065 7.537885 5.657494 6.042145 7.043569 0.879531 2.497724 -2.739096 6.476145 -1.516644 -5.918348 1.951075 -0.013131 -4.069986 2.456326
207 1.1125543118 7.170785 8.566999 4.644670 5.342886 7.568396 3.184626 2.822008 -1.172911 7.994503 -2.094490 -4.967886 2.654872 2.370173 -5.490990 2.233448
208 1.1177029610 7.440751 7.961385 4.706925 4.691452 8.022723 -0.105283 2.059282 -3.349454 6.474941 -2.621149 -5.535826 -0.098295 2.106249 -4.537827 2.282561
209 1.1560903788 6.170409 8.275851 5.395186 4.561025 9.059524 3.801018 3.279371 -2.601836 5.569167 -2.917040 -4.925913 2.364139 1.799565 -4.786199 1.994422
210 1.1266865730 5.396438 7.181193 2.461998 4.952543 8.183136 2.366710 3.677380 -2.669917 7.552756 -3.154304 -4.945624 2.679861 1.579726 -5.025242 1.126310
211 1.1250889301 6.451174 8.547576 3.883723 5.115533 7.660724 3.852402 1.817012 -1.155829 5.589503 -3.953775 -5.130120 0.823267 1.796381 -4.567455 3.005897
212 1.1041808128 5.329830 7.769947 2.984330 3.719668 7.661461 3.222839 2.420461 -2.938736 5.822308 -2.734068 -4.128852 0.674494 1.455481 -3.841017 2.444963
213 1.1175441742 6.151384 7.544539 2.779751 4.777632 8.632324 2.121018 4.987013 -3.732630 4.419566 -3.415065 -5.385624 2.059596 2.008272 -4.753878 2.754051
214 1.0348860025 6.992729 6.510325 4.343041 4.072936 8.364064 2.398827 2.789441 -3.425658 5.510096 -1.590175 -4.599012 2.033798 3.186855 -5.385032 2.389911
215 1.0248560905 7.723633 6.872216 3.214716 3.613963 8.237112 2.873942 2.310261 -2.740436 6.711748 -2.531507 -5.570797 2.045227 2.678622 -4.865749 1.119554
216 0.9823302031 8.694209 8.040218 2.519811 4.404159 7.446829 3.052470 1.006531 -2.132075 5.555422 -2.992249 -5.386604 1.178396 3.067701 -4.085860 1.756496
217 0.9846887589 8.944509 7.768147 2.864915 3.785201 6.963515 3.161487 1.190580 -1.095577 4.729132 -3.486873 -6.270507 1.792802 3.317491 -4.229149 2.475135
218 1.0136992931 8.139710 7.498803 2.497573 5.708118 7.347670 4.049745 1.528310 -2.773827 6.266174 -2.572382 -4.829903 1.533497 3.602882 -4.562786 2.118608
219 1.0662040710 8.703185 8.221690 0.935434 3.604895 6.572316 3.268425 0.209208 -2.195860 6.515491 -2.773457 -7.454074 1.870554 4.375363 -4.576578 0.966960
220 0.9005650282 8.708342 6.159488 3.105360 4.010901 5.922115 3.654169 1.559417 -2.579176 5.702963 -2.815015 -6.449051 2.575669 2.289622 -3.546071 1.583390
221 0.8888990283 8.777660 6.804301 2.886114 3.929101 5.193082 2.868344 0.657541 -3.909969 4.774684 -3.369848 -6.142667 2.354936 1.857942 -2.272237 0.711549
222 0.9126346111 8.137180 6.818537 3.413092 3.718927 5.900707 3.972756 0.149028 -2.615067 4.792584 -2.064000 -6.105440 2.218065 2.684996 -1.129389 2.476574
223 0.9330633879 8.651000 5.869958 1.547828 2.926479 4.165127 2.964747 0.923086 -4.738086 4.571061 -4.235028 -6.737393 1.960272 1.541157 -1.633173 1.671644
224 0.9209018350 8.532758 7.658884 3.333010 4.725749 3.486480 3.452487 0.148212 -3.315965 6.121473 -3.134524 -5.641489 2.920915 2.339221 -3.049779 1.447069
225 0.9676415324 8.998602 7.939810 3.045610 2.761706 6.199739 5.155871 0.556504 -4.166995 4.672861 -3.040504 -6.652300 3.036953 1.373201 -2.477819 2.305527
226 0.9698621631 8.121927 8.697134 3.029843 4.052721 5.111357 3.803262 -0.163040 -4.151426 5.472341 -2.134909 -5.732580 2.553472 2.640912 -2.200131 -0.961047
227 1.0055217743 7.738639 7.003538 3.187664 3.837664 5.338279 2.909414 -1.249126 -4.058343 5.960927 -4.312753 -5.490389 2.074519 1.309203 -2.670367 0.754193
228 0.9195631742 9.021208 7.136034 2.395820 3.421611 4.521759 3.386120 -0.393707 -3.546972 5.106192 -4.195278 -6.988717 1.579421 1.873080 -1.669845 1.131356
229 0.8819061518 9.638184 6.511329 3.069530 3.722476 5.202969 2.412456 0.781944 -4.335269 4.605678 -3.797700 -6.128223 2.972090 2.105736 -3.234347 0.425602
230 0.8058247566 9.646800 5.636583 3.490322 3.428564 5.103954 2.521960 1.088269 -4.102637 4.627786 -2.782210 -4.444483 3.855437 2.577971 -2.985691 0.448193
231 0.8691155314 9.841487 5.874626 3.362756 3.760346 6.104398 3.096044 1.945849 -3.897766 5.079721 -2.963655 -4.353014 4.603671 2.294461 -3.146123 -0.041345
232 0.8041797280 9.843331 6.429913 3.279556 3.296243 5.346955 2.423349 1.849413 -3.348681 5.190506 -2.897371 -4.275029 3.660321 2.507235 -2.677451 0.504663
233 0.7971552014 10.470457 5.681233 3.293603 3.731837 5.656285 1.639507 1.727304 -3.867341 6.289600 -2.635783 -3.510259 3.842216 2.412448 -2.885245 0.436409
234 0.8750181794 10.242617 4.886021 3.596835 3.562834 5.835225 1.499384 1.953810 -4.658512 6.225020 -2.862878 -3.071251 4.601657 2.300789 -2.523487 -0.829360
235 0.7232338786 11.390424 5.004773 3.106882 4.379262 4.916390 1.937825 2.251235 -3.830212 6.167452 -2.644257 -3.831089 3.101199 1.382559 -3.051379 0.019970
236 0.7320603132 12.117064 5.381826 3.296820 3.766507 4.497794 2.151736 3.178103 -4.209313 5.084681 -3.709365 -3.161437 3.169721 1.365743 -1.815741 0.558236
237 0.8053791523 11.013798 4.318024 3.652396 4.846635 6.192041 1.087666 2.369312 -3.820408 5.932557 -2.735923 -4.191022 3.275433 1.817297 -2.705818 0.059952
238 0.7259799838 11.295255 5.111904 2.845648 3.945190 5.709912 1.991358 2.180862 -4.474864 5.675591 -2.180383 -3.697573 2.048311 2.473241 -3.136113 -0.609430
239 0.6818003654 11.498952 5.743168 3.347234 3.868382 4.572924 1.803725 2.761286 -3.546335 4.905838 -2.781804 -4.170320 2.584060 1.506722 -2.961674 0.913936
240 0.6947572231 11.750245 6.510013 3.718228 4.184887 3.894497 2.215960 2.260816 -3.624331 4.709496 -3.283790 -3.641646 1.491264 2.327604 -2.084704 1.146704
241 0.6379666328 11.855560 4.963603 3.756124 3.779642 4.132417 1.629043 2.040312 -3.782533 5.022285 -2.357879 -4.925440 1.807910 0.612731 -2.905248 1.678251
242 0.6786837578 11.994381 4.722972 3.143442 2.366678 4.303171 1.715683 1.761672 -3.442198 5.181343 -3.323174 -5.687604 1.912264 0.458997 -1.711680 2.644505
243 0.6915110946 11.488376 5.252873 3.530971 4.716388 2.746008 1.647297 1.502020 -4.038161 6.644247 -2.402366 -3.742594 1.963729 0.967106 -3.566696 2.011946
244 0.7923794389 13.343149 5.598882 3.939287 3.659979 4.631649 1.363253 0.535435 -4.922187 6.280024 -2.545355 -5.610428 2.553616 -0.202027 -2.497310 1.531618
245 0.6835950613 12.359146 2.383026 4.136311 3.671564 5.157832 2.601365 2.830948 -5.061676 4.760879 -2.661472 -3.921226 1.572401 0.392196 -2.358631 2.703710
246 0.5827633142 12.358501 5.849894 3.097117 3.173640 3.794025 1.506524 1.833002 -4.092536 4.949946 -2.515803 -3.372580 1.402448 0.585572 -2.876559 1.604422
247 0.6349914074 11.867981 4.743251 4.282865 4.365267 3.158178 2.681636 1.251520 -3.876202 5.307759 -3.007526 -3.270756 0.985656 0.233343 -3.660468 0.931677
248 0.6005096436 12.896701 5.483525 3.044643 3.848310 3.400073 0.769855 1.777125 -4.669379 4.861485 -3.517972 -2.539630 0.488398 1.023667 -2.446571 0.860192
249 0.7638850808 11.717156 7.442733 3.591303 4.006011 4.509757 1.878397 2.683586 -3.575981 6.077642 -2.933783 -3.804444 0.773689 0.697387 -2.986568 2.094929
250 0.6617590189 12.618697 5.349960 4.756483 3.191565 2.588482 0.868823 2.187558 -4.595485 4.109278 -2.352703 -4.778225 2.156492 0.424279 -3.429804 2.191598
251 0.5215636492 11.401471 5.654891 2.977139 3.322611 2.554907 1.803878 2.174514 -4.435172 4.104437 -1.914526 -2.137007 0.969796 0.294746 -2.526012 1.182111
252 0.5418547392 11.149965 5.517778 3.254869 3.396601 3.047760 0.749226 0.578997 -4.061539 4.488057 -1.454336 -2.686532 0.928179 0.305161 -2.212524 1.854721
253 0.6264505386 10.139316 5.370114 2.326236 4.101541 1.655972 1.216457 1.991373 -4.642052 4.220663 -2.552630 -2.235994 0.465429 0.807911 -2.632005 1.335329
254 0.5396460295 10.364866 4.961969 2.085629 3.113601 2.481729 1.483135 1.195790 -3.894932 3.387540 -1.661392 -2.196393 1.891429 0.931677 -3.045824 2.620168
255 0.5531903505 12.207157 6.220507 1.243414 4.440774 3.075840 1.469985 3.023406 -4.637706 3.452463 -1.504955 -2.157905 1.191375 -0.143414 -4.468722 1.384073
256 0.5327310562 12.213441 4.868712 2.914195 3.614512 2.472464 0.123494 2.770752 -5.389965 4.770570 -1.636978 -2.133350 0.196969 0.018887 -2.623268 1.480118
257 0.6076724529 10.272128 4.965196 2.927215 1.940652 2.225596 3.181186 1.643568 -4.551100 3.473368 -2.853595 -2.787638 1.555707 0.165564 -2.488250 0.356652
258 0.5150647163 12.577381 5.099843 2.943604 3.180433 2.173159 2.969237 2.857626 -5.371027 4.113685 -1.132324 -0.644650 0.685632 1.262770 -2.759153 1.787455
259 0.4526423216 12.760837 3.593988 2.648746 2.985552 2.678199 2.512780 3.054800 -5.096753 4.621603 -1.292217 -0.163235 0.291578 0.772548 -2.340821 0.660480
260 0.5506426096 12.459609 3.073537 2.910937 3.839939 2.805196 3.164495 3.062390 -5.812875 4.375366 -0.587499 -0.681107 1.613304 0.967295 -1.522509 -0.550645
261 0.5245054960 12.228226 4.865497 2.587763 3.661685 2.340877 3.228061 3.407632 -3.544396 5.048185 -0.742199 0.568842 -2.662659 0.269019 -2.966394 0.343832
262 0.5212512016 13.917654 3.673963 2.892677 2.583437 2.930646 1.952992 2.665116 -4.900838 5.380214 -2.090011 -0.270582 0.356773 0.861272 -4.042096 -0.026371
263 0.5091080666 13.213709 2.386118 1.437915 2.851646 1.340122 3.132727 2.969693 -5.784618 5.660402 -1.324294 0.713041 0.403214 1.532171 -1.609863 1.465726
264 0.4885406494 13.599723 4.064842 2.815700 1.621556 2.229254 2.318545 3.129916 -5.297531 5.200490 -0.716123 -0.195042 -0.716377 0.440377 -0.852652 0.878773
265 0.5280184746 12.135846 4.568844 2.746041 3.076875 3.442552 2.573100 2.103967 -4.717713 4.071802 -1.370027 0.071050 1.681565 0.304331 -2.620101 -0.901631
266 0.6382482052 12.671618 3.823142 2.830091 4.226821 3.220991 2.750993 2.943542 -6.461829 4.917001 -2.313191 0.393936 -0.268818 0.205956 -1.452969 -0.321692
267 0.5716737509 13.188359 4.552997 2.669057 1.552396 3.144631 3.096814 2.750413 -5.404905 5.533075 -0.360437 0.215166 -0.500736 1.854682 -3.577686 0.432087
268 0.4062823057 12.368796 3.691588 2.036989 3.396244 1.566483 2.216226 3.281587 -4.236120 4.756348 -0.566975 -0.191006 0.787556 -0.289371 -3.283828 0.604636
269 0.3144631386 11.997579 2.859189 1.786990 3.067136 1.204263 2.739577 3.135122 -3.454769 3.600497 -1.130241 -0.456873 -0.214098 -0.214568 -2.443656 1.833987
270 0.3052008152 12.565363 2.535254 1.714426 3.101367 1.058639 3.307336 3.544287 -2.506292 2.454846 -1.552179 0.181608 0.433853 -0.145814 -2.258380 2.526777
271 0.3502745628 13.335361 1.815359 1.362787 1.430800 0.817962 4.854215 3.161122 -1.391334 3.548731 -1.408733 -0.172996 1.181542 -0.554180 -1.448756 2.444085
272 0.4919359684 12.329864 2.745584 2.033919 3.462568 1.477897 3.723319 4.870420 -3.540368 0.350086 -2.230684 0.814001 1.691576 1.222374 -3.077638 2.875301
273 0.3196046352 13.516843 2.435462 1.238908 3.721227 0.542129 3.870469 2.618098 -3.276126 2.449151 -1.768436 0.804570 0.588919 1.057678 -2.948708 1.388822
274 0.2996540070 12.990880 1.580466 2.973962 4.328011 1.529342 3.136453 3.589617 -2.504901 0.634473 -1.300273 0.033592 -0.077285 0.425524 -3.162652 2.498114
275 0.3350230455 12.773120 1.834316 2.530722 5.274663 2.093885 3.249416 3.215806 -3.417988 -1.043000 0.143242 0.132344 -0.718978 0.588176 -1.972816 1.835415
276 0.5234194994 12.614661 2.445705 3.734936 4.793178 2.216820 4.123539 5.318715 -3.571843 0.762038 -1.868805 0.285824 -0.144236 1.404264 -3.317965 1.037784
277 0.4591528177 11.021428 1.756972 3.544910 4.186590 0.495984 1.951952 3.912176 -3.800085 2.464709 -0.303692 0.782661 1.079424 -0.035118 -3.789244 2.477413
278 0.3194611073 12.664112 1.771555 3.569571 4.814453 0.437547 2.658111 2.313941 -3.226922 1.800364 -0.003729 0.465356 -0.114961 0.207522 -2.893652 1.563020
279 0.1596443653 14.228672 1.621276 2.939882 3.736710 1.044095 1.228348 3.267475 -1.074227 1.206585 -0.315320 -0.030310 -1.109203 -0.409671 -2.523800 2.114636
280 0.2483358383 13.988229 1.073197 2.201935 2.690660 1.103497 -0.126557 3.649871 -2.140178 3.049154 -0.451067 0.036450 -0.501135 0.142529 -2.236307 3.813350
281 0.1315166950 13.907705 0.022247 2.500870 2.083407 0.227925 0.531715 3.078399 -2.103418 1.072181 1.432420 0.312049 -0.521938 -0.314728 -3.072060 1.928883
282 0.3109139204 13.220953 -0.632555 4.214469 3.698723 0.240038 0.451276 3.095465 -1.845989 -1.112276 1.420522 0.222437 1.180689 0.283412 -2.035722 3.593251
283 0.1406637430 14.154840 1.882932 2.171290 2.334567 0.777168 0.041187 2.822829 -2.080922 1.367892 0.385414 -0.592247 0.248553 -1.309250 -3.344812 1.859465
284 0.3307245970 13.907340 -1.149183 1.788854 2.387703 2.430091 -0.152847 4.449274 -4.108958 1.261555 0.732235 0.285505 0.719356 -1.006813 -3.159578 2.993116
285 0.2787446976 14.078328 2.078775 2.751316 3.673387 -0.535749 -0.743387 4.786058 -1.700047 2.009842 -0.128605 1.041326 0.067586 0.164783 -3.152192 2.169029
286 0.1213676929 14.332225 0.112453 1.852280 2.199715 0.706240 -1.002204 1.579346 -1.267784 0.125404 1.600766 1.708172 -0.454036 -0.911643 -2.625611 1.454072
287 0.2399276495 14.417470 -0.303005 2.284567 3.055937 0.723097 -0.474049 2.572138 0.954567 1.778191 0.472755 -0.142424 1.118025 -2.192807 -3.066991 1.563346
288 0.3141081333 14.924415 -0.221220 2.332790 1.405525 2.954491 1.028585 0.863374 -2.115720 -1.627671 2.723782 2.397192 -0.689134 -0.413362 -1.593702 3.293911
289 0.3307472467 13.323190 0.857665 2.877742 4.014658 -0.816791 0.088559 1.100460 -2.094175 1.403583 3.329586 0.902699 0.751805 -1.503539 -1.698895 1.760757
290 0.3186581135 13.064049 1.574468 2.629990 3.346845 0.830145 -2.431003 0.786481 -0.786135 -1.242668 2.122067 -0.291999 -0.132658 -0.475933 -2.617063 1.734212
291 0.3061633110 17.007385 0.887371 0.505879 2.000594 1.000728 -1.435305 2.971310 -0.567924 -2.059590 2.316262 1.253623 0.309369 -1.867619 -1.721290 1.067191
292 0.4093291759 13.341154 -0.014625 2.711178 2.880891 1.070011 -0.257264 1.395183 -1.079807 1.468493 2.626494 2.679895 -0.536847 -1.759645 -3.426994 4.656412
293 0.2896722555 14.848921 0.763278 3.795972 1.865051 0.419267 -1.196161 0.377525 -2.497971 -0.309356 1.327076 1.178297 -1.862557 -2.138704 -2.847504 2.746864
294 0.4260116816 15.487891 1.617760 4.885234 2.498682 0.236925 -1.559723 1.440694 -3.353511 2.485299 2.369044 1.262262 -1.061412 -0.854024 -2.862741 0.897800
295 0.3426487446 13.167491 -2.156908 4.002173 0.515079 0.959699 -0.400910 1.184544 -1.843280 -1.036687 2.522604 1.723775 1.315840 0.407517 -2.222535 3.167969
296 0.1736316681 13.939356 -0.566599 0.280624 3.235974 0.076606 -1.355561 3.040934 -1.709841 0.167200 0.429269 1.434100 0.730459 -1.793631 -2.515347 1.614437
297 0.3441184759 13.793588 0.213428 1.345769 2.956686 0.683685 -1.389650 2.316125 1.658584 -0.058273 3.518692 -0.802337 1.110183 -0.307345 -3.088032 -1.032679
298 0.1782426834 13.042614 0.313077 0.905446 -0.563148 0.613793 -1.903319 1.367181 -0.595694 -1.026706 0.223895 2.006103 -2.121460 -2.222953 -0.514444 0.176327
299 0.2638865709 14.329392 0.189849 1.538095 1.874517 1.994870 -1.821562 2.203330 -0.394754 0.383691 2.383232 2.914303 0.145151 0.882844 -3.543662 2.115846
300 0.3138921261 11.783330 2.140982 2.796465 2.546130 0.894422 -1.190876 1.658105 -2.519036 0.330903 1.962545 1.227205 -1.193712 -1.271671 -1.714075 0.975395
301 0.2232619524 15.279060 0.989458 1.104908 3.203203 0.305379 -1.725186 3.029681 -2.509798 2.435942 1.277439 2.206033 -0.732781 -0.674370 -2.351908 0.397550
302 0.5111702681 15.938045 0.901327 0.408999 3.171226 2.292829 -0.046535 3.294424 -1.125109 -0.509934 5.021214 2.613591 -1.209027 -2.085892 -5.037666 -0.200145
303 0.2168135643 14.254237 0.975342 0.992038 1.818149 -0.359698 -1.380219 0.130136 -1.639899 -1.343661 2.605027 1.604651 0.444355 -2.242321 -1.277268 0.889819
304 0.3298040628 13.412134 0.810253 -1.015750 4.492938 -0.234618 -0.421555 3.324326 -1.391595 0.874461 3.509325 2.725900 -1.474275 -1.179981 -2.028028 0.383590
305 0.3637275696 13.578573 2.488753 -0.816457 0.953349 0.601739 -2.512683 0.025892 -0.521761 1.238981 3.012067 1.748259 -0.953822 -2.624267 -3.492391 -1.279780
306 0.3310261965 14.873983 -1.621382 -1.223285 2.431531 3.076941 -1.021826 1.099373 -3.052267 -1.168706 2.564362 2.684348 -0.330857 1.964458 -2.563534 1.966709
307 0.3359841108 12.664808 -2.155934 2.628626 -1.029156 -0.743647 -0.442203 2.821268 0.562623 1.519017 1.327881 1.599482 -2.213065 0.516221 -1.670171 0.539887
308 0.3497222662 15.701097 -0.014485 3.980809 4.067134 1.505423 -1.475276 1.242256 -1.923116 1.449716 1.056005 2.384142 -0.039557 -0.813216 -1.861822 -0.218502
309 0.2839195728 14.464657 -0.872298 3.089947 1.778947 2.604588 -2.107517 2.571335 -0.648569 2.059488 1.023815 1.202570 -1.488604 -0.405420 -3.758384 1.928661
310 0.1025320292 14.409615 0.639561 1.454107 3.175196 0.863916 -0.830471 2.546005 -0.477597 -0.374772 0.873980 1.473519 0.044393 -0.638878 -1.759861 -0.987076
311 0.1639962196 15.474080 1.464535 0.572482 2.568415 1.345886 0.198912 1.157231 0.314355 0.021361 2.025497 1.175836 -2.099387 0.079851 -1.966837 -1.635019
312 0.2874318361 13.621217 0.609110 1.090868 1.719049 1.507557 3.622540 0.889284 0.159416 0.664644 3.085412 -1.312791 0.967201 2.568457 -2.263146 0.356992
313 0.2916995287 17.170055 -1.732569 1.087908 1.805617 -1.158801 -1.157765 1.647475 -1.906050 -0.423610 -1.411612 0.004292 0.412621 0.923240 -3.536686 -1.437237
314 0.4113044739 12.812880 -1.131725 2.036930 2.653964 2.756682 1.971033 1.638148 0.216275 0.119407 3.591254 1.039359 -0.270375 -0.556560 1.800411 -0.083118
315 0.3259510994 16.555889 -1.574256 2.328874 3.255385 1.003155 1.147484 2.483354 0.052886 -0.225129 -1.217998 1.747781 1.652499 -0.759798 -3.057989 -0.286595
316 0.2377365828 15.703325 0.010651 1.681033 3.261066 1.820222 -1.871447 3.881933 -1.756015 -0.763869 0.443763 -1.250347 -0.907439 0.095624 -3.380403 0.339481
317 0.6081955433 13.228963 2.820700 1.138236 2.524494 3.205904 -0.996850 0.470496 4.643801 -0.979973 0.831994 -1.288659 -1.260842 1.552997 -4.829414 -1.062651
318 0.1330940723 15.428045 -1.288547 -0.195563 3.407341 -0.467886 -0.568983 2.263662 -1.493815 0.290783 0.000371 1.934681 -0.590658 -1.218998 -0.137505 1.394348
319 0.9634693861 10.075354 1.775521 0.530677 2.139677 1.735191 -1.471940 1.635782 0.996274 -1.084720 3.204792 2.763390 -3.280669 2.534876 0.004442 -2.535261
320 0.5610260963 13.715780 1.599132 1.247686 4.919619 -0.688995 0.264815 0.977973 -4.589342 1.635076 3.556830 2.337796 -0.665633 -0.234316 -1.649123 -3.719796
321 0.3022668362 15.648471 2.665858 1.444346 0.761158 1.340314 0.156568 3.674710 -0.817920 0.331429 2.665836 2.173809 -1.683574 -0.509982 -0.318422 -0.712512
322 0.6001473665 15.661631 -0.096333 2.734252 4.525992 3.466104 -2.271016 3.785165 1.171804 -3.088719 1.404462 -0.715403 2.255391 1.188252 2.049452 0.928598
323 0.3819824457 14.225902 -1.082657 0.629958 -0.660111 0.266167 -1.515076 3.952852 -1.880206 0.278038 3.322174 -0.964051 -1.825581 -1.505276 1.444438 -2.966890
324 0.4478005171 15.184847 -1.715617 1.004969 1.399653 1.338177 -2.326293 4.883265 0.263675 -2.044120 2.841013 -2.786534 0.516551 -1.795061 -0.078868 0.743680
325 0.5726360083 12.721251 1.390996 3.106677 0.181073 -0.914858 -4.137828 5.309242 -1.739701 2.372155 -3.067528 3.160300 -0.766715 -0.022136 -3.319658 -1.985508
326 0.5344526768 15.681194 -0.771958 2.988231 5.792634 3.291661 -2.123211 3.731564 -0.995573 -1.096993 2.242787 3.223820 -1.317503 -0.715153 -0.354877 -1.874136
327 0.2364720106 14.930461 0.784887 3.218210 2.903460 1.194671 -2.001185 -0.190870 -1.333425 0.586068 -1.357417 -0.483673 -0.826583 -2.495430 0.665971 -0.887636
328 0.3159132004 14.578098 -1.348799 1.236048 4.655920 1.501459 0.091681 -0.471611 -1.576690 1.579039 2.265880 2.191387 0.115850 1.083005 -0.342655 -1.574098
329 0.3380447626 16.826894 -1.704076 1.442464 0.376067 0.139234 -0.748915 4.126270 -2.127171 -0.500438 0.979444 2.163901 1.543695 -0.538271 -3.471549 0.062630
330 0.2833303213 12.397448 -0.518209 1.662137 2.388926 -1.892036 -0.884276 2.665544 -0.513599 -0.801189 1.711911 0.386565 0.441329 -0.528565 -3.590834 -1.151733
331 0.7852894068 10.458367 -2.145047 0.677328 4.392110 0.941126 -1.220825 1.697132 -1.224532 -0.405184 3.719772 1.645614 2.022002 -1.816732 -3.014748 -2.566792
332 0.1858110428 12.825548 0.287835 1.390375 2.534882 0.450888 -1.947171 2.489304 -0.153433 -0.004500 0.965785 2.471654 -1.028559 0.175896 -3.515752 0.406666
333 0.2524796724 14.652576 2.259384 1.409435 2.777259 -0.392307 -0.866614 4.284812 -0.938284 -0.024844 0.055550 2.895846 -1.304046 1.460653 -1.486637 -1.030288
334 0.2991917133 15.214469 -0.159154 -0.220254 0.824425 2.976367 -1.802545 1.667214 -0.799082 -1.262895 2.578001 2.007658 2.261723 -1.631994 -0.505289 -2.020506
335 0.2780233622 13.385753 -0.480024 2.739794 1.198836 -0.153360 0.429204 2.860180 -1.630858 1.849823 2.560134 1.301338 -1.230274 -1.590315 -1.538932 -1.928862
336 0.3365179300 13.273537 -0.968163 -0.747942 2.811183 -0.150792 -3.085643 1.191266 -0.172288 2.932908 -0.388717 2.321688 2.044480 0.938488 -2.628437 -1.713274
337 0.3190823793 15.519078 1.714076 -1.434101 3.823641 -0.004065 -1.248877 3.720067 -0.329822 -0.310251 3.519142 0.701650 -0.098697 -0.257130 -2.572130 -1.983211
338 0.3543709517 16.358680 -1.318007 0.229098 3.500698 0.075815 -2.619568 0.708446 -1.582716 -1.564446 1.513532 3.325550 -2.108827 -2.193323 -2.766352 -1.057752
339 0.4957320690 15.786358 1.016934 1.149363 5.392569 2.587460 -4.294611 1.962649 -0.624682 -1.269144 3.301130 2.159358 0.256863 -0.739043 -1.188527 -0.557825
340 0.3477834463 15.721399 1.558881 0.069265 2.916534 2.761777 -3.259251 3.165523 -0.326925 0.697382 -0.454323 4.362501 0.248277 -0.058258 -2.995954 -0.961141
341 0.3588417768 16.656588 0.594558 1.731068 4.255513 2.358451 -1.254647 0.930206 -2.919805 -2.751024 -1.130144 2.166397 -0.965021 1.375651 -2.158150 0.881156
342 0.4896378517 17.750462 2.677087 1.283073 3.713157 -0.932140 0.127413 3.149569 1.696524 0.090922 -0.156008 3.658014 -0.305634 -2.508910 -1.841865 0.234549
343 0.2713787556 13.992242 0.487987 1.746923 4.358980 -0.023919 1.445614 1.587866 -2.678054 -3.398572 -0.113746 2.107136 -1.964802 1.524490 -0.452808 1.005958
344 0.3706879616 14.035277 2.446465 -1.449375 5.421757 2.234511 1.586093 4.273271 0.460669 0.794476 0.341427 -0.270517 1.571640 -1.945675 -3.113904 0.395072
345 0.3693293333 15.900358 1.871218 2.272343 3.459480 1.369074 -0.029479 5.121614 -2.035165 -0.436401 -0.823139 0.112466 -1.474495 0.918591 0.600330 -2.367272
346 0.1364964247 14.575256 -0.285181 2.258463 0.570919 -0.842976 0.664886 1.028079 -1.576055 -1.306781 0.823377 1.069811 -1.003340 -2.680906 0.086235 -1.766350
347 0.1322758198 13.723033 0.985689 1.414112 2.826991 1.291937 0.012214 4.083831 -0.438943 -0.244579 1.325391 0.918894 -1.808743 -1.183979 -2.911705 -0.618053
348 0.2204719782 13.316107 1.693250 -1.031300 3.630678 -0.750690 -1.328143 1.659908 -0.326562 -1.739417 0.630489 1.219335 1.183712 -0.607936 -2.744514 -1.106343
349 0.2599670887 14.227488 1.940042 0.210384 2.046357 -1.279322 -0.764587 1.105149 -2.238817 -1.046755 3.132055 2.394580 0.922319 -0.594110 -2.980023 -0.764030
350 0.2032175064 13.010897 1.523332 -0.264774 3.527004 1.689798 -0.797701 2.083402 -0.282866 -0.117539 1.282408 1.857438 0.371917 -2.221625 -1.711047 -0.883674
351 0.4304243326 14.651639 1.481612 1.730980 4.385830 1.671381 -1.138652 1.317545 -0.165876 -2.224867 2.508283 3.123070 -1.082818 -2.471394 -2.371502 -2.641815
352 0.2251667976 13.705290 -0.026072 2.791767 4.002793 0.191736 -1.830232 1.907261 -1.104136 -1.911905 0.491832 2.019161 -0.352173 -0.366530 -2.405593 -0.165319
353 0.2297496796 15.609752 0.258406 0.182553 3.070160 0.687194 -0.172876 4.003803 -0.654744 -1.079002 2.360739 1.959678 0.038214 -1.230863 -0.158962 -1.298157
354 0.2674955130 14.210784 2.447320 1.532228 1.762839 -0.110201 -0.488353 3.155455 -1.287822 -2.101681 0.552813 2.929814 -0.089442 -2.914214 -1.334165 -1.277104
355 0.1940701008 14.884941 1.296337 1.210435 0.923775 1.910493 -1.120854 1.716062 0.158238 0.295583 2.265713 2.525898 0.047762 -1.036463 -1.716765 0.594962
356 0.1013787985 16.202968 0.300790 -1.119181 0.935186 1.312985 0.987306 1.823881 -0.175822 0.100607 0.730973 1.751899 -0.885803 -1.001604 -1.336108 -2.208917
357 0.3127245903 17.319969 -1.706210 -1.823992 1.273189 2.716151 -0.569295 0.716872 -0.369229 -0.731083 1.151802 1.553530 -0.446326 -1.406833 -3.514130 -0.655222
358 0.2896934748 16.556318 0.806276 -0.393285 3.210270 -0.529688 2.025171 3.913048 -1.070754 -1.122897 1.030037 2.699524 -0.761229 -0.217479 -2.094089 -1.767528
359 0.4641340971 17.482121 -1.299108 -2.015647 2.219302 3.173643 3.150215 1.634442 2.015958 -0.872023 1.635691 2.615994 -1.462648 -0.763394 -1.081553 -2.262278
360 0.2474262714 17.078614 0.362612 -0.147895 1.717681 1.301026 -0.309555 0.369279 -0.186469 0.626134 0.271126 3.770234 -0.713205 -0.842311 0.030668 -2.351960
361 0.3078963757 17.772775 -0.683464 -2.298928 2.750270 1.494621 2.093175 0.979139 0.058054 1.867256 2.004381 0.105461 -0.042920 0.243484 0.120897 -1.646587
362 0.1801871061 16.254713 0.662247 -0.982481 0.427418 1.566251 1.125487 2.125194 -1.018845 0.374790 -0.797434 3.118567 -1.946665 -1.850807 -1.090169 -1.685723
363 0.0937411785 14.402322 0.541199 -1.084083 0.746287 1.851132 0.810073 0.591656 1.680988 -0.607448 0.325263 2.035433 -0.098420 -0.351126 -1.673844 -1.058462
364 0.1482123137 14.301912 0.745600 -1.129139 1.146950 2.740942 -0.090323 1.142437 2.199234 -1.427273 -0.575838 1.652344 0.341516 -0.704774 -2.017147 -0.491156
365 0.2138746977 13.774220 0.976788 -1.413239 0.918648 1.432567 1.407461 0.670814 2.114301 -1.186561 0.897483 2.250690 0.959374 -0.898247 -2.308655 -1.503547
366 0.3012053967 12.932776 0.386987 -1.080734 2.245878 1.033683 0.067641 -0.064104 1.282834 -1.637860 2.187687 2.965670 0.603553 -0.280284 -2.057743 -1.516380
367 0.0777336359 15.215510 -0.067664 -1.294400 0.556478 1.946049 -0.841036 -0.812306 0.788903 -0.058383 -0.856529 0.148253 -1.496821 -0.232166 -2.044422 -1.359535
368 0.0579615831 15.279405 0.166453 -0.086977 -0.656006 0.951063 -0.576383 0.973552 0.851545 0.306511 -1.705075 -0.280455 -1.684580 -0.579452 -2.583506 -0.838311
369 0.2810318470 15.989994 1.166415 0.724708 -2.165227 0.952980 0.575392 0.183878 2.700573 0.301091 -0.880074 0.498040 -1.082760 -1.573859 -3.788077 -2.509302
370 0.1639460325 15.195209 -0.574184 -0.073403 -1.416594 0.361233 -1.146195 0.583721 1.130986 -1.045424 -2.452256 -0.239204 -3.224109 -0.132263 -1.903001 -2.151222
371 0.1341718435 14.917059 -0.073962 0.570105 -2.285941 0.844013 -0.158255 0.990354 0.975419 0.456543 -1.221217 1.036259 -2.200097 -1.948564 -2.061543 -1.319581
372 0.1804341078 13.716259 -0.843031 -0.799942 0.440951 2.463239 -0.705131 2.729173 0.853930 0.689745 -3.175703 -0.251505 -0.228133 -0.433241 -2.926362 -0.713322
373 0.1361731291 15.176347 -0.276199 -0.514996 -0.741703 0.244047 -1.335572 0.798392 -0.326711 -0.502187 -1.766638 -0.206083 -2.077574 -1.494275 -4.035984 -1.379248
374 0.1946829557 14.823499 -0.253992 -0.184365 0.045719 0.476335 -2.070507 -0.736318 0.556671 -0.276913 -2.471608 -1.244349 -1.850825 -0.719218 -3.028659 -0.002010
375 0.1348143816 14.046186 1.246692 0.833605 -2.269279 1.405226 0.042131 0.428611 -1.495352 0.422381 -1.040672 0.911321 -2.674664 -0.512124 -1.209111 0.375732
376 0.1208447218 16.024315 1.305980 -0.231776 0.307885 0.752693 -1.080723 1.396765 -0.674562 0.364399 -1.916197 -1.395282 -1.609961 -0.290223 -2.859666 0.018251
377 0.1345145702 15.835530 0.068649 0.750227 -1.032567 2.092226 -0.811115 1.382135 1.275906 0.195592 -1.430415 -0.109393 -1.773490 -0.342779 -2.595417 -0.090959
378 0.1527330875 15.412471 1.315455 0.070613 -0.225236 1.892251 -0.575530 0.716700 1.517023 0.694318 -2.814526 -0.884186 -2.044255 -1.934740 -2.419050 -0.345579
379 0.0883758068 15.387449 -0.714997 -0.023060 -0.954466 1.295156 0.344947 1.304816 0.757805 -0.366675 -1.403665 0.593875 0.043987 0.140741 -3.211611 0.114683
380 0.1331231594 15.391183 -0.788322 0.597781 -0.774626 2.076675 -0.530269 1.159619 1.117402 0.014111 -2.847005 0.839772 -1.105622 -0.169484 -1.845965 0.718639
381 0.1084789038 15.038957 -1.522426 -1.211681 -0.788752 1.215117 -0.319551 1.112086 0.622086 -0.724799 -1.965744 1.101603 -1.743566 -1.275454 -2.850081 -1.731032
382 0.2401061058 16.475636 0.596408 0.195925 -0.466705 2.412909 -1.124321 1.269538 2.556898 1.502778 -0.666738 -0.410465 -1.613166 -1.078116 -2.649213 -0.380547
383 0.0818997622 15.510904 0.368358 0.679666 -0.206751 0.282230 -1.001793 0.127388 0.561698 -0.216271 -1.344639 -0.025679 0.000269 0.087538 -2.717822 -1.812842
384 0.0197074413 14.559019 0.455958 0.284528 -0.276250 -0.117509 0.244162 1.015542 1.048709 -0.006631 -1.603124 -0.482426 -0.950110 -0.756225 -2.268878 -1.459879
385 0.0654258728 14.714724 0.119563 -0.182685 -0.392652 1.270189 -1.519073 1.026431 0.898727 -0.326258 -1.229786 0.228601 -1.018326 -1.982441 -1.086542 -2.173548
386 0.1207494736 14.236073 0.081373 0.884141 0.594805 -0.511723 -0.211095 -0.295728 1.330499 0.924935 -1.870679 -0.835778 0.308156 -0.692244 -2.436569 -2.003932
387 0.0809538364 14.622725 0.190991 -0.824264 0.624418 -1.028959 0.578486 1.254548 1.279761 -0.941984 -1.011439 0.066027 -0.922535 -0.395766 -2.801870 -3.076560
388 0.1019337177 14.089310 -0.802894 0.326114 -0.350002 -0.188897 1.265955 1.875947 0.947873 0.929681 -2.081202 -1.614331 -0.343740 -1.397415 -2.697849 -1.653351
389 0.0674494505 13.978265 1.292392 0.536241 0.081112 0.469541 0.834939 1.952544 0.890585 -1.204940 -2.407308 0.072384 -1.662811 0.171459 -2.221346 -1.160880
390 0.0200836658 14.723236 0.802022 0.542429 -0.340302 -0.933529 1.825196 1.085528 0.257700 -0.281386 -1.641580 -0.899994 -1.603046 -1.566121 -1.325466 -1.727089
391 0.1017193794 14.528846 -0.284853 0.661001 -0.204959 0.409475 0.541383 0.873227 2.575537 0.253103 -0.777354 0.841573 -0.966520 0.604735 -2.333243 -0.787385
392 0.1182568073 15.162696 1.191451 1.128105 0.115482 -0.651233 0.275407 -0.105118 1.540825 -0.442516 -1.408949 -0.451983 -1.776725 -0.750595 -3.372220 -0.476968
393 0.0496984720 14.740612 0.516116 0.368150 -0.523920 -0.329755 0.003527 1.257977 1.499168 -0.050206 -1.499260 -0.179946 -1.041700 -0.537950 -2.697796 -0.951275
394 0.0417400599 15.170369 0.221578 0.001082 0.398353 -0.063324 0.108746 0.606383 2.072700 -0.898720 -1.289667 -1.223129 0.014305 -0.643366 -1.115958 -1.136598
395 0.0750609636 13.794085 -0.543122 0.150486 0.457926 -0.557808 -0.159200 2.033318 1.258097 0.515954 -1.526287 -1.679225 -1.238738 -0.659601 -2.073124 -1.355810
396 0.1077289581 15.457800 0.360169 0.433592 -0.419102 0.675051 -0.008279 2.306380 2.236314 -0.116777 -1.795433 -0.619538 -1.014809 -0.116282 -2.429400 -1.071545
397 0.1248944998 14.389724 0.475564 -0.347540 0.327854 -0.327086 -1.344455 1.237127 1.212433 0.151000 -2.500621 0.550992 0.030031 -0.437184 -3.684032 -1.320925
398 0.0552244186 15.575844 -0.079322 -0.272918 0.308728 -0.682050 0.490038 2.859883 0.485552 -1.052407 -1.040405 0.088076 -0.492310 -0.632109 -2.648356 -1.114606
399 0.0746479034 16.040945 0.811759 0.242291 -0.579021 -0.332078 0.063645 0.420966 1.408978 -0.217845 -2.093813 -0.712674 -1.157205 -0.370170 -1.672497 -1.059161
400 0.0743542910 14.831610 0.274302 1.210544 -0.108202 0.221068 0.440364 0.441068 1.104175 1.164006 -2.030968 0.186003 -0.271570 -0.794757 -2.568941 -1.226702
401 0.0663573742 14.700287 -0.863041 -0.202254 0.314204 0.080931 -0.839875 1.539490 1.308437 0.388234 -1.986678 -0.153177 -1.157054 -0.788995 -2.673786 -1.233422
402 0.1294643879 14.612236 0.499756 0.495440 0.370237 -1.194102 -0.061572 -0.348888 0.206275 0.429620 -1.101405 -0.968664 -1.510598 0.202702 -2.706296 -2.896129
403 0.0828293562 14.370507 0.267640 0.220733 0.204189 -0.910370 0.710803 1.795194 1.531736 1.029180 -1.189900 -1.317852 -0.285429 0.141031 -1.418622 -2.506369
404 0.1330274343 13.725810 0.430197 1.057678 -0.290509 -0.678823 0.296332 1.635710 1.920924 0.049548 -1.441080 -1.840912 -0.399157 -1.922121 -2.518908 -1.815774
405 0.0385361910 13.881308 1.295472 0.109580 0.476259 0.415463 0.302692 0.112274 0.730546 -0.568258 -1.710334 -0.893400 -0.678660 -0.841966 -2.440309 -1.172029
406 0.1445106268 14.294923 1.167913 0.926771 0.881393 0.829334 0.505158 2.454995 2.074054 -0.652482 -1.414595 -0.859374 -0.542002 -0.593414 -3.078675 -2.720769
407 0.0452946424 14.481507 0.516105 0.925237 -0.263168 0.401648 0.062733 0.068364 1.218892 0.436072 -1.527415 -0.024670 -0.770487 -1.190119 -2.096159 -1.361892
408 0.0133113861 15.228984 0.567365 0.743107 -0.283662 0.004335 0.229606 1.196615 0.025618 -0.111368 -1.175025 -0.446072 -0.541167 -0.837036 -1.798391 -1.987236
409 0.0861918926 15.179895 0.674833 1.867195 -0.220598 0.232456 0.673575 1.486280 -0.137485 -0.054341 -2.128185 -0.208808 -0.925187 -1.365768 -1.158005 -2.574796
410 0.0158835649 14.969048 0.633595 0.303920 -0.956690 0.500665 0.685828 0.964405 -0.313680 0.226562 -0.391578 -0.944478 0.392986 -0.944176 -2.465449 -0.964252
411 0.0284101963 14.864020 0.710414 0.483482 0.187893 -0.495529 0.401938 1.414277 0.824552 -0.098137 -0.999090 -0.829869 -0.249393 -0.682688 -1.938178 -2.238210
412 0.0637698174 15.299086 1.036789 1.171983 -0.591807 0.204641 -0.347237 1.160218 0.222588 0.409579 -0.265383 -0.523584 -0.945532 -0.931584 -0.794259 -2.522060
413 -0.0152961016 14.910962 -0.051323 0.142657 -0.286277 -0.014997 1.044484 1.424881 -0.149570 0.089783 -1.201643 -0.246505 -0.941367 -1.146172 -1.295449 -1.866216
414 -0.0053266287 14.427172 0.039874 0.048155 -0.094103 -0.235646 0.792301 1.344957 0.150026 -0.322140 -1.234079 0.421441 -1.485466 -1.150753 -1.802069 -1.859113
415 0.0316969156 15.304208 0.059858 -0.541658 -0.350153 -0.338154 1.465032 1.278316 0.168740 0.565494 -1.307295 0.769053 -0.628770 -1.628589 -1.826291 -1.861749
416 0.0666925907 14.353766 -0.125571 0.288529 -1.045991 0.625799 0.875053 1.195834 -0.072121 0.552151 -1.017459 -0.490040 -1.605744 -1.509158 -2.869919 -2.364410
417 0.0032770634 15.171811 0.146482 0.064755 -0.272187 0.326700 0.959566 1.253640 -0.234877 0.570652 -1.416977 -0.378232 -0.793140 -1.534257 -1.302896 -2.093804
418 0.0058417320 15.144560 -0.282591 0.403683 0.341480 -0.601013 1.147611 1.612138 -1.304927 0.511937 -1.184168 -0.253773 -0.539426 -1.768547 -0.780424 -1.602531
419 0.0275938511 14.757021 -0.448366 0.412500 -0.531966 -0.226930 -0.544010 1.962497 -0.001858 0.419771 -1.809275 -0.221424 -0.161355 -1.103995 -0.503233 -1.283949
420 0.0195082426 15.347227 -0.094829 0.790264 -0.504264 1.238052 1.654836 1.530463 -1.170552 -0.298070 -0.754097 -0.341549 -1.496882 -0.874330 -1.371962 -1.259103
421 0.0126693249 14.343362 -0.574157 0.095373 -0.770611 -1.006592 1.305589 0.413739 -0.403852 -0.093586 -1.348185 -0.315066 -1.119924 -1.602323 -0.977621 -2.105586
422 0.0479604006 15.241169 -0.399492 0.622695 -1.029662 0.658692 0.574447 1.783062 0.065721 -0.146979 -0.966769 -0.142850 -1.165591 -0.554951 -1.051147 -2.563129
423 -0.0132626295 14.981269 -0.466231 0.408518 0.146176 0.337616 0.877850 1.302200 0.066511 0.490865 -1.637171 -0.647426 -0.587006 -0.752812 -0.774704 -1.662386
424 -0.0186656713 14.232262 -0.304285 0.238464 0.408526 0.274824 0.798934 1.492327 -0.573138 0.631133 -0.766070 -0.236852 -1.398558 -1.210254 -1.117857 -1.867919
425 0.0154787302 14.226102 -0.201495 0.429620 0.347870 0.487827 1.184918 1.246726 -1.068959 0.492405 -0.648804 -0.136070 -1.378351 -0.931386 -1.059419 -2.739159
426 0.0172896385 14.390394 -0.452439 0.519811 0.104205 -0.243908 0.831441 1.422584 -0.359206 1.020058 -1.767568 0.372556 -1.461197 -0.150367 -1.421396 -1.651919
427 -0.0168994665 14.172214 -0.244992 0.046641 0.261396 -0.034513 0.903325 1.630088 -0.504739 -0.413525 -0.719279 -0.394799 -1.367816 -0.810850 -1.328829 -2.135070
428 0.0177584887 14.411682 -0.549676 0.848525 0.098552 0.026211 1.171057 1.333268 -0.333765 1.078278 -1.073448 -0.393233 -1.067288 -1.149847 -0.678227 -2.314030
429 0.0063228607 13.866293 -0.674476 0.585410 0.837965 0.346988 1.282373 1.683626 -1.119264 0.605259 -0.908682 -0.420045 -1.709921 -0.838584 -0.632668 -1.964889
430 -0.0206288099 13.792661 -0.539765 -0.175667 1.207807 -0.106358 0.681359 1.271677 -0.442712 0.199448 -0.875786 0.135997 -1.462542 -1.028657 -1.582054 -1.055352
431 -0.0180367231 14.166077 -0.200396 -0.335125 0.872197 -0.270204 0.892792 1.237207 -0.571800 -0.167086 -0.675642 0.374990 -1.770084 -0.887731 -2.159600 -0.869891
432 0.0143485069 13.304680 -0.723340 -0.150919 0.770295 -0.187407 0.718841 1.006459 -1.079761 -0.154940 -0.529667 -0.087877 -1.522964 -1.094413 -2.052853 -0.703833
433 -0.0042907000 14.028405 -0.594297 -0.872470 1.619922 -0.355567 0.239804 1.200038 -0.002609 0.162646 -1.071601 0.419264 -1.046374 -1.155013 -1.881841 -1.032587
434 0.0007295609 13.654837 -0.520077 0.660409 1.476055 0.672270 1.334920 1.186375 -1.138282 -0.130649 0.031763 0.020177 -1.264328 -0.644057 -1.994486 -0.736131
435 0.0130314827 13.914361 -0.273421 0.306326 0.790971 -0.017927 -0.130538 1.232232 0.183501 1.034302 -1.399573 1.012193 -1.706530 -1.023989 -1.169324 -1.216282
436 -0.0086674690 13.794902 -0.376163 0.291985 1.114308 -0.637747 0.932024 1.558043 -0.363593 0.316688 -0.470180 -0.471408 -1.525592 -0.885905 -1.613854 -1.347680
437 -0.0119093657 13.765715 -0.265522 -0.293375 0.993756 0.385100 0.912093 0.615124 -0.422557 0.241835 -0.923737 0.717644 -1.194011 -1.404747 -1.432688 -1.361082
438 -0.0204565525 14.037425 -0.313569 0.152958 1.042823 0.174459 0.706602 0.725097 -0.705448 0.199759 -1.439465 -0.231276 -1.305703 -1.309827 -1.765506 -0.634105
439 0.0131399632 13.538388 -0.398535 -1.010097 0.976300 0.101276 0.673285 2.152543 -0.273272 0.286195 -1.595279 -0.409238 -1.241832 -1.576619 -1.452177 -0.795879
440 0.0425591469 13.161682 -0.690200 0.161507 1.975770 -0.518736 0.500332 1.124333 -0.380432 0.351847 -1.068960 0.933953 -1.835431 -0.558519 -1.412339 -1.252520
441 -0.0034819841 13.765402 -0.637853 -0.191631 1.017146 -0.129201 0.882145 1.323555 -0.264308 0.241229 -0.910175 0.643259 -1.560122 -0.929270 -1.986814 -0.839605
442 0.0148106813 13.890230 -0.682077 -0.079033 1.665226 0.653848 0.635023 0.964052 -0.528953 0.408904 -0.236633 0.044108 -2.053938 -0.887013 -2.280207 -1.322429
443 0.0076621771 13.959838 -0.931692 0.244499 1.761218 -0.382796 0.791997 1.663577 -0.249604 0.286765 -1.159959 0.426120 -2.105547 -0.850831 -1.846560 -0.488649
444 -0.0056353807 13.861359 -0.800484 -0.395966 1.441238 -0.274855 0.712842 1.023066 -0.736676 0.279128 -1.103157 -0.033933 -1.907201 -0.554162 -1.677119 -0.765621
445 -0.0009485483 13.956735 -1.343746 -0.017469 0.749128 -0.444385 0.646983 1.784493 -0.523000 -0.371159 -1.280428 0.315467 -1.461234 -0.755219 -1.551457 -1.080290
446 0.0134966373 13.317148 -0.203550 -0.406391 1.497270 0.121502 0.766270 1.781873 -0.673632 0.466494 -1.164345 0.676999 -0.992046 -0.682125 -2.051266 -0.961128
447 -0.0239884853 13.795094 -0.364949 0.085728 1.104395 0.160422 1.184492 1.517343 -0.547777 0.067717 -1.127188 0.362397 -0.961353 -0.966445 -1.425746 -0.799577
448 -0.0302833319 14.323299 -0.817710 -0.308368 1.334814 -0.176511 0.926354 1.337079 -0.366045 0.445693 -1.160426 0.406528 -0.957693 -1.050562 -0.943072 -1.101335
449 -0.0271689892 14.512603 -0.834421 -0.862422 1.609915 -0.105527 0.675757 1.564822 -0.045111 0.352707 -0.787314 0.644725 -0.635432 -0.801133 -0.692490 -0.887083
450 -0.0091209412 14.743459 -1.158123 0.144966 1.731066 -0.036886 0.553670 1.268881 -0.544079 0.658565 -1.166033 0.686265 -0.801490 -1.140501 -0.878191 -1.242841
451 -0.0312614441 14.620808 -0.705247 -0.270061 1.243324 0.080936 1.073174 1.099414 -0.110747 0.869367 -1.213085 0.043798 -1.109920 -0.801728 -1.116501 -0.476255
