evaluations raw_y x0 x1 x2 x3 x4 x5 x6 x7 x8 x9 x10 x11 x12 x13 x14
1 0.3404400407 4.050062 0.061623 -4.804667 -3.270016 2.208220 -1.442089 1.029322 3.110301 0.642785 0.979951 -1.625724 2.089204 4.695289 4.001714 -2.702848
2 1.4492585185 -1.731758 2.258274 4.997078 -3.523497 1.609345 4.094094 1.903282 1.226039 -3.552848 1.110664 0.899323 -1.203012 0.407362 0.804453 -4.634528
3 1.1552581108 -0.665947 1.552276 -3.456529 -0.617721 2.377505 -2.492589 0.325847 -4.296044 1.779009 -1.575631 1.688984 0.723382 3.511971 -0.441979 -2.279589
4 0.7594650649 4.485351 -4.297842 -2.150855 0.128928 -3.341651 -2.609735 -2.981889 -0.815599 -0.758984 2.144222 3.907734 0.438438 -1.542992 0.315839 -1.043838
5 0.9461177429 -4.156812 4.124909 4.103380 2.552338 2.902464 0.117046 4.514517 -1.078603 0.455826 4.420691 1.929347 -3.887976 -2.794318 1.082290 -1.263124
6 0.0899022314 -3.523545 -3.449221 -2.917286 -0.223144 1.931364 1.637417 1.304918 2.248913 4.354085 -1.089733 4.403975 -4.913233 -4.205071 -4.329737 0.967165
7 1.3915625619 3.603129 -0.969280 -4.070029 0.353008 4.661071 3.050450 1.717978 0.040782 -1.963507 -0.592725 -4.415098 4.944104 -0.951752 0.413050 -0.488694
8 1.7295045934 -1.103844 2.755598 3.217915 -3.043566 -1.991800 -0.738205 -1.607307 -1.370972 -4.111278 3.109740 -3.191022 1.155091 1.453080 -4.628168 -3.858234
9 1.0689704241 2.838818 2.520274 -1.382125 -4.860584 -2.140309 -3.317340 4.212627 -0.401264 -2.717060 -2.069366 3.479223 -1.543772 2.212661 -0.168750 2.299015
10 0.2768409161 -0.856615 -4.894613 -0.004494 -2.734898 3.380929 2.148855 -0.139244 -3.858000 4.709647 -4.606214 -2.741354 2.961079 1.341414 -3.186351 3.523810
11 0.4706234192 -2.456261 3.818524 -0.166694 2.120175 -4.165225 3.747378 0.814586 4.136648 -4.760637 -2.283787 -2.848900 4.523579 -0.736879 -0.572020 4.921463
12 0.8935329036 2.313086 -3.440672 3.502918 -3.794541 3.725582 -1.929858 -1.185370 -3.412620 -2.193302 -3.076274 -3.891779 -1.380028 3.394984 3.520644 -4.446077
13 0.7741639439 -2.318522 -0.401546 -3.205745 -0.110737 -0.924685 4.320081 -2.101186 -1.575505 1.953539 -3.756808 3.152206 -3.662337 0.852167 4.376908 3.859439
14 1.8153882104 -3.966025 -3.846531 0.201011 1.597306 4.050149 0.356482 -4.399021 0.419652 1.194092 -4.053441 -1.729508 -4.302528 -2.098810 -1.219023 -3.447742
15 0.2434199178 -2.994901 4.594618 -4.203090 -4.754128 -1.167567 3.661488 3.620259 0.676745 1.624565 -4.427167 2.287563 -2.327304 -2.249225 2.103660 -0.980519
16 1.4397211252 -3.281333 3.231938 0.387555 -1.747763 3.560753 1.233139 -2.493568 3.440904 3.287049 -2.659001 4.884017 1.381977 -4.450049 2.411907 2.469303
17 1.1453263555 -3.783237 -2.567981 2.144828 3.704871 1.376987 0.570489 3.443803 -1.978182 -3.905822 3.766346 -3.789209 3.784290 4.129840 -3.946800 3.192270
18 1.8151740126 -1.598910 3.929958 2.584552 -0.853990 -0.491032 2.454413 -1.719163 2.401441 -1.496989 -0.019713 -0.829093 -0.962851 1.963528 -1.617960 -3.281766
19 0.9963172872 -3.120101 0.804269 3.406121 0.658992 0.740322 -1.761699 2.352399 -2.831376 0.140532 -1.401027 -1.279893 0.232183 3.687423 2.237209 4.105756
20 1.9060414557 -1.332094 -3.162471 3.672520 -3.959729 0.021302 -0.174836 3.726749 2.712705 -2.479727 -4.823239 -0.547228 2.530224 -3.375819 -1.440378 0.343699
21 0.9158986656 2.523129 -2.789714 -3.373303 -4.284349 -1.323134 -3.971087 3.111390 1.600948 1.263048 4.643630 -2.076352 2.289930 -2.511075 -3.830650 4.353885
22 1.2689108062 4.979875 -2.120727 -1.115575 1.870140 -2.630177 4.410045 0.491795 -1.808042 -1.092158 2.562349 0.735886 3.904181 -1.149401 -2.730227 -1.553886
23 1.8229670556 -4.722917 4.995874 1.448157 0.860289 -3.450535 2.727946 -4.093198 -3.959376 -4.900164 -0.940435 -2.181525 -4.752690 -3.088367 -3.616810 0.757621
24 0.8399622353 1.160992 2.985798 1.852469 4.148453 -0.752470 -0.362340 2.899129 1.085238 3.108744 4.078504 -0.634589 3.389322 4.102716 2.887109 4.579637
25 2.3066290891 1.892928 -3.947746 -1.684339 4.904003 -2.419565 -1.618077 -0.538229 -2.545572 -4.552144 4.866024 1.408680 3.638145 1.020550 3.209540 -2.547892
26 1.0795538940 -0.366958 0.438065 2.402444 -2.028698 -4.806643 1.002615 0.711415 -0.734047 3.774922 0.184141 0.189381 4.158234 2.964114 -1.974984 -0.632264
27 0.6771027090 0.030645 0.562639 -1.905899 -1.095215 0.914155 0.058422 4.587681 4.721086 -3.081868 2.440630 3.787844 4.689770 -4.663641 3.876812 4.123766
28 0.3361357689 4.671435 -4.464849 -2.626147 -1.557444 1.881940 -2.950927 2.625242 -3.458098 0.025041 -3.627630 -3.380172 1.450172 4.345168 -1.686620 2.063077
29 2.6447426251 2.698252 -1.132541 -2.416845 4.674336 4.951072 -4.287816 4.891394 -4.805287 2.935064 -2.945782 -4.724271 0.044438 -1.355142 -2.487799 2.803990
30 1.6663047822 -4.847745 -0.219282 1.017197 2.870095 3.139613 -3.857306 -0.765190 -2.646642 0.826270 2.861864 4.733725 -1.881188 -0.158964 3.328000 -4.328119
31 2.0886878487 1.761763 0.195173 -0.502052 -2.457304 -3.076196 2.107362 -3.520836 2.826010 2.280818 -1.812544 -4.827537 -4.516746 2.554325 -4.968999 1.316721
32 0.5183804346 3.359777 1.898119 2.791020 1.381563 -2.781753 3.254312 -3.003962 4.881306 4.314785 -0.287060 2.878177 -0.762939 -3.709624 -3.249924 2.688102
33 1.5362032400 1.400329 1.182878 -4.482232 4.079093 0.153230 1.827436 1.620206 1.958016 2.539568 2.079912 -4.293531 0.793421 -1.788632 4.984225 -1.717215
34 1.2392082003 4.317716 -1.997849 4.354274 4.398845 2.758778 4.914419 0.047237 -4.441369 -0.866709 1.727188 -0.233109 3.093465 -2.615822 1.735314 1.805648
35 0.3817994370 3.864855 -1.848170 -1.655690 -2.863515 4.449170 -2.182959 -4.260278 0.236264 -3.840960 4.209482 1.503409 -0.285415 1.758554 -0.984773 -0.030867
36 1.2119616130 -0.192808 1.827636 1.435345 2.593828 0.372255 -0.939690 -2.298963 4.106491 3.895886 -3.402182 2.417415 -0.360635 2.750596 0.644039 -0.137780
37 1.0040202123 1.497269 1.228682 -0.925778 -4.412578 -1.544669 -4.656043 -3.740693 -4.695598 -3.360737 -4.328498 4.225511 -3.352602 4.784623 -4.540791 -4.797335
38 2.4374543733 0.900689 -4.692576 -4.762653 3.117046 -3.816673 0.870166 -1.254969 1.872714 -1.366237 -0.550493 -1.176537 2.656594 -0.017232 -2.279605 3.251908
39 0.6630339145 -4.383714 4.366986 0.737065 1.126201 1.196569 -3.138838 -4.622975 3.700476 -0.119688 0.368005 2.685252 -2.663977 -3.462146 4.593206 1.642345
40 2.1168370342 0.774936 3.538887 0.991752 -0.433165 -0.237721 -3.636703 -4.903692 3.600121 -1.845711 -2.515399 -2.500399 -2.367693 -3.907526 1.474196 -3.027079
41 1.7435790274 0.191827 -1.230234 -3.860708 3.610753 -4.412988 -1.086434 -0.996841 -2.113756 -0.440151 3.448545 1.117154 -2.084049 0.577862 4.284864 0.201317
42 0.6741185358 0.436816 3.042982 4.563339 3.269204 4.217745 -4.433424 -3.257418 -0.320212 4.926669 1.453200 -3.485843 -3.121940 -0.336780 1.295181 -2.027546
43 1.9899397989 -1.911773 -2.462782 2.031940 -2.294348 -4.079860 2.988456 2.289873 -3.154907 -2.988479 1.338830 3.435098 -3.927244 0.169925 2.708109 -2.790052
44 1.3445768547 -2.609527 -1.666500 4.114793 -1.336667 -1.729648 4.601390 -2.618672 4.385756 2.644022 3.307242 0.516210 1.876516 -4.868902 -2.782875 1.071566
45 1.4564708358 3.085613 -0.647459 -0.613533 2.074024 -4.693645 -4.924969 3.893206 0.842574 3.515427 0.648209 0.089609 -2.993171 3.075677 -0.108598 -4.087911
46 1.9869204388 2.075388 -4.896136 -3.136246 -0.578338 -3.847068 1.051821 1.165214 1.555783 2.729016 4.639955 0.040350 -4.758814 0.136268 1.222763 2.691936
47 1.3379670778 -0.947556 1.189405 -3.756411 -1.103462 -0.007253 3.138593 2.303714 0.665903 -2.341277 -2.306622 4.034911 -4.645062 -2.941348 0.166856 -0.907918
48 1.6550028950 0.670049 1.313755 -3.173786 -0.884358 -2.591619 -1.212473 1.986052 0.346866 2.903767 2.033851 3.592503 -4.149761 -1.277789 -2.223160 0.704639
49 0.1886397022 1.917404 -4.228411 -3.553530 -0.487246 4.420458 -0.633651 -0.790311 1.961415 -1.193588 1.458696 3.936042 -3.461043 -1.160114 -4.441514 3.082066
50 1.5682899888 2.524923 -4.863024 -3.652199 -1.020817 0.472938 4.682282 3.480742 1.611843 1.479820 -3.651404 1.112469 -4.068026 -0.872083 0.822533 2.385849
51 2.6580336128 -1.853105 -4.512562 -2.980084 -0.009234 4.040070 -3.767012 -4.700101 2.591871 0.101652 -1.423920 2.769721 -4.452892 1.098259 -1.545024 1.083472
52 2.7429182341 -4.967370 -1.915613 -3.527566 0.246556 4.009118 -4.875547 -2.378708 -2.623559 -0.462317 -3.474548 3.456344 -3.489013 1.036331 2.495365 3.209644
53 1.2190419993 -1.982096 -3.986562 -3.199574 0.154005 0.522202 2.990700 3.692240 3.299122 -0.819273 2.918509 3.882401 -3.625174 1.574259 -3.451870 -0.389931
54 1.1112482146 -0.842255 -3.821341 -3.898776 0.199284 3.471794 0.645664 -0.173261 -1.109450 -2.276020 -3.130566 3.877937 -3.020519 -4.610301 -4.694222 -0.961848
55 0.7144245118 -4.383318 2.170157 -3.011257 0.363836 2.374474 -3.691477 3.088240 -2.700025 0.006290 2.896613 4.525757 -4.972878 -0.278510 -4.755388 2.186483
56 -0.0432596228 -4.504569 1.882421 -0.285305 -4.806358 2.163161 4.239827 -3.058481 -3.633895 3.552363 0.941428 4.024139 -4.977643 -4.625342 1.169982 2.147471
57 1.0834466578 -3.571471 -4.017508 1.024073 1.345154 1.993254 -3.078951 3.229782 -2.015556 3.478842 -3.251275 4.242057 0.610369 -2.274423 -0.966700 -2.482509
58 1.0970273420 -4.074868 -1.201057 -4.885997 2.609054 1.921480 2.865028 -3.065399 3.558286 4.394486 -3.121792 3.529846 -4.423808 -3.948399 -0.546846 4.570055
59 1.6323669483 -2.626629 -3.104673 -3.829008 -1.682504 2.132087 2.553845 -1.007386 3.478402 4.491014 4.923252 4.069322 -2.202547 -1.371809 -3.939752 -1.882131
60 0.2260955656 -3.895065 2.390194 -4.981232 -3.632686 1.845342 4.068638 4.615210 -3.333667 4.687968 -3.001721 3.792136 -3.485822 -4.891940 -1.280454 3.931691
61 2.6952312553 -4.745767 3.201240 -0.691391 -2.476883 1.498721 2.998411 0.462376 -3.462058 2.533809 -1.990831 4.343745 -4.986299 -2.690343 3.113891 -0.599832
62 0.9589767399 -4.411591 2.034305 3.660248 -3.549312 1.902737 3.833817 -3.219436 1.481852 -3.776378 1.634747 3.909825 -3.371459 -3.902111 -4.795029 -0.978537
63 1.5322630253 -4.490421 -4.509247 4.605157 -4.820271 1.642724 2.788664 0.536464 -3.837763 1.317497 -3.720760 4.971108 -3.880709 -4.393630 1.286781 3.805838
64 1.0564816406 -3.656453 -0.573862 -4.686734 -3.737269 1.927394 3.874624 -1.549386 -4.078466 4.618204 -4.021514 2.904629 -4.953721 -3.544989 4.222545 0.056847
65 0.8632010531 -4.790891 -2.730752 3.385748 -4.411752 1.584424 4.671375 -1.033369 -0.984264 -3.957292 -4.999201 4.347756 -2.971073 -4.786390 -0.953544 -2.424391
66 -0.6749487598 -3.970923 1.092514 -0.504300 -4.664635 2.897939 4.721862 1.032665 -3.572236 4.612651 -3.601840 3.870620 -2.168534 -4.609182 4.355635 -4.241829
67 0.9066537217 2.342564 0.746561 1.468028 -4.284302 1.591718 0.212707 -4.482863 -4.733934 0.258259 1.855634 3.986510 -4.935689 -4.834452 -4.205033 1.547718
68 2.2295110361 -1.017593 -2.486152 -1.450708 -4.092007 1.679496 -0.958529 -0.894899 0.308228 -3.102845 -2.011804 3.705947 3.611732 -4.390913 -4.350893 -1.272265
69 0.5058248503 2.268973 4.823181 -1.919619 -4.426686 1.918667 3.113643 -1.057067 -3.092894 2.105595 -2.677435 4.130708 -0.117294 -4.862129 -3.086027 0.976442
70 1.0307217789 -1.138427 -2.585832 0.624059 -4.463177 1.971934 4.952286 -1.386361 -4.144901 4.682359 2.650296 4.537261 4.298748 -4.981056 1.040803 2.962017
71 1.6227487694 0.586710 4.598194 -3.090884 -4.957118 4.669557 2.054115 -2.623193 -4.909412 4.541908 -0.465502 4.148827 -1.983055 -4.360388 1.343076 3.534003
72 1.2033464499 2.231071 -3.974190 3.746997 -4.615495 -1.863790 4.550261 -2.487387 -2.167017 4.472158 1.179081 3.740481 -0.567162 -4.985393 4.989415 -2.613643
73 1.1821808911 -0.613316 -4.024736 -3.547037 -4.907619 4.259150 2.695518 -3.318955 -1.693056 4.203683 2.109024 3.305826 -3.341118 -4.874160 3.459479 -3.155983
74 0.6086217549 -0.670616 1.690835 -4.199237 -4.085506 -1.963878 2.353038 -2.226771 -4.732358 4.123701 -1.922308 2.228714 -2.743996 -4.501764 2.738032 -3.453492
75 0.8103130369 -0.746101 -3.941289 -1.935482 -4.672850 1.137608 4.941085 -3.014847 4.957743 4.035250 -0.383773 1.160586 -0.026497 -4.462252 1.915148 0.112025
76 0.9665255019 -4.831631 2.843351 -3.641711 -4.683900 -0.102385 4.365787 -3.917162 2.111413 4.238958 -1.937433 -0.269140 -4.691946 -4.449004 0.226601 -1.170135
77 1.2987303475 -4.037864 -0.370479 0.181511 -4.389850 0.761065 3.051180 2.084897 -1.358413 4.770886 -3.562257 4.747693 -0.007285 -4.716554 0.172936 2.992442
78 1.3508884405 -4.511002 3.932630 -1.532783 -4.106700 -3.485395 2.950859 1.633213 -4.048278 4.356256 -0.722564 -2.563398 -2.128963 -4.468444 -2.313010 -4.385300
79 0.7924629973 -3.134473 2.785634 -0.558488 -4.634653 -0.969998 4.880629 1.313784 -0.364683 4.873502 -0.996044 3.313781 -4.030062 -4.420243 -1.030020 -2.568500
80 1.1006053211 -2.260755 0.963066 -3.145997 -4.548145 1.455860 4.685586 2.288958 0.008063 3.620260 -4.736182 1.418845 1.626252 -4.881774 -0.119404 -0.940724
81 1.6807365315 -3.774928 -4.909454 -4.200393 -4.483866 -0.650129 4.973613 4.830089 -3.146316 4.302847 -4.754730 4.711365 -2.446554 -4.681777 3.950726 -4.334196
82 0.4648399883 -2.794390 -1.973341 -2.460801 -4.876820 2.514980 4.607684 -2.829406 -3.890472 3.818840 -1.776155 4.553062 0.316548 -4.731024 4.184524 -2.863246
83 0.3855479614 -3.456363 -0.474316 -1.423380 -4.687562 4.164480 4.832276 3.770917 -4.964561 4.083012 -3.022408 4.630796 -4.684942 -4.489595 3.770277 -3.928401
84 0.7155339315 -4.837678 -1.190978 -0.293299 -3.880722 3.398111 3.480400 -2.773366 -1.361362 4.208671 -0.837430 2.101287 -1.641263 -4.744179 2.900063 -3.534773
85 1.8061570992 2.068105 4.817210 -3.077823 -4.447431 -0.236647 3.031264 -2.740866 3.224437 4.582968 -1.693685 2.542234 -2.494413 -4.937512 4.874492 -3.596392
86 1.3163422650 -4.840382 0.946129 -3.527345 -4.385452 2.756167 4.923155 0.806389 -1.347768 4.918903 -0.514855 3.811597 -1.239813 -4.666111 2.036214 -4.026783
87 0.5078463332 -1.004355 2.263719 -0.181088 -4.573081 2.567449 4.891492 0.524080 -2.612388 4.734597 -2.204397 3.166225 -2.153300 -4.773174 4.677689 -2.803270
88 -0.0208381676 -4.904579 1.091273 0.155038 -4.535780 3.127767 4.669210 -3.248260 -4.743806 4.674932 -2.815270 4.924121 -2.972661 -4.482686 4.530809 -0.903726
89 1.4119763918 -2.631563 0.677365 0.747176 -4.792811 2.567737 3.588506 -3.027856 -4.839976 3.808412 -4.887432 3.298493 -2.725487 -4.711107 4.406666 -4.334386
90 0.1218530044 -2.212255 2.183630 1.246297 -4.502248 2.762701 4.345675 -0.260851 -3.366850 4.188526 -2.759380 2.065050 -3.121971 -4.355945 1.711388 -2.660138
91 1.2234637180 -4.670094 -0.755679 -0.739566 -4.598183 3.873642 4.543932 3.125581 -3.088394 4.879348 -3.710506 2.279238 0.653186 -4.835391 3.466993 1.801818
92 0.5459813946 -2.815545 2.506917 -0.546250 -4.586844 3.496219 4.428903 4.656112 -3.883950 4.966410 -2.507558 2.192960 2.295166 -4.481298 2.533462 -1.083749
93 0.7419791397 -4.105949 3.260977 -0.272571 -4.444460 2.714746 4.490658 -2.848982 -3.088584 4.705855 -3.188264 4.864472 2.440648 -4.499930 3.611254 -0.905532
94 0.5693425283 -3.741317 3.639592 0.039130 -4.527596 2.213344 4.435782 4.114543 -3.161123 4.591892 -4.895808 -1.595168 -0.925715 -4.763631 3.764044 0.946420
95 2.4777285763 -4.499193 0.171491 -0.415569 -4.949458 1.922550 4.947639 -2.444242 -4.858467 4.244460 -4.933771 -4.232865 1.277181 -4.629982 2.821703 -4.165077
96 -0.0452589835 -4.096033 0.929928 -0.869781 -4.574132 3.980169 4.763729 -2.225874 -3.424419 4.672926 -3.565770 4.132773 0.179364 -4.264790 2.194570 -3.598822
97 1.3959700967 -3.032030 1.339539 0.996749 -4.442183 1.936822 4.817065 3.727618 0.691982 4.515793 -3.866753 2.394115 -3.156670 -4.371961 -2.533029 -2.335709
98 0.4530801995 -2.334793 1.343118 -0.076052 -4.643260 2.898160 4.085084 1.188576 -3.755464 4.659057 -2.749276 4.197064 -1.151033 -4.261287 2.313450 -1.259446
99 2.0542717482 -4.957926 0.539404 -3.656824 -4.915600 -1.769753 4.097048 -2.051241 3.137767 4.821668 -4.511758 2.661543 -3.837332 -4.456294 -2.337512 -3.269076
100 1.2848704376 -4.641193 1.595043 2.405920 -4.489541 1.422633 3.897768 0.239607 0.913778 4.876623 -4.191582 2.594858 1.318570 -4.354679 4.734384 -3.216836
101 0.1219148019 -3.332235 1.119914 -0.268964 -4.655738 1.011129 4.642512 0.530387 -3.698816 4.142947 -3.494506 3.934632 -2.186903 -4.484675 3.302554 -3.773078
102 0.9214688515 -2.973610 1.413847 -1.247124 -4.680669 4.633027 4.588105 -0.037655 -3.938398 4.245037 -4.770091 3.542448 -0.719665 -4.751273 3.706259 -3.728197
103 -0.0921071276 -3.198010 0.914011 1.347845 -4.772111 0.764071 4.589792 -0.737135 -3.480352 4.275919 -4.202001 3.774626 -2.063342 -4.494627 3.911763 -3.038266
104 0.1075423007 -2.244108 0.895992 1.296074 -4.613280 3.845528 4.827173 -0.294386 -3.905380 4.582187 -3.075877 3.866743 -3.479628 -4.742263 0.949312 -3.185178
105 1.2104967458 -3.616018 1.225270 0.260587 -4.652253 4.924802 4.691862 1.603536 -3.952490 3.984056 -4.069580 3.732729 -0.896335 -4.537092 3.547691 -2.487264
106 1.4352124229 -4.988081 1.564937 -4.005201 -4.739063 2.762832 4.853049 1.564624 -3.340150 4.239225 -3.441278 4.673012 -3.024731 -4.587610 3.986026 -3.683049
107 0.9603852354 -2.190370 1.129522 -2.988738 -4.441203 2.436011 4.651339 0.372462 -3.379551 4.415802 -2.486125 3.787237 0.584416 -4.157671 1.779087 -4.561784
108 0.1572438868 -4.196115 0.470576 -0.260207 -4.456867 3.209564 4.586009 0.217769 -3.399685 4.645221 -2.062209 4.578435 -4.603118 -4.624642 4.387296 -4.178241
109 1.0758160254 -3.546293 1.002291 -3.663180 -4.627306 2.850674 4.878641 -0.646893 -3.218742 4.337028 -4.990650 4.162490 0.226915 -4.173351 1.448437 -2.290136
110 0.9512977952 -4.605583 1.316983 0.039783 -4.489496 2.557939 4.617252 -2.066442 -3.335767 4.537712 -2.806561 3.053595 -3.477466 -4.134370 3.402613 -3.053822
111 0.5842325666 -3.239865 -0.994462 0.212880 -4.717114 2.863392 4.771721 0.425134 -3.759438 4.813135 -0.995009 3.526524 -3.548939 -4.658268 2.083066 -4.166866
112 -0.0105911478 -2.870138 -1.275234 -0.465741 -4.789848 2.758364 4.524607 2.010049 -3.526605 4.325015 -4.403135 3.227954 -2.885905 -4.542342 3.802749 -3.212620
113 0.9744992915 -3.918493 -1.614473 -0.292063 -4.729436 2.362894 4.691697 2.714902 -3.742281 4.958085 -1.368175 3.633166 -0.987079 -4.578036 1.048660 -4.562164
114 2.2145389489 -3.759060 3.134710 0.129687 -4.801315 2.565670 4.719501 -1.017704 -4.213876 4.530316 -4.349725 4.355894 -3.285620 -4.661429 1.654564 -1.898878
115 0.3122987495 -4.284835 -0.185782 -0.205104 -4.704809 2.682593 4.686876 0.750867 -4.184785 4.560197 -1.084461 3.328937 -3.016584 -4.526335 3.102229 -1.839790
116 0.8202844044 -4.256360 0.919512 -0.236550 -4.730166 2.493649 4.783819 0.677826 -3.906558 4.559532 -4.122803 4.459483 -1.169986 -4.592656 4.906900 -3.832337
117 -0.3033627025 -3.338433 1.137206 -0.326847 -4.714220 2.408553 4.597420 1.147981 -3.043946 4.584110 -3.177430 3.681779 -1.218150 -4.530833 4.754816 -3.428862
118 0.1855421945 -4.433201 0.999450 -0.294701 -4.624041 2.967340 4.754179 0.544481 -3.018930 4.697643 -3.147789 3.298442 -3.361971 -4.540836 3.475353 -4.641792
119 -0.0750619397 -4.149212 1.134061 -0.788943 -4.597749 3.354734 4.672173 -0.300269 -3.641249 4.763334 -2.994332 4.395433 -3.592235 -4.629558 4.736048 -2.892392
120 0.4139921327 -3.142739 0.996095 0.219513 -4.713673 2.528036 4.554481 0.929650 -3.999789 4.517992 -3.411733 4.255775 -1.126097 -4.526963 4.153796 -3.902728
121 0.2565025699 -3.755279 1.180081 -0.925965 -4.746266 2.072287 4.998387 0.458391 -3.578246 4.588270 -4.137585 3.783686 -2.556414 -4.490472 4.658389 -3.834765
122 0.8907706950 -4.301882 0.996841 -0.225291 -4.577455 1.632444 4.409730 1.473328 -3.319852 4.733044 -3.112174 4.191286 -1.982724 -4.537310 4.933017 -3.961585
123 0.7630256082 -3.989997 0.681412 -0.756218 -4.633610 3.465907 4.995022 0.180684 -3.605384 4.617165 -3.162631 3.835747 -2.573869 -4.700129 4.956735 -3.077791
124 0.0812240483 -4.294206 1.211148 -0.289911 -4.581640 3.518545 4.218447 0.849599 -3.515722 4.674375 -3.580710 3.554012 -2.495762 -4.755501 4.637403 -3.236044
125 0.4867548007 -4.513199 0.826812 -1.125897 -4.761139 3.931901 4.986085 1.634578 -3.694098 4.670060 -3.365919 4.186947 -2.138740 -4.777718 4.623751 -3.989453
126 0.5657447179 -4.175588 1.685918 -0.914242 -4.718333 2.696432 4.489116 1.482338 -3.567702 4.579280 -3.893857 3.944231 -2.316512 -4.703220 4.372226 -4.982549
127 -0.3866490116 -3.567187 1.482541 -0.793751 -4.639391 2.771036 4.591399 1.640465 -3.221561 4.547559 -2.865777 3.729867 -2.535353 -4.813159 4.733969 -4.374705
128 1.7302654836 -4.366323 1.376885 -0.886507 -4.399655 2.659699 4.850528 0.852173 -3.859677 4.712479 -3.322544 3.760573 -2.258751 -4.387811 3.975047 -4.396974
129 1.4855692658 -4.410172 0.536709 -0.564412 -4.933984 2.942279 4.945303 1.278073 -3.613704 4.177469 -3.158396 3.775355 -1.768576 -4.736129 4.051030 -4.755758
130 0.4008107588 -3.804800 1.198554 -0.221314 -4.452632 2.974578 4.677944 1.736864 -3.209222 4.455465 -3.172519 3.664288 -1.643079 -4.874890 4.044734 -4.406528
131 -0.0220631271 -3.846417 0.839821 -0.435862 -4.765381 2.843688 4.556665 0.978564 -3.451629 4.504108 -3.465996 3.677656 -2.181307 -4.568140 4.473996 -4.056657
132 0.1710438076 -3.935618 1.060680 -0.359882 -4.722149 3.179646 4.539848 1.175744 -3.578128 4.685559 -3.473366 3.769847 -2.421244 -4.645747 4.461856 -4.393507
133 -0.6013940934 -3.830822 1.403302 -0.297297 -4.495074 2.804282 4.872406 0.970935 -3.596591 4.408735 -3.929472 3.784252 -2.055188 -4.662016 4.529948 -3.968521
134 -0.0484659024 -3.781451 1.446401 -0.386360 -4.761761 2.775547 4.584842 1.226060 -3.798894 4.485435 -3.401741 4.210073 -2.169629 -4.566718 4.597576 -4.013442
135 0.4036789785 -3.930811 1.435795 -0.346221 -4.523860 2.872516 4.713753 0.816712 -3.397738 4.802545 -3.530353 3.977352 -2.429540 -4.640134 4.234897 -4.472827
136 0.0791703534 -4.025831 1.147664 -0.611752 -4.646241 3.253540 4.774953 1.413164 -3.761534 4.605790 -3.571734 3.718588 -2.188641 -4.611332 4.640659 -4.064691
137 0.3481802959 -3.761352 1.293384 -0.712857 -4.662675 2.697743 4.747539 1.375018 -3.333179 4.760137 -3.880682 3.595952 -2.148729 -4.526944 4.606260 -4.173425
138 0.7453248357 -4.210872 1.243472 -0.641542 -4.690424 3.159878 4.733895 0.761170 -3.582888 4.456347 -3.564873 3.669708 -2.162055 -4.527932 4.223723 -3.896352
139 0.5369347919 -3.796680 0.968169 -0.662912 -4.678192 2.534243 4.820623 1.218609 -3.397012 4.585176 -3.595559 3.643193 -2.139172 -4.715814 4.118062 -4.296512
140 0.4652684802 -3.786843 1.105929 -0.482143 -4.693879 2.484883 4.826180 0.705593 -3.556592 4.785209 -3.856753 3.698319 -1.870387 -4.582824 4.633493 -4.056945
141 0.0799147101 -3.753204 1.181101 -0.197859 -4.597745 2.839944 4.938513 0.908440 -3.456636 4.574915 -3.558146 3.935924 -2.047118 -4.821526 4.406729 -4.062225
142 1.3166092950 -4.240632 1.145614 -0.534995 -4.759827 2.704849 4.565722 1.149881 -3.724564 4.477612 -3.746555 3.950456 -2.313714 -4.734694 4.302648 -4.088699
143 -0.1952610660 -3.901272 1.081408 -0.596347 -4.572923 3.064176 4.781136 1.373818 -3.475634 4.636593 -3.810846 3.957433 -1.954462 -4.687600 4.465114 -4.045954
144 0.7516308841 -3.663071 0.835316 -0.679066 -4.622855 3.026400 4.463461 0.805401 -3.694690 4.818938 -3.831221 3.960340 -2.149923 -4.824341 4.285147 -4.542577
145 0.6553259886 -3.702007 0.905509 -0.514254 -4.755486 2.916751 4.925601 1.340472 -3.514986 4.428156 -3.483865 3.902125 -1.906666 -4.832933 4.498183 -4.326918
146 -0.3298005685 -3.916201 0.982579 -0.373569 -4.602819 2.807751 4.709469 1.088156 -3.494076 4.641242 -3.613864 3.956892 -2.242708 -4.593779 4.508482 -4.262546
147 -0.0478981647 -3.994805 0.994676 -0.382245 -4.723415 3.068702 4.750168 1.098142 -3.489945 4.699844 -3.747291 3.882571 -2.170857 -4.682029 4.520937 -4.150384
148 -0.0388395148 -3.911152 1.123356 -0.434799 -4.616731 2.949193 4.718749 1.048263 -3.613970 4.566222 -3.766163 3.924099 -2.049509 -4.553118 4.423630 -4.367776
149 0.2296971578 -4.014005 1.088997 -0.502273 -4.609921 3.071595 4.745773 1.052700 -3.443771 4.530202 -3.652919 3.814048 -2.246696 -4.679542 4.410269 -4.289285
150 0.3857917368 -3.874711 0.979731 -0.565459 -4.608794 3.042074 4.761933 1.005486 -3.667558 4.557500 -3.749168 3.929822 -2.062139 -4.542946 4.447672 -4.186836
151 0.0806224820 -3.938232 1.153661 -0.495433 -4.631559 2.858117 4.723225 1.050869 -3.688394 4.652374 -3.701876 3.815864 -2.308909 -4.636028 4.214762 -4.355260
152 -0.1377315188 -3.876067 1.133100 -0.386024 -4.592852 2.961202 4.695134 1.176801 -3.531559 4.641533 -3.487119 3.912572 -2.036021 -4.525590 4.358854 -4.132384
153 -0.5775885320 -3.886139 1.122665 -0.413723 -4.736893 2.869715 4.744716 1.093430 -3.511585 4.630569 -3.466120 3.955835 -2.096752 -4.501761 4.401589 -4.168738
154 0.2466444557 -3.930709 1.128855 -0.562986 -4.763808 2.972068 4.779149 1.073982 -3.524263 4.555203 -3.473207 3.816309 -2.240827 -4.723008 4.470970 -4.333812
155 -0.2199417547 -3.953389 1.187045 -0.499501 -4.766158 2.824101 4.709471 1.069071 -3.517873 4.564403 -3.595291 3.936998 -2.109473 -4.512091 4.481389 -4.404780
156 -0.9209094945 -3.947612 1.198707 -0.354265 -4.682890 2.814317 4.667283 0.929260 -3.455941 4.665398 -3.489777 3.798148 -2.123103 -4.563477 4.435997 -4.387920
157 -0.2578597628 -3.939424 1.074287 -0.591380 -4.694936 2.951180 4.652103 1.038552 -3.573531 4.677401 -3.498945 3.937764 -2.186971 -4.579303 4.425386 -4.148673
158 -0.1498189708 -3.986033 1.176580 -0.428845 -4.633996 2.836601 4.637497 1.113281 -3.669527 4.629351 -3.739776 4.015222 -2.016750 -4.550942 4.459956 -4.139830
159 -0.3908813499 -4.019988 1.021515 -0.574549 -4.651034 2.847514 4.689782 1.009883 -3.432456 4.649728 -3.561054 4.009482 -2.221792 -4.702159 4.325132 -4.075543
160 -0.3128027497 -3.934681 1.042136 -0.353784 -4.634781 2.962642 4.802581 1.092223 -3.710210 4.648288 -3.462684 3.763054 -2.067455 -4.657275 4.332901 -4.073426
161 -0.3852918206 -3.973893 1.074063 -0.269517 -4.687087 2.847258 4.677752 0.845458 -3.376341 4.629896 -3.415885 3.952188 -2.175036 -4.613410 4.361152 -4.534272
162 0.1517797585 -4.001455 1.127384 -0.278191 -4.685800 2.783022 4.733144 0.792060 -3.464881 4.642581 -3.376699 3.967528 -2.017587 -4.546937 4.323480 -4.358723
163 -0.1782691362 -3.858936 1.102568 -0.500916 -4.735732 2.806762 4.716214 0.895262 -3.374070 4.678337 -3.594196 3.895720 -2.068888 -4.651504 4.400545 -4.484958
164 -0.4886543958 -3.965933 1.183155 -0.411739 -4.699333 2.890531 4.600279 0.785612 -3.468864 4.637004 -3.433917 3.637672 -2.154498 -4.571749 4.319075 -4.215973
165 -0.6203029153 -3.989242 1.089603 -0.315265 -4.656141 2.886977 4.592051 0.952275 -3.445152 4.730907 -3.481790 3.948647 -2.014178 -4.477026 4.510501 -4.197001
166 -0.4497330853 -3.919105 1.260608 -0.197782 -4.718760 2.819965 4.660745 1.005569 -3.536179 4.639895 -3.514914 3.654695 -2.068551 -4.537789 4.355517 -4.134366
167 -0.2871137861 -4.004277 1.246794 -0.258858 -4.636376 2.765975 4.670996 0.970729 -3.601450 4.712682 -3.575496 3.747800 -2.045121 -4.613320 4.491641 -4.142219
168 -0.7149299762 -3.965550 1.308780 -0.251214 -4.629539 2.875606 4.646777 0.895652 -3.282444 4.642230 -3.466946 3.685306 -2.082496 -4.630690 4.568432 -4.282147
169 -0.1395861863 -3.938997 1.182932 -0.252820 -4.626847 2.847794 4.591505 0.832085 -3.364710 4.708443 -3.517594 3.674799 -2.092554 -4.539329 4.350172 -4.458558
170 -0.5437560237 -3.949467 1.165311 -0.355008 -4.614385 2.743936 4.577296 0.987794 -3.308301 4.694722 -3.387843 3.924848 -2.093476 -4.640205 4.522516 -4.177727
171 -0.4637281739 -3.839639 1.304137 -0.428803 -4.690219 2.792419 4.625773 0.915895 -3.279762 4.612495 -3.449610 3.740848 -2.051211 -4.653185 4.455650 -4.153296
172 -0.1333459757 -4.047794 1.116485 -0.470749 -4.647342 2.719915 4.670193 0.975705 -3.599162 4.629695 -3.409997 3.888828 -2.100208 -4.670967 4.332407 -4.126065
173 -0.6090370286 -3.844984 1.129585 -0.370092 -4.678509 2.786198 4.680243 0.919550 -3.593986 4.634983 -3.507676 3.618833 -2.207772 -4.449991 4.508311 -4.242229
174 -0.8485297650 -3.930059 1.084871 -0.341420 -4.667361 2.819060 4.680378 1.007666 -3.452093 4.664789 -3.544093 3.685081 -2.120169 -4.553108 4.479497 -4.183214
175 -0.5141860308 -4.020751 1.244854 -0.311154 -4.681008 2.731214 4.735646 0.855885 -3.381961 4.649077 -3.561822 3.894216 -2.177321 -4.510319 4.554088 -4.199445
176 -0.7996735013 -3.962887 1.155624 -0.295840 -4.691411 2.857782 4.618130 0.912425 -3.448342 4.667946 -3.466682 3.787384 -2.089741 -4.590179 4.475305 -4.260423
177 -0.5204391689 -3.989475 1.160263 -0.375827 -4.669291 2.840071 4.694546 0.982494 -3.436962 4.650567 -3.430240 3.720686 -2.114077 -4.601812 4.449626 -4.449127
178 -0.3193063237 -3.996789 1.134512 -0.334672 -4.664131 2.823822 4.684780 0.940636 -3.368018 4.693291 -3.436599 3.740051 -2.151668 -4.498617 4.499614 -4.280385
179 -0.7991356194 -3.948919 1.133882 -0.389128 -4.685720 2.856923 4.655236 0.932403 -3.415035 4.666742 -3.542470 3.723602 -2.092826 -4.572908 4.409853 -4.379116
180 -0.9198605633 -3.983606 1.203790 -0.388794 -4.685027 2.804250 4.710693 0.985510 -3.533935 4.647868 -3.485526 3.768542 -2.174747 -4.551346 4.405490 -4.488434
181 -0.8416581014 -3.892461 1.247105 -0.397758 -4.678774 2.793716 4.614186 0.989373 -3.389157 4.637809 -3.510990 3.886358 -2.165887 -4.504527 4.390473 -4.406257
182 -0.5849517401 -3.917786 1.167072 -0.362412 -4.694674 2.800787 4.664116 0.955316 -3.418254 4.680077 -3.497126 3.753588 -2.135203 -4.594911 4.488542 -4.262583
183 -0.9065611978 -3.920397 1.124051 -0.396901 -4.690285 2.812925 4.622830 0.888571 -3.505316 4.635956 -3.512005 3.919747 -2.162008 -4.514861 4.510934 -4.410723
184 -0.8902511175 -3.958457 1.200986 -0.314928 -4.675379 2.845636 4.602734 0.984930 -3.402609 4.655907 -3.474555 3.724246 -2.069910 -4.596363 4.428882 -4.525207
185 -0.8949830529 -3.953921 1.174394 -0.315843 -4.694956 2.827369 4.620655 0.978816 -3.417464 4.634829 -3.441845 3.783024 -2.085463 -4.628440 4.468203 -4.380408
186 -0.7893399576 -4.007300 1.230310 -0.388662 -4.687177 2.806543 4.622824 0.977505 -3.399926 4.637156 -3.475106 3.769037 -2.168429 -4.497388 4.362632 -4.361507
187 -0.9570396446 -3.960058 1.228282 -0.405813 -4.674524 2.785179 4.619731 0.974501 -3.521451 4.639286 -3.523231 3.676799 -2.100261 -4.546447 4.404508 -4.262173
188 -0.3932212786 -3.886307 1.202162 -0.403161 -4.679235 2.850412 4.681839 0.888638 -3.452607 4.694160 -3.523785 3.703240 -2.101397 -4.501558 4.501805 -4.287923
189 -0.9057100389 -3.931497 1.248011 -0.327399 -4.696577 2.854066 4.708190 0.937343 -3.500816 4.667513 -3.525554 3.860550 -2.181729 -4.628205 4.514202 -4.460674
190 -0.7734556064 -3.911576 1.249178 -0.361940 -4.683583 2.868529 4.655940 0.891069 -3.519538 4.642485 -3.461659 3.714448 -2.176090 -4.529054 4.506598 -4.484307
191 -1.0144402472 -3.932146 1.230294 -0.459230 -4.651804 2.835581 4.653537 0.983511 -3.507114 4.637174 -3.534741 3.773501 -2.101690 -4.496592 4.353166 -4.294679
192 -1.3302730928 -3.976301 1.265938 -0.378990 -4.665816 2.834262 4.632409 0.935454 -3.474830 4.626270 -3.541356 3.567819 -2.147721 -4.550054 4.435222 -4.178855
193 -0.9724912262 -4.014843 1.223281 -0.354311 -4.698863 2.771915 4.587087 0.936550 -3.477211 4.636953 -3.545857 3.749324 -2.101889 -4.615855 4.471506 -4.337788
194 -1.0299065636 -3.959181 1.150129 -0.367760 -4.666015 2.778413 4.584017 0.940711 -3.468612 4.625606 -3.517623 3.698243 -2.138595 -4.522168 4.385695 -4.156266
195 -0.9174923639 -4.015741 1.209547 -0.434830 -4.668952 2.812495 4.559457 0.953542 -3.569841 4.620906 -3.531505 3.725195 -2.130540 -4.475239 4.345877 -4.289702
196 -1.1391082056 -3.974675 1.284361 -0.397586 -4.634795 2.809102 4.585084 0.934375 -3.494415 4.607652 -3.506215 3.450699 -2.145759 -4.508602 4.437338 -4.098901
197 -1.4435372174 -3.945214 1.223048 -0.328594 -4.645013 2.861903 4.561422 0.900823 -3.474251 4.601800 -3.585957 3.528104 -2.121642 -4.513324 4.430933 -4.174258
198 -1.2506049039 -3.936521 1.263269 -0.375932 -4.658144 2.867338 4.683877 0.950772 -3.489118 4.629852 -3.577612 3.547058 -2.128902 -4.491794 4.363654 -4.086241
199 -0.8874730211 -3.941644 1.212708 -0.390386 -4.639813 2.858381 4.574482 0.976044 -3.476582 4.633695 -3.524816 3.692341 -2.194865 -4.604343 4.386334 -4.118218
200 -1.1476419526 -3.982144 1.349590 -0.331160 -4.662035 2.856199 4.586450 0.915272 -3.499399 4.603765 -3.507395 3.556891 -2.199001 -4.636183 4.486225 -4.160103
201 -0.6960136364 -3.904532 1.224424 -0.233530 -4.595770 2.915198 4.563256 0.992713 -3.573799 4.560903 -3.653421 3.677435 -2.136798 -4.321772 4.481125 -4.206155
202 -0.1879178977 -4.009733 1.253922 -0.376106 -4.602736 2.897172 4.649719 0.807106 -3.471597 4.556943 -3.580188 3.356220 -2.060334 -4.396131 4.316883 -4.400486
203 -0.3079158467 -3.964445 1.362742 -0.332420 -4.581626 2.770473 4.467844 0.914368 -3.522638 4.579515 -3.653017 3.460250 -2.041159 -4.331455 4.501111 -4.144439
204 -0.5659121388 -3.930182 1.206251 -0.380392 -4.602500 2.937605 4.504929 0.833463 -3.482091 4.600588 -3.639130 3.684540 -2.170333 -4.356115 4.550782 -4.166512
205 -0.9399679422 -3.963510 1.373468 -0.263854 -4.645378 2.871215 4.403918 0.979656 -3.449262 4.562714 -3.653766 3.355042 -2.077333 -4.674754 4.429850 -3.988412
206 -1.4690243119 -4.010786 1.201759 -0.390577 -4.616184 2.816642 4.594794 1.005026 -3.514214 4.584252 -3.560757 3.627636 -2.171156 -4.509652 4.571525 -3.981273
207 -0.6010842867 -3.862242 1.347495 -0.297155 -4.640493 2.789402 4.589373 0.979283 -3.370359 4.624694 -3.658839 3.301125 -2.222082 -4.562950 4.570141 -3.981794
208 -0.3304897397 -4.051391 1.250117 -0.429142 -4.630490 2.906913 4.487413 0.956558 -3.375494 4.552280 -3.654542 3.734442 -2.024642 -4.524215 4.408771 -3.926727
209 -0.3971668346 -3.840396 1.357875 -0.314220 -4.594597 2.922756 4.548051 0.912287 -3.409177 4.575364 -3.680339 3.446864 -2.199787 -4.463225 4.344862 -4.088364
210 -0.8353469207 -3.970164 1.326689 -0.388160 -4.633759 2.878022 4.692169 0.983201 -3.539132 4.581342 -3.589881 3.467963 -2.183349 -4.509476 4.489128 -4.298073
211 -1.0404249854 -3.990526 1.271297 -0.308834 -4.584723 2.831483 4.471532 1.010907 -3.441510 4.565433 -3.632896 3.618087 -2.127097 -4.574503 4.556497 -3.598121
212 -0.6191609416 -3.983404 1.141460 -0.313409 -4.598368 2.833571 4.493974 1.129158 -3.460296 4.548094 -3.478030 3.599907 -2.096035 -4.604954 4.431991 -4.204671
213 -1.0263963679 -4.048400 1.341924 -0.288079 -4.676664 2.765200 4.555295 1.032684 -3.567943 4.584018 -3.612708 3.703750 -2.189425 -4.578603 4.607694 -3.654384
214 -0.3620490495 -4.056147 1.295219 -0.319561 -4.606878 2.881239 4.514394 1.134743 -3.442691 4.542556 -3.508292 3.443085 -2.066956 -4.531126 4.713628 -3.974762
215 -1.2958248315 -3.979566 1.110587 -0.451363 -4.549835 2.830594 4.664878 1.066486 -3.520608 4.590733 -3.589374 3.463407 -2.117949 -4.561900 4.592132 -4.226268
216 -1.2662454468 -4.048011 1.164319 -0.371585 -4.545447 2.835559 4.538559 0.985570 -3.485284 4.581005 -3.560496 3.523170 -2.125142 -4.544117 4.707808 -3.851143
217 -0.7924633553 -3.928641 1.207474 -0.509474 -4.653897 2.839567 4.497692 1.060079 -3.539555 4.572118 -3.481114 3.622319 -2.244358 -4.530639 4.626458 -3.519504
218 -1.6023479336 -3.939590 1.146170 -0.307794 -4.681447 2.865785 4.497349 1.063095 -3.562445 4.605444 -3.611786 3.790037 -2.089226 -4.514734 4.551152 -4.540427
219 -1.1233391818 -3.951742 1.156417 -0.297853 -4.560210 2.813114 4.477032 0.938803 -3.519446 4.554508 -3.512265 3.514905 -2.181129 -4.535592 4.658427 -3.965209
220 -1.0716602010 -3.958801 1.127782 -0.467178 -4.639265 2.776257 4.604052 1.038551 -3.509964 4.621582 -3.510972 3.599286 -2.164969 -4.586777 4.550236 -3.107188
221 -0.6980696307 -4.001476 1.216677 -0.255616 -4.626968 2.983674 4.563254 1.057781 -3.564257 4.628336 -3.681365 3.946916 -2.027392 -4.617012 4.694275 -4.689012
222 -0.7977606388 -4.032382 1.180587 -0.333274 -4.641010 2.888634 4.424838 1.037655 -3.595635 4.591748 -3.672319 3.754452 -2.159367 -4.603699 4.695923 -4.641023
223 -1.0898828919 -3.961032 1.223008 -0.214157 -4.576009 2.853426 4.550613 1.091328 -3.521235 4.638362 -3.526686 3.915550 -2.070056 -4.628779 4.661300 -4.504019
224 -0.7721302487 -3.887567 1.030067 -0.273495 -4.695813 2.783699 4.391788 1.110963 -3.658331 4.561686 -3.534617 3.887294 -2.193643 -4.463152 4.597008 -4.553878
225 -1.4065299334 -3.993950 1.141362 -0.209674 -4.733010 2.960389 4.402401 1.060999 -3.524700 4.647067 -3.575800 3.794955 -2.129992 -4.443203 4.635286 -4.747352
226 -0.3678245441 -3.847891 1.228824 -0.254323 -4.751031 2.781891 4.404517 1.133401 -3.547494 4.649133 -3.547677 3.729894 -2.065225 -4.570656 4.637871 -4.811358
227 -1.1778551491 -3.902199 1.114018 -0.299931 -4.581795 2.956865 4.579991 1.060179 -3.542654 4.635729 -3.593795 3.657711 -2.143820 -4.437072 4.698388 -4.363708
228 -0.6209579484 -3.976217 1.223211 -0.174966 -4.753683 2.998341 4.535680 1.168278 -3.519568 4.599030 -3.540941 3.803890 -2.062128 -4.451474 4.705959 -4.760354
229 -0.9620914168 -3.903946 1.059897 -0.255826 -4.760761 2.864861 4.495518 1.027274 -3.492062 4.586044 -3.646591 3.697940 -2.189491 -4.612995 4.649574 -4.508782
230 -0.5044580036 -3.861753 1.152040 -0.318198 -4.659560 2.951768 4.548486 1.136572 -3.605319 4.626762 -3.605468 3.729066 -2.039610 -4.436923 4.680223 -4.817034
231 -0.8729834047 -3.983662 1.044958 -0.424149 -4.710765 2.959080 4.447885 1.073545 -3.562782 4.636409 -3.645992 3.870443 -2.071838 -4.420815 4.630604 -4.388416
232 -0.8020456137 -3.994524 1.012867 -0.305512 -4.714513 2.995688 4.492239 1.073449 -3.544142 4.588022 -3.623310 3.731010 -2.058915 -4.435428 4.725564 -4.491592
233 -1.3672695020 -3.935847 1.070342 -0.194419 -4.739477 2.928945 4.515636 0.980817 -3.542340 4.605101 -3.627140 3.769531 -2.162252 -4.516051 4.607772 -4.318624
234 -0.5628928489 -4.036298 1.169087 -0.203580 -4.667653 2.804426 4.448933 0.968203 -3.500780 4.640837 -3.633832 3.724108 -2.187642 -4.599358 4.681610 -4.318746
235 -1.2048346021 -4.022367 1.099854 -0.191078 -4.662254 2.946733 4.581148 1.081553 -3.581940 4.635658 -3.527762 3.771099 -2.194287 -4.481117 4.703133 -4.547681
236 -1.3343093707 -3.907584 1.115020 -0.243195 -4.690941 2.838895 4.469995 1.044351 -3.585244 4.606852 -3.641989 3.750258 -2.102470 -4.535297 4.575776 -4.516168
237 -0.4790310917 -3.929175 1.081015 -0.252856 -4.667911 2.865785 4.482619 1.096861 -3.621011 4.622043 -3.649663 3.721892 -2.039223 -4.491373 4.504875 -4.432698
238 -1.1619697533 -3.978675 1.133764 -0.300523 -4.683288 2.858574 4.561347 1.033269 -3.596152 4.595137 -3.603698 3.759181 -2.139496 -4.553246 4.505012 -4.632231
239 -1.4519379242 -3.980338 1.131438 -0.255198 -4.616020 2.882042 4.548535 1.049752 -3.590217 4.626653 -3.613409 3.721615 -2.120649 -4.463320 4.581160 -4.621299
240 -1.2708680745 -3.901942 1.105451 -0.281633 -4.674714 2.853353 4.556500 1.024358 -3.615139 4.593747 -3.631580 3.710477 -2.096026 -4.472343 4.582704 -4.406788
241 -1.6212162189 -3.916737 1.217930 -0.245005 -4.659954 2.932399 4.455182 1.017335 -3.613332 4.599732 -3.556588 3.842351 -2.104305 -4.534073 4.601912 -4.693159
242 -1.4454680473 -3.949656 1.094183 -0.245198 -4.689713 2.908105 4.513463 1.053741 -3.578808 4.610844 -3.568790 3.759709 -2.103352 -4.563561 4.577264 -4.639639
243 -1.4808655661 -3.930498 1.188023 -0.260922 -4.687922 2.907493 4.444057 1.093805 -3.525179 4.588871 -3.604374 3.795545 -2.090792 -4.471598 4.571275 -4.664127
244 -1.5109561626 -3.945850 1.103046 -0.308734 -4.742051 2.835716 4.443614 1.044040 -3.541144 4.592219 -3.561839 3.863165 -2.119997 -4.487755 4.560972 -4.489591
245 -1.5853933811 -3.954444 1.081192 -0.298401 -4.726839 2.901850 4.486639 1.064046 -3.525888 4.627597 -3.633259 3.736930 -2.098170 -4.462445 4.595136 -4.563652
246 -1.0182616431 -3.916645 1.286359 -0.205800 -4.690431 2.905160 4.437084 1.011115 -3.625844 4.590070 -3.554893 3.929285 -2.071427 -4.523703 4.663951 -4.711610
247 -1.5803673821 -3.915641 1.174634 -0.214273 -4.658277 2.918534 4.472351 0.976294 -3.564281 4.605772 -3.519121 3.896814 -2.147842 -4.494217 4.610347 -4.737750
248 -1.0820057291 -3.906718 1.225445 -0.219587 -4.671622 2.937935 4.402185 1.047290 -3.586515 4.572832 -3.527783 3.850006 -2.064461 -4.577336 4.583012 -4.712316
249 -1.3508044755 -3.942341 1.211069 -0.253405 -4.608016 2.964188 4.458821 1.004398 -3.638898 4.620538 -3.525102 3.829835 -2.115954 -4.488483 4.669720 -4.655749
250 -1.3816144770 -3.961097 1.138746 -0.187313 -4.638924 2.902163 4.433007 0.997458 -3.597911 4.597871 -3.577024 3.888624 -2.122319 -4.520425 4.571671 -4.680272
251 -1.5185121866 -3.891471 1.136547 -0.308039 -4.681057 2.992940 4.459705 1.042902 -3.574215 4.605375 -3.569553 3.776130 -2.123794 -4.505822 4.638053 -4.620437
252 -0.9983800230 -3.906435 1.261544 -0.224592 -4.708191 2.974942 4.424889 0.978923 -3.560535 4.584532 -3.493290 3.860787 -2.118299 -4.517844 4.541070 -4.592643
253 -0.8225865989 -3.909633 1.297965 -0.187256 -4.747572 2.993227 4.421103 1.055929 -3.635832 4.578197 -3.599328 3.810299 -2.145266 -4.521745 4.535621 -4.731998
254 -1.1306209466 -3.959364 1.232423 -0.180834 -4.630949 2.964907 4.484367 0.973077 -3.579409 4.615300 -3.520852 3.913217 -2.125412 -4.522770 4.542648 -4.729708
255 -1.2066990756 -3.865435 1.290063 -0.194621 -4.655373 2.989005 4.503060 1.006306 -3.576545 4.609372 -3.558239 3.860270 -2.133734 -4.483279 4.663602 -4.772506
256 -1.1442414574 -3.936039 1.174627 -0.228797 -4.680928 2.883013 4.474284 1.019960 -3.585739 4.616251 -3.509304 3.884846 -2.114727 -4.522221 4.665693 -4.635078
257 -1.6921978304 -3.967618 1.216380 -0.273135 -4.658729 2.970749 4.481040 0.991791 -3.557377 4.604813 -3.524770 3.794715 -2.152350 -4.500402 4.651035 -4.573658
258 -1.3340259940 -3.968784 1.151682 -0.200078 -4.616194 2.937284 4.435968 1.049478 -3.583893 4.611251 -3.583793 3.786425 -2.120788 -4.496518 4.663720 -4.627724
259 -1.3408455598 -3.864209 1.180471 -0.304544 -4.579402 2.953364 4.448916 1.021199 -3.619872 4.590223 -3.552290 3.773370 -2.133915 -4.558180 4.615242 -4.771044
260 -1.5011324721 -3.880989 1.146262 -0.278504 -4.585856 2.975046 4.459420 1.001579 -3.564444 4.601849 -3.503812 3.894273 -2.135908 -4.500469 4.601601 -4.667963
261 -1.8371255161 -3.986229 1.177737 -0.272034 -4.573282 3.005006 4.448512 0.993759 -3.563043 4.602283 -3.538812 3.800188 -2.119729 -4.481941 4.605576 -4.677396
262 -1.5162960419 -3.957935 1.143970 -0.304091 -4.567311 3.001471 4.506817 1.000193 -3.516957 4.623611 -3.479510 3.752005 -2.107564 -4.468838 4.597259 -4.615341
263 -1.2080112499 -3.974443 1.162291 -0.261477 -4.598381 2.922951 4.479929 0.953927 -3.577861 4.596307 -3.475331 3.745465 -2.198728 -4.523234 4.593473 -4.616184
264 -1.8565417637 -3.956045 1.260524 -0.302732 -4.638178 2.977620 4.442421 0.997330 -3.525857 4.627942 -3.566227 3.819086 -2.116830 -4.530113 4.599341 -4.675534
265 -1.3899447168 -3.971146 1.195993 -0.321940 -4.572783 2.940061 4.426235 1.010543 -3.505911 4.578468 -3.476054 3.822534 -2.110406 -4.550094 4.630786 -4.577931
266 -0.9448481119 -3.907279 1.203060 -0.311397 -4.589163 3.043188 4.404663 0.980730 -3.482101 4.612654 -3.583397 3.892141 -2.100812 -4.545482 4.554743 -4.768035
267 -1.5023920289 -3.992600 1.249052 -0.336660 -4.541652 2.976119 4.435805 0.983543 -3.490099 4.622959 -3.579090 3.877194 -2.099676 -4.530354 4.660304 -4.686668
268 -1.5400958458 -3.947979 1.205045 -0.298436 -4.541279 3.006271 4.415600 1.004767 -3.485107 4.614839 -3.601603 3.771926 -2.080694 -4.566303 4.621185 -4.702328
269 -1.0458151107 -4.006655 1.226443 -0.348684 -4.604589 3.045754 4.434770 0.957756 -3.551879 4.634921 -3.526109 3.788285 -2.124455 -4.517326 4.531430 -4.789558
270 -1.3593815756 -3.972702 1.264641 -0.344658 -4.657283 3.012740 4.393586 0.985227 -3.555176 4.618216 -3.556133 3.765658 -2.149332 -4.477352 4.524854 -4.745870
271 -1.4691678763 -3.923626 1.286283 -0.299381 -4.574990 2.966090 4.500856 1.010806 -3.471249 4.614439 -3.588390 3.815111 -2.102408 -4.478737 4.527594 -4.639600
272 -1.6210464155 -3.917647 1.234846 -0.279202 -4.553984 2.916162 4.490184 0.959710 -3.474687 4.608014 -3.562282 3.755171 -2.132920 -4.518369 4.660546 -4.591549
273 -1.8706031487 -3.945346 1.190886 -0.330466 -4.546349 2.978756 4.490095 1.021582 -3.564710 4.605087 -3.553660 3.771238 -2.116262 -4.488574 4.633580 -4.567410
274 -1.5608138569 -3.945947 1.275716 -0.254284 -4.559239 2.974873 4.408069 0.983067 -3.475119 4.646334 -3.593131 3.802168 -2.150421 -4.515329 4.647927 -4.648524
275 -1.6426705894 -3.931498 1.318304 -0.297257 -4.560673 2.924004 4.446987 0.969228 -3.480656 4.654130 -3.576555 3.775826 -2.125650 -4.530073 4.546747 -4.574083
276 -1.7755125619 -3.940654 1.120851 -0.287883 -4.496705 2.941395 4.462592 1.063429 -3.513901 4.598749 -3.541427 3.804153 -2.125379 -4.490141 4.651241 -4.666247
277 -1.3597386401 -3.912440 1.199866 -0.291757 -4.421118 2.959640 4.492843 1.009175 -3.514241 4.621975 -3.588334 3.737753 -2.107319 -4.478549 4.654098 -4.632113
278 -1.5406762461 -3.962592 1.198852 -0.386764 -4.439762 2.916286 4.509267 0.978077 -3.579389 4.600507 -3.554210 3.813065 -2.116067 -4.529398 4.695004 -4.553220
279 -1.3234298271 -3.947509 1.223877 -0.363854 -4.424004 2.976148 4.466785 1.042991 -3.530561 4.612903 -3.589833 3.704368 -2.109012 -4.456144 4.615788 -4.578748
280 -1.2219941965 -3.959015 1.105214 -0.281222 -4.436261 2.977065 4.537903 1.050246 -3.514217 4.595254 -3.520976 3.720505 -2.151002 -4.505252 4.676947 -4.658354
281 -1.4958003477 -3.899948 1.253252 -0.298824 -4.477195 2.926198 4.456464 0.987520 -3.582189 4.614322 -3.571068 3.718723 -2.156075 -4.522696 4.630254 -4.468863
282 -1.6868109221 -3.991173 1.200381 -0.293458 -4.573691 2.931995 4.493093 0.978278 -3.567221 4.598183 -3.509748 3.784213 -2.133647 -4.514648 4.620634 -4.623146
283 -1.3322556296 -3.977794 1.241551 -0.281192 -4.587138 2.973785 4.443675 1.042722 -3.525295 4.614648 -3.542355 3.703071 -2.132807 -4.488375 4.690791 -4.560053
284 -1.4338736431 -3.931933 1.246997 -0.319696 -4.521244 2.919950 4.492842 1.034866 -3.520540 4.585386 -3.540113 3.740762 -2.139340 -4.472154 4.683959 -4.619368
285 -1.5875431281 -3.912100 1.193588 -0.349164 -4.492457 2.932839 4.443987 0.974641 -3.535236 4.598350 -3.546872 3.808746 -2.121603 -4.440755 4.694121 -4.578319
286 -1.4308064752 -3.950556 1.170476 -0.338000 -4.626516 2.935602 4.459366 1.052506 -3.615399 4.581242 -3.529562 3.826893 -2.143284 -4.523340 4.607741 -4.608805
287 -1.6861333575 -3.964263 1.227057 -0.285040 -4.572731 2.937187 4.494687 1.023802 -3.562953 4.581032 -3.579801 3.807825 -2.136315 -4.438269 4.645968 -4.499948
288 -1.5078811795 -3.968198 1.113662 -0.325189 -4.539615 2.974714 4.518658 0.972443 -3.617967 4.593074 -3.514231 3.707891 -2.149581 -4.468922 4.589098 -4.487554
289 -1.2062273686 -3.964445 1.236025 -0.364236 -4.552627 2.952946 4.433316 1.054988 -3.616939 4.619715 -3.509599 3.729269 -2.132620 -4.504986 4.643635 -4.611724
290 -1.8583287947 -3.927049 1.264207 -0.295492 -4.560918 2.919386 4.550151 1.009651 -3.533186 4.630166 -3.576804 3.792277 -2.094041 -4.502202 4.656437 -4.590737
291 2.4485579635 -3.623197 -0.928281 4.452148 2.935578 0.148910 0.721475 2.548347 -4.765082 -2.569039 0.072360 3.887235 3.634021 -1.981339 0.423245 -2.048429
292 0.6658006918 -0.185706 -1.466197 -3.215809 3.711369 -0.162773 2.494930 1.653397 -1.434626 1.213589 1.511930 -4.007572 -3.272494 -1.052283 1.820315 4.427329
293 1.0780235993 -4.808542 -3.974841 0.063268 -0.251000 0.356561 4.530539 -2.811581 1.027445 0.174062 -4.351289 -1.254176 1.150747 -3.331485 3.656735 -1.689829
294 1.4349999203 3.480747 -4.221960 0.114593 0.085379 -2.996679 -4.662107 1.065351 2.740549 -3.880001 3.618645 2.417896 1.989165 -4.384696 -0.934805 1.122098
295 2.2312311116 2.510332 1.609689 2.727583 4.707902 4.187111 2.699570 -0.022065 -1.733969 1.486235 4.100210 -1.008992 0.070704 3.323797 4.115712 1.319261
296 1.2120624844 4.779438 -0.014121 0.404867 -0.377535 -3.681065 -4.168697 4.203182 -3.963403 2.531023 -3.674945 1.148349 3.126047 2.605887 -1.184652 -2.864101
297 0.7387595634 4.083802 0.761370 4.724326 -4.599597 3.349975 1.821529 -3.262355 -2.175030 -0.084161 -1.419352 -3.252931 2.785908 -1.628997 -1.820810 3.276983
298 1.7732976303 -1.649659 2.501683 -1.349868 -4.426706 -3.560959 4.318417 0.911870 -0.050174 -0.245658 -2.402128 4.344274 0.761161 -4.908345 -0.350460 2.947113
299 0.9105932547 1.170612 0.978956 -1.449175 3.394077 -2.058041 -3.243795 -2.551394 2.799345 -4.581914 -4.786052 4.807787 0.983362 -2.914085 1.283254 -0.616121
300 0.5110043059 0.800960 -0.148541 -4.107007 1.710369 -2.745357 -0.937028 0.775489 -0.556352 -4.431742 -3.455281 -3.498950 4.681208 -3.669981 1.033843 2.336936
301 1.9186193681 -1.158604 -3.650637 -3.727095 -1.917155 -2.391803 0.445306 3.335845 0.516515 -0.624411 4.993692 4.299711 0.384177 -4.078664 4.955778 -3.458403
302 1.5955379024 -4.512837 4.836912 -3.342703 -4.162759 0.060276 3.651383 3.551028 -4.190185 -3.484680 -2.075905 3.176167 -2.384821 -2.567614 4.736025 -0.987039
303 0.8807268939 -2.059666 1.023895 -4.430860 4.061438 4.890167 -0.266916 0.418414 3.514856 -2.551368 2.731553 -2.731036 -4.682198 -2.312515 2.601836 3.698092
304 1.9944913449 -2.205101 2.661072 -2.501287 -3.978359 -1.771282 -3.957055 -2.065478 -1.602506 -4.005751 3.780195 0.153266 0.208030 -0.883092 1.447193 -1.009096
305 1.4267183770 0.449525 3.619921 -4.789249 4.264279 2.665697 -2.442402 -2.121751 3.696357 4.947922 1.889578 2.239281 -3.809149 3.808121 -4.719511 -4.228465
306 -0.2648842904 -3.693033 4.543013 4.013666 0.237160 -3.123550 1.467768 2.089740 1.577104 -2.164111 -4.591293 -3.162428 2.677922 1.349690 3.253186 2.022253
307 0.3475179954 -0.895902 -1.371878 -0.782336 -1.098803 2.454718 -1.810621 -1.121315 4.201823 1.314802 -1.134666 3.952855 1.568069 4.867520 -2.782358 -3.298181
308 0.4311859144 1.604654 3.951826 -1.042005 -3.519051 -1.663581 2.054786 -2.618643 1.792030 -4.226941 3.184430 0.512316 -2.179002 2.832077 2.962347 -3.916082
309 1.0081043704 -4.179159 2.860274 1.562317 2.464649 -0.626922 -1.918476 4.102011 -3.033558 -2.931755 1.752972 -1.807897 4.205951 1.138059 4.360715 -4.372865
310 0.3109144309 1.931654 3.756074 0.972791 -0.815482 2.947307 -4.404214 -0.719216 -0.549932 -1.897487 -3.204165 -0.244917 -4.141075 -0.244372 -0.597589 4.685355
311 2.3753744179 -3.157941 -3.068599 3.328607 -3.717884 4.559933 -4.814506 2.726652 2.119041 2.808215 4.528267 0.017791 -2.646691 1.948683 -2.424860 -3.806360
312 1.0845336492 2.172970 -2.696267 -0.542024 0.357241 4.503715 0.077516 2.880526 -1.181636 -0.913534 -1.647756 -2.209200 2.371369 -4.637307 1.974791 2.729202
313 1.5855091346 3.410914 -2.469819 -2.563717 4.912363 -0.930676 -1.633077 4.902884 -1.947057 3.859675 -3.891847 2.981006 -4.554187 -3.505818 -3.071993 0.312595
314 0.1891458205 4.229606 3.212082 2.257470 -2.548093 2.310562 2.139827 -3.456892 4.617003 0.988466 -0.701528 1.832106 4.804027 -1.805458 2.195593 0.380567
315 0.5245068078 -4.562424 -1.727992 -2.105091 -1.403533 1.383193 1.210353 -0.951721 4.938495 2.098653 0.458264 0.579511 -0.400531 -0.049641 -0.237908 4.178824
316 0.2214522166 0.243785 1.768093 2.423291 -0.746900 3.863908 1.264817 1.699497 0.615924 3.389258 4.130317 -2.873429 -3.612830 4.342594 -4.453793 -0.475467
317 0.9915667474 -1.352285 2.278386 1.415146 3.216220 -3.335787 -3.472311 4.435742 2.491582 4.027542 0.728942 -0.347301 -3.056764 0.281910 -4.245882 -4.774392
318 0.3871780665 1.817219 1.426982 -1.885325 -3.258516 -1.257552 -2.891097 -4.002300 -2.666658 4.526926 1.083685 3.612109 -2.052994 1.872704 -4.056835 -2.119036
319 1.6667032157 -0.480330 -2.207121 -3.572372 -4.930518 -2.184221 -0.624007 -1.561897 1.269452 4.209820 -2.713282 -2.432787 -0.950423 -4.173756 -0.078884 3.939590
320 0.9274852581 0.040136 -3.303341 1.814846 1.413792 -0.490811 -3.107380 0.247504 -3.461322 3.445905 2.400535 -0.680077 -0.182200 0.829623 -3.748725 1.469506
321 1.1014507223 2.791125 -0.520902 -2.878828 2.053498 0.630661 0.330697 1.275440 -4.392163 -1.847401 -2.135770 2.724686 3.899744 3.080802 -1.572796 0.736267
322 1.0291408224 -2.375981 -2.872564 -4.620503 -1.879565 1.087860 -1.427156 -3.785521 0.280449 -3.089394 -4.111964 -1.905784 3.429930 -3.143611 3.928113 2.220815
323 0.6528153565 -2.874026 -4.745103 2.067694 0.754685 -3.901059 -1.065902 -4.461669 3.893276 -0.421850 1.344839 -4.975077 3.761388 0.701413 0.895856 0.973998
324 2.0970780870 2.735025 0.355562 3.146950 3.495352 -4.450969 4.747901 2.217160 3.244346 2.760346 2.906858 4.736491 -1.762991 0.392055 2.375631 -2.578158
325 0.4037093695 3.672128 -3.698665 0.626699 -2.863993 1.898881 -2.314121 3.165605 -2.899749 -1.400298 -0.420383 0.888492 -0.747036 -0.400116 0.279170 0.011285
326 1.1710979194 -3.967295 -4.454989 -0.564435 1.598087 3.552169 -3.799875 -0.266217 -0.925761 0.636851 -0.305226 -4.641658 4.481838 4.237973 -4.909495 -3.033286
327 2.5187528440 0.776297 0.172389 1.100877 -2.657428 -4.326366 3.943387 -4.188706 0.995406 2.303613 -1.802316 1.467561 -2.862302 -2.527643 -3.452032 -2.447534
328 1.9544742069 -1.800500 -4.917582 2.879588 2.315863 1.564629 3.337587 -1.675580 3.056669 3.083035 2.296627 3.415867 1.393373 2.538848 -2.154055 -4.923981
329 0.2652677160 -3.238470 -0.734257 -0.188094 0.936453 -4.558939 3.815964 -4.885516 -3.845600 4.704128 -3.339905 -3.767865 2.199492 4.708668 -3.239409 -1.521582
330 -0.2451674368 4.488862 4.722223 4.266914 4.501519 3.900063 -0.442000 3.743952 4.490704 -3.259616 0.933980 -0.893806 -1.197791 3.505611 3.000860 1.706412
331 0.8468953023 4.671107 4.303198 3.782843 -1.597061 -4.830865 -2.719550 -1.227847 -0.306751 1.860822 -0.970004 1.890905 -1.622525 -0.652430 0.633759 4.869242
332 1.5366382032 -2.691197 3.253801 3.580674 -3.208752 1.793812 4.997688 4.751403 1.952475 -1.561786 3.233385 -1.657593 1.712492 -1.314208 -1.967917 3.580098
333 1.1166136191 1.278409 -2.043135 -4.313073 -2.138329 -1.143619 0.984849 -4.579156 -4.784306 -1.041945 0.222649 -4.170668 -4.069345 3.959203 -2.563219 -0.206164
334 1.4189847733 3.100750 1.919182 4.848448 1.215628 0.783391 2.926384 -0.471783 -3.394179 -4.864265 -2.969142 -4.340757 -4.960670 1.444728 -1.265049 -1.343226
335 2.0352000668 -0.606088 -1.207825 -2.120165 2.619453 3.197026 3.090366 -3.210827 -2.398461 0.529578 4.757724 1.388338 -1.249952 2.331678 3.792011 3.102888
336 1.3111031582 -4.874826 -1.688201 -0.627325 -2.819168 3.249349 2.067304 -3.997784 2.665666 0.671333 -4.932102 -2.906431 1.626582 4.264706 1.647456 -0.954960
337 1.1452528104 1.320499 3.184696 0.155163 3.029999 2.442764 1.304471 -3.521905 3.410819 3.196987 -3.579157 -1.475577 1.333477 -1.377730 3.552298 -2.263969
338 -0.0665225903 -2.854700 -1.454247 -1.916546 4.518421 -0.442366 2.088508 4.185503 2.159694 2.395378 -4.579644 -2.438420 3.313572 2.310154 3.709257 4.075310
339 1.4332199937 -3.628841 0.506512 -1.454773 -3.342202 -1.152237 1.299071 -0.662574 3.262687 -1.878524 -4.318164 -1.688493 1.277452 3.378880 3.935679 3.518194
340 0.2495133769 -0.279425 4.882218 4.902341 3.854908 -0.895091 1.684988 -2.995615 0.216450 -4.205428 -4.344278 -1.187381 1.846698 2.764476 4.074340 1.139563
341 0.3922058823 -3.954882 1.268679 -0.867837 1.898954 3.431303 1.504898 -2.847732 0.327835 -4.779809 -4.609020 -1.328934 3.380413 1.422668 -1.733849 4.573056
342 0.3633897383 -3.118314 4.140622 -0.595258 0.540035 -3.220637 2.449360 4.532211 3.033353 -0.350407 -4.408956 -0.209122 3.269651 -3.992336 1.688779 4.540721
343 2.0214772261 -1.897885 4.957056 4.358318 1.773633 2.501340 2.550782 -0.846335 2.930659 -4.871145 -3.977250 -3.901782 3.504607 -4.334484 -2.849311 0.767677
344 1.8542245504 -2.697765 3.031337 3.472320 2.532097 -4.980632 1.012243 -0.107987 4.011854 -4.650416 -4.581361 -4.257995 3.535610 -0.985960 0.935729 2.649952
345 1.5034863640 0.377878 1.191366 0.676561 -2.702075 -2.333716 0.485729 -1.640607 -0.516385 -1.467695 -4.790540 -4.020775 2.805481 -4.704651 -3.773688 4.071457
346 0.9222309300 -4.395632 0.513039 1.033898 3.711671 2.454636 -2.746848 1.124511 2.009241 -0.301862 -4.636857 -0.961059 -1.055981 -0.012993 3.446169 2.339107
347 1.5422813049 -4.790307 3.135813 -2.514193 4.150800 -1.341861 -2.827995 -1.286727 1.424181 -0.164291 -4.911565 -2.164247 -2.729997 3.124036 3.308622 -0.752926
348 0.1867063827 -2.612616 3.066980 -2.562185 0.328158 -4.693922 -3.473682 3.509257 2.011148 -2.118153 -4.583452 -0.124476 -3.211222 2.012009 3.568578 4.015264
349 0.5723722188 -1.249503 2.102566 3.875385 -4.862932 0.771870 1.877095 4.105534 1.558109 -0.700993 -4.943705 0.225755 -4.575421 0.338743 2.864516 3.933145
350 -0.1915435527 0.862340 4.649865 1.708954 -1.305314 1.340293 -1.240131 4.636358 1.875322 -2.842405 -4.379654 -0.378802 1.489671 -0.836536 3.754688 -4.451148
351 1.9324748048 -2.827731 4.968438 4.394849 0.628805 -4.827405 2.201689 3.241783 1.405368 -3.282332 -4.428607 -1.671123 -0.038856 1.064734 4.267911 3.087384
352 1.0604176358 -2.631157 2.875487 3.365690 3.358746 -1.318094 2.141839 3.295339 1.422920 -1.201794 -4.546675 -1.797235 1.988868 4.135171 4.362083 1.752817
353 0.8478802356 -1.817006 0.759967 0.509785 2.327021 -3.260467 3.599443 3.058027 1.411357 -3.329170 -4.505352 -3.602347 2.619308 -1.508605 1.003056 4.163593
354 1.0504258496 0.027281 1.871344 2.785429 -2.103504 -2.879074 -0.637664 2.228710 1.711833 -3.025414 -4.374082 -1.456160 2.493711 1.908168 1.872581 3.311889
355 -0.4559623195 -2.935206 2.642399 1.411784 2.884539 -3.006111 3.249775 2.974075 1.714006 -2.859049 -4.767600 -3.034695 -0.130837 3.020279 4.820363 0.404568
356 0.5879620003 -4.797706 4.294349 2.849013 4.343799 -2.585247 4.443670 3.299454 1.004636 -3.108778 -3.277550 -3.987564 -0.896930 2.848276 4.592786 1.177305
357 1.9698268692 -1.860246 -1.610985 0.397723 1.110947 -3.988912 2.608112 0.041054 0.862061 -1.383281 -3.913715 -1.774737 -0.364188 2.706670 3.461788 1.758853
358 1.5192001618 0.964015 1.075231 1.437268 2.575480 -3.696036 4.812182 4.824091 0.216383 -2.559930 -3.476065 -3.296133 -0.629715 1.391151 3.815313 1.425116
359 0.6976160584 -4.012974 1.621962 -0.695854 3.090043 -2.130214 3.814118 3.858465 3.156674 -3.674800 -3.654915 -3.258555 -0.490596 3.435817 4.373249 1.223381
360 1.6353620327 0.636279 2.714476 0.764001 3.877840 -3.778682 1.909586 3.221547 2.765120 -4.037377 -4.089836 -2.412761 -0.136428 4.714323 4.713570 1.568800
361 0.9902441575 -1.448246 4.284704 -1.168096 -0.757642 -1.991628 1.458061 2.847631 3.756590 -1.333163 -3.702133 -3.446657 -0.925871 3.312578 3.536831 0.037252
362 0.5444328769 -4.125411 2.412364 1.519725 3.600739 -4.039121 3.515967 4.403754 1.752124 -1.317100 -4.106431 -3.250100 -0.922264 2.795074 4.555815 -1.230496
363 -0.0127357134 -3.073117 3.452729 1.180799 2.383396 -3.378998 1.572339 1.342341 0.004408 -4.264185 -2.903079 -3.923770 0.578508 3.883677 3.697072 1.695794
364 1.9148338655 -4.058605 1.725583 1.943000 0.074220 -1.737698 3.785147 1.744788 0.595811 -3.272949 -4.949991 -1.938754 -0.767800 4.187122 3.853020 0.655044
365 0.5760963010 -3.561636 3.792869 -1.593077 1.056102 -3.100519 4.796683 1.608308 3.487326 -2.115647 -4.702851 -4.222610 -0.712117 3.264772 3.593941 -0.493365
366 0.3009996606 -2.937952 3.615311 -1.585492 3.365701 -2.671540 2.711574 4.674163 4.413562 -1.751200 -0.466977 -3.340506 -0.058661 1.708035 4.094948 0.467019
367 0.8252428210 -2.492479 3.600524 0.455645 2.413345 -2.944602 1.391359 3.659831 -0.485794 -0.938877 0.194828 -3.867935 -0.323565 1.719906 3.833637 3.443012
368 0.8466527471 -3.778207 2.507783 -0.319706 2.240261 -3.408934 3.597083 -0.234058 -1.743075 -3.249668 -0.104979 -3.159058 0.582050 4.184505 2.978357 1.416215
369 0.7624963511 -3.146970 1.502835 2.245227 3.011823 -3.197571 2.754373 1.832388 -1.837206 -1.942755 0.581215 -3.107895 0.522528 3.562795 4.191839 -0.574243
370 0.0755062513 -3.484670 3.955913 -1.831790 2.942230 -2.932412 3.660339 1.699402 4.624902 -0.121512 -4.009608 -3.367345 -0.609446 4.256073 4.207486 3.004755
371 0.8777724769 -3.213372 2.672636 3.685296 3.082392 -3.154359 2.840968 2.833723 0.453010 -3.178789 -4.934672 -2.789271 0.327009 1.932111 4.041878 1.222581
372 0.7160884254 -3.245302 2.714932 1.173330 3.253421 -3.182453 3.310974 2.346767 3.722404 -4.463857 -4.582965 -2.625934 0.444079 3.371141 4.803326 1.079473
373 1.0529595643 -3.025821 2.649492 2.164809 3.573896 -2.987958 3.405097 3.070203 3.917334 -3.084033 -2.448168 -3.430781 0.196550 3.606745 4.280959 2.357292
374 0.5632381759 -2.930537 3.066743 3.841076 3.365510 -3.111152 3.182111 4.047119 1.835981 -3.471101 -2.840398 -2.628798 0.100513 2.428120 4.928376 -0.242233
375 1.6789656393 -3.133708 2.307950 2.471615 2.558014 -2.946280 4.172401 1.256891 1.682193 -2.209892 -4.437160 -3.108584 0.267575 2.831957 4.714032 2.443323
376 0.3130686860 -3.210686 2.098901 1.815642 3.498681 -3.028805 3.090761 4.034908 2.491163 -1.680078 -3.463326 -3.150666 -0.403803 2.639525 4.086380 0.747357
377 1.4160215046 -3.137568 3.031876 1.283683 3.648660 -2.972410 3.007740 1.185819 3.851383 -1.604969 -4.975326 -2.721021 -0.185436 1.940292 4.420460 0.117876
378 -1.3353300704 -3.037630 2.184747 0.567462 3.383381 -3.158980 2.856570 4.031419 -0.579998 -4.115882 -2.804484 -2.855359 -0.365666 2.206827 3.881450 0.411023
379 1.6230894620 -2.494421 2.226955 1.851522 2.835945 -3.270676 3.076394 1.919760 4.440408 -1.832278 -0.230636 -3.130814 0.124851 4.488470 3.658972 0.657819
380 1.3169996142 -2.773769 2.679233 0.224064 2.562765 -3.103826 3.750511 3.044263 3.821112 -3.555614 0.169058 -3.079309 -0.089934 4.624572 4.542073 0.822305
381 1.0055784507 -3.262236 2.710421 0.693105 3.208371 -3.188428 2.301331 3.528405 -0.113261 -3.670004 -2.758339 -3.143312 -0.480156 2.676746 -0.653292 0.043556
382 0.0796391293 -2.948222 1.820270 0.050781 3.623490 -3.306688 3.653099 4.442590 0.402341 -3.491574 -3.348858 -2.123427 -0.521391 1.814158 3.154632 -0.371661
383 -0.7531230519 -3.319866 3.356982 -0.172912 2.970055 -2.902800 3.210712 4.680629 -0.055507 -3.659352 -3.340653 -3.493065 -0.450982 2.508890 -0.325624 -0.207912
384 -0.1407121131 -3.206083 3.311072 0.878255 2.835253 -2.985803 3.627775 4.449211 -0.506595 -3.195726 -2.875673 -3.221890 -0.242732 1.980627 4.808070 0.081841
385 1.6959840553 -3.129679 2.331388 -0.164808 3.194206 -3.317440 2.945406 4.183474 -1.565203 -4.396006 -4.694600 -2.491368 -0.141550 2.545530 -0.989741 0.606280
386 -0.5578241784 -2.912025 2.536392 -0.308539 2.886164 -3.216945 2.843062 4.236390 -0.971395 -3.206272 -3.256655 -2.979425 -1.117425 1.479388 3.167995 0.096636
387 0.7827280494 -2.681727 2.154738 0.881871 4.003824 -2.917642 2.426852 4.354494 -1.312202 -4.996974 -3.777759 -2.907919 0.020623 1.842594 3.421171 0.849099
388 0.8738432449 -3.387455 2.254691 0.866178 2.381542 -3.652423 2.371486 4.582849 -1.184365 -2.229186 -4.724817 -2.469256 0.068622 2.305567 3.781178 -0.752491
389 0.4960753641 -3.136460 1.991334 0.066688 3.134934 -3.407932 3.005769 4.070679 -0.934984 -4.528803 -2.592795 -3.006734 -0.837313 2.196347 4.423113 -0.116374
390 -0.4474339260 -2.850295 2.208585 1.461710 2.926727 -3.160783 2.717260 3.881792 -1.042164 -4.905392 -4.250728 -2.966537 -0.924842 2.692579 4.953831 -0.371884
391 1.5741385210 -3.737652 2.270404 1.471696 3.142120 -3.372935 2.761197 3.234942 -1.245936 -4.679553 -2.690253 -3.511912 -0.957202 0.763437 2.980363 0.049248
392 2.5563430649 -2.572455 2.629658 0.577177 3.808378 -3.387710 3.187980 4.411650 -0.177330 -4.895796 -3.398915 -3.225943 -1.190642 2.950853 2.621659 0.172800
393 0.0748957421 -3.306930 1.921472 -0.333808 2.933633 -2.791858 3.642032 3.321849 -1.906573 -3.180598 -2.958722 -3.472174 -0.020496 0.688073 3.487813 0.605008
394 0.2511583477 -2.815724 2.802202 -0.467772 2.819389 -2.954252 3.744545 3.297195 -0.958811 -3.561897 -3.245439 -3.239404 -0.236834 2.121894 4.148558 0.228637
395 0.7736245210 -3.809417 2.488183 1.559995 3.691771 -2.897737 2.903829 4.964035 -0.422051 -3.998191 -1.899289 -3.560399 -1.053251 1.816774 4.290120 -0.123641
396 1.8865014485 -2.854035 2.627391 0.147552 3.032681 -3.300507 2.640363 4.316999 -0.297523 -3.723282 -3.391213 -2.750016 -0.116210 2.517087 3.819953 0.200736
397 0.6157008783 -2.799336 2.420458 0.424604 3.229085 -3.350039 2.979552 3.830821 -0.918339 -4.075659 -3.233204 -2.748594 -0.218826 2.650223 4.275001 0.576035
398 0.9948323157 -3.397520 2.520482 0.976824 3.069470 -3.463841 3.311785 4.443908 -0.366006 -3.854668 -2.708520 -2.512433 -0.408558 1.776927 3.970881 0.250739
399 0.6674082747 -2.961491 2.026552 0.279506 3.122039 -3.064932 2.514382 4.310958 -0.473969 -3.843151 -2.997003 -2.885945 -0.007842 1.587825 4.153310 0.384678
400 1.3084988032 -2.894861 2.656777 0.520314 3.081746 -3.203938 2.622128 3.563193 -0.863661 -3.841217 -2.639204 -3.138131 -0.323187 2.332788 3.837010 0.734363
401 0.7723040324 -2.963176 2.003412 0.603268 3.041114 -3.132156 2.673096 4.337382 0.012586 -4.562510 -3.196138 -2.854535 -0.771980 2.043616 3.416992 0.056233
402 0.0879089364 -3.188099 1.978565 0.942578 3.013782 -2.687623 2.843508 3.937674 -0.665241 -4.299131 -2.934322 -3.319393 -0.627609 1.885883 3.939183 0.858060
403 -0.3232396901 -3.465617 1.813685 0.491843 3.426605 -3.226508 2.409278 3.765206 -0.466118 -3.696194 -2.896699 -3.060476 -0.847777 2.276729 3.942730 -0.068478
404 0.3069384335 -3.198044 1.774672 0.425580 2.979933 -3.140380 3.191525 4.457266 -0.837116 -3.919900 -3.279425 -2.895834 -0.581685 2.497023 3.948056 0.749176
405 -0.4612881370 -2.700140 1.983419 0.880668 3.092379 -3.369193 2.602662 3.896279 -0.778815 -4.184405 -2.790546 -2.772238 -0.593684 2.065365 3.577745 0.438833
406 -0.3197891292 -3.028284 1.954126 0.162517 3.728320 -3.143035 2.974835 4.127426 -1.062669 -4.505090 -2.833312 -3.034330 -0.755341 2.354499 3.420951 0.362397
407 0.4817750880 -2.464412 2.021112 0.813711 3.534379 -3.659720 3.220713 4.189863 -1.072903 -4.014396 -3.040930 -3.269838 -0.337740 2.423958 4.264918 0.210723
408 -0.3607044356 -3.214184 2.176136 1.018039 3.545210 -3.014672 3.257360 4.067109 -0.421777 -4.438510 -2.938521 -3.201939 -0.560535 2.399338 3.823386 0.677327
409 -0.4597926455 -2.871435 2.293452 1.098372 3.540494 -3.046037 2.922942 3.829430 -0.082035 -3.880402 -2.952096 -3.252160 -0.226708 2.273924 4.115498 0.193613
410 0.3823285456 -2.691149 1.906820 1.114991 3.115890 -2.954408 3.041080 4.038814 -0.845538 -3.977105 -2.965839 -3.175248 -0.281658 2.349536 3.560419 0.262278
411 -1.1798683508 -3.317391 2.187325 0.647514 3.539941 -2.925979 2.741835 3.921319 -0.331055 -4.234319 -2.933736 -2.773935 -0.148950 2.297543 3.965318 0.498264
412 -0.9956403104 -2.857599 2.339351 0.738855 3.517525 -2.977885 2.964970 4.023091 -0.511771 -4.320350 -2.941138 -2.685579 -0.298684 2.129368 3.880415 0.347504
413 -1.0144173997 -3.247355 2.126147 0.790440 3.567118 -3.229075 2.823089 4.067709 -0.847423 -4.236832 -2.746564 -2.644597 -0.334630 2.048037 3.760539 0.364094
414 -1.3790745024 -2.967094 2.076850 0.592831 3.546565 -2.902483 3.060100 4.091814 -0.659850 -4.082038 -2.860643 -2.966118 -0.232617 2.190898 3.910827 0.420484
415 -0.9044257615 -2.886832 1.960932 0.711476 3.536239 -3.358168 2.717640 4.108894 -0.621757 -3.938598 -2.996003 -2.824306 -0.353263 2.179411 3.822812 0.644541
416 -1.2211359386 -2.684434 2.254488 0.529565 3.511876 -3.156146 3.022030 4.081006 -0.359940 -3.846925 -2.703088 -2.727181 -0.420692 2.264780 3.681943 0.299188
417 -1.0190062092 -3.181620 2.199247 0.756697 3.748273 -3.167993 2.891087 4.279020 -0.637129 -4.009158 -3.035877 -2.949769 -0.374665 2.270952 4.020325 0.321778
418 -1.2137970100 -2.859604 2.218278 0.775900 3.628932 -3.070245 3.032747 3.907182 -0.891558 -4.269239 -2.997403 -2.822947 -0.344530 2.060018 3.737498 0.553011
419 -1.2665638138 -3.199241 2.027011 0.527912 3.482782 -3.022687 2.823261 3.928895 -0.585706 -4.199493 -2.931705 -2.838227 -0.380007 2.144285 4.103156 0.675638
420 -0.8613735970 -3.191875 2.226701 0.742069 3.640068 -2.660919 3.262444 4.017847 -0.471218 -3.933839 -2.743863 -2.790295 -0.068714 2.214203 4.150348 0.537283
421 -1.2799377175 -3.039738 1.953838 0.745975 3.754779 -2.909137 2.897189 3.899432 -0.588391 -4.244763 -2.890507 -2.792539 -0.311345 2.406443 4.093101 0.550935
422 -1.4970402401 -2.825420 1.901237 0.487349 3.586933 -2.953249 2.990843 4.109262 -0.422149 -4.299928 -2.941270 -3.004431 -0.452658 2.082396 3.786289 0.353229
423 -0.3880067335 -3.225729 1.946399 0.432592 3.740993 -3.098531 3.041484 3.932214 -0.533196 -4.178132 -2.902218 -2.957261 -0.100752 2.062036 3.782660 0.504648
424 -0.9366032846 -2.728313 2.086458 0.623685 3.674076 -2.991059 3.154368 3.974255 -0.573502 -4.025449 -3.060696 -2.842703 -0.245576 2.212674 3.843032 0.514290
425 -0.8082844213 -3.204769 2.226928 0.596688 3.747136 -3.101164 3.079457 4.082548 -0.584074 -3.869192 -2.849835 -2.881058 -0.404921 2.334475 4.098100 0.556407
426 -1.3780777333 -2.991669 2.065891 0.389157 3.719044 -2.751620 2.813630 3.889835 -0.110972 -4.438043 -2.764889 -2.804959 -0.650981 2.210325 3.648309 0.499383
427 -1.3409811623 -2.757412 1.927714 0.594556 3.682504 -2.685193 2.786790 4.109450 -0.563137 -4.219297 -2.816085 -3.144181 -0.391933 2.069270 3.993624 0.476177
428 -0.8638085613 -2.676545 1.821371 0.633508 3.575914 -2.937427 2.786709 4.104599 -0.502715 -4.145825 -2.827248 -2.840273 -0.599847 2.087901 3.731764 0.096571
429 -0.5265783707 -2.657645 2.051878 0.583828 3.715888 -2.956950 3.091654 4.124731 -0.149867 -4.452163 -2.730937 -3.048862 -0.573198 2.093967 3.790782 0.388049
430 -1.0473067625 -3.097574 2.026256 0.471285 3.684620 -2.729332 2.969128 4.002717 -0.372860 -4.279510 -2.675106 -2.854785 -0.554918 2.252903 3.868418 0.201927
431 -0.9854075002 -3.087609 1.979280 0.501804 3.511676 -2.898308 2.799268 3.997163 0.009461 -4.181047 -2.834019 -2.744726 -0.630446 2.275625 3.526602 0.426790
432 -1.0141455423 -2.936864 1.907230 0.372422 3.507446 -2.681790 2.905101 3.951086 -0.483474 -4.103160 -3.024848 -2.792568 -0.601390 2.150423 4.026808 0.312177
433 -0.8190570171 -2.937338 1.774446 0.432994 3.627880 -3.034767 2.799852 4.060110 -0.867841 -4.127672 -2.898635 -3.065971 -0.474420 2.035439 4.094612 0.346952
434 -0.9030071405 -2.910343 2.078883 0.225873 3.547239 -2.944894 3.018316 3.867176 -0.095994 -4.058419 -2.697952 -2.791134 -0.422360 1.941597 3.559941 0.456170
435 0.0001823600 -2.957855 1.702460 0.274505 3.601097 -2.972059 2.806036 4.262204 -0.168592 -4.068708 -3.143009 -2.755572 -0.639226 2.011679 4.025565 0.515489
436 -0.6221610150 -2.675196 2.012774 0.676484 3.584426 -2.713052 2.988065 3.931468 -0.725699 -4.308948 -2.998439 -3.031691 -0.405422 2.099777 3.958785 0.587926
437 -1.0893166873 -3.137618 1.886227 0.537073 3.653384 -2.889159 2.817453 3.849885 -0.468199 -4.152456 -3.150169 -2.775560 -0.335184 2.271488 3.496252 0.371411
438 -1.0018712855 -2.721326 2.041605 0.415637 3.451261 -2.604049 2.861492 3.946582 -0.592590 -4.342670 -2.839248 -2.973847 -0.496166 2.060479 3.672573 0.532500
439 -1.0738869631 -3.122563 1.907917 0.389333 3.495056 -2.831419 2.803895 4.103930 -0.602945 -4.556846 -3.045226 -2.775375 -0.556564 1.945031 3.852333 0.453794
440 -1.3100288856 -2.781424 2.043047 0.392065 3.631892 -2.787107 2.908380 3.887709 -0.543167 -4.198456 -2.930961 -2.940342 -0.605603 2.219775 4.008700 0.479320
441 -1.0754022053 -2.860707 1.987278 0.425576 3.626475 -2.809982 2.964594 4.148376 -0.394722 -4.372263 -3.002579 -3.091217 -0.413867 1.973302 3.743897 0.267639
442 -1.7951548037 -2.859313 1.974340 0.484908 3.655558 -2.942552 3.038168 4.106512 -0.416957 -4.227339 -2.813505 -2.910564 -0.497007 1.985037 3.792186 0.280885
443 -1.6801229518 -2.841558 1.887988 0.507326 3.682269 -2.965098 2.888158 4.055648 -0.477237 -4.174993 -2.832621 -2.992279 -0.496436 2.188707 3.732584 0.428139
444 -1.4636407162 -2.863577 1.925359 0.382387 3.621851 -2.855517 2.928193 4.071924 -0.489907 -4.206914 -2.965391 -2.910956 -0.343520 2.194819 3.737709 0.449789
445 -1.0713484792 -2.742104 1.878550 0.580726 3.513901 -3.090517 2.891562 3.991577 -0.323836 -4.207479 -2.886591 -3.139485 -0.381000 2.066829 3.651119 0.275739
446 -1.8589811584 -2.904117 2.058347 0.585664 3.727582 -2.803914 3.077765 4.026444 -0.483996 -4.178760 -2.795707 -2.810090 -0.491549 1.928319 3.711065 0.294987
447 -1.7168756601 -2.887782 1.942378 0.498310 3.610898 -2.793871 3.135411 4.098200 -0.542597 -4.246504 -2.769709 -2.944960 -0.415492 2.100536 3.834191 0.270608
448 -1.5534418080 -2.886350 2.065363 0.600688 3.585139 -2.787709 2.957591 4.208281 -0.319782 -4.254168 -2.699523 -3.008274 -0.468117 1.880752 3.793997 0.381346
449 -1.4498343126 -2.839626 2.012016 0.369536 3.705185 -3.055050 3.032172 4.170044 -0.481966 -4.145672 -2.730183 -2.850284 -0.459340 2.080469 3.716118 0.218091
450 -1.2855714331 -2.899185 2.037665 0.485511 3.703529 -3.027661 2.927290 4.065678 -0.374528 -4.122129 -2.810779 -2.946330 -0.553704 1.920053 3.624290 0.309014
