evaluations raw_y x0 x1 x2 x3 x4 x5 x6 x7 x8 x9 x10 x11 x12 x13 x14
1 -0.1628877636 4.343192 3.143640 -2.210010 4.712600 -0.045715 -4.471348 -4.143575 -3.722055 -3.391834 -3.173310 2.231007 0.267536 3.744331 3.950802 -1.341917
2 -0.5684087706 5.000000 5.000000 0.227341 5.000000 2.627994 -5.000000 -5.000000 5.000000 -5.000000 3.859883 5.000000 -2.701271 5.000000 -5.000000 -5.000000
3 -0.9494962675 5.000000 -0.396371 4.372018 5.000000 -5.000000 5.000000 -5.000000 5.000000 -5.000000 5.000000 5.000000 -5.000000 5.000000 2.474731 -3.584519
4 -0.7364487115 3.656706 -3.468769 4.016071 -2.675075 5.000000 5.000000 -5.000000 5.000000 -5.000000 -5.000000 5.000000 4.645559 -5.000000 -2.384198 -5.000000
5 -0.5014781762 5.000000 -5.000000 5.000000 5.000000 5.000000 5.000000 -1.664168 -1.832840 -5.000000 -2.664632 3.312614 -5.000000 2.712859 -5.000000 -5.000000
6 -1.0106569623 5.000000 -4.851580 5.000000 5.000000 -5.000000 -5.000000 -5.000000 5.000000 -5.000000 -3.043677 -5.000000 -5.000000 5.000000 2.868524 5.000000
7 -0.4096807154 5.000000 -3.479524 5.000000 5.000000 5.000000 -5.000000 -5.000000 5.000000 -5.000000 1.715205 3.196003 5.000000 -5.000000 5.000000 5.000000
8 -0.6418041639 5.000000 -5.000000 -5.000000 5.000000 -5.000000 -5.000000 5.000000 5.000000 -4.244948 5.000000 -5.000000 -5.000000 -0.639242 5.000000 5.000000
9 -0.9495293680 5.000000 -5.000000 1.135536 5.000000 5.000000 -5.000000 -5.000000 -3.740106 -5.000000 -2.551958 -5.000000 -5.000000 -5.000000 5.000000 5.000000
10 -0.0837797406 -2.302029 2.705992 5.000000 5.000000 5.000000 4.757200 5.000000 -0.436819 -5.000000 -0.470284 5.000000 0.336402 5.000000 -2.540306 5.000000
11 -0.4528581190 5.000000 -3.424453 5.000000 5.000000 3.136519 -5.000000 -5.000000 4.668162 5.000000 -5.000000 -5.000000 0.794607 5.000000 -5.000000 -5.000000
12 -0.7913670085 5.000000 -5.000000 5.000000 1.347360 -5.000000 -5.000000 3.897876 5.000000 -5.000000 2.473829 -5.000000 -5.000000 5.000000 -1.800970 5.000000
13 -0.6851369778 5.000000 5.000000 -1.647352 5.000000 5.000000 4.215110 -3.981816 0.940631 -2.945283 -5.000000 -5.000000 -5.000000 5.000000 -5.000000 -1.397661
14 -0.6277659786 5.000000 -4.482698 5.000000 5.000000 -5.000000 -5.000000 2.943431 5.000000 -5.000000 5.000000 -5.000000 -5.000000 -5.000000 5.000000 -5.000000
15 -0.9031617872 -0.570272 5.000000 5.000000 -0.123985 -1.743839 -4.779695 -5.000000 -4.937031 -5.000000 -0.550775 -5.000000 -2.758327 5.000000 -3.254785 5.000000
16 -0.6768774077 -5.000000 -5.000000 5.000000 5.000000 -0.609450 -1.802627 -5.000000 3.270663 -5.000000 -5.000000 -5.000000 -3.524606 5.000000 -5.000000 5.000000
17 -1.1670667700 -3.252511 -5.000000 -5.000000 5.000000 4.751104 -5.000000 -0.464826 5.000000 -5.000000 -5.000000 -4.209362 -5.000000 -5.000000 2.346884 -3.116973
18 -0.3149443229 -0.774231 -5.000000 -2.520499 0.079580 -5.000000 -5.000000 -5.000000 5.000000 -5.000000 -5.000000 -0.279512 -5.000000 -5.000000 -5.000000 -5.000000
19 -0.6924421724 -5.000000 -2.948054 2.968067 -3.421990 5.000000 5.000000 -3.412030 -4.064732 -0.496776 1.489269 -5.000000 -5.000000 -3.216350 5.000000 -5.000000
20 -0.2226947339 -5.000000 -5.000000 -5.000000 5.000000 -0.336981 -5.000000 0.951167 1.320902 -5.000000 1.289882 -5.000000 -5.000000 -5.000000 5.000000 0.849053
21 0.0981188096 -5.000000 -5.000000 1.218617 0.291594 5.000000 5.000000 -5.000000 5.000000 -5.000000 5.000000 1.921757 -5.000000 -5.000000 5.000000 5.000000
22 -0.6847858128 -5.000000 -5.000000 -5.000000 2.485561 -5.000000 3.836731 -4.194236 1.900268 -1.710764 -5.000000 5.000000 -5.000000 5.000000 5.000000 -3.501592
23 -0.0152591671 5.000000 -5.000000 -5.000000 -0.227279 5.000000 -1.539082 1.348074 -5.000000 5.000000 -5.000000 5.000000 0.218943 5.000000 5.000000 2.031520
24 -1.4498590250 -5.000000 -3.098788 -3.882651 5.000000 -5.000000 -5.000000 4.710309 5.000000 -5.000000 -2.057243 4.458402 -4.555582 3.760552 5.000000 2.331006
25 -1.1511766962 5.000000 4.520150 -5.000000 5.000000 5.000000 -5.000000 -5.000000 5.000000 -5.000000 5.000000 -5.000000 -5.000000 5.000000 3.860423 5.000000
26 -0.6504520379 3.631284 -1.308635 5.000000 5.000000 2.494493 5.000000 5.000000 -5.000000 -5.000000 -5.000000 5.000000 -0.352745 -3.208488 5.000000 -0.530463
27 -0.0438138709 -5.000000 2.621521 -5.000000 -1.271724 4.341353 0.008138 4.213648 5.000000 -5.000000 -4.068764 5.000000 5.000000 -5.000000 0.970528 -5.000000
28 0.1050078581 2.222388 -5.000000 -4.172637 5.000000 -5.000000 0.592644 5.000000 1.816636 -5.000000 -5.000000 -2.154551 -5.000000 2.684138 -4.287077 5.000000
29 -0.4300169870 -5.000000 -0.775323 -5.000000 -5.000000 -5.000000 5.000000 5.000000 -5.000000 -5.000000 -1.329603 5.000000 -5.000000 5.000000 3.002281 -2.080790
30 -0.4510166127 -5.000000 -5.000000 -5.000000 -4.855806 5.000000 -5.000000 1.403992 5.000000 5.000000 5.000000 2.901467 -5.000000 -5.000000 5.000000 5.000000
31 -0.8639535041 -5.000000 -5.000000 -1.647752 4.175715 -5.000000 -4.564756 5.000000 5.000000 -5.000000 -5.000000 5.000000 4.458354 2.685247 5.000000 -3.706862
32 0.8175348248 -5.000000 -5.000000 -5.000000 5.000000 4.159732 -1.340711 5.000000 -2.358812 0.669577 -5.000000 5.000000 -5.000000 2.019138 2.791979 -5.000000
33 0.5364307362 -4.144056 5.000000 -5.000000 5.000000 -5.000000 -4.085787 5.000000 5.000000 -2.707720 5.000000 -0.279083 -5.000000 4.393673 5.000000 2.086229
34 -0.2528447916 3.184077 -5.000000 -5.000000 5.000000 0.897113 1.628421 5.000000 5.000000 5.000000 -5.000000 5.000000 -5.000000 0.726707 5.000000 3.807632
35 0.0471226037 -5.000000 -5.000000 -0.716655 0.217814 -0.061626 -5.000000 -5.000000 -5.000000 -5.000000 4.023156 1.187129 3.349389 5.000000 5.000000 -5.000000
36 -0.4774294558 -5.000000 4.306108 -2.784594 5.000000 5.000000 -5.000000 2.256894 4.809814 5.000000 -5.000000 -5.000000 -5.000000 3.397928 5.000000 5.000000
37 -0.4807831921 -5.000000 2.751211 -5.000000 5.000000 5.000000 -5.000000 3.615385 5.000000 -5.000000 2.910749 5.000000 -2.933043 5.000000 5.000000 3.527588
38 -1.2078941560 -0.857993 -5.000000 5.000000 -2.490193 -2.002492 -5.000000 -0.268410 -5.000000 -5.000000 -3.081598 -5.000000 -5.000000 5.000000 -5.000000 5.000000
39 -1.0996888880 -1.747766 5.000000 5.000000 5.000000 -5.000000 -5.000000 -5.000000 5.000000 -2.219214 -1.048415 -3.320450 5.000000 1.386615 5.000000 -5.000000
40 -0.6776038445 -5.000000 -3.705583 -3.643334 5.000000 -5.000000 -5.000000 -0.933440 -5.000000 -5.000000 5.000000 5.000000 -1.234794 2.549520 -5.000000 5.000000
41 -0.2906291092 -5.000000 -5.000000 5.000000 5.000000 1.502939 3.376434 -0.958794 5.000000 -1.792725 -5.000000 4.395715 2.274232 5.000000 5.000000 5.000000
42 -0.7107574923 -5.000000 -5.000000 -5.000000 -5.000000 5.000000 -1.571105 5.000000 5.000000 -3.827308 -4.563907 5.000000 -2.922277 -2.783643 0.013525 4.198985
43 -0.5035316664 -5.000000 2.317465 -2.507202 5.000000 3.408581 -5.000000 5.000000 -2.589673 -5.000000 -1.094420 5.000000 -1.609032 -3.193277 5.000000 -5.000000
44 0.0189398271 -3.795204 -5.000000 -5.000000 5.000000 -5.000000 -5.000000 -0.877948 -0.729487 -5.000000 5.000000 0.493510 0.842573 5.000000 5.000000 5.000000
45 0.1323903237 -2.635653 -5.000000 5.000000 -2.212437 -5.000000 -3.240261 5.000000 5.000000 -1.055141 -3.390441 4.327953 -5.000000 -2.215198 -0.778822 5.000000
46 0.0095271207 -1.525849 5.000000 4.443898 -5.000000 -1.512678 2.135181 -5.000000 5.000000 -5.000000 4.269386 5.000000 -5.000000 -5.000000 2.616228 1.376390
47 0.1820351896 -5.000000 -1.189234 1.065396 5.000000 4.433679 -5.000000 5.000000 1.233128 -5.000000 -2.423386 -1.891211 -3.044077 5.000000 4.735010 3.366864
48 -0.0063464041 -5.000000 -5.000000 -2.961915 5.000000 -1.457146 4.589629 5.000000 2.934010 -5.000000 0.307001 -1.696988 -5.000000 5.000000 5.000000 -2.793376
49 -0.8501180955 -5.000000 -5.000000 2.283479 -4.981659 -3.146551 5.000000 5.000000 5.000000 -5.000000 0.358113 1.222635 -3.371277 -2.749806 -0.156048 5.000000
50 0.8434302086 0.941158 4.959818 -5.000000 5.000000 4.431788 -2.027495 1.784632 4.515541 -2.492197 -4.179717 1.970620 -5.000000 5.000000 5.000000 5.000000
51 -0.5995443144 5.000000 -5.000000 -1.926661 -5.000000 -5.000000 -5.000000 -1.842023 -1.324081 4.772991 -5.000000 5.000000 0.189643 5.000000 5.000000 -2.736705
52 0.9487737508 5.000000 -5.000000 -5.000000 1.473102 -0.947277 1.398136 5.000000 5.000000 -5.000000 1.452797 -1.411336 2.931444 5.000000 1.563779 5.000000
53 -0.3452143802 2.909406 -2.340158 -5.000000 5.000000 3.125245 -2.149593 5.000000 4.253600 -1.784266 -0.215798 5.000000 -5.000000 -2.084021 2.722597 5.000000
54 0.2595234359 -2.313632 -0.659698 -3.835674 4.596759 -0.512572 -5.000000 -0.582151 -5.000000 3.008880 -1.188502 5.000000 -5.000000 1.763062 3.427534 -2.738781
55 -0.2955342212 -5.000000 -1.936818 -2.959179 5.000000 -5.000000 -5.000000 0.300391 5.000000 -5.000000 -5.000000 -5.000000 5.000000 5.000000 5.000000 5.000000
56 -0.5878536896 -5.000000 -5.000000 -5.000000 3.105063 0.881654 -2.099513 5.000000 -1.883820 1.684774 -5.000000 5.000000 -5.000000 -3.524947 1.315590 3.959342
57 0.6301063523 3.431794 5.000000 -5.000000 5.000000 -5.000000 0.040369 3.243694 5.000000 4.094352 -5.000000 5.000000 -3.427897 1.663777 2.926679 1.173153
58 -0.2263050630 -2.152759 3.361326 -5.000000 -2.188783 -5.000000 -5.000000 -0.412513 3.140390 -5.000000 -5.000000 5.000000 -5.000000 5.000000 5.000000 -4.473378
59 -0.2995035115 -4.779761 5.000000 -5.000000 1.989253 -5.000000 0.074395 5.000000 5.000000 -3.692943 -1.861433 -5.000000 -1.645375 -5.000000 -3.356699 1.285129
60 0.7137666274 1.100617 2.593987 -4.361891 5.000000 -5.000000 -5.000000 5.000000 5.000000 -5.000000 -2.249130 5.000000 -5.000000 0.813410 3.331475 2.094648
61 -0.5219782664 -5.000000 -5.000000 -5.000000 5.000000 -1.226708 -5.000000 3.939407 5.000000 -5.000000 5.000000 4.287381 0.568467 5.000000 3.870324 -5.000000
62 1.2323610490 1.916835 -5.000000 -1.470029 0.435513 -5.000000 -1.634253 5.000000 5.000000 -2.466104 2.707259 1.308450 4.091318 -1.570283 1.859674 3.708420
63 -1.1859028834 -1.809483 -3.851143 -5.000000 5.000000 -5.000000 -5.000000 5.000000 5.000000 2.160400 -4.646601 4.792575 -2.611599 4.172380 0.901412 5.000000
64 -0.6952402595 -5.000000 -5.000000 -0.881440 5.000000 -5.000000 -5.000000 5.000000 5.000000 -2.043432 -1.984398 5.000000 -5.000000 -4.885576 5.000000 -1.699175
65 -0.3342695509 -0.227132 -5.000000 4.751170 3.816828 1.862957 -5.000000 -1.583882 5.000000 -1.686931 -2.919159 2.122724 -5.000000 2.447467 1.726658 -4.703187
66 -0.1925355759 -5.000000 -2.506257 -5.000000 5.000000 -0.509467 0.718138 5.000000 -1.545190 -5.000000 5.000000 2.389322 -5.000000 4.314371 4.905801 -5.000000
67 -0.0245292798 -5.000000 1.236275 -5.000000 5.000000 -1.858491 -5.000000 4.603495 5.000000 -5.000000 -3.387978 -1.401555 -5.000000 1.588251 5.000000 -3.322745
68 -0.3211833387 5.000000 -5.000000 -5.000000 0.733701 -4.952717 -5.000000 5.000000 5.000000 -5.000000 -2.396037 4.538599 -5.000000 5.000000 3.782688 1.006404
69 -0.7470567106 -5.000000 -4.075824 -5.000000 0.941369 -5.000000 -3.528570 5.000000 3.012088 -4.751707 -5.000000 -3.141592 -5.000000 5.000000 -2.638074 0.247876
70 -0.4140676307 -2.911285 -5.000000 -5.000000 -2.342803 -5.000000 -5.000000 4.672959 5.000000 -5.000000 -5.000000 5.000000 -1.758290 5.000000 3.012775 5.000000
71 0.3190718579 -5.000000 5.000000 -5.000000 -3.987745 -2.666498 0.332207 5.000000 5.000000 -5.000000 -3.416738 5.000000 -2.284941 0.400437 5.000000 5.000000
72 0.2584712946 -4.564779 -5.000000 -2.514162 2.615346 -5.000000 -5.000000 5.000000 -3.526305 1.975943 -5.000000 5.000000 -5.000000 5.000000 -0.226981 0.171931
73 0.2116034508 -2.497808 -5.000000 -5.000000 5.000000 -3.810127 -5.000000 3.297907 5.000000 0.048513 -2.365031 5.000000 -5.000000 5.000000 5.000000 5.000000
74 0.3015512465 1.093045 -5.000000 -1.043729 5.000000 -4.738307 -0.537551 5.000000 3.446886 -5.000000 -1.279672 5.000000 -4.746690 2.442397 3.864581 -0.134569
75 0.0176629273 -5.000000 -5.000000 -3.331766 5.000000 1.421462 -3.028720 2.050195 5.000000 -2.975185 -1.329223 5.000000 -5.000000 2.823452 5.000000 5.000000
76 0.3387173688 -5.000000 -5.000000 1.058200 5.000000 -5.000000 -5.000000 0.886865 5.000000 -1.407924 -1.619609 4.203184 -5.000000 -0.213388 0.789365 3.752560
77 -0.9867610486 -5.000000 -5.000000 1.340530 -3.188570 -5.000000 -5.000000 5.000000 4.011067 -5.000000 3.820731 0.357886 -5.000000 -0.029209 -3.335613 -0.348907
78 -0.1295313808 -5.000000 -5.000000 -5.000000 -1.027700 -4.171651 -3.234449 5.000000 -2.164290 -5.000000 2.668296 5.000000 -4.844812 3.937094 -4.458012 -2.284173
79 0.9148363606 -5.000000 -5.000000 0.074963 5.000000 -1.183213 -2.610399 5.000000 5.000000 -5.000000 0.026778 -1.777873 -1.268323 3.211673 5.000000 1.075249
80 -0.4885655947 -2.358162 -5.000000 -0.714546 -5.000000 4.244705 -5.000000 -0.767278 -2.839861 -5.000000 -5.000000 5.000000 -3.344453 5.000000 2.772512 2.903802
81 -0.7344688680 -4.725993 -4.820153 -5.000000 5.000000 -1.822574 -4.488023 3.004911 5.000000 -0.382669 -0.422283 5.000000 -1.725203 5.000000 4.961452 5.000000
82 1.6648787241 5.000000 1.188697 4.877896 5.000000 -5.000000 0.512211 1.144654 2.544481 -2.603193 0.099658 5.000000 0.135365 1.604277 5.000000 -2.966176
83 0.7484891272 -5.000000 -3.953427 4.078030 3.769341 -5.000000 -1.606666 -0.469611 1.086322 -5.000000 -3.910815 0.416284 -1.440668 4.759536 3.089658 3.551861
84 -0.2408776992 -5.000000 5.000000 -2.693947 3.235109 1.779979 -5.000000 -5.000000 2.577297 1.077066 -5.000000 5.000000 -3.906660 -3.131967 5.000000 1.213806
85 0.6607736203 -3.140065 -5.000000 -5.000000 -4.582598 -1.055589 -1.991881 5.000000 5.000000 1.436873 0.237974 1.223991 1.472045 5.000000 3.256229 2.659248
86 0.7835043557 -5.000000 -5.000000 1.029610 1.542215 -1.434942 -5.000000 4.498496 3.753299 -4.631265 4.184988 0.454138 1.450042 5.000000 5.000000 0.622253
87 -0.3615722942 -2.716245 -3.912952 -5.000000 -5.000000 -1.279101 -5.000000 4.831355 5.000000 1.065570 -5.000000 5.000000 -5.000000 3.872528 4.881442 -0.617604
88 0.0672056101 -3.298210 0.143164 -5.000000 5.000000 -2.867130 -4.064313 2.131135 5.000000 -5.000000 -2.988293 5.000000 -5.000000 5.000000 0.940617 5.000000
89 -0.2418086958 4.163847 -2.581162 -3.457240 5.000000 -5.000000 -5.000000 4.128490 5.000000 2.060250 1.678412 5.000000 -5.000000 3.462671 5.000000 2.683188
90 0.2969513808 -5.000000 1.709305 -4.307820 0.441913 -4.877212 -5.000000 5.000000 5.000000 3.548743 -5.000000 5.000000 -1.725848 -5.000000 5.000000 2.007960
91 0.4371625359 -5.000000 5.000000 -0.892683 3.214434 -2.457539 -0.764890 4.441731 0.782940 -3.511631 -5.000000 5.000000 -3.163112 5.000000 5.000000 -5.000000
92 0.2771389478 -5.000000 1.483956 -4.618040 5.000000 -4.825290 -5.000000 5.000000 1.732394 -5.000000 -5.000000 1.537795 -5.000000 -2.382965 -0.631895 -0.730174
93 0.9218693297 -5.000000 -1.186706 3.580185 5.000000 -5.000000 2.149595 4.238479 2.564499 -0.941691 -3.746605 5.000000 -5.000000 -0.765351 5.000000 1.840407
94 -0.2901329136 -3.716565 -1.362243 -5.000000 -0.204715 -5.000000 -5.000000 3.686234 5.000000 -5.000000 -5.000000 -0.996981 -1.747821 3.006116 5.000000 5.000000
95 -0.3852002516 -3.245866 -5.000000 -5.000000 5.000000 -2.114313 -5.000000 5.000000 5.000000 -5.000000 -1.667004 -0.117514 -5.000000 -1.430021 0.107067 -3.540583
96 0.7626082654 -3.000516 2.770938 1.548032 5.000000 -5.000000 -5.000000 -1.122472 5.000000 -5.000000 5.000000 0.153303 -4.901941 4.131838 4.688484 5.000000
97 0.2557328411 -5.000000 -2.635785 -5.000000 5.000000 0.397029 -5.000000 4.019850 5.000000 -1.065354 -4.926628 2.470951 -5.000000 4.636328 4.224664 5.000000
98 0.9146833708 -3.763190 -5.000000 -5.000000 4.358512 -5.000000 -3.715850 5.000000 0.656539 2.268822 0.058257 5.000000 -4.832288 2.552971 5.000000 2.029882
99 0.7212875993 -2.575788 -0.194610 -2.510730 2.675038 -5.000000 -5.000000 5.000000 5.000000 -3.303749 -1.435411 1.861204 -3.915012 0.384779 5.000000 5.000000
100 0.0174636266 -4.246122 -3.030017 -1.685073 5.000000 -5.000000 -5.000000 3.595902 4.393745 -1.883209 0.627828 5.000000 -5.000000 3.319804 1.175559 5.000000
101 -0.1744286388 -5.000000 2.130014 -5.000000 5.000000 -2.452963 -4.755406 5.000000 1.316039 -5.000000 -5.000000 4.902715 -1.891784 1.736963 -5.000000 -0.765973
102 0.9997611729 -4.053899 -5.000000 -5.000000 1.558331 -5.000000 -3.581919 -2.371545 3.308879 -1.470595 1.550294 5.000000 -5.000000 2.736193 2.351483 4.901041
103 0.5509464561 -5.000000 -5.000000 -2.909806 4.790359 -2.663884 -5.000000 5.000000 1.425014 -2.671185 3.348993 5.000000 -1.477377 5.000000 4.093326 -4.569821
104 -0.4180170535 -5.000000 -3.675272 -5.000000 5.000000 -0.297817 -2.844191 2.868897 5.000000 -0.771860 -0.642582 4.525548 -5.000000 -0.644765 5.000000 -0.728421
105 -0.8498395043 -4.564129 3.983425 -5.000000 5.000000 -5.000000 -3.259831 5.000000 5.000000 -2.769790 -5.000000 5.000000 -5.000000 2.840552 -4.531479 3.999465
106 0.5565486857 -5.000000 -3.560843 0.192214 -0.137064 -1.357358 -4.318532 3.628353 4.358846 -5.000000 1.118738 5.000000 -2.424146 5.000000 5.000000 4.452729
107 -0.0279913537 -5.000000 -1.574581 -5.000000 5.000000 -3.067566 -5.000000 5.000000 3.406719 -5.000000 -1.690966 5.000000 -3.223386 0.295003 2.643449 1.504689
108 1.2640479161 -2.701763 -4.919850 -5.000000 1.733325 -3.734857 -4.612125 3.144107 3.327040 -5.000000 1.111904 5.000000 -4.507754 4.895746 0.872351 2.504939
109 1.3744507497 -2.503596 0.521452 -1.104259 5.000000 -5.000000 -1.743541 1.515161 1.926510 -5.000000 -2.845913 1.008218 -4.239218 5.000000 -0.092388 5.000000
110 1.0051433353 0.452124 -1.949007 -2.486753 5.000000 -2.600192 -5.000000 5.000000 3.684826 -2.591102 -3.096576 5.000000 -3.501364 4.284329 0.475903 0.347114
111 0.7137482437 -2.673836 -5.000000 3.911959 2.682505 -4.638339 -5.000000 5.000000 3.127157 -4.198367 -3.857179 5.000000 -2.485386 4.990471 5.000000 -1.324959
112 -0.7455494897 -5.000000 -0.887338 -2.115864 5.000000 -5.000000 -5.000000 3.358131 5.000000 -3.459537 -0.754710 5.000000 -4.534450 5.000000 1.079353 4.805129
113 -1.7274658458 -5.000000 -5.000000 -0.595440 0.837773 -4.419215 -5.000000 -0.260889 5.000000 -5.000000 -4.673578 5.000000 -5.000000 2.234464 4.945715 5.000000
114 -0.4621061017 -0.140980 -3.435835 -0.030810 5.000000 -5.000000 -5.000000 3.197070 5.000000 -5.000000 -3.844277 5.000000 -4.211599 3.819078 5.000000 5.000000
115 0.1029775888 -5.000000 -5.000000 0.872639 -2.179910 -3.604889 -3.870409 1.726392 1.700077 -1.791249 -5.000000 5.000000 -2.580006 4.134633 5.000000 5.000000
116 -0.5670191088 -3.038816 -5.000000 -3.194796 -0.155386 -3.656732 -3.015284 0.501896 2.274631 -5.000000 -0.366302 3.091729 -3.366477 -2.842522 5.000000 3.881707
117 -0.3826879121 -3.346078 -5.000000 -4.666763 0.774514 -3.308136 -5.000000 -2.594736 4.147487 -5.000000 1.835412 5.000000 -2.897147 3.571938 5.000000 5.000000
118 0.7353662986 -5.000000 -5.000000 -0.382507 1.090883 -0.670240 -0.574076 -0.588980 5.000000 -4.438001 -2.372566 5.000000 -5.000000 0.414549 0.862183 4.113744
119 0.0580207332 -1.190894 -5.000000 -0.685404 3.322735 -5.000000 -3.432727 -2.415127 5.000000 -5.000000 -5.000000 4.757412 -0.258610 5.000000 1.127058 0.657392
120 0.5368414094 -5.000000 -5.000000 0.377939 -1.693911 -4.282266 -5.000000 0.121294 5.000000 -4.165363 -0.842024 5.000000 -1.885892 2.097136 2.328906 5.000000
121 -0.6647553614 -1.531605 -2.554149 -3.305385 -2.093930 -4.241014 -5.000000 0.008840 4.712975 -4.149349 -5.000000 5.000000 -3.879249 4.910462 -4.347770 1.132487
122 0.1229225552 -5.000000 -3.859536 -3.629686 1.095326 -5.000000 -4.141782 1.289135 4.730031 -3.989873 -2.256631 2.688043 -5.000000 1.976924 5.000000 -0.656515
123 -0.4796312994 -5.000000 -5.000000 -0.411039 -3.657587 -5.000000 -3.008558 -4.517936 5.000000 -5.000000 -5.000000 1.616774 -5.000000 2.421289 5.000000 1.599070
124 0.9117153611 -5.000000 -4.670650 0.058034 1.846296 -2.548975 -2.910653 1.615416 5.000000 -3.685802 -3.135900 5.000000 -5.000000 5.000000 -0.320377 0.510534
125 -0.6530305849 -4.667693 -3.236246 -2.959727 -1.421555 -4.486258 -5.000000 -0.858761 5.000000 -3.776694 -5.000000 5.000000 -5.000000 -3.670772 5.000000 0.785050
126 0.4509860670 -5.000000 -5.000000 0.926607 4.261710 -5.000000 -5.000000 -1.055974 5.000000 -2.431565 -3.309349 2.256670 -5.000000 -2.629726 3.286280 5.000000
127 0.4714780756 -5.000000 -0.067116 1.674612 -1.220215 -1.623151 -4.019833 -3.854319 3.845458 -3.396642 -5.000000 5.000000 -5.000000 4.706063 5.000000 2.561627
128 -0.1447445877 -4.191983 -5.000000 -0.717839 2.514382 -2.186854 -3.348699 2.889936 5.000000 -3.114789 1.462733 5.000000 -4.776530 1.165983 5.000000 0.603609
129 0.6818426000 -2.392532 -5.000000 -1.713651 2.709452 -1.003573 -3.847609 -3.805001 4.056971 -3.527203 -5.000000 5.000000 -4.117567 3.055310 3.245905 1.542281
130 -0.3323602303 -5.000000 -5.000000 3.028044 -0.140700 -1.459178 -5.000000 -2.469475 3.136082 -2.214215 -5.000000 4.026492 -5.000000 5.000000 5.000000 5.000000
131 0.0521623373 -5.000000 -3.171776 3.820835 2.035377 -2.461011 0.404938 2.305307 5.000000 -4.217007 -5.000000 5.000000 -5.000000 -1.953010 4.102577 1.561169
132 0.6334998937 -2.921266 -5.000000 -4.392239 1.394209 -5.000000 -2.423253 1.727370 3.588885 -1.230357 -5.000000 5.000000 -5.000000 2.618414 5.000000 1.844330
133 0.9039646752 -5.000000 -3.469210 0.847413 0.602109 -3.842083 -5.000000 0.914357 5.000000 -5.000000 -2.375491 5.000000 -5.000000 3.586397 5.000000 3.162947
134 0.3490387261 -5.000000 -5.000000 1.907834 2.914439 -4.867970 -4.301046 -0.628651 5.000000 -4.993995 -5.000000 5.000000 -5.000000 1.774046 4.192827 4.074085
135 0.5505417740 -5.000000 -5.000000 1.312436 4.221373 -4.283814 -4.800164 -0.055851 4.527036 -5.000000 -5.000000 -0.675995 -4.817138 3.242426 3.522547 3.368395
136 -0.3766019720 -5.000000 -3.568688 -0.726505 -3.197089 -5.000000 -3.206581 -1.155560 0.374863 -3.484600 -5.000000 4.911223 -5.000000 2.389912 3.696000 5.000000
137 0.3660110090 -4.009509 -2.931285 0.244775 0.376429 -4.812502 -4.424919 1.255837 5.000000 -1.614293 -5.000000 5.000000 -5.000000 -1.810987 5.000000 5.000000
138 0.6066495960 -2.482251 -4.885789 -2.447487 -1.493748 -4.636683 -3.189123 1.718843 3.118076 -5.000000 1.512024 4.684629 -4.237208 5.000000 5.000000 4.188075
139 1.1868780186 -5.000000 -5.000000 1.645382 0.803965 -2.696409 -3.798046 0.131328 3.628976 -5.000000 -2.781470 1.130848 -5.000000 2.863802 5.000000 4.676794
140 0.1139846412 -5.000000 -5.000000 -1.487463 -0.255151 -3.184190 -3.717888 0.612444 2.841245 -4.306423 -4.411179 4.411026 -5.000000 0.484475 5.000000 5.000000
141 0.5038536521 -2.427088 -5.000000 -2.025150 -1.312567 -1.822839 -3.885870 2.199927 4.620185 -5.000000 -4.855073 5.000000 -3.916290 1.345008 5.000000 5.000000
142 0.0860578475 -3.208731 -5.000000 -0.044855 -0.824334 -4.384079 -5.000000 0.370771 5.000000 -5.000000 -5.000000 3.464489 -4.682205 2.923555 4.066284 3.325660
143 -0.1991022164 -2.043746 -3.301991 3.041698 2.908500 -5.000000 -5.000000 0.921504 4.488835 -5.000000 -5.000000 5.000000 -4.701694 0.739614 5.000000 3.780832
144 -0.6245504186 -2.912713 -5.000000 0.523569 1.971727 -3.057934 -2.846756 1.106197 4.924426 -5.000000 -4.681189 5.000000 -3.537035 3.814970 5.000000 1.307136
145 0.0770906813 -5.000000 -5.000000 -1.935616 2.992221 -5.000000 -3.805493 1.054453 5.000000 -3.614168 -4.349384 1.198358 -3.621200 2.173845 3.457510 5.000000
146 0.0249372118 -4.442839 -4.397617 -1.371214 1.682239 -0.135370 -5.000000 -1.653617 1.212591 -5.000000 -5.000000 5.000000 -4.748137 4.343690 4.118068 5.000000
147 0.0021044242 -3.080627 -2.496756 0.978277 -0.333813 -5.000000 -5.000000 -2.678226 0.451401 -5.000000 -5.000000 5.000000 -4.901656 1.257114 4.977316 5.000000
148 -0.0173595094 -0.934771 -4.140257 -0.283563 -0.712278 -3.501797 -2.402233 0.648713 4.953167 -4.880292 -5.000000 5.000000 -2.270388 2.983566 5.000000 5.000000
149 -0.1147400142 -4.586770 -5.000000 0.155605 3.821146 -4.983791 -5.000000 -0.238420 4.480612 -1.653991 -4.123092 4.348711 -5.000000 1.465457 5.000000 5.000000
150 1.3613881936 -3.869539 -5.000000 0.981572 2.938238 -5.000000 -5.000000 1.570365 3.340358 -4.251729 -4.677847 1.948650 -5.000000 1.399211 4.594700 4.599123
151 -0.5381436431 -5.000000 -3.041373 -2.044684 0.765443 -5.000000 -5.000000 2.045925 5.000000 -2.662236 -3.312550 5.000000 -5.000000 0.852153 4.532385 5.000000
152 0.2542546051 -5.000000 -5.000000 0.607488 -0.284238 -1.239152 -1.232019 2.319959 4.236863 -3.331040 -3.835696 5.000000 -4.589129 4.349908 5.000000 4.576253
153 0.4772966513 -5.000000 -4.987452 1.998361 -0.103685 -5.000000 -1.158076 -3.357446 5.000000 -5.000000 -4.640609 5.000000 -5.000000 1.605258 1.583475 4.004374
154 -0.0745043873 -2.408451 -5.000000 1.005743 1.484433 -0.957138 -4.699249 -4.130115 4.982980 -1.778408 -5.000000 5.000000 -4.220634 -0.868026 5.000000 5.000000
155 -0.3150067050 -5.000000 -3.271791 2.566376 0.944320 -4.633904 -4.985140 -0.573811 0.961531 -4.946176 -5.000000 4.818662 -4.423837 0.730658 2.083343 4.683882
156 0.8623013017 -5.000000 -5.000000 -0.697374 -0.639162 -4.367410 -0.824989 1.053707 1.449808 -5.000000 -1.829667 5.000000 -4.046266 -1.004895 2.644839 5.000000
157 0.2315824863 -5.000000 -3.488992 1.415797 0.909352 -2.880191 -2.176339 -0.376728 5.000000 -4.896205 -5.000000 5.000000 -5.000000 1.538041 2.965778 5.000000
158 -0.8725060359 -1.843050 -3.975976 2.725680 -1.590345 -5.000000 -3.753411 0.101795 5.000000 -3.545502 -3.167524 5.000000 -5.000000 -0.103327 5.000000 5.000000
159 -0.1017302437 -5.000000 -5.000000 0.671214 1.915435 -3.325468 -4.666358 -0.056241 5.000000 -3.601012 -3.634917 5.000000 -5.000000 5.000000 3.133438 4.746387
160 -0.2638688287 -5.000000 -3.176756 1.795505 0.947688 -3.059977 -4.423395 2.069754 4.335423 -5.000000 -4.125027 5.000000 -5.000000 3.256145 3.131392 4.069523
161 -0.1186456929 -5.000000 -5.000000 0.768777 -0.740119 -5.000000 -4.657496 1.839310 5.000000 -4.749958 -5.000000 3.956232 -5.000000 4.376153 5.000000 3.772993
162 0.7199617715 -4.612651 -5.000000 0.075327 2.332128 -3.197178 -3.996871 0.382105 5.000000 -5.000000 -1.605930 1.940275 -5.000000 0.564097 4.702922 3.843116
163 0.6155487550 -5.000000 -5.000000 1.431295 3.143296 -5.000000 -5.000000 -0.231224 5.000000 -5.000000 -2.275670 4.679096 -4.485097 0.391340 1.236258 5.000000
164 0.3512666568 -2.448686 -5.000000 -1.537282 -0.617951 -5.000000 -4.843181 -0.930420 3.397408 -5.000000 -5.000000 3.524715 -1.610767 0.761831 5.000000 2.937089
165 0.4662194479 -3.908633 -4.660970 -2.263369 1.522427 -1.926956 -3.711769 -0.023637 5.000000 -5.000000 -2.437664 5.000000 -5.000000 0.966401 4.710880 3.926585
166 0.4496168541 -5.000000 -4.859003 -1.009821 1.054312 -5.000000 -4.527702 1.716205 3.195754 -5.000000 -4.460842 5.000000 -3.834836 0.538144 5.000000 5.000000
167 -0.3363280383 -5.000000 -3.440429 -1.212581 0.068201 -5.000000 -4.106148 -0.937111 5.000000 -5.000000 -4.711702 5.000000 -5.000000 1.131379 5.000000 5.000000
168 0.1949605258 -5.000000 -5.000000 -2.332006 1.732683 -4.521579 -4.451535 1.659343 3.019264 -5.000000 -5.000000 5.000000 -3.723747 5.000000 5.000000 4.107070
169 0.1224795403 -5.000000 -5.000000 -2.136584 0.492128 -4.438934 -5.000000 -1.222501 2.761653 -5.000000 -5.000000 5.000000 -5.000000 4.461604 5.000000 4.329690
170 0.0761490915 -5.000000 -5.000000 -0.730993 2.645249 -1.848752 -5.000000 -3.324157 5.000000 -5.000000 -2.500553 4.840698 -5.000000 0.104810 5.000000 5.000000
171 -0.2220944232 -4.443378 -4.765188 0.962656 0.130238 -4.413546 -5.000000 0.669726 5.000000 -4.898937 -4.103529 5.000000 -4.614655 3.274042 5.000000 4.049039
172 0.9463348980 -4.223550 -5.000000 -0.760890 1.317490 -4.674352 -3.942235 0.289753 5.000000 -4.336518 -5.000000 5.000000 -2.913981 2.086202 5.000000 4.013085
173 -0.3050190676 -5.000000 -5.000000 1.684300 -0.576253 -3.405835 -2.997298 1.132262 5.000000 -3.816179 -5.000000 3.907254 -4.901239 3.455271 5.000000 5.000000
174 0.9556047259 -3.983511 -5.000000 0.131740 1.503731 -5.000000 -4.606442 0.061107 2.732029 -5.000000 -5.000000 4.652230 -5.000000 3.726229 4.172867 5.000000
175 0.7564603510 -2.857796 -4.801369 -1.257004 2.430022 -3.595439 -4.313709 0.396161 5.000000 -5.000000 -3.821624 4.458943 -4.447000 1.206481 2.573701 5.000000
176 0.8370947898 -5.000000 -3.333136 0.581135 1.501224 -4.309938 -2.899803 0.025651 5.000000 -5.000000 -5.000000 5.000000 -5.000000 0.974111 1.573415 4.419854
177 0.3628850365 -1.552673 -5.000000 -1.091272 0.106443 -1.199396 -5.000000 -0.040378 4.085279 -5.000000 -4.150928 5.000000 -3.598821 1.339143 5.000000 5.000000
178 0.5373213037 -5.000000 -4.406937 0.209269 -0.435088 -3.772594 -4.583928 -1.071567 5.000000 -4.612081 -5.000000 2.821367 -5.000000 2.328836 5.000000 3.156019
179 1.1040937671 -5.000000 -5.000000 1.773154 0.283490 -4.423891 -5.000000 0.090351 5.000000 -3.380023 -3.914245 5.000000 -2.369593 0.841093 5.000000 5.000000
180 0.2636683239 -4.790137 -5.000000 -0.722418 -0.230715 -2.663366 -5.000000 0.075448 5.000000 -5.000000 -3.190616 2.542877 -3.619290 1.534555 5.000000 3.380357
181 -0.5285028337 -4.955628 -5.000000 -3.526509 0.895296 -3.285076 -5.000000 -3.453373 3.821074 -4.308878 -5.000000 3.699774 -4.094113 2.825542 5.000000 5.000000
182 -0.7467413013 -4.258452 -5.000000 -0.324132 0.933237 -5.000000 -4.568986 -0.823373 4.409086 -5.000000 -5.000000 4.403164 -5.000000 2.154969 5.000000 5.000000
183 0.7825828802 -5.000000 -5.000000 -0.223498 0.176831 -5.000000 -5.000000 0.307677 2.593998 -5.000000 -4.504542 5.000000 -4.493016 4.309949 4.696806 5.000000
184 -0.6826040758 -5.000000 -3.651059 -0.385904 -1.771878 -4.549814 -5.000000 -1.124465 5.000000 -5.000000 -3.586604 4.418374 -5.000000 1.572593 4.515537 5.000000
185 0.8731317997 -5.000000 -3.899743 -1.327130 2.454012 -4.813362 -3.997733 -2.307543 5.000000 -5.000000 -5.000000 5.000000 -5.000000 1.737021 4.412682 4.784778
186 -0.3082397136 -4.454370 -5.000000 -1.609552 0.914853 -4.473144 -3.124390 -0.518210 5.000000 -4.988749 -3.351248 5.000000 -3.948039 3.041105 3.500631 2.881363
187 0.9618487550 -5.000000 -4.814131 0.291958 1.685013 -5.000000 -5.000000 0.316567 5.000000 -5.000000 -5.000000 5.000000 -5.000000 2.545480 2.981176 5.000000
188 0.3592193179 -5.000000 -5.000000 -1.137154 0.789858 -3.541392 -4.817356 -0.123136 4.874471 -4.243022 -5.000000 4.524294 -5.000000 1.818232 5.000000 4.687708
189 0.3025450453 -4.724564 -5.000000 -0.782663 0.055128 -3.790265 -4.240089 1.880243 5.000000 -5.000000 -5.000000 2.943171 -5.000000 1.379077 4.959767 5.000000
190 0.3458362910 -4.820094 -5.000000 -2.964013 -0.049720 -4.969100 -4.201767 0.961928 5.000000 -4.864738 -5.000000 3.072497 -5.000000 2.389585 5.000000 4.759755
191 0.2155711740 -5.000000 -5.000000 1.680569 -0.804845 -4.392317 -4.755863 -0.019199 5.000000 -5.000000 -3.848226 5.000000 -5.000000 3.701654 5.000000 3.179014
192 -0.1687658437 -5.000000 -4.028807 -1.137468 0.901063 -5.000000 -5.000000 -0.579874 5.000000 -3.018331 -4.780409 5.000000 -5.000000 2.454899 5.000000 4.293729
193 1.0870949435 -4.952118 -2.027889 -1.345534 1.111244 -3.792402 -3.799873 0.414701 3.523411 -4.202506 -1.804065 5.000000 -5.000000 1.277588 4.678152 5.000000
194 -0.1086512964 -4.878728 -5.000000 -1.960307 0.712552 -4.746539 -4.897335 -1.296606 5.000000 -5.000000 -5.000000 4.561290 -5.000000 -0.133817 4.834081 3.765934
195 -0.2839677366 -5.000000 -4.309544 0.876827 0.558040 -3.605069 -3.633973 0.546210 4.722921 -4.482625 -2.197987 5.000000 -5.000000 4.111348 5.000000 4.871582
196 -0.0687349067 -4.833105 -5.000000 1.193409 1.663096 -3.937276 -5.000000 -0.834119 5.000000 -5.000000 -5.000000 4.783021 -5.000000 2.957509 5.000000 2.603146
197 -0.0273699072 -3.680747 -3.865569 -0.748401 -0.181002 -5.000000 -5.000000 0.239354 5.000000 -4.666983 -5.000000 4.245917 -4.360448 2.199095 5.000000 5.000000
198 -0.4212555154 -5.000000 -5.000000 -0.632603 0.237370 -3.431334 -4.744170 -0.410534 5.000000 -4.795272 -4.556003 5.000000 -3.643274 1.145697 4.245405 5.000000
199 1.0179852433 -5.000000 -5.000000 0.217563 0.728400 -5.000000 -4.824998 -0.257046 4.147183 -4.893883 -5.000000 4.398502 -3.683606 1.998947 4.419794 2.723876
200 0.9894872822 -4.222163 -5.000000 -0.315117 1.805322 -3.525712 -5.000000 0.509973 4.542178 -5.000000 -3.794938 3.639924 -3.694105 1.677112 4.972160 5.000000
201 -0.2636392419 -4.847423 -4.533879 -0.398111 0.029053 -5.000000 -5.000000 0.190391 3.470303 -5.000000 -4.276855 3.987512 -5.000000 2.569879 5.000000 4.064235
202 0.1366804886 -4.637202 -4.865668 -0.496339 1.445924 -3.939039 -5.000000 -0.603230 4.142402 -3.820021 -5.000000 3.834648 -5.000000 2.755033 4.151811 5.000000
203 -0.3365563619 -5.000000 -4.083139 -0.296680 0.589237 -4.735699 -2.961474 -0.542710 5.000000 -5.000000 -4.987698 4.858477 -5.000000 2.601451 4.103377 5.000000
204 0.3327759231 -4.904143 -5.000000 -0.741776 0.454695 -3.556751 -4.422986 1.172268 4.777414 -4.891302 -3.441914 5.000000 -4.884315 2.772539 4.395488 5.000000
205 0.0290562846 -4.197983 -4.695376 -0.669774 0.265509 -4.570298 -3.259329 -1.466703 5.000000 -2.815135 -5.000000 5.000000 -5.000000 1.720965 4.218267 5.000000
206 -0.1944514008 -5.000000 -4.762642 -1.129272 2.247815 -4.359188 -5.000000 0.161186 5.000000 -4.585989 -4.058045 3.428393 -5.000000 2.092368 4.926189 5.000000
207 1.4786779930 -3.696532 -4.442992 -0.465140 1.354453 -3.636160 -5.000000 0.361314 5.000000 -4.254869 -5.000000 4.441329 -4.077756 3.130453 5.000000 3.121441
208 0.9692009818 -3.664562 -5.000000 0.582927 1.539153 -3.045302 -5.000000 -0.934375 5.000000 -4.295132 -4.787011 5.000000 -5.000000 3.145213 5.000000 4.518342
209 -0.5953234306 -5.000000 -5.000000 -0.745283 -0.577812 -4.258016 -5.000000 -0.209979 5.000000 -5.000000 -5.000000 5.000000 -4.185624 1.885215 5.000000 4.354784
210 0.8926155109 -5.000000 -5.000000 -1.913263 0.316460 -3.731470 -5.000000 -1.485626 4.394587 -5.000000 -4.299817 5.000000 -2.846138 2.143258 4.365059 4.813452
211 0.3315222580 -3.781962 -5.000000 -1.165471 0.488666 -3.999521 -5.000000 -1.710061 3.972985 -5.000000 -4.710347 5.000000 -4.452038 1.884353 3.929312 4.930710
212 0.0126421176 -5.000000 -5.000000 -1.737365 1.585364 -5.000000 -4.481517 -0.454589 5.000000 -5.000000 -4.339396 5.000000 -5.000000 1.753113 4.916549 4.390950
213 0.7462343168 -4.904104 -4.408800 0.150685 0.436591 -5.000000 -5.000000 -0.950254 5.000000 -5.000000 -4.374435 5.000000 -5.000000 2.349166 4.379936 4.959498
214 0.4663145236 -5.000000 -4.473305 -1.005249 0.639719 -2.957038 -4.971096 -0.021306 4.575480 -5.000000 -4.701898 4.546591 -4.755354 3.624073 5.000000 4.792276
215 0.0506637882 -3.350031 -4.875721 -1.502173 1.131834 -4.111393 -4.563836 -0.949988 4.557141 -5.000000 -3.547769 4.292269 -3.877617 2.750825 5.000000 4.359400
216 -0.0982573780 -4.161732 -4.459779 -0.168353 0.166656 -4.266717 -4.508176 -0.740631 5.000000 -4.568393 -5.000000 3.709335 -4.577117 3.080293 5.000000 4.691827
217 -0.5238445026 -5.000000 -3.646057 -0.830081 1.212968 -3.119952 -5.000000 -0.942121 4.975290 -5.000000 -5.000000 4.051202 -5.000000 1.537356 5.000000 4.835171
218 0.5782351850 -4.964562 -4.637879 0.278056 1.961246 -4.083157 -4.872623 -0.125829 5.000000 -5.000000 -4.248183 3.777281 -4.881370 2.329250 4.323556 5.000000
219 -0.3512092924 -4.550338 -4.872027 -1.088725 0.760943 -5.000000 -5.000000 -0.076559 4.169635 -5.000000 -2.917095 4.842698 -5.000000 0.720160 4.233507 4.573494
220 -0.0456027575 -4.562468 -4.476300 0.137522 0.690691 -3.784873 -4.804653 -0.543686 5.000000 -4.590609 -5.000000 4.874287 -5.000000 2.933359 5.000000 5.000000
221 -1.1429837980 -5.000000 -4.830415 -0.265883 -0.113790 -3.604944 -5.000000 -1.499735 4.159354 -4.625803 -4.806786 5.000000 -4.241109 1.509001 5.000000 5.000000
222 0.6098955622 -4.869831 -5.000000 -0.954734 0.214916 -3.877124 -5.000000 -0.645642 5.000000 -4.375166 -3.750062 3.654501 -4.958004 2.529605 4.965562 4.622850
223 0.1789732709 -4.531017 -4.657954 -0.288581 1.290346 -4.403236 -4.863345 0.205649 5.000000 -5.000000 -3.827181 4.783693 -5.000000 2.091997 5.000000 5.000000
224 -0.0062872800 -5.000000 -3.560274 0.710978 0.634309 -5.000000 -3.831097 -0.063484 4.832686 -5.000000 -4.225652 3.952932 -4.835626 0.892507 4.585139 5.000000
225 0.5922551076 -4.645126 -4.732752 -0.944151 1.617286 -5.000000 -4.334835 -1.092626 4.259458 -5.000000 -4.416925 3.798807 -5.000000 1.661090 5.000000 5.000000
226 -0.1512851409 -4.827453 -4.093108 -1.841029 2.357200 -5.000000 -4.730182 0.195819 5.000000 -3.237289 -5.000000 4.342897 -3.770457 2.602610 5.000000 4.685304
227 0.6521297468 -3.921891 -5.000000 0.205142 1.697582 -5.000000 -5.000000 -0.399561 4.602380 -4.549109 -5.000000 4.467163 -5.000000 2.160182 5.000000 5.000000
228 -0.1401909031 -5.000000 -3.672391 -0.652303 -0.045305 -3.596556 -5.000000 -0.030919 5.000000 -4.969358 -5.000000 5.000000 -5.000000 3.238495 5.000000 5.000000
229 -0.2963292773 -3.991258 -5.000000 -0.545349 -0.162769 -4.688479 -5.000000 -1.011818 4.138198 -4.985619 -4.242655 5.000000 -4.508739 1.831170 4.514467 3.861064
230 1.2955615688 -5.000000 -3.637210 0.137629 0.391304 -4.158336 -5.000000 0.284956 4.562484 -4.832166 -5.000000 5.000000 -5.000000 2.087319 5.000000 5.000000
231 -0.0261075477 -4.547998 -5.000000 -0.851838 1.467292 -4.476027 -5.000000 -0.088157 5.000000 -4.985970 -5.000000 4.135276 -4.851118 2.384766 4.108440 5.000000
232 -1.1192769197 -4.432816 -4.819101 -0.424635 1.910973 -4.289157 -5.000000 0.623337 4.271076 -4.577746 -3.150795 5.000000 -5.000000 2.787669 5.000000 5.000000
233 0.0394704813 -4.856663 -4.870020 -0.294961 0.802299 -4.098457 -4.857867 0.229967 4.535528 -5.000000 -5.000000 4.987676 -5.000000 1.828880 4.123263 5.000000
234 -0.3713731896 -5.000000 -5.000000 -1.227186 1.217602 -3.947719 -4.209121 -0.408610 5.000000 -4.698594 -5.000000 4.333668 -5.000000 1.066430 4.192444 5.000000
235 -0.1473108426 -5.000000 -4.612685 -1.803958 0.725227 -5.000000 -4.146267 -1.646492 4.215801 -4.389592 -4.968553 5.000000 -5.000000 1.629350 4.734048 4.850920
236 -0.1755509756 -4.983629 -5.000000 -1.116857 0.846294 -4.078648 -4.237298 -0.499311 5.000000 -5.000000 -4.516775 5.000000 -5.000000 2.076394 5.000000 5.000000
237 -0.9024835336 -5.000000 -5.000000 -0.166059 -0.634795 -4.191447 -5.000000 0.573406 5.000000 -5.000000 -4.819379 5.000000 -4.595918 0.971250 4.990057 5.000000
238 0.6525468908 -4.467147 -4.263747 -0.813231 0.598530 -4.728924 -5.000000 0.487474 5.000000 -5.000000 -4.377108 4.553430 -4.459085 2.694221 4.633615 4.989445
239 -0.1599415738 -5.000000 -5.000000 -0.459144 1.363611 -4.697434 -4.386923 0.487909 4.504030 -4.450691 -5.000000 5.000000 -4.602343 1.809000 4.363743 5.000000
240 -0.5311255391 -5.000000 -5.000000 -0.973000 1.034030 -3.854480 -5.000000 -0.021334 5.000000 -5.000000 -4.616493 5.000000 -5.000000 2.645701 5.000000 5.000000
241 0.4717248143 -4.642317 -5.000000 -0.517684 0.199195 -4.634333 -4.886312 0.037378 4.567160 -5.000000 -4.843971 4.294923 -5.000000 1.485329 5.000000 5.000000
242 0.2362349033 -5.000000 -5.000000 -0.777325 1.323383 -4.146254 -5.000000 0.456985 5.000000 -4.881298 -4.954509 5.000000 -5.000000 3.159433 5.000000 5.000000
243 -0.7660204444 -4.329872 -5.000000 -0.363278 0.971874 -4.200474 -5.000000 0.392228 5.000000 -5.000000 -4.635595 4.565081 -4.170544 2.672828 4.858933 5.000000
244 0.2366063080 -5.000000 -5.000000 -0.290769 0.453728 -4.541526 -4.149657 -0.532928 4.749436 -5.000000 -5.000000 4.744359 -5.000000 2.390891 5.000000 5.000000
245 0.0063626459 -4.872973 -4.729668 -0.692689 1.011298 -3.624284 -5.000000 -0.533776 4.911551 -5.000000 -5.000000 5.000000 -4.523568 2.049219 4.498454 4.789361
246 -0.3700559001 -5.000000 -4.650063 -0.489839 0.988297 -4.770803 -5.000000 0.057650 4.296693 -4.309618 -5.000000 4.961210 -5.000000 2.553076 4.452915 4.124200
247 -0.2860781186 -5.000000 -5.000000 0.012402 0.865351 -3.829553 -5.000000 -0.360288 4.313986 -4.801239 -4.218604 4.806084 -4.850460 2.569168 5.000000 5.000000
248 -0.9449023025 -4.870323 -5.000000 -0.882915 0.902232 -4.485725 -5.000000 -0.542639 4.965866 -4.437150 -4.636697 4.455122 -4.778817 1.839812 3.985725 5.000000
249 -0.7406151658 -5.000000 -5.000000 -0.704517 0.847238 -4.998401 -5.000000 -0.404388 5.000000 -4.892412 -4.708988 4.772430 -5.000000 1.341071 5.000000 4.917007
250 -0.2623120944 -5.000000 -5.000000 -0.022411 0.454819 -4.414765 -5.000000 -0.234683 4.973224 -5.000000 -5.000000 5.000000 -4.384366 2.802588 5.000000 4.954777
251 0.2299058094 -4.806998 -4.511658 -1.218389 1.586161 -4.902222 -5.000000 -0.072349 5.000000 -5.000000 -5.000000 5.000000 -3.885489 2.124292 4.531119 5.000000
252 -0.3982296802 -4.735645 -4.680424 -0.249797 0.546916 -4.229952 -4.851196 0.574620 5.000000 -5.000000 -4.413873 4.539347 -5.000000 2.305216 5.000000 4.926952
253 -0.4211189589 -5.000000 -4.394984 -0.619875 1.298427 -4.460996 -5.000000 -0.002830 5.000000 -5.000000 -4.958558 5.000000 -4.252182 2.445936 4.078417 5.000000
254 -0.1918512113 -5.000000 -5.000000 -0.833623 1.244279 -4.505781 -5.000000 -0.020079 4.293535 -5.000000 -4.443349 5.000000 -4.953241 1.782225 5.000000 5.000000
255 -0.2082521597 -4.483513 -5.000000 0.598803 0.638426 -4.377380 -5.000000 -0.865688 5.000000 -3.940827 -5.000000 5.000000 -4.773151 2.392424 4.943192 4.642136
256 1.0985612499 -5.000000 -4.664714 -1.344160 0.679186 -3.822984 -3.951068 0.410662 4.420120 -3.674557 -4.519210 4.375319 -5.000000 2.232358 5.000000 4.788202
257 0.3985987271 -5.000000 -4.056796 -0.519721 0.469018 -4.114051 -5.000000 -0.085970 5.000000 -4.998029 -4.741880 4.188841 -5.000000 2.147258 4.641962 4.382417
258 -0.4211452136 -5.000000 -5.000000 -0.766288 1.260246 -4.154439 -4.616197 -0.399188 4.709349 -5.000000 -5.000000 5.000000 -5.000000 2.186058 5.000000 4.501150
259 -0.9939786343 -5.000000 -5.000000 -0.835184 0.970212 -4.188252 -5.000000 -0.602362 5.000000 -5.000000 -4.751037 4.418519 -4.309622 2.150971 4.956274 5.000000
260 0.4401065874 -4.776864 -4.996378 -0.833764 0.612688 -4.916329 -4.692583 0.145595 5.000000 -4.860529 -4.480289 4.963320 -4.834144 2.160419 4.687859 4.823994
261 -0.2314553123 -5.000000 -5.000000 -1.277035 1.062914 -4.347424 -5.000000 -0.137063 5.000000 -5.000000 -4.401501 4.424951 -5.000000 1.682332 5.000000 4.883559
262 -0.2124471990 -5.000000 -4.978777 -1.291496 1.170280 -4.550667 -4.559590 -0.594120 5.000000 -5.000000 -4.434626 4.819545 -4.556094 2.706243 5.000000 4.674558
263 0.5833098462 -5.000000 -5.000000 -1.283284 1.187214 -4.002511 -4.797076 -0.363149 4.576382 -5.000000 -4.122061 4.633990 -5.000000 1.505558 5.000000 4.896426
264 -0.3679599955 -4.338112 -5.000000 -0.189947 0.673771 -4.490009 -4.768751 -0.117587 5.000000 -4.630527 -4.934776 5.000000 -4.529982 2.033412 4.108349 4.541857
265 -0.7737911040 -5.000000 -5.000000 -0.254641 1.946912 -4.424923 -5.000000 -0.345387 4.782071 -4.693590 -4.864346 4.273298 -4.534042 2.331484 4.190716 5.000000
266 -0.0852232887 -5.000000 -4.701946 -0.662770 0.733211 -4.244169 -5.000000 0.225212 5.000000 -4.578576 -4.304427 5.000000 -5.000000 2.080503 4.363298 4.973733
267 -0.6664182255 -5.000000 -5.000000 -0.771585 0.542392 -4.366293 -4.028633 -0.294613 5.000000 -4.666105 -4.967980 5.000000 -4.664922 2.175925 4.757887 4.936830
268 -0.3014921738 -4.960467 -4.722523 -0.254992 0.593243 -4.081356 -5.000000 0.241387 5.000000 -5.000000 -5.000000 4.929298 -4.962213 2.203095 4.957357 5.000000
269 0.0253079820 -4.938263 -5.000000 -0.422886 1.436940 -4.202683 -4.437262 -0.064236 4.706105 -5.000000 -4.955875 5.000000 -5.000000 1.666817 5.000000 4.687229
270 -0.2658170264 -3.836616 -5.000000 -0.828009 0.988288 -4.507820 -4.840538 0.280543 5.000000 -4.408539 -4.686648 5.000000 -4.968501 2.270611 5.000000 4.853763
271 -0.5990584483 -5.000000 -5.000000 -0.245385 0.642498 -4.374400 -4.133228 -0.786509 4.964289 -4.737605 -4.549432 4.593657 -5.000000 2.122524 5.000000 5.000000
272 -0.4158872940 -5.000000 -5.000000 -0.405546 0.751756 -4.762508 -4.631708 0.161552 5.000000 -4.414833 -4.609611 5.000000 -5.000000 2.046212 4.842498 5.000000
273 -0.7744403836 -4.748305 -4.829010 -0.650443 1.059674 -3.897318 -4.807725 -0.312805 5.000000 -4.746506 -4.557773 4.979127 -5.000000 2.407359 4.770029 5.000000
274 -0.9393712522 -4.527046 -5.000000 -0.325282 1.270001 -3.523783 -4.864788 -0.176305 5.000000 -4.954584 -4.756317 4.933759 -5.000000 2.355984 5.000000 5.000000
275 0.1102635637 -5.000000 -5.000000 -0.285757 1.367337 -4.606823 -4.961793 0.055832 5.000000 -4.872477 -4.299930 5.000000 -4.921869 1.873815 5.000000 5.000000
276 -0.3655759295 -5.000000 -5.000000 -0.531471 0.495693 -4.695282 -4.449001 -0.435694 5.000000 -4.852021 -4.573955 5.000000 -5.000000 2.840988 4.772118 5.000000
277 0.0010944681 -4.860909 -5.000000 -0.583195 1.390772 -4.527372 -4.358509 0.031935 4.690510 -5.000000 -4.417208 4.795334 -4.995738 2.425033 4.470472 5.000000
278 -1.0749093579 -5.000000 -5.000000 -0.353941 0.591181 -4.920731 -5.000000 -0.029463 5.000000 -4.710178 -4.668630 4.442356 -5.000000 2.557039 5.000000 5.000000
279 0.0369989379 -4.933955 -4.655643 -0.782687 1.491822 -4.233244 -4.300098 0.138458 5.000000 -5.000000 -4.741892 4.995577 -5.000000 1.522073 4.447683 4.943768
280 -0.0741818549 -4.936925 -4.986316 -0.927226 0.454968 -5.000000 -5.000000 -0.712681 5.000000 -4.792501 -4.504052 5.000000 -4.786694 1.888800 5.000000 5.000000
281 0.0679394185 -4.960058 -5.000000 -0.780630 0.606130 -4.318024 -5.000000 0.274175 5.000000 -4.351650 -4.592003 4.968036 -4.936650 2.934035 4.779405 5.000000
282 -1.0878278439 -5.000000 -5.000000 -0.332368 0.835353 -4.527749 -4.794507 -0.149739 4.847339 -5.000000 -4.840976 5.000000 -5.000000 2.321326 5.000000 4.994518
283 -0.7584959134 -5.000000 -4.625933 -0.309604 1.466368 -3.954871 -4.898058 -0.269216 5.000000 -5.000000 -4.676445 5.000000 -5.000000 2.289249 5.000000 5.000000
284 0.6629315590 -4.535448 -5.000000 -0.924984 0.427225 -4.611310 -5.000000 0.027138 4.609157 -4.851555 -5.000000 5.000000 -5.000000 2.420096 4.887448 5.000000
285 -1.3477227631 -4.835281 -4.479421 -0.399289 0.979819 -4.362043 -4.712883 -0.178031 4.669234 -4.602155 -4.942271 4.813821 -5.000000 2.368388 5.000000 4.948532
286 -0.9325351065 -4.652124 -4.795155 -0.490288 1.038403 -4.574373 -4.890467 -0.239025 5.000000 -5.000000 -4.836001 4.920465 -5.000000 1.782428 4.995606 4.458497
287 -1.3276834888 -4.784965 -4.859890 -0.446246 0.855803 -4.216778 -5.000000 -0.198338 4.799108 -4.718356 -4.404019 5.000000 -5.000000 2.170353 4.841922 4.632536
288 -0.6144104848 -5.000000 -4.931159 -0.236757 1.020077 -4.596017 -5.000000 0.058415 5.000000 -4.734709 -5.000000 4.787791 -4.989053 2.128598 5.000000 5.000000
289 0.0071846954 -4.909478 -5.000000 -0.908526 0.339245 -4.689500 -4.789280 -0.174819 4.999010 -5.000000 -4.520230 4.975038 -5.000000 2.389086 4.855371 4.514908
290 -1.3711783107 -5.000000 -5.000000 -0.342190 0.573700 -4.359693 -5.000000 -0.075760 5.000000 -4.825678 -4.718265 4.934482 -4.675183 2.170562 5.000000 4.866319
291 -0.9560456017 -5.000000 -5.000000 -0.640417 1.151510 -4.129782 -4.956965 -0.295189 5.000000 -5.000000 -4.683229 4.922968 -4.833552 2.345145 4.335469 5.000000
292 -1.1515226841 -5.000000 -5.000000 -0.492704 0.839059 -4.007376 -5.000000 -0.450799 4.726887 -4.549366 -4.502300 5.000000 -5.000000 2.267271 4.846175 4.959601
293 -0.9232603005 -4.566017 -5.000000 -0.462522 1.226104 -4.348074 -5.000000 -0.461176 4.917443 -5.000000 -4.579910 5.000000 -4.471198 2.131260 4.770896 5.000000
294 -0.7491034081 -5.000000 -5.000000 -0.681633 0.781749 -4.116078 -4.905533 -0.345778 4.737910 -5.000000 -5.000000 4.911934 -4.829161 1.814436 4.942632 4.999915
295 -1.0585876546 -4.628992 -4.651225 -0.819446 1.063604 -4.593978 -4.855845 -0.627742 5.000000 -4.822646 -4.760672 4.818688 -4.805086 2.574612 5.000000 5.000000
296 -0.0374610529 -4.940893 -5.000000 -0.635982 0.463978 -4.848481 -4.938886 -0.735893 5.000000 -4.771578 -4.936643 5.000000 -5.000000 1.916237 5.000000 5.000000
297 -0.3343707136 -5.000000 -5.000000 -0.698650 0.469570 -4.603157 -4.742059 -0.134312 5.000000 -5.000000 -4.704072 5.000000 -5.000000 2.408513 4.637952 5.000000
298 -0.6856660264 -5.000000 -5.000000 -0.859527 0.799623 -4.315639 -4.884346 -0.611817 5.000000 -5.000000 -4.576571 5.000000 -5.000000 1.926808 4.940836 5.000000
299 -0.1692483134 -4.805912 -4.790756 -0.852619 0.566527 -4.393176 -4.675200 -0.381304 5.000000 -4.389040 -4.942508 5.000000 -4.963392 2.385179 5.000000 4.533061
300 0.1326488482 -4.531366 -4.803755 -0.659686 0.761305 -4.513411 -5.000000 0.296308 4.672530 -4.459295 -4.404028 4.710241 -4.793958 2.818859 5.000000 5.000000
301 -0.8793612934 -5.000000 -4.603113 -0.673572 0.814680 -4.473618 -5.000000 -0.270619 4.765102 -5.000000 -4.615912 4.604088 -4.873682 2.707792 4.999643 5.000000
302 -1.2287101991 -4.918382 -4.897896 -0.799638 0.868202 -4.880581 -4.981610 -0.330936 4.883905 -5.000000 -4.532465 5.000000 -5.000000 2.650778 4.984268 5.000000
303 -0.4056693954 -4.627300 -5.000000 -0.306264 0.638607 -4.687956 -4.879390 -0.224050 4.593535 -5.000000 -4.738399 5.000000 -5.000000 2.158200 4.960220 4.744572
304 -0.8064163041 -4.987658 -5.000000 -0.587867 0.476297 -4.139391 -4.934244 -0.071629 4.925432 -4.757445 -4.678477 5.000000 -4.895714 2.190298 5.000000 5.000000
305 -0.8339832204 -5.000000 -5.000000 -0.765602 0.898967 -4.577872 -5.000000 -0.398308 4.858506 -4.936016 -4.613349 5.000000 -4.704329 1.741287 4.746394 5.000000
306 -0.4075797204 -4.774141 -5.000000 -0.886138 1.167246 -4.072293 -5.000000 -0.021606 4.949735 -4.966211 -4.704158 4.661174 -5.000000 2.136020 4.902167 4.975903
307 -1.0186251319 -4.834460 -4.758078 -0.148946 0.916150 -4.326924 -5.000000 -0.307871 4.695961 -5.000000 -4.569564 5.000000 -5.000000 2.715331 4.805926 5.000000
308 -0.5267959012 -5.000000 -5.000000 -0.362197 0.529722 -4.586600 -5.000000 -0.480853 5.000000 -4.673074 -4.922384 4.802359 -5.000000 2.111729 4.962471 4.997004
309 -1.4546693628 -5.000000 -5.000000 -0.438657 1.162758 -4.101357 -5.000000 -0.150524 4.875361 -5.000000 -4.490770 4.950707 -5.000000 2.651745 4.901570 5.000000
310 -0.7162786741 -4.781161 -4.948736 -0.763612 0.536083 -4.725020 -4.730156 -0.201288 5.000000 -4.477458 -4.903357 4.910027 -4.768683 1.931240 4.886385 5.000000
311 -0.5901087048 -4.673916 -5.000000 -1.009854 0.865001 -4.368699 -5.000000 -0.083616 4.958597 -5.000000 -4.490714 5.000000 -4.582737 2.385162 5.000000 4.687600
312 -0.4367337338 -5.000000 -4.899919 -0.729279 0.467296 -4.501096 -5.000000 -0.137223 5.000000 -5.000000 -4.790156 5.000000 -5.000000 2.358685 5.000000 5.000000
313 -0.7569186117 -5.000000 -4.863080 -0.616734 0.713403 -4.336393 -4.826965 -0.279123 4.941087 -5.000000 -5.000000 5.000000 -5.000000 2.422020 4.590984 4.837061
314 -0.8065324655 -4.777641 -4.583306 -0.687211 1.053675 -4.186417 -4.740108 -0.899544 4.771945 -4.816262 -4.881472 4.946944 -4.853048 2.238493 4.647471 5.000000
315 -0.2868326086 -5.000000 -4.959131 -0.701522 0.807203 -4.277517 -5.000000 0.032766 4.508911 -4.740010 -4.572841 5.000000 -4.906238 2.090325 4.841597 5.000000
316 0.2650068585 -4.875810 -4.933397 -1.144502 1.238039 -4.668792 -4.969980 -0.456120 5.000000 -5.000000 -4.889055 4.859359 -5.000000 2.205354 4.767436 4.776544
317 -1.7766639722 -4.901022 -5.000000 -0.423991 0.834204 -4.163485 -5.000000 -0.155784 5.000000 -4.619298 -4.627097 5.000000 -4.967036 2.489689 5.000000 5.000000
318 -1.2985350986 -4.909479 -4.917651 -0.433603 0.505938 -4.050273 -4.730311 -0.172829 5.000000 -4.608409 -4.715127 5.000000 -5.000000 2.261446 4.864497 4.868082
319 -0.1328738592 -4.993851 -5.000000 -0.044688 0.757628 -3.954793 -5.000000 0.057141 5.000000 -4.464082 -4.741256 5.000000 -4.833597 2.394250 4.925507 4.835301
320 -1.3691015857 -4.725867 -4.949918 -0.515875 0.665818 -4.214108 -5.000000 0.096163 5.000000 -4.676164 -4.483809 4.885751 -5.000000 2.619941 4.931824 4.924530
321 -0.6940391715 -4.733318 -4.943249 -0.093213 0.866159 -3.867529 -5.000000 -0.346248 5.000000 -4.517710 -4.425535 5.000000 -4.906630 2.291931 5.000000 5.000000
322 -0.8382020695 -4.912317 -5.000000 -0.393162 0.526282 -3.975932 -5.000000 -0.199809 5.000000 -4.730150 -4.450761 5.000000 -4.997434 2.579468 5.000000 5.000000
323 -0.9678008590 -4.951963 -4.989598 -0.612840 1.260394 -4.527450 -4.873398 -0.424636 5.000000 -4.367837 -4.729637 4.909759 -5.000000 2.505344 4.837832 5.000000
324 -0.8213837089 -5.000000 -5.000000 -0.727668 0.960811 -4.214145 -4.838112 -0.003357 5.000000 -4.743111 -4.577481 5.000000 -4.989375 2.467138 4.688136 4.917505
325 -1.6232015359 -5.000000 -5.000000 -0.375432 1.043042 -4.224893 -4.760535 -0.412379 4.893597 -4.701617 -4.552777 5.000000 -4.893370 2.536481 5.000000 5.000000
326 -1.0904707840 -4.823684 -5.000000 -0.155808 0.761260 -4.293895 -5.000000 -0.091953 4.895854 -4.502532 -4.681566 5.000000 -5.000000 2.716959 4.756975 5.000000
327 -0.5503921769 -5.000000 -5.000000 -0.142241 0.465211 -4.175472 -5.000000 -0.045077 4.823939 -4.249770 -4.600331 4.934114 -4.907450 2.220330 5.000000 4.981615
328 -1.1189152603 -4.878237 -4.849885 -0.422394 1.045008 -4.380557 -4.926231 -0.050468 5.000000 -4.794359 -4.379669 4.843547 -5.000000 2.447738 5.000000 4.959397
329 -1.1161195965 -5.000000 -5.000000 -0.354090 0.777772 -4.144301 -4.994836 -0.275476 5.000000 -4.859552 -4.732076 5.000000 -4.790948 2.759695 5.000000 4.880870
330 -1.3805881632 -4.724554 -4.711255 -0.269479 0.675055 -4.192116 -5.000000 -0.234418 4.822766 -4.330286 -4.613162 4.934877 -4.999991 2.159655 5.000000 5.000000
331 -1.2440273071 -5.000000 -4.886587 -0.538963 1.012349 -3.749633 -5.000000 -0.023241 5.000000 -4.649571 -4.683703 5.000000 -5.000000 2.510282 5.000000 5.000000
332 -0.6579857941 -5.000000 -5.000000 -0.495110 0.687266 -4.139530 -4.942465 -0.087479 5.000000 -4.688369 -4.713963 4.785884 -4.931801 2.384334 4.769311 4.946599
333 -0.4976851912 -4.734158 -4.860093 -0.563557 0.463748 -4.187119 -5.000000 -0.195139 5.000000 -4.615961 -4.488523 4.609692 -5.000000 2.493986 4.729916 5.000000
334 -1.6724881691 -4.515426 -4.943874 -0.409939 0.715894 -4.290910 -5.000000 -0.199456 5.000000 -5.000000 -4.559853 4.990259 -5.000000 2.601720 5.000000 4.995590
335 -0.7708637362 -4.846960 -5.000000 -0.300871 0.731850 -4.144738 -4.935009 0.069240 5.000000 -4.649980 -4.578313 5.000000 -4.969093 2.382482 4.933919 4.799808
336 -1.4377383745 -4.961913 -4.902179 -0.629467 0.858960 -4.211917 -5.000000 -0.325214 5.000000 -4.478473 -4.837780 5.000000 -5.000000 2.618370 5.000000 5.000000
337 -0.8739369198 -5.000000 -5.000000 -0.549505 0.697185 -4.216873 -4.846781 -0.232438 5.000000 -4.382044 -4.542784 5.000000 -5.000000 2.341327 4.854832 4.827928
338 -0.8741261576 -5.000000 -4.955773 -0.134028 0.784450 -3.859621 -5.000000 -0.254959 5.000000 -4.284544 -4.681009 5.000000 -5.000000 2.568304 5.000000 4.974580
339 -0.5806464866 -4.934659 -5.000000 -0.880144 0.915488 -3.959330 -4.923532 -0.216860 4.996923 -4.952541 -4.491080 4.964975 -4.867385 2.687099 5.000000 5.000000
340 -0.6542152922 -4.945366 -4.815360 -0.301324 0.929183 -3.987812 -5.000000 0.115538 5.000000 -4.459562 -4.896575 5.000000 -4.862498 2.627464 4.975399 5.000000
341 -1.3418174504 -4.887868 -4.692456 -0.430227 0.847491 -3.940725 -4.853423 -0.207845 5.000000 -4.878076 -4.530744 5.000000 -5.000000 2.625787 4.996017 4.911055
342 -1.4688892119 -5.000000 -5.000000 -0.260411 0.995568 -4.353340 -4.906494 -0.314624 4.870651 -4.630991 -4.777083 5.000000 -4.782721 2.296654 4.746046 5.000000
343 -1.2133425245 -4.952619 -4.732467 -0.407331 0.894898 -4.204826 -4.940115 -0.185215 4.973089 -4.784093 -4.608748 4.708441 -4.834840 2.474611 5.000000 4.838710
344 -0.9633211956 -5.000000 -4.840654 -0.692877 0.777147 -4.184595 -5.000000 0.081629 5.000000 -4.642362 -4.756093 5.000000 -4.834851 2.481738 4.973518 5.000000
345 -1.9118022555 -5.000000 -5.000000 -0.333600 0.876784 -4.374747 -5.000000 -0.114643 5.000000 -4.633445 -4.711715 4.859964 -4.798934 2.442550 5.000000 4.937548
346 -1.6173950930 -5.000000 -4.922419 -0.271602 1.151479 -4.231738 -4.967671 -0.223179 5.000000 -4.841356 -4.521641 5.000000 -4.570541 2.536994 5.000000 4.938144
347 -1.9611666496 -5.000000 -4.865835 -0.372303 0.845220 -4.311509 -5.000000 -0.112305 4.928672 -4.649394 -4.607302 5.000000 -4.594998 2.416686 5.000000 4.983964
348 -1.1741823566 -5.000000 -4.863733 -0.340652 0.783250 -4.046162 -4.914997 -0.284405 5.000000 -4.672854 -4.429195 4.983831 -4.804160 2.407775 5.000000 4.944290
349 -1.3806213801 -5.000000 -4.858233 -0.109214 0.795722 -4.264219 -4.810247 -0.022071 4.792587 -4.830310 -4.654100 4.958993 -4.663827 2.411662 4.915865 4.922217
350 -1.5433279122 -4.987141 -4.824471 -0.399206 1.002792 -4.514661 -4.676537 -0.054741 4.671384 -4.472645 -4.558958 4.974608 -4.641594 2.397918 5.000000 5.000000
351 -1.7845043554 -5.000000 -4.789495 -0.163672 0.819783 -4.352738 -4.863112 -0.131580 4.894558 -4.519596 -4.629024 4.982601 -4.443936 2.624307 5.000000 5.000000
352 -0.7851168358 -5.000000 -4.970103 -0.419638 0.816966 -4.138525 -4.966586 0.130261 5.000000 -4.797935 -4.497866 5.000000 -4.301311 2.453541 5.000000 4.948134
353 -1.4460219301 -4.923047 -4.836982 -0.509290 0.777086 -4.346262 -4.943531 0.004246 4.970458 -4.764355 -4.533082 5.000000 -4.635337 2.360547 5.000000 4.890633
354 -1.3340273569 -4.993965 -5.000000 -0.354563 0.853210 -4.341593 -5.000000 -0.133652 4.797705 -4.787595 -4.544235 4.944860 -4.540630 2.376105 4.997759 4.839072
355 -1.4215003829 -4.971094 -4.883132 -0.295683 0.671603 -4.307450 -4.930670 -0.019779 4.995155 -4.510797 -4.741204 5.000000 -4.626493 2.458012 5.000000 4.961406
356 -1.6130138545 -5.000000 -4.992389 -0.184784 0.824619 -4.294191 -5.000000 -0.343161 4.786339 -4.722130 -4.565225 4.963130 -4.519973 2.535233 4.873418 5.000000
357 -2.3655022530 -4.830987 -4.956039 -0.510254 0.962647 -4.211014 -5.000000 -0.130274 5.000000 -4.580350 -4.600455 4.907570 -4.634208 2.228862 5.000000 4.848231
358 -0.9059444127 -4.986240 -5.000000 -0.695843 0.962573 -4.267901 -5.000000 0.279381 4.979687 -4.789287 -4.525990 4.878242 -4.829285 2.142460 5.000000 4.883553
359 -1.4208827685 -4.763623 -5.000000 -0.410040 0.947041 -4.229115 -4.982053 -0.076620 4.757798 -4.400629 -4.790636 4.863285 -4.571277 2.160532 4.933708 4.845877
360 -1.7825144530 -4.917375 -4.924319 -0.462511 0.750389 -4.170723 -5.000000 -0.247209 5.000000 -4.546873 -4.583354 4.915602 -4.736514 2.379129 4.965194 4.796637
361 -0.9925536049 -4.937711 -4.936752 -0.391014 1.005025 -3.989890 -5.000000 -0.193773 4.900719 -4.526196 -4.421166 4.725475 -4.479905 2.194025 4.957088 4.832518
362 -2.0507833703 -4.825757 -5.000000 -0.639573 0.985367 -4.145951 -4.970948 -0.191735 4.991898 -4.702080 -4.516552 4.861543 -4.735189 2.203803 4.849195 4.905571
363 -1.8491613456 -4.815492 -4.852470 -0.484844 0.920948 -4.028643 -5.000000 -0.237114 4.892217 -4.510771 -4.603647 5.000000 -4.647553 2.245973 5.000000 4.749378
364 -1.7772479535 -4.913428 -5.000000 -0.643735 1.004097 -4.195477 -4.923955 -0.174404 4.938271 -4.623279 -4.715715 4.950752 -4.921234 2.254175 4.932529 4.824393
365 -1.8182022406 -4.919603 -5.000000 -0.590308 1.103929 -4.361198 -5.000000 -0.041677 4.978220 -4.546932 -4.568374 5.000000 -4.606170 2.318061 4.920858 4.834292
366 -2.0468856602 -4.823840 -4.794948 -0.606189 0.902002 -4.250086 -5.000000 -0.298698 5.000000 -4.518062 -4.476240 4.971862 -4.575112 2.236325 4.873440 4.913015
367 -1.7856122022 -4.655602 -4.900827 -0.587048 1.066614 -4.276012 -4.962716 -0.070875 5.000000 -4.595358 -4.451623 4.829412 -4.634093 2.369949 4.975800 4.960660
368 -1.9629710325 -4.898544 -4.976304 -0.343094 1.133148 -4.107363 -4.809101 -0.199812 4.946148 -4.605635 -4.639329 4.851544 -4.638210 2.249103 5.000000 4.678816
369 -1.9434070259 -4.947059 -4.933623 -0.493816 0.994813 -4.249816 -4.992367 -0.348626 5.000000 -4.677576 -4.570102 4.738244 -4.569380 2.236930 4.893569 4.942225
370 -1.5029529508 -4.703727 -4.998976 -0.615403 0.944726 -4.299047 -5.000000 0.017731 5.000000 -4.578496 -4.570660 4.801938 -4.554621 2.275440 5.000000 4.831317
371 -1.8413764212 -4.750920 -5.000000 -0.405951 1.110050 -4.213030 -4.917669 -0.216883 5.000000 -4.534562 -4.636549 4.835763 -4.659345 2.210392 4.783649 4.802252
372 -1.4771523424 -4.656097 -4.926789 -0.601388 0.970420 -4.142905 -4.894479 -0.241958 5.000000 -4.706709 -4.561727 4.911020 -4.564437 2.348392 4.996352 4.789791
373 -1.2023317590 -4.871140 -4.875001 -0.444358 1.078977 -4.281008 -5.000000 -0.020820 4.997777 -4.742081 -4.745272 5.000000 -4.543354 2.207690 5.000000 4.735596
374 -1.8625342580 -4.821201 -5.000000 -0.322559 0.948069 -4.346309 -5.000000 -0.242224 4.951482 -4.679268 -4.578515 4.851717 -4.705574 2.104174 5.000000 4.706871
375 -1.6511630847 -4.832504 -5.000000 -0.370605 1.000831 -4.149221 -5.000000 -0.189537 4.989002 -4.617966 -4.420727 4.940486 -4.580939 2.261340 5.000000 4.818082
376 -1.9142918368 -4.743801 -4.956384 -0.544681 0.999940 -4.145994 -5.000000 -0.164257 4.971248 -4.541335 -4.614866 5.000000 -4.770046 2.060432 5.000000 4.943352
377 -2.1709158196 -4.892192 -4.850605 -0.399365 0.995515 -4.247346 -4.936931 -0.103186 4.878060 -4.565817 -4.652241 5.000000 -4.579688 2.304832 4.935751 4.851119
378 -1.9454739434 -4.826817 -4.896719 -0.560541 0.974930 -4.207567 -5.000000 -0.091712 5.000000 -4.573702 -4.517147 4.905901 -4.617784 2.222501 5.000000 4.810134
379 -1.9268079986 -4.791045 -5.000000 -0.585346 0.996369 -4.124195 -4.963288 -0.095042 5.000000 -4.560251 -4.627206 4.774369 -4.607987 2.259019 5.000000 4.887412
380 -1.6105679856 -4.891710 -4.960553 -0.440218 1.008644 -4.158576 -5.000000 -0.178605 5.000000 -4.601839 -4.667604 4.771028 -4.479387 2.120923 4.842803 4.903713
381 -1.5231998897 -4.902773 -5.000000 -0.516831 1.055635 -4.058877 -4.995968 -0.154220 5.000000 -4.508185 -4.627190 4.801110 -4.753481 2.155977 5.000000 4.695275
382 -2.3805838654 -4.722407 -4.914146 -0.582479 0.921579 -4.226045 -4.973865 -0.189097 5.000000 -4.620424 -4.578190 4.947356 -4.602579 2.283512 5.000000 4.932145
383 -2.0978732741 -4.820465 -4.952821 -0.492311 1.039121 -4.413250 -4.928052 -0.174431 5.000000 -4.715050 -4.548840 4.924966 -4.548304 2.257270 5.000000 4.891732
384 -1.6331919472 -4.759357 -5.000000 -0.659120 0.964285 -4.346866 -4.879318 -0.055015 4.913846 -4.536792 -4.390684 4.984766 -4.649029 2.297769 5.000000 5.000000
385 -1.7818410986 -4.734160 -4.907877 -0.593008 0.961603 -4.110299 -5.000000 -0.237561 4.931426 -4.685399 -4.608711 4.778364 -4.483896 2.242129 4.977749 5.000000
386 -1.7822890477 -4.745953 -4.919933 -0.446853 0.688140 -4.189891 -5.000000 -0.137450 4.932415 -4.493101 -4.584710 5.000000 -4.574104 2.158962 4.865863 5.000000
387 -1.8427014016 -4.726714 -5.000000 -0.634382 0.966380 -4.215306 -4.961494 -0.243921 4.865832 -4.587277 -4.703281 4.956824 -4.500048 2.427116 5.000000 4.976028
388 -2.2038033199 -4.639781 -4.887430 -0.542855 0.956858 -4.142853 -4.914598 -0.291240 4.982189 -4.681808 -4.642875 5.000000 -4.700361 2.326550 4.936987 5.000000
389 -1.8061116845 -4.719042 -4.975286 -0.643282 0.872955 -4.197919 -5.000000 -0.289123 4.965524 -4.596388 -4.575458 5.000000 -4.480550 2.300245 5.000000 4.875881
390 -1.3418164901 -4.693385 -4.860605 -0.575586 0.763715 -4.257188 -4.942333 -0.145212 5.000000 -4.686931 -4.483753 4.833950 -4.565893 2.117968 4.981200 4.825311
391 -1.9086282327 -4.628525 -4.904107 -0.618918 0.935124 -4.332189 -4.977708 -0.078427 5.000000 -4.655951 -4.666461 4.968122 -4.584018 2.348250 5.000000 4.866816
392 -2.2219530277 -4.706836 -4.965146 -0.540511 0.868819 -4.307564 -4.945200 -0.294197 4.951791 -4.530982 -4.558043 4.974488 -4.575717 2.172530 5.000000 4.937838
393 -1.4264351626 -4.678189 -4.940394 -0.655004 0.878387 -4.247315 -5.000000 -0.269066 5.000000 -4.645362 -4.429762 4.964650 -4.513286 2.399398 5.000000 4.888153
394 -2.0371757041 -4.622282 -4.874269 -0.491330 0.943531 -4.293899 -5.000000 -0.200489 5.000000 -4.695172 -4.583258 4.970702 -4.426301 2.308892 5.000000 4.958649
395 -1.8475092140 -4.663537 -4.917301 -0.666017 0.951011 -4.232776 -4.959627 -0.284517 4.981515 -4.577479 -4.541513 4.913052 -4.504994 2.331097 4.897693 4.856615
396 -2.0719529854 -4.770753 -4.860863 -0.647857 0.979434 -4.233384 -4.955583 -0.176081 5.000000 -4.602981 -4.533459 4.991593 -4.574845 2.286948 5.000000 4.959885
397 -2.5392471351 -4.733504 -4.994462 -0.524857 0.913487 -4.201979 -4.912950 -0.182657 5.000000 -4.602725 -4.674419 4.916558 -4.655914 2.210189 5.000000 4.912110
398 -2.1187639026 -4.693722 -4.951293 -0.472694 0.851870 -4.172136 -4.942166 -0.195177 5.000000 -4.644902 -4.669324 4.953142 -4.647796 2.119965 5.000000 5.000000
399 -2.4361586174 -4.796632 -4.735895 -0.467317 0.871571 -4.268812 -4.889849 -0.179435 5.000000 -4.555393 -4.584054 4.943735 -4.723749 2.125489 4.945353 4.891609
400 -2.2277943771 -4.722662 -4.922161 -0.510684 0.884114 -4.159904 -4.979243 -0.124835 5.000000 -4.634714 -4.639346 4.842138 -4.729729 2.160936 4.835001 4.945902
401 -2.1929233512 -4.712632 -4.969096 -0.544569 0.916520 -4.329237 -4.857445 -0.225691 4.996314 -4.716728 -4.791804 4.908563 -4.679161 2.222660 4.919211 4.849812
402 -2.1974656632 -4.793970 -4.993462 -0.479625 0.833127 -4.400671 -4.938415 -0.205832 4.945272 -4.712445 -4.634133 4.993555 -4.743656 2.148933 4.999398 4.980628
403 -2.0771845888 -4.777881 -4.988786 -0.559902 0.887320 -4.139049 -5.000000 -0.321521 4.962678 -4.669004 -4.702416 4.858535 -4.681387 2.111488 5.000000 4.928274
404 -2.3196660957 -4.757438 -5.000000 -0.472794 0.925961 -4.197344 -4.816301 -0.244584 4.968473 -4.734290 -4.640563 4.934911 -4.669869 2.217072 5.000000 5.000000
405 -2.2641029693 -4.774786 -4.890530 -0.610140 0.900884 -4.230594 -5.000000 -0.204295 4.975744 -4.578069 -4.750739 4.929703 -4.680331 2.167513 5.000000 4.860534
406 -2.2018669444 -4.748389 -4.957810 -0.572269 0.992975 -4.162906 -4.935724 -0.153886 5.000000 -4.643882 -4.614658 4.979393 -4.644424 2.144179 5.000000 4.883785
407 -2.4381220080 -4.664135 -5.000000 -0.498788 0.879549 -4.145280 -4.946575 -0.146401 4.957218 -4.601400 -4.704442 4.920806 -4.635223 2.258623 4.968465 4.906209
408 -2.6739534231 -4.715085 -5.000000 -0.481195 0.951802 -4.293973 -4.953603 -0.196954 5.000000 -4.648415 -4.646035 4.923661 -4.646330 2.278446 4.958366 4.915863
409 -2.2799606653 -4.680815 -4.953159 -0.487910 0.891379 -4.271102 -5.000000 -0.215544 5.000000 -4.657846 -4.684168 5.000000 -4.531452 2.239999 4.965181 4.927530
410 -2.3716184835 -4.690351 -4.968369 -0.467577 0.992753 -4.270420 -5.000000 -0.192049 5.000000 -4.693631 -4.646319 4.981649 -4.603158 2.317107 4.892300 4.947548
411 -2.5491537009 -4.726350 -5.000000 -0.513639 1.027258 -4.282529 -5.000000 -0.198268 4.997351 -4.669426 -4.680648 4.948369 -4.618682 2.289218 4.930218 4.935297
412 -2.3804836025 -4.684515 -4.914741 -0.451587 0.962464 -4.361324 -4.964079 -0.247609 4.970158 -4.726228 -4.683574 4.805738 -4.636092 2.221320 5.000000 4.934275
413 -2.5222101974 -4.704172 -4.899483 -0.507661 1.017658 -4.379443 -5.000000 -0.222336 4.993404 -4.730350 -4.537103 4.875136 -4.661120 2.241589 4.951724 4.963305
414 -2.4673769095 -4.701185 -5.000000 -0.469234 0.930960 -4.318419 -4.966403 -0.156857 5.000000 -4.578223 -4.683399 4.985754 -4.654317 2.266899 5.000000 4.978047
415 -2.3667611138 -4.686048 -4.999830 -0.494641 0.941516 -4.289296 -4.953862 -0.254289 4.935338 -4.754235 -4.658537 4.894119 -4.665462 2.314021 4.968330 4.981500
416 -2.6310383429 -4.736507 -4.934416 -0.455925 0.900360 -4.255270 -4.983460 -0.208109 5.000000 -4.554945 -4.630873 4.870522 -4.652828 2.208394 4.896910 5.000000
417 -2.3480372832 -4.697608 -4.870355 -0.463435 1.024464 -4.163775 -4.972154 -0.159421 5.000000 -4.598706 -4.684254 4.861940 -4.703584 2.357032 4.958390 4.881005
418 -2.2557534218 -4.761223 -4.987869 -0.391068 0.892800 -4.380993 -4.921300 -0.134183 4.957088 -4.602678 -4.640134 4.935553 -4.749010 2.385127 5.000000 4.876995
419 -2.3577464595 -4.753699 -5.000000 -0.468652 1.020622 -4.245754 -5.000000 -0.257281 5.000000 -4.722126 -4.697865 4.837841 -4.624340 2.270306 4.955590 4.904496
420 -2.4550281331 -4.774045 -5.000000 -0.483799 0.914097 -4.215724 -4.984583 -0.215681 5.000000 -4.647467 -4.633205 4.856820 -4.652954 2.307889 4.934707 4.869687
421 -2.4018645339 -4.755235 -5.000000 -0.587200 0.924374 -4.362327 -4.959951 -0.170623 5.000000 -4.720518 -4.663117 4.906319 -4.729914 2.313460 4.903159 4.918487
422 -2.7397645947 -4.638694 -5.000000 -0.490802 0.995412 -4.293415 -4.988606 -0.153680 4.936934 -4.633795 -4.563691 4.939247 -4.699920 2.208740 4.924996 4.901145
423 -2.5748827977 -4.634518 -5.000000 -0.395092 1.057754 -4.249095 -4.988935 -0.119326 4.917151 -4.598614 -4.582816 4.988082 -4.683804 2.188349 4.964455 4.893639
424 -2.5021173698 -4.633733 -5.000000 -0.511123 1.026018 -4.309638 -4.943083 -0.186856 4.971934 -4.571186 -4.557301 4.908595 -4.764330 2.180199 4.907566 4.986060
425 -2.3847607910 -4.612511 -5.000000 -0.536203 1.001517 -4.349655 -5.000000 -0.138008 4.965182 -4.712231 -4.585485 4.929779 -4.727239 2.234890 5.000000 4.868018
426 -2.6202492726 -4.671126 -4.991096 -0.486194 0.968420 -4.318885 -4.967106 -0.168151 4.846248 -4.581044 -4.582415 4.892417 -4.655467 2.155226 4.920912 4.871447
427 -2.3672039315 -4.661501 -5.000000 -0.520354 1.001223 -4.341528 -4.982646 -0.202319 4.970460 -4.703690 -4.606740 4.895900 -4.694450 2.138674 4.910641 4.842081
428 -2.5431339184 -4.685047 -4.933841 -0.415258 1.028753 -4.294596 -4.875732 -0.150815 5.000000 -4.630802 -4.538867 4.914689 -4.712036 2.197008 4.971388 4.891388
429 -2.7548129261 -4.694642 -5.000000 -0.466212 1.058634 -4.294563 -4.999740 -0.177170 4.944758 -4.626751 -4.625410 4.885998 -4.724423 2.253014 4.973541 4.949614
430 -2.5870930739 -4.715086 -5.000000 -0.457799 1.054516 -4.332959 -5.000000 -0.182223 4.947406 -4.642602 -4.586784 4.877447 -4.734728 2.243742 5.000000 4.984796
431 -2.3419601387 -4.734985 -4.985216 -0.374238 1.112722 -4.212788 -5.000000 -0.102911 4.901513 -4.646625 -4.601806 4.925270 -4.636040 2.171935 4.990069 5.000000
432 -2.5623244695 -4.692326 -5.000000 -0.502725 1.032511 -4.251157 -4.997778 -0.162112 4.909944 -4.644463 -4.613505 4.867649 -4.723902 2.165148 5.000000 4.905628
433 -2.4754784102 -4.641508 -5.000000 -0.399833 1.107760 -4.382097 -5.000000 -0.141614 4.863020 -4.735167 -4.645101 4.895007 -4.684621 2.198620 5.000000 4.894139
434 -2.5587027867 -4.724930 -5.000000 -0.502477 1.072625 -4.223723 -5.000000 -0.148324 4.928280 -4.732823 -4.640316 4.898086 -4.647738 2.254770 4.936678 4.931801
435 -2.5798573450 -4.673612 -4.977001 -0.397690 1.054884 -4.281747 -4.996787 -0.201598 4.917961 -4.603936 -4.626387 4.885562 -4.777935 2.285101 4.976699 4.892104
436 -2.4958982385 -4.641819 -4.989529 -0.466022 1.153067 -4.249456 -5.000000 -0.155033 4.949613 -4.622753 -4.666833 4.886552 -4.760470 2.304406 4.936697 4.942152
437 -2.6428899253 -4.732529 -4.980261 -0.515470 1.008477 -4.340451 -4.996102 -0.168757 4.965619 -4.595890 -4.634860 4.923035 -4.745041 2.319287 4.905049 4.908522
438 -2.4492579095 -4.716753 -5.000000 -0.505795 1.060733 -4.300868 -4.937433 -0.260600 5.000000 -4.563585 -4.653454 4.955679 -4.754595 2.278716 4.978306 4.991532
439 -2.5943636653 -4.718503 -4.970346 -0.549280 1.085219 -4.281396 -4.996244 -0.201186 4.942002 -4.628288 -4.662909 4.860534 -4.748793 2.209500 5.000000 4.928526
440 -2.6922760770 -4.634023 -5.000000 -0.462701 1.087558 -4.366250 -4.980918 -0.176879 4.886945 -4.622540 -4.620894 4.864175 -4.685760 2.264674 4.913197 5.000000
441 -2.5701010781 -4.688299 -5.000000 -0.471983 1.124965 -4.258650 -4.972009 -0.210142 4.952094 -4.566175 -4.612979 4.858478 -4.647619 2.290712 4.971739 4.900960
442 -2.7298320169 -4.736827 -5.000000 -0.457538 1.031901 -4.272414 -4.992801 -0.226848 4.959363 -4.620576 -4.610170 4.856011 -4.749475 2.211366 4.928160 4.954842
443 -2.5811613579 -4.614236 -5.000000 -0.478130 1.058037 -4.283773 -4.989871 -0.194679 4.957815 -4.619445 -4.570602 4.872607 -4.716184 2.280758 5.000000 4.916311
444 -2.7543633434 -4.649536 -4.975522 -0.463433 1.013815 -4.244417 -5.000000 -0.207078 5.000000 -4.662958 -4.629005 4.898421 -4.717416 2.246614 4.918454 4.916659
445 -2.4070670038 -4.731888 -5.000000 -0.491639 1.066168 -4.253739 -4.989175 -0.103843 4.975985 -4.601502 -4.596549 4.904593 -4.732207 2.273299 4.995790 4.998276
446 -2.5414678971 -4.688471 -5.000000 -0.434205 1.062202 -4.270922 -4.967161 -0.191414 4.907066 -4.682758 -4.645874 4.849868 -4.655028 2.223794 5.000000 4.883198
447 -2.6707118674 -4.719957 -4.972252 -0.429692 1.028648 -4.295106 -4.988505 -0.175311 4.977502 -4.589224 -4.597976 4.846639 -4.710920 2.239505 5.000000 4.919714
448 -2.6158808662 -4.708867 -5.000000 -0.503090 1.102606 -4.306990 -5.000000 -0.156284 4.951954 -4.622987 -4.643461 4.884864 -4.699542 2.187033 5.000000 4.968834
449 -2.7389393191 -4.641294 -4.963303 -0.512518 1.052534 -4.325185 -5.000000 -0.174397 4.939028 -4.600238 -4.652456 4.868444 -4.687127 2.227019 5.000000 4.910409
450 -2.6493092296 -4.685689 -5.000000 -0.500784 1.060007 -4.202840 -5.000000 -0.172685 4.929283 -4.583909 -4.584967 4.855366 -4.728777 2.250445 4.931224 4.893705
451 -2.7564244686 -4.709812 -4.967175 -0.476925 1.005837 -4.212891 -5.000000 -0.147147 4.907257 -4.637799 -4.620207 4.899949 -4.722023 2.263133 4.917879 4.946827
