evaluations raw_y x0 x1 x2 x3 x4 x5 x6 x7 x8 x9 x10 x11 x12 x13 x14
1 2.3588672972 2.254018 -0.531630 -0.311149 -1.233227 3.789119 -2.695346 3.056036 1.879066 -3.552231 -4.502589 -1.075268 -4.425526 -1.818700 -0.131204 -1.227431
2 2.5699022396 -0.420498 2.998831 -0.981250 -1.127004 1.721389 1.518991 4.832794 0.234129 3.098622 3.321097 1.655209 1.823755 4.226560 0.551755 -3.540141
3 2.5020150419 3.423403 3.862550 -4.986639 1.368542 -3.114483 -0.116661 2.142504 3.755513 -4.379226 -1.644801 3.719815 -2.492366 -0.560245 0.618887 -3.247671
4 1.7213647282 -3.782020 1.439033 -0.341889 4.812922 -2.137039 4.948184 -0.837901 -2.023027 2.373848 -0.411239 -2.439259 4.514927 1.599541 -4.758166 -1.266965
5 1.9768474827 -3.027851 4.174850 0.165992 -1.360974 -3.433838 -1.260827 -3.792410 1.428599 1.973703 1.110659 2.513495 -0.689011 4.534081 -3.993098 3.685242
6 2.7142170085 0.837203 4.344121 -2.331392 1.283017 -3.086845 4.014684 -2.349584 1.038466 -2.627929 -4.644248 3.393403 -3.277104 1.172609 2.926900 -2.962159
7 2.0744490932 -2.891020 -3.602199 2.991796 -2.286798 -3.044970 -2.162065 2.188482 2.901587 3.555017 -2.233942 -2.225627 4.428557 4.768337 -3.971955 1.932164
8 2.4951767433 -0.111003 -4.925636 2.811625 -4.215335 -3.054027 -0.795842 3.205446 0.860381 2.170154 3.011226 0.544356 1.191343 3.139119 -1.031268 -3.495470
9 2.3223304631 -1.914949 0.257860 4.223103 -2.094594 3.153377 2.592607 2.006839 -0.790801 -4.725117 -3.556259 -4.325322 0.910776 1.683888 -3.504832 1.804289
10 2.3846548560 -1.620297 -4.412926 1.932570 -1.972771 -4.166106 -0.531884 -1.482463 1.270848 0.527777 -4.352952 -0.172865 3.937775 1.522987 -1.773442 -1.240602
11 1.3586302122 -4.749216 3.356869 1.383755 4.170948 -3.354157 -0.246196 -0.061007 -0.527862 1.717997 -2.847825 -0.259768 -2.285441 -3.314728 -1.986883 -4.673448
12 1.5008485855 4.382189 -1.744977 1.879642 4.995124 1.001819 -3.999612 -1.921634 2.148959 -1.765627 -3.041742 -0.318248 -0.237399 2.374827 0.837092 0.398765
13 2.4268929773 2.562540 -0.093602 -4.202808 3.240902 3.914799 2.860451 -3.337653 1.379713 0.924998 1.625890 -3.365601 2.180614 -3.823490 1.137107 0.837144
14 2.4807401647 2.680418 2.968020 -2.914715 -1.030889 0.431677 -1.764466 2.987261 -3.154514 0.109941 -3.700356 0.393348 -0.435473 0.374989 0.763409 4.445354
15 1.8870110302 4.735245 4.693887 -3.456469 3.135890 4.396425 -4.217348 1.090812 -0.577566 -2.790238 -1.533444 -4.146532 -4.024895 4.009968 2.718038 -3.412648
16 1.7328453101 -4.321136 -1.135147 -0.557956 -0.474249 -3.431946 -0.009609 0.008865 2.141186 -0.177023 0.964346 -3.156916 -4.066110 3.255675 -3.484123 3.649999
17 2.4788324199 -1.964719 3.177034 3.671995 0.915709 -4.618607 4.084055 0.843090 3.284870 2.848163 2.426951 2.181931 -0.464715 4.821946 1.769692 -3.768176
18 2.6257426416 -0.014282 -2.318232 3.711719 -0.349216 -2.174546 0.599068 2.873623 -0.307945 3.210956 -1.660864 3.168632 -1.237674 -3.532479 3.332861 2.327038
19 2.4489196010 -1.537472 -0.163722 -1.837565 2.743640 4.562338 -3.992925 -3.181997 -3.583828 2.080822 4.963485 -2.731572 -4.948737 -1.387042 4.299418 2.188414
20 2.5782701921 1.853662 -0.104641 -2.015892 -0.392720 0.412111 -2.234816 3.562799 -2.502326 0.033170 -0.065345 0.004148 -4.572426 4.306878 -1.977071 0.807758
21 2.1982677686 2.741616 0.879028 -2.730754 4.672895 3.631933 0.173505 -2.225296 0.645083 -0.057334 -0.216022 4.584332 0.599486 -0.264271 2.856407 -4.979785
22 2.2791951597 2.841271 -4.309388 -1.232946 0.473726 -0.599578 0.373406 -1.621103 -3.095840 4.596360 4.412039 3.230287 2.506650 -3.528656 -2.162529 0.349513
23 1.6377099093 4.455545 4.901916 3.662435 2.539063 -4.020682 1.404114 0.808019 1.059030 4.242042 -3.822402 -2.022112 0.669957 -0.924277 -4.229366 0.313010
24 2.5427922820 -1.346170 -4.805374 1.250240 1.309462 -0.750294 1.801484 3.998648 -0.212358 0.470421 -0.613948 -3.434592 -2.318938 4.457123 -4.062716 -3.281676
25 1.8383161092 3.976856 1.563057 4.206928 -1.439645 3.499103 2.345857 -1.253144 2.084612 2.924384 -3.682049 2.758661 -1.909487 3.082778 -4.371868 -3.561967
26 2.4339833423 -1.459754 -0.228587 0.137209 1.830698 2.481823 -3.317385 -3.329964 4.169132 -1.860040 -4.487728 2.496554 1.508209 -2.305911 4.530822 -0.905052
27 2.4939181541 -1.870548 -2.476807 -4.191905 -4.725025 -3.881768 0.032191 -0.206221 1.974141 0.747139 -0.825927 -2.374241 -3.073345 2.322925 -1.256138 1.771111
28 1.6946776225 -4.126458 -2.850062 3.986472 2.643797 4.027592 -1.790897 2.072978 3.735713 2.835361 1.876318 4.573096 1.224255 -0.775731 3.635731 -2.224648
29 2.0947643919 -3.660107 -1.359539 -4.224542 2.957973 -2.515390 -4.949615 4.696733 -0.998437 -0.228994 0.655232 3.983648 -4.212287 3.464567 -4.272986 1.198877
30 2.4852892893 1.574294 -3.036119 4.166471 0.248618 3.869265 4.785612 -4.646345 3.235529 4.830447 -4.623876 4.049827 0.242953 2.486848 -2.778003 -2.069377
31 2.1408378909 -3.750126 4.983885 -2.122493 0.752399 0.534116 -2.230350 4.680737 -4.072942 -3.075632 -3.522934 0.674387 4.778357 1.002275 2.994716 2.498024
32 2.4615125403 -0.598793 -1.602355 -3.137589 -3.578846 -0.174179 4.998897 -2.400194 4.322479 3.682287 -2.807933 0.660910 4.928189 0.064271 1.200192 2.754922
33 2.0710927921 -2.483594 -1.076865 0.228884 -3.348624 1.449957 -4.690508 -3.302363 -1.296050 1.398855 -3.698244 -3.723278 -0.153572 -3.658695 -4.677740 -2.631016
34 1.3636718486 4.806076 -4.942427 1.310944 -3.895992 -0.975442 2.574027 4.241758 -0.348788 2.616766 2.916866 0.102449 -2.578440 -3.163493 -4.260602 0.952003
35 1.3662997095 4.496461 -0.243574 -1.525328 2.082960 4.674443 4.871007 2.503322 -1.334772 3.116380 3.038415 3.777384 1.067385 3.385001 -3.175583 2.742226
36 1.4391630427 4.489287 3.847572 0.594177 3.941187 0.071365 1.953473 2.372828 -2.413626 3.553864 3.083448 1.717192 0.989517 2.200590 3.169786 2.194369
37 2.4783235220 -2.010747 2.258313 1.058588 0.682960 4.253960 -2.955237 -1.753739 1.674911 2.565040 -4.698071 -3.831419 0.407965 3.678256 1.482085 4.579157
38 2.2268468040 2.058573 -4.134632 -0.319725 -0.732105 -4.655926 -0.863674 -3.281468 -3.501087 -3.731172 -4.914407 -2.909794 -3.980258 4.762384 1.470131 3.056682
39 2.3413221126 1.622982 -2.538805 0.396358 1.200310 3.896198 -1.989555 3.173881 -1.130722 3.530881 4.362612 0.132029 1.113029 4.486829 -4.653070 4.197001
40 2.6972846122 1.202492 3.961774 -2.562497 1.635665 0.912648 1.448648 -3.148654 -2.742757 -1.582305 -2.239007 3.594018 1.441436 -2.567683 0.065622 -1.004665
41 2.9957238261 -0.439938 2.941318 -4.921144 -0.283284 2.355700 -4.060659 -0.813349 -4.354286 -3.435134 -1.651682 -0.543549 -4.456976 -4.216237 4.567184 2.550462
42 2.5808109319 -0.987580 0.783756 -1.731493 -1.355187 -0.580285 0.253871 -0.748239 -2.723814 0.251691 -0.491814 -4.835727 -2.275007 -1.275148 -3.921794 -3.432658
43 1.2598669485 -4.988635 2.740108 4.899736 -0.773544 -3.708345 -1.030776 1.907096 3.910043 -4.004932 2.102211 0.184487 1.011818 4.698838 -2.372736 -2.598081
44 1.8452934475 -3.387152 4.198078 -0.884945 2.843963 0.441745 1.587189 -1.745895 -4.250765 -3.602961 2.706048 -1.011727 2.549010 4.674726 4.344269 1.651486
45 1.3529158050 4.642274 1.955258 -0.229465 3.605215 4.637174 2.262596 -0.724640 -3.332269 -1.347415 0.756166 4.129772 -1.493644 1.646148 -2.038875 -0.453678
46 1.1822124016 5.000000 -5.000000 0.948522 1.192416 5.000000 5.000000 3.798102 -1.757932 -5.000000 0.937197 3.041590 -1.087944 5.000000 -5.000000 5.000000
47 1.2083788933 -5.000000 3.154225 2.879228 -1.282886 -5.000000 -5.000000 -5.000000 -5.000000 -5.000000 5.000000 5.000000 5.000000 1.161565 -5.000000 -5.000000
48 0.8676036359 5.000000 -5.000000 -0.447369 5.000000 5.000000 5.000000 -5.000000 5.000000 -2.365958 -5.000000 5.000000 5.000000 5.000000 -5.000000 5.000000
49 0.7356121826 5.000000 -5.000000 -0.125070 -5.000000 5.000000 5.000000 -5.000000 5.000000 5.000000 -5.000000 5.000000 5.000000 5.000000 -5.000000 5.000000
50 0.6105529180 5.000000 -5.000000 -0.494000 -5.000000 5.000000 5.000000 -5.000000 5.000000 5.000000 -5.000000 5.000000 5.000000 5.000000 5.000000 -5.000000
51 0.5508639031 5.000000 -5.000000 -0.489290 -5.000000 5.000000 5.000000 -5.000000 5.000000 -5.000000 -5.000000 5.000000 5.000000 5.000000 5.000000 -5.000000
52 0.5450657614 5.000000 -5.000000 -0.304537 -5.000000 5.000000 5.000000 -5.000000 5.000000 -5.000000 -5.000000 -5.000000 5.000000 5.000000 5.000000 -5.000000
53 0.8932894008 5.000000 5.000000 -0.429440 -5.000000 5.000000 5.000000 -5.000000 5.000000 -5.000000 -5.000000 -5.000000 5.000000 5.000000 5.000000 -5.000000
54 0.4550469674 5.000000 -5.000000 -0.807569 -5.000000 5.000000 5.000000 -5.000000 -5.000000 -5.000000 -5.000000 -5.000000 5.000000 5.000000 5.000000 -5.000000
55 1.2274498763 5.000000 -5.000000 5.000000 -5.000000 5.000000 5.000000 -5.000000 -5.000000 -3.806992 5.000000 4.612889 5.000000 5.000000 5.000000 -5.000000
56 1.0359626849 -5.000000 5.000000 5.000000 -5.000000 -5.000000 5.000000 -5.000000 -5.000000 -5.000000 5.000000 -5.000000 5.000000 -5.000000 -5.000000 5.000000
57 0.6272899368 5.000000 -5.000000 -0.081704 -5.000000 5.000000 5.000000 -5.000000 -5.000000 -5.000000 -5.000000 -5.000000 5.000000 0.691371 5.000000 -5.000000
58 0.5564095610 5.000000 -5.000000 -0.903935 -5.000000 -5.000000 5.000000 -5.000000 -5.000000 -5.000000 -5.000000 -5.000000 5.000000 5.000000 5.000000 -5.000000
59 2.1190629485 0.806673 -5.000000 -5.000000 -5.000000 -5.000000 3.837681 -5.000000 0.139646 -5.000000 -5.000000 5.000000 5.000000 5.000000 -0.960518 -5.000000
60 0.5504342241 5.000000 -5.000000 -1.444834 -5.000000 5.000000 5.000000 -5.000000 -5.000000 -5.000000 -5.000000 -5.000000 5.000000 5.000000 5.000000 5.000000
61 0.5899314152 5.000000 -5.000000 -1.742048 -5.000000 5.000000 5.000000 -5.000000 -5.000000 5.000000 -5.000000 -5.000000 5.000000 5.000000 5.000000 -5.000000
62 1.0633933123 5.000000 3.270427 2.200176 5.000000 4.399141 -1.523151 -3.695167 -5.000000 3.885565 2.975842 4.776312 -5.000000 -5.000000 0.914114 -3.727346
63 0.8549775502 5.000000 -5.000000 -0.936402 -5.000000 5.000000 5.000000 -5.000000 -5.000000 -5.000000 5.000000 -5.000000 5.000000 5.000000 5.000000 -5.000000
64 1.0671842403 -5.000000 5.000000 5.000000 5.000000 -5.000000 -5.000000 -5.000000 5.000000 -5.000000 5.000000 -5.000000 -5.000000 -5.000000 -5.000000 5.000000
65 0.7911206049 -5.000000 5.000000 5.000000 -5.000000 -5.000000 -5.000000 5.000000 5.000000 -5.000000 -5.000000 5.000000 5.000000 -5.000000 -5.000000 -5.000000
66 0.9001429072 -5.000000 -5.000000 5.000000 -5.000000 5.000000 -5.000000 -5.000000 5.000000 -5.000000 -5.000000 -5.000000 5.000000 -5.000000 5.000000 5.000000
67 1.1653574087 -5.000000 5.000000 5.000000 -5.000000 5.000000 5.000000 -5.000000 5.000000 -5.000000 -5.000000 -5.000000 5.000000 -5.000000 -5.000000 -5.000000
68 1.0119979016 -5.000000 -5.000000 5.000000 -5.000000 -5.000000 -5.000000 5.000000 -5.000000 -5.000000 -5.000000 5.000000 -5.000000 -5.000000 5.000000 5.000000
69 1.0483956983 5.000000 -5.000000 5.000000 -5.000000 5.000000 -5.000000 -5.000000 -5.000000 -5.000000 -5.000000 -5.000000 5.000000 -5.000000 5.000000 -5.000000
70 1.3386238380 5.000000 -5.000000 5.000000 5.000000 5.000000 -5.000000 5.000000 -5.000000 -5.000000 5.000000 5.000000 5.000000 -5.000000 5.000000 -5.000000
71 1.9707443747 -5.000000 5.000000 -5.000000 5.000000 -5.000000 5.000000 -5.000000 5.000000 -5.000000 5.000000 -5.000000 5.000000 -5.000000 -5.000000 -5.000000
72 0.6798673891 -5.000000 -5.000000 5.000000 -5.000000 -5.000000 -5.000000 5.000000 5.000000 -5.000000 5.000000 5.000000 -5.000000 -5.000000 -5.000000 5.000000
73 0.7825804109 5.000000 -5.000000 0.395212 -5.000000 5.000000 -5.000000 -5.000000 -5.000000 -5.000000 -5.000000 -5.000000 5.000000 5.000000 5.000000 -5.000000
74 0.7738190849 5.000000 -5.000000 -0.303503 5.000000 5.000000 5.000000 -5.000000 -5.000000 5.000000 -5.000000 -5.000000 5.000000 5.000000 5.000000 -5.000000
75 0.9097924674 -5.000000 5.000000 5.000000 -5.000000 -5.000000 -5.000000 5.000000 5.000000 5.000000 5.000000 -5.000000 5.000000 -5.000000 5.000000 5.000000
76 0.7995648335 5.000000 5.000000 2.196664 5.000000 5.000000 5.000000 -5.000000 -5.000000 5.000000 5.000000 -5.000000 5.000000 5.000000 -5.000000 -5.000000
77 0.6626602119 -5.000000 5.000000 5.000000 -5.000000 5.000000 -5.000000 5.000000 5.000000 -5.000000 5.000000 5.000000 -5.000000 -5.000000 -5.000000 5.000000
78 0.9108712101 5.000000 -5.000000 -2.284558 -5.000000 5.000000 5.000000 -5.000000 5.000000 -5.000000 -5.000000 -5.000000 -5.000000 5.000000 -5.000000 -5.000000
79 0.4567905524 -5.000000 5.000000 5.000000 -5.000000 -5.000000 -5.000000 -5.000000 5.000000 5.000000 -5.000000 5.000000 -5.000000 -5.000000 -5.000000 5.000000
80 0.7682026823 -5.000000 5.000000 5.000000 -5.000000 -5.000000 -5.000000 -5.000000 5.000000 -5.000000 0.316921 5.000000 -5.000000 -5.000000 -5.000000 5.000000
81 0.9184457139 -5.000000 -5.000000 5.000000 -5.000000 5.000000 5.000000 5.000000 5.000000 5.000000 5.000000 5.000000 -5.000000 -5.000000 -5.000000 5.000000
82 1.0750036586 5.000000 -5.000000 0.451533 -5.000000 5.000000 5.000000 -5.000000 -5.000000 -5.000000 -5.000000 5.000000 5.000000 -5.000000 5.000000 -5.000000
83 1.4327033407 5.000000 -5.000000 2.591279 5.000000 5.000000 5.000000 -5.000000 5.000000 5.000000 5.000000 -5.000000 5.000000 -5.000000 5.000000 -5.000000
84 1.2291947289 5.000000 5.000000 5.000000 -5.000000 5.000000 -5.000000 -5.000000 5.000000 -5.000000 5.000000 -5.000000 5.000000 -5.000000 -5.000000 5.000000
85 1.0428392522 -5.000000 5.000000 5.000000 -5.000000 5.000000 5.000000 -5.000000 -5.000000 5.000000 5.000000 5.000000 -5.000000 5.000000 -5.000000 5.000000
86 1.1291672133 -5.000000 -3.369643 5.000000 -5.000000 5.000000 -5.000000 -5.000000 -5.000000 5.000000 -5.000000 5.000000 3.015820 -5.000000 -5.000000 5.000000
87 0.7612314608 -5.000000 3.069647 5.000000 -5.000000 -5.000000 -5.000000 5.000000 5.000000 5.000000 -5.000000 -5.000000 -5.000000 -5.000000 -5.000000 5.000000
88 0.7365844209 5.000000 -5.000000 -0.252176 -5.000000 5.000000 5.000000 5.000000 -5.000000 -5.000000 -5.000000 -5.000000 5.000000 5.000000 -5.000000 -5.000000
89 0.7135496326 -5.000000 5.000000 5.000000 -5.000000 -5.000000 -5.000000 -5.000000 5.000000 5.000000 -5.000000 5.000000 -5.000000 -5.000000 5.000000 5.000000
90 0.4575626889 -5.000000 5.000000 2.118258 -5.000000 -5.000000 -5.000000 -5.000000 5.000000 5.000000 -5.000000 5.000000 -5.000000 -5.000000 -5.000000 5.000000
91 0.5212784670 -5.000000 -5.000000 2.650420 -5.000000 5.000000 -5.000000 -5.000000 5.000000 5.000000 -5.000000 5.000000 -5.000000 -5.000000 -5.000000 -5.000000
92 1.1509096059 -5.000000 0.521763 -0.792458 5.000000 -2.325909 -5.000000 5.000000 4.787185 5.000000 -0.232808 0.718450 -5.000000 4.988086 -1.980910 -3.528641
93 1.0380176514 -5.000000 5.000000 5.000000 5.000000 -5.000000 -5.000000 5.000000 -5.000000 5.000000 -5.000000 5.000000 -5.000000 5.000000 -5.000000 5.000000
94 0.4417275810 -5.000000 5.000000 1.708711 -5.000000 5.000000 -5.000000 5.000000 5.000000 5.000000 5.000000 5.000000 -5.000000 -5.000000 -5.000000 -5.000000
95 0.7802973241 -5.000000 -5.000000 -0.189375 -5.000000 5.000000 5.000000 5.000000 -5.000000 5.000000 5.000000 -5.000000 5.000000 5.000000 5.000000 -5.000000
96 0.9965314188 5.000000 5.000000 5.000000 5.000000 5.000000 -5.000000 -5.000000 -5.000000 5.000000 5.000000 5.000000 -5.000000 5.000000 -5.000000 5.000000
97 1.3125706820 -5.000000 -5.000000 5.000000 5.000000 5.000000 -5.000000 5.000000 -5.000000 -5.000000 5.000000 -5.000000 5.000000 5.000000 -5.000000 -5.000000
98 0.5547229292 -5.000000 5.000000 -0.140628 -5.000000 5.000000 5.000000 5.000000 -5.000000 5.000000 5.000000 5.000000 -5.000000 -5.000000 -5.000000 -5.000000
99 0.7948173676 5.000000 -5.000000 1.014444 -5.000000 -5.000000 -5.000000 -5.000000 5.000000 5.000000 -5.000000 -5.000000 5.000000 5.000000 5.000000 5.000000
100 1.1438127810 -5.000000 -5.000000 -0.925135 -5.000000 5.000000 5.000000 5.000000 -5.000000 -5.000000 5.000000 5.000000 5.000000 -5.000000 -5.000000 5.000000
101 0.9547315598 -5.000000 5.000000 1.510384 -5.000000 5.000000 -5.000000 -5.000000 5.000000 5.000000 -5.000000 5.000000 -5.000000 5.000000 -5.000000 -5.000000
102 1.2195039123 5.000000 5.000000 5.000000 5.000000 -5.000000 -5.000000 -5.000000 -5.000000 -5.000000 5.000000 -5.000000 -5.000000 -5.000000 -5.000000 -5.000000
103 0.5898801743 -5.000000 5.000000 2.050634 -5.000000 -5.000000 -5.000000 5.000000 -5.000000 5.000000 5.000000 5.000000 -5.000000 -5.000000 -5.000000 -5.000000
104 0.5259160338 -5.000000 5.000000 2.111656 -5.000000 -5.000000 -5.000000 5.000000 5.000000 5.000000 5.000000 5.000000 -5.000000 -5.000000 -5.000000 -5.000000
105 0.7341048859 -5.000000 -5.000000 0.279364 -5.000000 5.000000 -5.000000 5.000000 5.000000 5.000000 5.000000 5.000000 5.000000 5.000000 -5.000000 5.000000
106 1.1275091421 -5.000000 -5.000000 5.000000 5.000000 -5.000000 -5.000000 -5.000000 5.000000 -5.000000 -5.000000 5.000000 -5.000000 -5.000000 -5.000000 5.000000
107 0.7434234091 -5.000000 5.000000 2.463384 -5.000000 5.000000 -5.000000 5.000000 5.000000 5.000000 -5.000000 5.000000 -5.000000 -5.000000 -5.000000 5.000000
108 0.8384554835 5.000000 -5.000000 1.111069 -5.000000 5.000000 5.000000 -5.000000 -5.000000 5.000000 -5.000000 -5.000000 -5.000000 5.000000 5.000000 5.000000
109 0.6694403856 -5.000000 5.000000 -0.149267 -5.000000 5.000000 -5.000000 -5.000000 -5.000000 5.000000 5.000000 -5.000000 -5.000000 -5.000000 -5.000000 -5.000000
110 0.6686150269 5.000000 5.000000 4.227032 5.000000 5.000000 5.000000 -5.000000 -5.000000 -5.000000 -5.000000 -5.000000 5.000000 5.000000 5.000000 5.000000
111 1.5800871647 -5.000000 5.000000 -5.000000 -5.000000 5.000000 5.000000 5.000000 5.000000 5.000000 5.000000 5.000000 5.000000 5.000000 5.000000 -5.000000
112 0.5565846975 -5.000000 -5.000000 1.806188 -5.000000 -5.000000 -5.000000 -5.000000 5.000000 5.000000 5.000000 5.000000 -5.000000 -5.000000 -5.000000 -5.000000
113 1.3235954657 5.000000 5.000000 5.000000 5.000000 5.000000 5.000000 -5.000000 -5.000000 -5.000000 -5.000000 5.000000 5.000000 -5.000000 5.000000 5.000000
114 0.7375416447 -5.000000 5.000000 5.000000 5.000000 -2.843322 5.000000 5.000000 -5.000000 5.000000 5.000000 5.000000 -5.000000 -5.000000 -5.000000 -5.000000
115 1.3483306362 5.000000 -5.000000 -5.000000 -5.000000 5.000000 5.000000 -5.000000 5.000000 5.000000 5.000000 5.000000 5.000000 5.000000 5.000000 5.000000
116 0.5939836765 -5.000000 -5.000000 1.689047 -5.000000 5.000000 -5.000000 5.000000 -5.000000 5.000000 5.000000 5.000000 -5.000000 -5.000000 5.000000 -5.000000
117 0.6582374145 -5.000000 5.000000 0.621697 5.000000 5.000000 5.000000 5.000000 -5.000000 5.000000 5.000000 5.000000 -5.000000 5.000000 -5.000000 -5.000000
118 0.6511234641 -5.000000 -5.000000 1.178279 -5.000000 4.999287 -5.000000 -5.000000 5.000000 5.000000 -5.000000 5.000000 -5.000000 -5.000000 -5.000000 5.000000
119 2.3327443746 0.897978 -5.000000 5.000000 -0.679437 -4.347132 5.000000 -5.000000 5.000000 -5.000000 -5.000000 -5.000000 2.319740 4.655427 5.000000 -5.000000
120 1.3036689932 5.000000 -5.000000 5.000000 5.000000 0.262373 -5.000000 -5.000000 -5.000000 5.000000 -5.000000 5.000000 -5.000000 5.000000 5.000000 -5.000000
121 1.1026063172 -5.000000 -5.000000 -1.293051 -5.000000 5.000000 -5.000000 5.000000 -5.000000 5.000000 5.000000 -5.000000 5.000000 5.000000 -5.000000 -5.000000
122 0.8146213439 -5.000000 5.000000 2.545531 -5.000000 5.000000 -5.000000 -5.000000 -5.000000 5.000000 5.000000 5.000000 -5.000000 -5.000000 5.000000 -5.000000
123 0.9217606684 -5.000000 5.000000 2.014967 -5.000000 -5.000000 5.000000 -5.000000 -5.000000 5.000000 -5.000000 5.000000 -5.000000 -5.000000 -5.000000 -5.000000
124 1.1350477143 5.000000 5.000000 5.000000 -5.000000 -5.000000 -5.000000 5.000000 -5.000000 -5.000000 -5.000000 4.453248 5.000000 5.000000 5.000000 5.000000
125 0.4537821615 -5.000000 5.000000 2.144286 -5.000000 5.000000 -5.000000 -5.000000 5.000000 5.000000 5.000000 5.000000 5.000000 -5.000000 -5.000000 -5.000000
126 0.3424849317 -5.000000 5.000000 2.708560 5.000000 5.000000 -5.000000 5.000000 -5.000000 5.000000 5.000000 -5.000000 -5.000000 -5.000000 -5.000000 5.000000
127 1.0686082070 -5.000000 5.000000 5.000000 -5.000000 5.000000 -5.000000 5.000000 -5.000000 5.000000 5.000000 -5.000000 5.000000 5.000000 5.000000 -5.000000
128 0.3992999130 -5.000000 5.000000 2.318261 5.000000 5.000000 -5.000000 5.000000 -5.000000 5.000000 5.000000 5.000000 -5.000000 -5.000000 -5.000000 5.000000
129 1.4151085020 5.000000 5.000000 5.000000 5.000000 5.000000 -5.000000 -5.000000 -5.000000 -5.000000 5.000000 -5.000000 -5.000000 5.000000 5.000000 -5.000000
130 1.0408923115 -5.000000 -5.000000 -5.000000 5.000000 5.000000 5.000000 -5.000000 -5.000000 5.000000 -5.000000 -5.000000 -5.000000 5.000000 5.000000 -5.000000
131 0.3029067170 -5.000000 -5.000000 1.738394 -5.000000 5.000000 5.000000 5.000000 -5.000000 5.000000 5.000000 -5.000000 -5.000000 -5.000000 5.000000 -5.000000
132 0.4974326599 -5.000000 -5.000000 0.794673 5.000000 5.000000 5.000000 5.000000 -5.000000 5.000000 5.000000 -5.000000 -5.000000 -5.000000 5.000000 5.000000
133 0.8874215639 5.000000 5.000000 0.465536 -5.000000 5.000000 -5.000000 -5.000000 5.000000 5.000000 5.000000 5.000000 -5.000000 -5.000000 -5.000000 -5.000000
134 0.6158129453 5.000000 5.000000 1.219761 -5.000000 5.000000 5.000000 -5.000000 -5.000000 -5.000000 -5.000000 -5.000000 5.000000 5.000000 -5.000000 5.000000
135 0.7415754700 5.000000 5.000000 5.000000 -5.000000 5.000000 -5.000000 -5.000000 -5.000000 5.000000 5.000000 -5.000000 5.000000 -5.000000 -5.000000 5.000000
136 0.7535159158 5.000000 -5.000000 0.448401 -5.000000 -5.000000 -5.000000 -5.000000 5.000000 -5.000000 -5.000000 5.000000 5.000000 -5.000000 -5.000000 -5.000000
137 0.4323889618 -5.000000 5.000000 2.171046 5.000000 5.000000 -5.000000 5.000000 -5.000000 5.000000 5.000000 -5.000000 -5.000000 -5.000000 -5.000000 -5.000000
138 0.9472711177 5.000000 -5.000000 0.054909 -5.000000 5.000000 -5.000000 -5.000000 5.000000 -5.000000 5.000000 5.000000 5.000000 5.000000 -5.000000 -5.000000
139 1.7512003062 -5.000000 5.000000 -5.000000 -5.000000 -5.000000 5.000000 5.000000 -5.000000 5.000000 5.000000 -5.000000 -5.000000 5.000000 5.000000 -5.000000
140 0.4332989719 -5.000000 5.000000 1.528929 5.000000 -5.000000 -5.000000 5.000000 5.000000 5.000000 5.000000 5.000000 5.000000 -5.000000 -5.000000 5.000000
141 0.5054333613 -5.000000 5.000000 2.648682 5.000000 -5.000000 -5.000000 5.000000 -5.000000 5.000000 5.000000 5.000000 5.000000 -5.000000 -5.000000 5.000000
142 1.0057963746 5.000000 -5.000000 -0.429474 5.000000 5.000000 -5.000000 5.000000 5.000000 5.000000 -5.000000 5.000000 5.000000 -5.000000 -5.000000 -5.000000
143 0.6987960352 -5.000000 -5.000000 -5.000000 -5.000000 -5.000000 -5.000000 -5.000000 5.000000 5.000000 -5.000000 5.000000 5.000000 -5.000000 -5.000000 -5.000000
144 0.3471731991 -5.000000 -5.000000 0.407672 -5.000000 5.000000 -5.000000 5.000000 5.000000 5.000000 5.000000 5.000000 5.000000 -5.000000 -5.000000 -5.000000
145 0.9353230622 -5.000000 -5.000000 3.132432 -5.000000 -5.000000 5.000000 5.000000 -5.000000 5.000000 5.000000 -5.000000 5.000000 -5.000000 5.000000 -5.000000
146 0.7588997353 -5.000000 -5.000000 -2.716140 -5.000000 5.000000 -5.000000 -5.000000 5.000000 5.000000 5.000000 5.000000 -5.000000 -5.000000 5.000000 -5.000000
147 0.1764247185 -5.000000 5.000000 2.098565 5.000000 5.000000 5.000000 5.000000 -5.000000 5.000000 5.000000 -5.000000 -5.000000 -5.000000 -5.000000 5.000000
148 0.3846783917 -5.000000 5.000000 2.401254 5.000000 5.000000 5.000000 5.000000 -5.000000 5.000000 5.000000 -5.000000 5.000000 -5.000000 -5.000000 5.000000
149 0.9344961003 -5.000000 -5.000000 -5.000000 5.000000 -5.000000 -5.000000 -5.000000 5.000000 5.000000 -5.000000 5.000000 5.000000 5.000000 5.000000 5.000000
150 0.8770571724 -5.000000 -5.000000 4.999277 -5.000000 5.000000 5.000000 5.000000 -5.000000 5.000000 -5.000000 -5.000000 -5.000000 -5.000000 -5.000000 5.000000
151 0.8560204965 5.000000 5.000000 2.432896 -5.000000 5.000000 -5.000000 -5.000000 -5.000000 5.000000 -5.000000 -5.000000 -5.000000 -5.000000 -5.000000 -5.000000
152 0.6983525205 -5.000000 -5.000000 -5.000000 -5.000000 5.000000 5.000000 -5.000000 5.000000 5.000000 -5.000000 -5.000000 -5.000000 -5.000000 5.000000 -5.000000
153 1.4900234634 -5.000000 5.000000 -5.000000 5.000000 5.000000 -5.000000 -5.000000 5.000000 5.000000 5.000000 -5.000000 5.000000 5.000000 -5.000000 5.000000
154 1.2628508190 5.000000 5.000000 5.000000 5.000000 0.108527 -5.000000 -5.000000 -5.000000 5.000000 -5.000000 -5.000000 5.000000 -5.000000 5.000000 5.000000
155 1.2490291130 5.000000 -5.000000 5.000000 -5.000000 -5.000000 -5.000000 5.000000 5.000000 -5.000000 5.000000 -5.000000 5.000000 5.000000 -5.000000 5.000000
156 0.8134550733 5.000000 -5.000000 -5.000000 -5.000000 -5.000000 -5.000000 -5.000000 5.000000 5.000000 -5.000000 -5.000000 5.000000 -5.000000 5.000000 -5.000000
157 0.3463271111 -5.000000 5.000000 1.724923 5.000000 5.000000 5.000000 5.000000 -5.000000 5.000000 5.000000 -5.000000 -5.000000 -5.000000 5.000000 5.000000
158 0.1813260234 -5.000000 5.000000 1.575540 5.000000 5.000000 5.000000 5.000000 -5.000000 5.000000 5.000000 -5.000000 -5.000000 -5.000000 -5.000000 5.000000
159 0.8627712206 5.000000 5.000000 -5.000000 5.000000 5.000000 -5.000000 -5.000000 5.000000 5.000000 -5.000000 5.000000 5.000000 5.000000 -5.000000 -5.000000
160 0.7622619128 5.000000 -5.000000 -2.464559 -5.000000 5.000000 -5.000000 -5.000000 5.000000 -5.000000 -5.000000 5.000000 5.000000 5.000000 5.000000 5.000000
161 1.2490209235 5.000000 5.000000 -5.000000 -5.000000 5.000000 5.000000 5.000000 -5.000000 5.000000 -5.000000 5.000000 -5.000000 -5.000000 -5.000000 -5.000000
162 1.0340792369 5.000000 5.000000 5.000000 -5.000000 -5.000000 5.000000 -5.000000 -5.000000 -5.000000 5.000000 5.000000 5.000000 -5.000000 -5.000000 5.000000
163 0.5193510482 -5.000000 -5.000000 1.140050 5.000000 5.000000 5.000000 5.000000 -5.000000 -5.000000 5.000000 -5.000000 -5.000000 -5.000000 5.000000 -5.000000
164 0.7248909437 -5.000000 -5.000000 5.000000 -5.000000 5.000000 -5.000000 5.000000 -5.000000 -5.000000 5.000000 -5.000000 -5.000000 -5.000000 -5.000000 5.000000
165 1.0564335466 -5.000000 -5.000000 -5.000000 -5.000000 5.000000 -5.000000 5.000000 -5.000000 5.000000 -5.000000 -5.000000 -5.000000 -5.000000 5.000000 5.000000
166 1.0206849868 5.000000 -5.000000 -5.000000 5.000000 -5.000000 -5.000000 -5.000000 5.000000 -5.000000 -5.000000 -5.000000 5.000000 5.000000 -5.000000 -5.000000
167 0.8317050723 5.000000 5.000000 2.041544 -5.000000 -5.000000 5.000000 -5.000000 -5.000000 5.000000 5.000000 -5.000000 5.000000 5.000000 -5.000000 5.000000
168 0.7615885767 5.000000 5.000000 -0.449176 -5.000000 5.000000 5.000000 -5.000000 -5.000000 5.000000 -5.000000 5.000000 5.000000 5.000000 5.000000 -5.000000
169 1.3009918619 -5.000000 -5.000000 -5.000000 5.000000 -5.000000 -5.000000 5.000000 5.000000 5.000000 5.000000 5.000000 5.000000 -5.000000 5.000000 -5.000000
170 0.4488373291 -5.000000 5.000000 5.000000 -5.000000 5.000000 -5.000000 5.000000 -5.000000 5.000000 5.000000 5.000000 -5.000000 -5.000000 -5.000000 -5.000000
171 1.2565939387 5.000000 -5.000000 -5.000000 5.000000 -5.000000 5.000000 -5.000000 5.000000 5.000000 -5.000000 5.000000 -5.000000 -5.000000 5.000000 -5.000000
172 0.2338307003 -5.000000 5.000000 2.750952 -5.000000 5.000000 5.000000 5.000000 -5.000000 5.000000 5.000000 -5.000000 -5.000000 -5.000000 -5.000000 -5.000000
173 0.5932600771 5.000000 5.000000 5.000000 5.000000 -5.000000 -5.000000 5.000000 -5.000000 5.000000 5.000000 5.000000 -5.000000 -5.000000 -5.000000 5.000000
174 0.5462611753 -5.000000 5.000000 5.000000 5.000000 -5.000000 5.000000 5.000000 -5.000000 -5.000000 5.000000 -5.000000 -5.000000 5.000000 5.000000 5.000000
175 0.8540990385 5.000000 5.000000 5.000000 -5.000000 5.000000 -5.000000 5.000000 -5.000000 -5.000000 5.000000 -5.000000 -5.000000 -5.000000 5.000000 5.000000
176 0.6312851444 5.000000 5.000000 5.000000 -5.000000 5.000000 -5.000000 5.000000 -5.000000 5.000000 5.000000 5.000000 5.000000 -5.000000 -5.000000 -5.000000
177 0.7131643432 5.000000 5.000000 5.000000 -5.000000 -5.000000 -5.000000 -5.000000 5.000000 5.000000 -5.000000 5.000000 -5.000000 -5.000000 -5.000000 5.000000
178 1.3516156117 -5.000000 5.000000 5.000000 5.000000 -5.000000 5.000000 5.000000 5.000000 5.000000 -5.000000 -5.000000 -5.000000 -5.000000 5.000000 5.000000
179 0.5948136449 -5.000000 5.000000 5.000000 -5.000000 5.000000 -5.000000 5.000000 -5.000000 -5.000000 5.000000 -5.000000 5.000000 -5.000000 5.000000 -5.000000
180 0.7056859410 -5.000000 5.000000 5.000000 -5.000000 5.000000 5.000000 5.000000 -5.000000 -5.000000 -5.000000 -5.000000 -5.000000 5.000000 5.000000 -5.000000
181 0.6655175775 5.000000 5.000000 5.000000 -5.000000 -5.000000 -5.000000 -5.000000 -5.000000 5.000000 5.000000 5.000000 -5.000000 -5.000000 -5.000000 5.000000
182 0.9183157418 5.000000 -5.000000 5.000000 5.000000 -5.000000 -5.000000 -5.000000 5.000000 5.000000 5.000000 5.000000 5.000000 -5.000000 -5.000000 5.000000
183 0.8203336617 -5.000000 -5.000000 -0.444885 -5.000000 5.000000 5.000000 5.000000 5.000000 -5.000000 -5.000000 5.000000 -5.000000 5.000000 5.000000 -5.000000
184 0.8712409819 5.000000 5.000000 -0.322724 5.000000 5.000000 -5.000000 -5.000000 -5.000000 5.000000 -5.000000 5.000000 5.000000 5.000000 -5.000000 -5.000000
185 1.0761919262 5.000000 5.000000 5.000000 -5.000000 -5.000000 -5.000000 5.000000 5.000000 5.000000 5.000000 5.000000 5.000000 -5.000000 5.000000 5.000000
186 0.6245531751 5.000000 5.000000 5.000000 -5.000000 5.000000 5.000000 5.000000 -5.000000 5.000000 5.000000 5.000000 -5.000000 -5.000000 -5.000000 5.000000
187 0.5892110184 -5.000000 5.000000 5.000000 5.000000 -5.000000 -5.000000 5.000000 -5.000000 -5.000000 5.000000 -5.000000 -5.000000 -5.000000 -5.000000 5.000000
188 0.2679804718 -5.000000 5.000000 3.092288 -5.000000 5.000000 5.000000 5.000000 -5.000000 5.000000 5.000000 -5.000000 -5.000000 -5.000000 5.000000 5.000000
189 0.2760165916 -5.000000 5.000000 3.018243 5.000000 5.000000 5.000000 5.000000 -5.000000 -5.000000 5.000000 -5.000000 -5.000000 -5.000000 -5.000000 5.000000
190 0.7399875706 -5.000000 -5.000000 5.000000 -5.000000 5.000000 5.000000 -5.000000 -5.000000 5.000000 5.000000 -5.000000 -5.000000 -5.000000 5.000000 5.000000
191 1.0730942389 5.000000 5.000000 5.000000 -5.000000 -5.000000 5.000000 5.000000 -5.000000 -5.000000 5.000000 -5.000000 5.000000 -5.000000 5.000000 -5.000000
192 0.9517381142 5.000000 -5.000000 5.000000 -5.000000 5.000000 -5.000000 -5.000000 5.000000 5.000000 -5.000000 5.000000 -5.000000 -5.000000 5.000000 5.000000
193 0.4990564838 -5.000000 -5.000000 0.096407 -5.000000 5.000000 5.000000 5.000000 -5.000000 5.000000 5.000000 -5.000000 -5.000000 -5.000000 -5.000000 5.000000
194 0.8935983415 -5.000000 -5.000000 5.000000 -5.000000 -5.000000 5.000000 -5.000000 -5.000000 -5.000000 -5.000000 5.000000 -5.000000 5.000000 5.000000 -5.000000
195 0.7153880271 -5.000000 -5.000000 1.862734 5.000000 -5.000000 5.000000 5.000000 -5.000000 -5.000000 -5.000000 -5.000000 -5.000000 5.000000 5.000000 5.000000
196 0.7751325362 -5.000000 5.000000 5.000000 5.000000 5.000000 5.000000 5.000000 -5.000000 -5.000000 5.000000 5.000000 5.000000 -5.000000 5.000000 5.000000
197 1.0105127765 5.000000 5.000000 5.000000 -5.000000 -5.000000 -5.000000 5.000000 -5.000000 -5.000000 5.000000 5.000000 -5.000000 -5.000000 -5.000000 -5.000000
198 0.5671570547 -5.000000 5.000000 5.000000 -5.000000 5.000000 5.000000 5.000000 -5.000000 5.000000 -5.000000 -5.000000 -5.000000 -5.000000 5.000000 5.000000
199 1.0533770926 5.000000 -5.000000 -5.000000 5.000000 5.000000 5.000000 -5.000000 5.000000 5.000000 -5.000000 -5.000000 5.000000 5.000000 5.000000 5.000000
200 0.8589161353 5.000000 -5.000000 -5.000000 -5.000000 5.000000 -5.000000 5.000000 5.000000 5.000000 -5.000000 5.000000 5.000000 5.000000 -5.000000 -5.000000
201 0.8297236009 -5.000000 -5.000000 -5.000000 -5.000000 5.000000 -5.000000 -5.000000 5.000000 -5.000000 -5.000000 -5.000000 5.000000 5.000000 5.000000 -5.000000
202 1.2584550751 -5.000000 -5.000000 -5.000000 5.000000 5.000000 5.000000 5.000000 5.000000 5.000000 -5.000000 5.000000 -5.000000 -5.000000 -5.000000 -5.000000
203 0.3482618369 -5.000000 -5.000000 0.963568 -5.000000 5.000000 5.000000 5.000000 -5.000000 -5.000000 -5.000000 -5.000000 -5.000000 -5.000000 5.000000 -5.000000
204 1.1664743080 -5.000000 -5.000000 -1.039546 -5.000000 5.000000 5.000000 5.000000 -5.000000 5.000000 -5.000000 5.000000 -5.000000 5.000000 5.000000 5.000000
205 0.9035287501 -5.000000 -5.000000 0.165065 -5.000000 -5.000000 -5.000000 5.000000 5.000000 -5.000000 5.000000 -5.000000 5.000000 -5.000000 -5.000000 5.000000
206 0.8522857034 5.000000 5.000000 -0.409991 -5.000000 -5.000000 5.000000 -5.000000 -5.000000 5.000000 5.000000 -5.000000 -5.000000 -5.000000 -5.000000 5.000000
207 0.8671743813 5.000000 -5.000000 -1.356505 5.000000 -5.000000 -5.000000 -5.000000 5.000000 5.000000 5.000000 5.000000 -5.000000 5.000000 -5.000000 5.000000
208 0.8229745311 5.000000 5.000000 0.464004 5.000000 -5.000000 -5.000000 -5.000000 5.000000 5.000000 -5.000000 5.000000 5.000000 5.000000 5.000000 -5.000000
209 0.7624998122 -5.000000 5.000000 3.928412 5.000000 5.000000 5.000000 5.000000 -5.000000 -5.000000 5.000000 5.000000 -5.000000 5.000000 5.000000 -5.000000
210 0.9251118669 -5.000000 -5.000000 -5.000000 -5.000000 5.000000 5.000000 5.000000 5.000000 -5.000000 -5.000000 -5.000000 -5.000000 -5.000000 5.000000 5.000000
211 1.1938012218 5.000000 -5.000000 5.000000 -5.000000 -5.000000 5.000000 5.000000 5.000000 -5.000000 -5.000000 -5.000000 -5.000000 -5.000000 5.000000 5.000000
212 0.3978035875 5.000000 -5.000000 -1.596746 -5.000000 -5.000000 -5.000000 -5.000000 5.000000 5.000000 -5.000000 5.000000 5.000000 5.000000 3.844498 -5.000000
213 0.5915290201 5.000000 5.000000 5.000000 5.000000 5.000000 -5.000000 5.000000 -5.000000 5.000000 5.000000 -5.000000 -5.000000 -5.000000 -5.000000 5.000000
214 1.5859521629 5.000000 5.000000 -5.000000 -5.000000 -5.000000 -5.000000 -5.000000 5.000000 5.000000 5.000000 -5.000000 5.000000 5.000000 -5.000000 -5.000000
215 0.2775056097 -5.000000 -5.000000 0.914193 -5.000000 -5.000000 -5.000000 -5.000000 5.000000 5.000000 -5.000000 5.000000 5.000000 -5.000000 5.000000 -5.000000
216 1.0797076668 5.000000 -5.000000 -5.000000 5.000000 -0.826320 -5.000000 -5.000000 5.000000 5.000000 5.000000 5.000000 5.000000 -5.000000 -5.000000 5.000000
217 0.6192880173 -5.000000 5.000000 1.702254 5.000000 5.000000 -5.000000 5.000000 5.000000 -5.000000 5.000000 5.000000 5.000000 5.000000 -5.000000 -5.000000
218 0.6755082915 -5.000000 5.000000 3.063302 5.000000 -5.000000 5.000000 -5.000000 5.000000 -5.000000 -5.000000 5.000000 5.000000 5.000000 5.000000 5.000000
219 0.7352916994 -5.000000 5.000000 2.057553 5.000000 5.000000 5.000000 5.000000 5.000000 -5.000000 5.000000 5.000000 -5.000000 5.000000 -5.000000 5.000000
220 0.3707632790 -5.000000 5.000000 2.646995 5.000000 -5.000000 -5.000000 -5.000000 5.000000 5.000000 -5.000000 5.000000 5.000000 5.000000 -5.000000 5.000000
221 0.4818178835 5.000000 5.000000 2.402771 5.000000 5.000000 5.000000 5.000000 -5.000000 -5.000000 5.000000 -5.000000 -5.000000 -5.000000 5.000000 5.000000
222 0.7843104308 -5.000000 -5.000000 2.481870 5.000000 -5.000000 -5.000000 -5.000000 5.000000 -5.000000 5.000000 5.000000 5.000000 5.000000 5.000000 5.000000
223 0.5213416674 -5.000000 5.000000 5.000000 5.000000 5.000000 -5.000000 5.000000 5.000000 5.000000 5.000000 5.000000 5.000000 -5.000000 -5.000000 -5.000000
224 0.7402468802 5.000000 5.000000 1.868713 -5.000000 -5.000000 -5.000000 5.000000 -5.000000 5.000000 5.000000 5.000000 5.000000 5.000000 -5.000000 5.000000
225 0.5349728143 5.000000 5.000000 1.974578 5.000000 5.000000 5.000000 5.000000 -5.000000 -5.000000 5.000000 -5.000000 5.000000 -5.000000 -5.000000 5.000000
226 0.4845189720 -5.000000 -5.000000 0.641792 -5.000000 5.000000 -5.000000 5.000000 -5.000000 5.000000 5.000000 -5.000000 5.000000 -5.000000 5.000000 -5.000000
227 0.3948210081 5.000000 5.000000 1.370205 -5.000000 -5.000000 -5.000000 -5.000000 5.000000 5.000000 -5.000000 5.000000 5.000000 5.000000 -5.000000 5.000000
228 0.7938342536 -5.000000 -5.000000 5.000000 -5.000000 -5.000000 -5.000000 -5.000000 5.000000 -5.000000 5.000000 5.000000 5.000000 -5.000000 5.000000 5.000000
229 0.7332152091 -5.000000 5.000000 5.000000 5.000000 5.000000 5.000000 5.000000 -5.000000 5.000000 5.000000 -5.000000 -5.000000 5.000000 5.000000 5.000000
230 0.6815283500 -5.000000 5.000000 0.754970 5.000000 5.000000 5.000000 5.000000 -5.000000 5.000000 -5.000000 -5.000000 -5.000000 -5.000000 -5.000000 5.000000
231 0.9150258813 5.000000 5.000000 0.037006 5.000000 -5.000000 5.000000 -5.000000 5.000000 5.000000 5.000000 5.000000 5.000000 -5.000000 -5.000000 5.000000
232 0.6863728323 -5.000000 -5.000000 1.276313 -5.000000 5.000000 5.000000 5.000000 5.000000 -5.000000 -5.000000 -5.000000 5.000000 5.000000 5.000000 5.000000
233 0.7384624474 -5.000000 5.000000 5.000000 -5.000000 -5.000000 -5.000000 5.000000 -5.000000 -5.000000 5.000000 -5.000000 -5.000000 -5.000000 5.000000 -5.000000
234 0.3808785840 -5.000000 -5.000000 1.723269 -5.000000 -5.000000 -5.000000 -5.000000 5.000000 5.000000 -5.000000 5.000000 5.000000 5.000000 5.000000 5.000000
235 0.5795882218 5.000000 5.000000 0.382605 5.000000 -5.000000 5.000000 -5.000000 -5.000000 -5.000000 -5.000000 -5.000000 -5.000000 5.000000 -5.000000 5.000000
236 1.4438880585 5.000000 -5.000000 -5.000000 -5.000000 -5.000000 5.000000 5.000000 5.000000 5.000000 -5.000000 -5.000000 -5.000000 5.000000 5.000000 -5.000000
237 1.1922740189 -5.000000 -5.000000 -1.334460 5.000000 5.000000 5.000000 -5.000000 5.000000 5.000000 5.000000 5.000000 5.000000 5.000000 -5.000000 -5.000000
238 0.7307322848 -5.000000 5.000000 5.000000 5.000000 -5.000000 -5.000000 -5.000000 -5.000000 5.000000 5.000000 5.000000 5.000000 -5.000000 5.000000 5.000000
239 0.9869468032 5.000000 -5.000000 2.541326 5.000000 -5.000000 5.000000 5.000000 -5.000000 5.000000 5.000000 -5.000000 -5.000000 -5.000000 -5.000000 5.000000
240 0.9233050697 5.000000 -5.000000 -5.000000 5.000000 5.000000 5.000000 5.000000 -5.000000 -5.000000 -5.000000 -5.000000 -5.000000 5.000000 -5.000000 5.000000
241 0.7736734877 -5.000000 5.000000 -3.506528 -5.000000 5.000000 4.328328 5.000000 -5.000000 5.000000 5.000000 0.840922 -5.000000 -4.803027 -0.820694 -4.028176
242 1.2396936016 5.000000 5.000000 0.914834 5.000000 5.000000 5.000000 -5.000000 5.000000 -5.000000 5.000000 -5.000000 -5.000000 5.000000 -5.000000 5.000000
243 0.4268851695 -5.000000 -5.000000 1.996374 -5.000000 -5.000000 -5.000000 -5.000000 5.000000 -5.000000 -5.000000 5.000000 5.000000 5.000000 -5.000000 -5.000000
244 1.2885314320 5.000000 -5.000000 5.000000 -5.000000 -5.000000 -5.000000 -5.000000 -5.000000 5.000000 -5.000000 -5.000000 5.000000 5.000000 -5.000000 -5.000000
245 0.5189913149 -5.000000 5.000000 5.000000 5.000000 -5.000000 5.000000 -5.000000 -5.000000 5.000000 5.000000 5.000000 5.000000 5.000000 -5.000000 5.000000
246 0.5178935958 5.000000 5.000000 1.668443 -5.000000 5.000000 -5.000000 5.000000 5.000000 5.000000 5.000000 5.000000 5.000000 -5.000000 -5.000000 5.000000
247 1.4188400237 5.000000 5.000000 -5.000000 5.000000 -5.000000 -5.000000 5.000000 -5.000000 5.000000 -5.000000 5.000000 5.000000 5.000000 -5.000000 -5.000000
248 1.1663125439 5.000000 5.000000 1.594010 -5.000000 5.000000 -5.000000 5.000000 5.000000 5.000000 -5.000000 -5.000000 5.000000 -5.000000 5.000000 -5.000000
249 0.7392192521 5.000000 5.000000 5.000000 5.000000 -5.000000 -5.000000 5.000000 -5.000000 -5.000000 5.000000 5.000000 5.000000 5.000000 -5.000000 -5.000000
250 0.8246638968 5.000000 5.000000 5.000000 5.000000 -5.000000 -5.000000 5.000000 5.000000 -5.000000 5.000000 5.000000 5.000000 -5.000000 -5.000000 5.000000
251 0.4307146255 -5.000000 -5.000000 0.459668 -5.000000 5.000000 -5.000000 5.000000 5.000000 -5.000000 -5.000000 -5.000000 -5.000000 -5.000000 5.000000 -5.000000
252 1.0815003308 5.000000 -5.000000 2.193403 -5.000000 -5.000000 -5.000000 5.000000 5.000000 5.000000 -5.000000 5.000000 -5.000000 5.000000 -5.000000 5.000000
253 0.7030617201 -5.000000 5.000000 2.376580 -5.000000 -5.000000 5.000000 5.000000 -5.000000 -5.000000 -5.000000 -5.000000 -5.000000 -5.000000 5.000000 5.000000
254 0.4662403395 5.000000 5.000000 -1.009337 5.000000 5.000000 5.000000 -5.000000 -5.000000 5.000000 5.000000 5.000000 5.000000 5.000000 -5.000000 5.000000
255 0.6201149656 -5.000000 5.000000 3.777965 5.000000 5.000000 -5.000000 -5.000000 5.000000 5.000000 5.000000 5.000000 5.000000 -5.000000 -5.000000 5.000000
256 0.6090864098 5.000000 5.000000 1.823748 -5.000000 5.000000 5.000000 5.000000 -5.000000 -5.000000 -5.000000 -5.000000 5.000000 5.000000 5.000000 5.000000
257 0.6468850519 5.000000 5.000000 1.002805 5.000000 -5.000000 5.000000 -5.000000 -5.000000 -5.000000 5.000000 -5.000000 5.000000 5.000000 5.000000 5.000000
258 1.5506781958 5.000000 5.000000 5.000000 5.000000 5.000000 5.000000 5.000000 5.000000 5.000000 -5.000000 -5.000000 -5.000000 -5.000000 5.000000 5.000000
259 0.2391844699 5.000000 5.000000 1.370728 5.000000 5.000000 5.000000 5.000000 -5.000000 -5.000000 5.000000 -5.000000 5.000000 5.000000 -5.000000 5.000000
260 0.5156674108 5.000000 -5.000000 0.033810 -5.000000 -5.000000 -5.000000 -5.000000 5.000000 5.000000 -5.000000 5.000000 -5.000000 -5.000000 5.000000 -5.000000
261 1.1362385074 -5.000000 -5.000000 -5.000000 5.000000 5.000000 5.000000 5.000000 5.000000 5.000000 -5.000000 -5.000000 5.000000 5.000000 5.000000 -5.000000
262 0.8561674405 -5.000000 -5.000000 -0.180666 5.000000 5.000000 -5.000000 5.000000 5.000000 -5.000000 5.000000 -5.000000 -5.000000 -5.000000 5.000000 5.000000
263 1.2310623044 5.000000 5.000000 5.000000 -5.000000 5.000000 5.000000 5.000000 -5.000000 5.000000 -5.000000 5.000000 -5.000000 -5.000000 5.000000 -5.000000
264 0.3331734625 -5.000000 5.000000 5.000000 -5.000000 -5.000000 -5.000000 -5.000000 5.000000 5.000000 -5.000000 5.000000 5.000000 5.000000 -5.000000 5.000000
265 1.3649263344 5.000000 -3.619786 -5.000000 3.940942 5.000000 0.199490 -2.746991 -1.741199 -5.000000 5.000000 -4.582368 -1.091594 4.726480 3.308377 5.000000
266 0.7045337475 -5.000000 5.000000 5.000000 5.000000 -5.000000 -5.000000 -5.000000 5.000000 -5.000000 5.000000 5.000000 5.000000 5.000000 -5.000000 -5.000000
267 0.6174648630 5.000000 5.000000 1.616803 -5.000000 5.000000 5.000000 5.000000 -5.000000 -5.000000 5.000000 -5.000000 -5.000000 5.000000 -5.000000 5.000000
268 0.7914590990 5.000000 -5.000000 0.108848 -5.000000 -5.000000 -5.000000 5.000000 5.000000 5.000000 -5.000000 5.000000 5.000000 -5.000000 -5.000000 5.000000
269 1.0657672457 -5.000000 -5.000000 2.385833 -5.000000 5.000000 -5.000000 -5.000000 5.000000 -5.000000 5.000000 -5.000000 5.000000 5.000000 5.000000 -5.000000
270 1.1159919120 -5.000000 -5.000000 5.000000 5.000000 -5.000000 5.000000 -5.000000 -5.000000 -5.000000 5.000000 -5.000000 -5.000000 -5.000000 5.000000 5.000000
271 0.7977751017 5.000000 5.000000 5.000000 5.000000 -5.000000 5.000000 -5.000000 -5.000000 5.000000 5.000000 5.000000 5.000000 -5.000000 -5.000000 5.000000
272 0.5912895741 5.000000 5.000000 0.483211 -5.000000 -5.000000 -5.000000 -5.000000 -5.000000 5.000000 5.000000 5.000000 5.000000 -5.000000 -5.000000 5.000000
273 0.7030467968 5.000000 5.000000 1.548064 5.000000 5.000000 -5.000000 5.000000 5.000000 -5.000000 5.000000 5.000000 5.000000 5.000000 -5.000000 -5.000000
274 0.2902673588 -5.000000 -5.000000 0.709239 -5.000000 5.000000 5.000000 5.000000 -5.000000 -5.000000 5.000000 -5.000000 -5.000000 -5.000000 5.000000 -5.000000
275 0.8821017504 5.000000 5.000000 5.000000 -5.000000 5.000000 -5.000000 5.000000 5.000000 -5.000000 5.000000 5.000000 5.000000 5.000000 -5.000000 5.000000
276 0.4993023519 5.000000 -5.000000 -0.786481 -5.000000 5.000000 -5.000000 -5.000000 5.000000 5.000000 -5.000000 5.000000 5.000000 -5.000000 -5.000000 -5.000000
277 0.8139740644 5.000000 -5.000000 1.111857 5.000000 -5.000000 5.000000 5.000000 5.000000 -5.000000 -5.000000 5.000000 5.000000 5.000000 5.000000 -5.000000
278 0.6882048043 -5.000000 5.000000 5.000000 -5.000000 -5.000000 5.000000 5.000000 5.000000 5.000000 5.000000 5.000000 5.000000 5.000000 -5.000000 5.000000
279 0.7340002503 -5.000000 5.000000 -1.225474 -5.000000 5.000000 5.000000 5.000000 5.000000 5.000000 -5.000000 -5.000000 5.000000 -5.000000 -5.000000 -5.000000
280 1.5417847588 5.000000 -5.000000 5.000000 5.000000 -5.000000 5.000000 5.000000 5.000000 -5.000000 5.000000 5.000000 -5.000000 -5.000000 -5.000000 -5.000000
281 0.7587314693 -5.000000 5.000000 0.463910 5.000000 5.000000 5.000000 5.000000 5.000000 -5.000000 5.000000 -5.000000 -5.000000 -5.000000 -5.000000 5.000000
282 0.2517797708 -5.000000 5.000000 3.523919 -5.000000 5.000000 5.000000 5.000000 -5.000000 -5.000000 5.000000 -5.000000 -5.000000 -5.000000 5.000000 5.000000
283 1.1725517223 5.000000 -5.000000 -5.000000 -5.000000 -5.000000 5.000000 -5.000000 5.000000 5.000000 -5.000000 -5.000000 -5.000000 -5.000000 -5.000000 5.000000
284 2.3190448315 -2.058128 -1.958227 -0.121553 -3.811342 2.039739 3.258343 -4.396732 -3.671118 4.348686 3.490531 0.834614 -3.988259 1.694492 -4.448276 -3.580437
285 0.7980241404 5.000000 5.000000 5.000000 5.000000 5.000000 -5.000000 -5.000000 5.000000 5.000000 -5.000000 5.000000 5.000000 5.000000 -5.000000 5.000000
286 0.9465502347 5.000000 -5.000000 0.522512 5.000000 -5.000000 -5.000000 5.000000 -5.000000 -5.000000 5.000000 -5.000000 -5.000000 -5.000000 5.000000 5.000000
287 0.6779753833 -5.000000 5.000000 5.000000 -5.000000 -5.000000 5.000000 -5.000000 -5.000000 -5.000000 -5.000000 5.000000 5.000000 5.000000 5.000000 -5.000000
288 1.0491366472 5.000000 5.000000 -5.000000 -5.000000 5.000000 -5.000000 5.000000 5.000000 5.000000 5.000000 -5.000000 5.000000 -5.000000 -5.000000 -5.000000
289 0.1377934579 -5.000000 5.000000 2.184266 -5.000000 5.000000 5.000000 5.000000 -5.000000 5.000000 5.000000 -5.000000 -5.000000 -5.000000 -5.000000 5.000000
290 0.4809179961 5.000000 -5.000000 -1.072641 -5.000000 5.000000 5.000000 5.000000 -5.000000 -5.000000 5.000000 -5.000000 -5.000000 -5.000000 5.000000 -5.000000
291 1.4328032622 5.000000 -1.118056 5.000000 -0.039143 -2.937796 1.738382 -0.688214 -1.741853 -3.905222 0.235327 -0.337207 2.621665 4.118313 -1.599063 -4.226089
292 0.9452555220 -5.000000 -5.000000 -5.000000 -5.000000 5.000000 5.000000 5.000000 5.000000 5.000000 5.000000 -5.000000 5.000000 -5.000000 -5.000000 -5.000000
293 0.8681590833 -5.000000 -5.000000 -0.836159 5.000000 5.000000 -5.000000 5.000000 5.000000 -5.000000 -5.000000 5.000000 5.000000 5.000000 -5.000000 -5.000000
294 0.4864455133 5.000000 5.000000 1.824385 5.000000 -5.000000 -5.000000 -5.000000 5.000000 -5.000000 5.000000 5.000000 5.000000 5.000000 -5.000000 5.000000
295 0.4789194829 -5.000000 5.000000 1.170453 -5.000000 5.000000 -5.000000 5.000000 5.000000 5.000000 5.000000 -5.000000 -5.000000 -5.000000 -5.000000 -5.000000
296 0.6130642716 -5.000000 5.000000 5.000000 -5.000000 -5.000000 5.000000 5.000000 5.000000 -5.000000 -5.000000 5.000000 5.000000 5.000000 -5.000000 5.000000
297 1.2666195040 5.000000 5.000000 -5.000000 5.000000 -5.000000 5.000000 -5.000000 -5.000000 -5.000000 5.000000 5.000000 -5.000000 -5.000000 -5.000000 5.000000
298 0.8124234154 -5.000000 -5.000000 -0.535705 -5.000000 -5.000000 5.000000 -5.000000 -5.000000 5.000000 -5.000000 5.000000 5.000000 5.000000 5.000000 -5.000000
299 1.0786326504 -5.000000 5.000000 5.000000 5.000000 5.000000 5.000000 -5.000000 -5.000000 -5.000000 5.000000 -5.000000 -5.000000 -5.000000 -5.000000 -5.000000
300 0.8132294284 5.000000 5.000000 1.681581 -5.000000 -5.000000 5.000000 -5.000000 -5.000000 -5.000000 -5.000000 -5.000000 -5.000000 -5.000000 5.000000 5.000000
301 1.2056604229 5.000000 -5.000000 -5.000000 -5.000000 5.000000 -5.000000 5.000000 -5.000000 -5.000000 5.000000 5.000000 -5.000000 -5.000000 5.000000 -5.000000
302 1.3426435857 -5.000000 5.000000 -5.000000 -5.000000 5.000000 5.000000 -5.000000 -5.000000 -5.000000 -5.000000 5.000000 -5.000000 5.000000 -5.000000 5.000000
303 1.0879286787 5.000000 -5.000000 -0.849366 -5.000000 -5.000000 -5.000000 5.000000 5.000000 -5.000000 5.000000 -5.000000 5.000000 -5.000000 5.000000 -5.000000
304 0.3427452104 -5.000000 5.000000 2.692978 5.000000 -5.000000 5.000000 5.000000 -5.000000 -5.000000 5.000000 5.000000 -5.000000 5.000000 -5.000000 5.000000
305 0.4884784232 5.000000 -5.000000 1.375966 -5.000000 5.000000 5.000000 5.000000 -5.000000 -5.000000 5.000000 -5.000000 -5.000000 -5.000000 5.000000 5.000000
306 0.5874903848 5.000000 5.000000 2.674395 -5.000000 -5.000000 5.000000 -5.000000 5.000000 -5.000000 -5.000000 5.000000 5.000000 5.000000 -5.000000 -5.000000
307 0.2189426952 -5.000000 5.000000 2.698854 -5.000000 5.000000 5.000000 5.000000 -5.000000 5.000000 5.000000 -5.000000 5.000000 -5.000000 -5.000000 5.000000
308 0.6003065644 5.000000 5.000000 -3.482229 -5.000000 5.000000 5.000000 5.000000 -5.000000 -5.000000 5.000000 -5.000000 5.000000 5.000000 -5.000000 5.000000
309 0.3104244299 -5.000000 5.000000 3.812549 -5.000000 -5.000000 -5.000000 -5.000000 5.000000 5.000000 -5.000000 5.000000 5.000000 -5.000000 -5.000000 5.000000
310 0.9493925143 5.000000 -5.000000 -5.000000 5.000000 5.000000 -5.000000 5.000000 5.000000 5.000000 5.000000 -5.000000 -5.000000 -5.000000 -5.000000 -5.000000
311 1.0411472449 -5.000000 5.000000 5.000000 -5.000000 -5.000000 -5.000000 5.000000 -5.000000 -5.000000 5.000000 5.000000 -5.000000 5.000000 5.000000 5.000000
312 0.2416220586 -5.000000 5.000000 4.292274 -5.000000 5.000000 -5.000000 5.000000 5.000000 5.000000 5.000000 5.000000 5.000000 -5.000000 -5.000000 5.000000
313 0.7066066611 -5.000000 -5.000000 0.360631 -5.000000 -5.000000 5.000000 -5.000000 5.000000 -5.000000 -5.000000 -5.000000 -5.000000 -5.000000 5.000000 -5.000000
314 0.3721895089 -5.000000 5.000000 2.701341 -5.000000 5.000000 5.000000 5.000000 -5.000000 -5.000000 5.000000 -5.000000 5.000000 5.000000 -5.000000 5.000000
315 1.4780280022 5.000000 -5.000000 -5.000000 5.000000 5.000000 5.000000 5.000000 5.000000 -5.000000 5.000000 5.000000 5.000000 -5.000000 5.000000 5.000000
316 0.9584284488 -5.000000 -5.000000 5.000000 -5.000000 -5.000000 -5.000000 -5.000000 -5.000000 5.000000 -5.000000 -5.000000 5.000000 5.000000 5.000000 -5.000000
317 0.5723798394 -5.000000 -5.000000 0.432323 -5.000000 -5.000000 -5.000000 5.000000 5.000000 5.000000 -5.000000 5.000000 5.000000 5.000000 -5.000000 -5.000000
318 1.2255693237 -5.000000 -5.000000 -5.000000 -5.000000 5.000000 -5.000000 5.000000 5.000000 -5.000000 5.000000 -5.000000 -5.000000 5.000000 -5.000000 -5.000000
319 0.6251687703 -5.000000 5.000000 5.000000 5.000000 -5.000000 5.000000 5.000000 -5.000000 -5.000000 -5.000000 5.000000 5.000000 5.000000 -5.000000 5.000000
320 0.6972451257 -5.000000 5.000000 1.666542 -5.000000 5.000000 5.000000 -5.000000 -5.000000 5.000000 -5.000000 -5.000000 5.000000 5.000000 5.000000 5.000000
321 1.0432657163 -5.000000 -5.000000 5.000000 5.000000 -5.000000 -5.000000 5.000000 5.000000 -5.000000 -5.000000 -5.000000 -5.000000 -5.000000 5.000000 -5.000000
322 0.5462992659 5.000000 5.000000 3.054760 5.000000 -5.000000 -5.000000 5.000000 5.000000 5.000000 5.000000 5.000000 5.000000 5.000000 -5.000000 5.000000
323 0.6839236023 5.000000 5.000000 5.000000 5.000000 -5.000000 5.000000 -5.000000 5.000000 -5.000000 5.000000 5.000000 5.000000 5.000000 -5.000000 5.000000
324 0.7919929303 5.000000 5.000000 0.087921 5.000000 5.000000 -5.000000 5.000000 -5.000000 -5.000000 5.000000 5.000000 5.000000 -5.000000 -5.000000 5.000000
325 0.8278780847 5.000000 -5.000000 -5.000000 -5.000000 5.000000 5.000000 5.000000 -5.000000 5.000000 5.000000 -5.000000 -5.000000 -5.000000 -5.000000 5.000000
326 0.4690721094 -5.000000 5.000000 5.000000 5.000000 5.000000 -5.000000 5.000000 -5.000000 5.000000 5.000000 5.000000 5.000000 -5.000000 -5.000000 5.000000
327 0.8947396610 -5.000000 5.000000 1.066557 5.000000 5.000000 5.000000 -5.000000 -5.000000 -5.000000 -5.000000 -5.000000 -5.000000 -5.000000 5.000000 5.000000
328 0.8706643390 5.000000 5.000000 -5.000000 5.000000 5.000000 5.000000 -5.000000 -5.000000 5.000000 -5.000000 -5.000000 5.000000 5.000000 -5.000000 -5.000000
329 0.9857028604 -5.000000 -5.000000 -1.375250 -5.000000 -5.000000 -5.000000 -5.000000 -5.000000 5.000000 -5.000000 5.000000 -5.000000 5.000000 5.000000 -5.000000
330 1.1170964833 5.000000 -5.000000 -3.362170 5.000000 -5.000000 5.000000 5.000000 -5.000000 -5.000000 5.000000 -5.000000 5.000000 5.000000 -5.000000 -5.000000
331 0.8714833802 5.000000 5.000000 -2.472011 5.000000 5.000000 5.000000 5.000000 -5.000000 5.000000 5.000000 -5.000000 5.000000 -5.000000 5.000000 -5.000000
332 1.4308648030 -5.000000 5.000000 -4.999992 5.000000 5.000000 -5.000000 -5.000000 -5.000000 5.000000 5.000000 5.000000 5.000000 -5.000000 5.000000 5.000000
333 0.4472062422 5.000000 5.000000 2.970847 5.000000 -5.000000 5.000000 5.000000 -5.000000 -5.000000 5.000000 -5.000000 -5.000000 5.000000 -5.000000 5.000000
334 0.6759671900 -5.000000 5.000000 2.765107 5.000000 -5.000000 5.000000 5.000000 -5.000000 -5.000000 5.000000 -5.000000 5.000000 5.000000 -5.000000 -5.000000
335 0.8915303599 -5.000000 5.000000 5.000000 -5.000000 -5.000000 5.000000 5.000000 -5.000000 5.000000 -5.000000 5.000000 5.000000 5.000000 5.000000 5.000000
336 1.0638082640 5.000000 5.000000 -4.998275 -5.000000 -5.000000 -5.000000 -5.000000 5.000000 5.000000 -5.000000 5.000000 -5.000000 -5.000000 -5.000000 -5.000000
337 0.5617738955 -5.000000 -5.000000 -1.230127 -5.000000 5.000000 5.000000 -5.000000 -5.000000 -5.000000 -5.000000 -5.000000 -5.000000 -5.000000 5.000000 -5.000000
338 0.5516163830 5.000000 5.000000 1.606428 5.000000 -5.000000 5.000000 -5.000000 -5.000000 5.000000 -5.000000 5.000000 -4.992987 5.000000 -5.000000 5.000000
339 0.6332168120 -5.000000 5.000000 2.009035 -5.000000 5.000000 5.000000 5.000000 -5.000000 -5.000000 -5.000000 -5.000000 5.000000 -5.000000 5.000000 5.000000
340 0.6835798505 5.000000 5.000000 -1.175197 -5.000000 5.000000 5.000000 5.000000 -5.000000 -5.000000 5.000000 -5.000000 5.000000 -5.000000 5.000000 -5.000000
341 0.9107625495 -5.000000 5.000000 5.000000 5.000000 -5.000000 -5.000000 -5.000000 -5.000000 5.000000 5.000000 -5.000000 5.000000 5.000000 -5.000000 5.000000
342 0.2814456627 -5.000000 5.000000 2.477744 5.000000 5.000000 5.000000 5.000000 -5.000000 -5.000000 5.000000 5.000000 5.000000 5.000000 -5.000000 5.000000
343 0.6672466714 5.000000 5.000000 5.000000 -5.000000 -5.000000 -5.000000 -5.000000 5.000000 5.000000 5.000000 5.000000 5.000000 -5.000000 -5.000000 -5.000000
344 0.8524058777 5.000000 -5.000000 -1.223909 -5.000000 -5.000000 5.000000 5.000000 -5.000000 -5.000000 -5.000000 -5.000000 -5.000000 -5.000000 5.000000 5.000000
345 0.3597768894 5.000000 5.000000 1.055192 -5.000000 5.000000 5.000000 5.000000 -5.000000 5.000000 5.000000 -5.000000 5.000000 -5.000000 -5.000000 5.000000
346 0.9232257393 -5.000000 -5.000000 5.000000 5.000000 -5.000000 5.000000 5.000000 5.000000 -5.000000 -5.000000 5.000000 5.000000 5.000000 5.000000 5.000000
347 0.6144343384 -5.000000 -5.000000 1.522315 5.000000 5.000000 -5.000000 5.000000 5.000000 5.000000 5.000000 5.000000 -5.000000 -5.000000 -5.000000 5.000000
348 0.7284709773 5.000000 -5.000000 1.394407 5.000000 -5.000000 5.000000 -5.000000 5.000000 -5.000000 -5.000000 5.000000 -5.000000 5.000000 5.000000 5.000000
349 0.7638337725 5.000000 5.000000 0.164682 5.000000 -5.000000 -5.000000 -5.000000 5.000000 5.000000 -5.000000 5.000000 -5.000000 -5.000000 -5.000000 5.000000
350 0.8870214595 5.000000 5.000000 0.535846 -5.000000 5.000000 5.000000 -5.000000 -5.000000 5.000000 -5.000000 5.000000 -5.000000 -5.000000 -5.000000 5.000000
351 0.6300678724 -5.000000 5.000000 5.000000 5.000000 -5.000000 -5.000000 5.000000 5.000000 -5.000000 5.000000 5.000000 5.000000 -5.000000 -5.000000 5.000000
352 0.8542043164 5.000000 -5.000000 3.230783 5.000000 -5.000000 5.000000 5.000000 -5.000000 -5.000000 -5.000000 -5.000000 5.000000 5.000000 5.000000 5.000000
353 0.5682291254 -5.000000 5.000000 5.000000 -5.000000 5.000000 5.000000 5.000000 -5.000000 -5.000000 5.000000 5.000000 5.000000 -5.000000 -5.000000 5.000000
354 0.3645423665 5.000000 5.000000 1.335752 5.000000 -5.000000 5.000000 -5.000000 -5.000000 -5.000000 -5.000000 5.000000 5.000000 5.000000 -5.000000 5.000000
355 0.9364448616 -5.000000 -5.000000 -2.528370 5.000000 -5.000000 -5.000000 -5.000000 5.000000 5.000000 -5.000000 -5.000000 -5.000000 -5.000000 -5.000000 -5.000000
356 1.0021966319 -5.000000 5.000000 5.000000 -5.000000 5.000000 -5.000000 -5.000000 -5.000000 -5.000000 5.000000 5.000000 5.000000 5.000000 5.000000 5.000000
357 0.6254325981 5.000000 5.000000 5.000000 5.000000 -5.000000 5.000000 5.000000 -5.000000 -5.000000 5.000000 -5.000000 5.000000 5.000000 5.000000 5.000000
358 0.6057782963 -5.000000 5.000000 5.000000 -5.000000 5.000000 5.000000 -5.000000 -5.000000 5.000000 5.000000 -5.000000 5.000000 -5.000000 5.000000 5.000000
359 0.7439923930 5.000000 5.000000 1.304096 5.000000 -5.000000 5.000000 5.000000 -5.000000 -5.000000 5.000000 5.000000 5.000000 5.000000 5.000000 -5.000000
360 0.5737204988 5.000000 -5.000000 0.166014 5.000000 5.000000 5.000000 5.000000 -5.000000 -5.000000 -5.000000 -5.000000 -5.000000 5.000000 5.000000 -5.000000
361 0.6321951591 5.000000 5.000000 -0.824871 5.000000 5.000000 -5.000000 5.000000 -5.000000 5.000000 5.000000 5.000000 -5.000000 -5.000000 -5.000000 5.000000
362 0.1997170906 5.000000 5.000000 1.712062 5.000000 5.000000 5.000000 5.000000 -5.000000 -5.000000 5.000000 5.000000 5.000000 5.000000 -5.000000 5.000000
363 0.8357685465 -5.000000 5.000000 5.000000 5.000000 5.000000 5.000000 -5.000000 -5.000000 -5.000000 -5.000000 5.000000 5.000000 5.000000 5.000000 5.000000
364 1.0032727846 -5.000000 5.000000 0.326931 5.000000 -5.000000 5.000000 -5.000000 -5.000000 -5.000000 5.000000 5.000000 -5.000000 -5.000000 5.000000 5.000000
365 1.0155864532 -5.000000 -5.000000 -5.000000 -5.000000 5.000000 5.000000 -5.000000 -5.000000 5.000000 -5.000000 -5.000000 5.000000 5.000000 5.000000 5.000000
366 0.8381448688 5.000000 5.000000 5.000000 5.000000 -5.000000 -5.000000 5.000000 5.000000 -5.000000 -5.000000 5.000000 5.000000 5.000000 -5.000000 -5.000000
367 0.2820251133 5.000000 5.000000 2.314865 5.000000 5.000000 5.000000 5.000000 -5.000000 5.000000 5.000000 5.000000 5.000000 5.000000 -5.000000 5.000000
368 1.2400507440 -5.000000 5.000000 -5.000000 5.000000 5.000000 5.000000 -5.000000 5.000000 -5.000000 -5.000000 5.000000 -5.000000 5.000000 -5.000000 -5.000000
369 1.2028830801 5.000000 -5.000000 -5.000000 5.000000 5.000000 -5.000000 5.000000 -5.000000 5.000000 5.000000 -5.000000 5.000000 -5.000000 5.000000 -5.000000
370 0.3354005553 -5.000000 5.000000 0.929896 -5.000000 5.000000 5.000000 5.000000 -5.000000 -5.000000 5.000000 -5.000000 -5.000000 -5.000000 -5.000000 -5.000000
371 1.1848679990 5.000000 -5.000000 -5.000000 -5.000000 5.000000 -5.000000 -5.000000 -5.000000 5.000000 -5.000000 5.000000 5.000000 -5.000000 5.000000 5.000000
372 0.8658495578 -5.000000 -5.000000 -1.697835 5.000000 -5.000000 -5.000000 -5.000000 5.000000 -5.000000 5.000000 5.000000 5.000000 5.000000 -5.000000 5.000000
373 0.9910514587 5.000000 -5.000000 0.559941 5.000000 5.000000 -5.000000 5.000000 5.000000 5.000000 5.000000 5.000000 -5.000000 -5.000000 5.000000 -5.000000
374 0.6405044821 -5.000000 -5.000000 5.000000 -5.000000 -5.000000 -5.000000 5.000000 5.000000 5.000000 5.000000 5.000000 -5.000000 -5.000000 5.000000 -5.000000
375 2.4622803306 1.137039 -4.913587 3.652904 4.320295 -2.373430 -2.786101 4.476345 5.000000 -4.442306 -0.267135 -5.000000 3.333695 4.392120 -3.059402 -2.581984
376 0.9003301158 -5.000000 5.000000 5.000000 -5.000000 5.000000 5.000000 5.000000 5.000000 -5.000000 5.000000 -5.000000 5.000000 -5.000000 5.000000 5.000000
377 0.7928715239 -5.000000 5.000000 5.000000 -5.000000 5.000000 5.000000 5.000000 5.000000 5.000000 -5.000000 5.000000 5.000000 -5.000000 -5.000000 -5.000000
378 0.6699347540 -5.000000 5.000000 2.339098 -5.000000 5.000000 5.000000 5.000000 -5.000000 -5.000000 -5.000000 5.000000 5.000000 5.000000 -5.000000 -5.000000
379 0.7526933406 5.000000 5.000000 0.987280 5.000000 5.000000 -5.000000 -5.000000 5.000000 5.000000 5.000000 5.000000 5.000000 -5.000000 -5.000000 -5.000000
380 1.3963848095 -5.000000 5.000000 -5.000000 5.000000 5.000000 5.000000 -5.000000 5.000000 5.000000 -5.000000 5.000000 5.000000 -5.000000 -5.000000 5.000000
381 0.9156237490 5.000000 -5.000000 5.000000 -5.000000 -5.000000 -5.000000 -5.000000 5.000000 -5.000000 4.999785 5.000000 5.000000 5.000000 5.000000 5.000000
382 0.8296299691 -5.000000 -5.000000 -0.971584 5.000000 5.000000 -5.000000 5.000000 5.000000 5.000000 -5.000000 -5.000000 -5.000000 -5.000000 5.000000 -5.000000
383 1.4027142491 5.000000 5.000000 -4.986000 -5.000000 -5.000000 5.000000 5.000000 -5.000000 5.000000 5.000000 -5.000000 -5.000000 -5.000000 5.000000 5.000000
384 1.1097950649 -5.000000 -5.000000 5.000000 -5.000000 -5.000000 5.000000 -5.000000 -5.000000 5.000000 -5.000000 5.000000 5.000000 5.000000 -5.000000 5.000000
385 0.8343784553 -5.000000 -5.000000 0.117323 5.000000 -5.000000 5.000000 -5.000000 -5.000000 -5.000000 -5.000000 5.000000 5.000000 5.000000 5.000000 5.000000
386 0.8195543260 5.000000 -5.000000 0.670807 5.000000 -5.000000 -5.000000 -5.000000 5.000000 5.000000 -5.000000 5.000000 5.000000 -5.000000 5.000000 5.000000
387 0.6045524527 -5.000000 -5.000000 0.793122 -5.000000 -5.000000 -5.000000 5.000000 5.000000 5.000000 5.000000 5.000000 5.000000 -5.000000 5.000000 5.000000
388 0.8387404863 5.000000 -5.000000 -0.270433 -5.000000 5.000000 -5.000000 5.000000 -5.000000 5.000000 -5.000000 -5.000000 5.000000 -5.000000 5.000000 -5.000000
389 0.7316834959 5.000000 5.000000 5.000000 -5.000000 5.000000 5.000000 -5.000000 -5.000000 -5.000000 -5.000000 5.000000 5.000000 5.000000 5.000000 5.000000
390 1.0709029673 -5.000000 5.000000 -5.000000 -5.000000 5.000000 5.000000 5.000000 -5.000000 5.000000 -5.000000 -5.000000 5.000000 5.000000 -5.000000 5.000000
391 1.0665179856 5.000000 -5.000000 -5.000000 5.000000 5.000000 5.000000 5.000000 -5.000000 -5.000000 -5.000000 5.000000 5.000000 5.000000 -5.000000 -5.000000
392 0.8214334827 5.000000 5.000000 5.000000 5.000000 -5.000000 -5.000000 -5.000000 -5.000000 5.000000 5.000000 5.000000 5.000000 -5.000000 5.000000 5.000000
393 0.5004870036 5.000000 5.000000 0.803893 -5.000000 -5.000000 5.000000 -5.000000 -5.000000 -5.000000 -5.000000 5.000000 5.000000 5.000000 5.000000 5.000000
394 1.1137188843 -5.000000 5.000000 5.000000 5.000000 5.000000 5.000000 -5.000000 -5.000000 5.000000 -5.000000 -5.000000 5.000000 -5.000000 5.000000 -5.000000
395 1.1916219056 -5.000000 5.000000 -5.000000 5.000000 5.000000 -5.000000 5.000000 5.000000 -5.000000 5.000000 5.000000 -5.000000 -5.000000 -5.000000 5.000000
396 1.2814285286 5.000000 -5.000000 5.000000 -5.000000 5.000000 -5.000000 5.000000 -5.000000 5.000000 -5.000000 -5.000000 5.000000 -5.000000 -5.000000 5.000000
397 1.0503465216 -5.000000 5.000000 5.000000 -5.000000 -5.000000 -5.000000 5.000000 -5.000000 5.000000 -5.000000 -5.000000 5.000000 -5.000000 5.000000 -5.000000
398 0.6043466342 5.000000 -5.000000 -1.151834 -5.000000 5.000000 -5.000000 -5.000000 5.000000 5.000000 -5.000000 -5.000000 -5.000000 -5.000000 -5.000000 -5.000000
399 0.8462563014 -5.000000 -5.000000 5.000000 -5.000000 5.000000 -5.000000 5.000000 5.000000 -5.000000 5.000000 5.000000 5.000000 5.000000 5.000000 -5.000000
400 0.1352747021 -5.000000 5.000000 2.467335 -5.000000 5.000000 5.000000 5.000000 -5.000000 5.000000 5.000000 -5.000000 -5.000000 -5.000000 -5.000000 5.000000
401 0.8186963952 -5.000000 -5.000000 0.702942 5.000000 -5.000000 -5.000000 5.000000 5.000000 -5.000000 5.000000 5.000000 5.000000 5.000000 5.000000 -5.000000
402 1.0517728531 -5.000000 5.000000 5.000000 -5.000000 -5.000000 -5.000000 5.000000 5.000000 5.000000 -5.000000 5.000000 5.000000 5.000000 5.000000 -5.000000
403 0.9195627047 -5.000000 -5.000000 5.000000 -5.000000 5.000000 -5.000000 -5.000000 5.000000 5.000000 5.000000 -5.000000 5.000000 -5.000000 -5.000000 5.000000
404 0.5796162519 -5.000000 5.000000 0.696406 5.000000 -5.000000 -5.000000 -5.000000 5.000000 5.000000 5.000000 5.000000 5.000000 5.000000 -5.000000 -5.000000
405 0.8182506451 5.000000 -5.000000 5.000000 -5.000000 -5.000000 5.000000 -5.000000 5.000000 -5.000000 -5.000000 5.000000 5.000000 5.000000 -5.000000 5.000000
406 0.6920214963 5.000000 5.000000 5.000000 5.000000 -5.000000 5.000000 5.000000 -5.000000 -5.000000 -5.000000 5.000000 -5.000000 5.000000 -5.000000 5.000000
407 0.4678737045 -5.000000 5.000000 1.583586 -5.000000 -5.000000 5.000000 -5.000000 5.000000 5.000000 -5.000000 5.000000 5.000000 5.000000 -5.000000 5.000000
408 0.3752193817 -5.000000 5.000000 5.000000 -5.000000 5.000000 5.000000 5.000000 -5.000000 5.000000 5.000000 -5.000000 -5.000000 -5.000000 5.000000 -5.000000
409 0.6506602580 5.000000 5.000000 -1.329783 5.000000 5.000000 5.000000 5.000000 -5.000000 -5.000000 -5.000000 -5.000000 5.000000 5.000000 5.000000 5.000000
410 1.3695004137 5.000000 5.000000 -5.000000 -5.000000 5.000000 5.000000 -5.000000 5.000000 -5.000000 -5.000000 5.000000 5.000000 -5.000000 -5.000000 5.000000
411 0.5556721878 5.000000 5.000000 0.092607 5.000000 5.000000 5.000000 5.000000 -5.000000 -5.000000 5.000000 5.000000 -5.000000 5.000000 -5.000000 -5.000000
412 0.7974495258 -5.000000 5.000000 1.722108 5.000000 -5.000000 5.000000 5.000000 -5.000000 5.000000 5.000000 -5.000000 5.000000 5.000000 5.000000 5.000000
413 0.9732409789 -5.000000 -5.000000 -2.939246 -5.000000 -5.000000 5.000000 -5.000000 5.000000 -5.000000 -5.000000 -5.000000 -5.000000 5.000000 -5.000000 -5.000000
414 0.6116799906 5.000000 5.000000 0.737104 5.000000 -5.000000 5.000000 5.000000 -5.000000 -5.000000 -5.000000 -5.000000 5.000000 5.000000 -5.000000 5.000000
415 1.1844908157 5.000000 -5.000000 5.000000 -5.000000 -5.000000 5.000000 -5.000000 -5.000000 -5.000000 5.000000 5.000000 -5.000000 5.000000 5.000000 5.000000
416 0.7038012002 -5.000000 -5.000000 5.000000 -5.000000 5.000000 5.000000 5.000000 -5.000000 -5.000000 -5.000000 -5.000000 5.000000 5.000000 5.000000 5.000000
417 0.2822567632 -5.000000 5.000000 1.206558 -5.000000 5.000000 -5.000000 5.000000 5.000000 5.000000 5.000000 5.000000 5.000000 -5.000000 -5.000000 5.000000
418 1.3148227968 -5.000000 -5.000000 -5.000000 5.000000 -5.000000 5.000000 5.000000 -5.000000 5.000000 5.000000 -5.000000 -5.000000 5.000000 -5.000000 5.000000
419 1.2427390175 5.000000 -5.000000 5.000000 5.000000 5.000000 -5.000000 5.000000 -5.000000 -5.000000 5.000000 5.000000 -5.000000 5.000000 5.000000 5.000000
420 1.1111355940 5.000000 -5.000000 5.000000 -5.000000 -5.000000 -5.000000 -5.000000 5.000000 5.000000 5.000000 -5.000000 -5.000000 -5.000000 -5.000000 -5.000000
421 1.2791211099 -5.000000 -5.000000 -5.000000 -5.000000 5.000000 5.000000 -5.000000 5.000000 5.000000 -5.000000 5.000000 -5.000000 5.000000 -5.000000 5.000000
422 0.5775248014 5.000000 5.000000 5.000000 -5.000000 -5.000000 -5.000000 5.000000 5.000000 5.000000 5.000000 5.000000 5.000000 -5.000000 -5.000000 5.000000
423 1.3230134588 -5.000000 5.000000 -5.000000 -5.000000 -5.000000 -5.000000 5.000000 5.000000 -5.000000 -5.000000 5.000000 5.000000 -5.000000 -5.000000 -5.000000
424 0.8612928292 -5.000000 -5.000000 0.241014 5.000000 5.000000 5.000000 -5.000000 -5.000000 -5.000000 -5.000000 -5.000000 5.000000 5.000000 5.000000 -5.000000
425 0.7017385653 -5.000000 5.000000 0.847213 5.000000 -5.000000 -5.000000 -5.000000 -5.000000 5.000000 5.000000 -5.000000 -5.000000 -5.000000 -5.000000 5.000000
426 0.9919041608 5.000000 5.000000 5.000000 -5.000000 -5.000000 5.000000 -5.000000 -5.000000 5.000000 -5.000000 -5.000000 5.000000 -5.000000 5.000000 -5.000000
427 2.0217974868 -4.342220 2.912287 -4.463744 -1.398784 -1.314440 -3.234176 -3.971602 -2.976026 -0.299264 -3.077838 -3.573051 -0.625397 0.999478 2.047324 2.586522
428 1.0956651592 5.000000 5.000000 5.000000 -5.000000 -5.000000 5.000000 5.000000 5.000000 5.000000 5.000000 5.000000 5.000000 5.000000 -5.000000 -5.000000
429 0.9157063503 5.000000 -5.000000 -5.000000 5.000000 5.000000 5.000000 -5.000000 -5.000000 -5.000000 -5.000000 5.000000 5.000000 5.000000 5.000000 5.000000
430 0.4136233694 -5.000000 5.000000 4.882318 5.000000 -5.000000 -5.000000 5.000000 5.000000 5.000000 5.000000 5.000000 -5.000000 -5.000000 -5.000000 5.000000
431 0.9841356029 5.000000 5.000000 -5.000000 -5.000000 5.000000 5.000000 5.000000 -5.000000 5.000000 -5.000000 -5.000000 5.000000 5.000000 -5.000000 5.000000
432 0.4952283131 5.000000 5.000000 1.299286 -5.000000 -5.000000 -5.000000 -5.000000 5.000000 5.000000 5.000000 5.000000 5.000000 -5.000000 -5.000000 5.000000
433 1.6998936764 -5.000000 5.000000 -5.000000 -5.000000 5.000000 5.000000 -5.000000 5.000000 -5.000000 5.000000 -5.000000 -5.000000 -5.000000 5.000000 5.000000
434 0.6998386720 -5.000000 5.000000 5.000000 5.000000 -5.000000 -5.000000 -5.000000 5.000000 5.000000 5.000000 5.000000 -5.000000 5.000000 -5.000000 5.000000
435 1.8699242348 -3.048025 2.122886 -0.139062 5.000000 5.000000 2.571061 5.000000 3.606313 3.238345 -1.310337 5.000000 -5.000000 -5.000000 -0.499344 4.967075
436 1.0037130628 5.000000 -5.000000 -5.000000 -5.000000 -5.000000 5.000000 5.000000 5.000000 -5.000000 -5.000000 -5.000000 5.000000 5.000000 -5.000000 -5.000000
437 0.9968671308 5.000000 -5.000000 -1.564026 -5.000000 5.000000 -5.000000 -5.000000 5.000000 5.000000 5.000000 -5.000000 -5.000000 -5.000000 5.000000 5.000000
438 0.6558463686 -5.000000 -5.000000 0.420064 -5.000000 5.000000 -5.000000 5.000000 5.000000 -5.000000 -5.000000 5.000000 5.000000 -5.000000 5.000000 -5.000000
439 1.1840493328 -5.000000 5.000000 5.000000 5.000000 5.000000 -5.000000 -5.000000 5.000000 -5.000000 -5.000000 5.000000 -5.000000 5.000000 -5.000000 5.000000
440 1.6121649060 -5.000000 -5.000000 -5.000000 5.000000 5.000000 -5.000000 5.000000 -5.000000 -5.000000 5.000000 5.000000 5.000000 -5.000000 -5.000000 -5.000000
441 0.5260923290 -5.000000 5.000000 5.000000 -5.000000 -5.000000 5.000000 5.000000 -5.000000 5.000000 5.000000 5.000000 5.000000 -5.000000 -5.000000 5.000000
442 0.7521159259 -5.000000 5.000000 -0.611433 -5.000000 5.000000 5.000000 -5.000000 -5.000000 5.000000 5.000000 -5.000000 5.000000 -5.000000 5.000000 -5.000000
443 0.8186664070 5.000000 -5.000000 5.000000 -5.000000 5.000000 5.000000 5.000000 -5.000000 5.000000 5.000000 -5.000000 5.000000 -5.000000 5.000000 -5.000000
444 0.5322042083 -5.000000 -5.000000 0.334717 -5.000000 -5.000000 -5.000000 5.000000 5.000000 5.000000 -5.000000 5.000000 -5.000000 -5.000000 -5.000000 -5.000000
445 1.5071465977 -4.136189 2.384542 2.686928 -3.390437 0.000614 1.250420 2.596851 1.308471 0.908633 -1.193290 -0.787653 4.737105 4.881804 -1.192714 -0.051513
446 0.6432225797 5.000000 -5.000000 0.946917 -5.000000 5.000000 -5.000000 5.000000 5.000000 5.000000 5.000000 -5.000000 5.000000 -5.000000 -5.000000 -5.000000
447 0.5347029743 -5.000000 -5.000000 1.161548 -5.000000 5.000000 -5.000000 5.000000 5.000000 -5.000000 5.000000 -5.000000 5.000000 -5.000000 5.000000 -5.000000
448 1.1919395977 5.000000 5.000000 5.000000 -5.000000 5.000000 5.000000 5.000000 5.000000 -5.000000 -5.000000 5.000000 5.000000 -5.000000 -5.000000 -5.000000
449 0.9869633737 5.000000 -5.000000 0.986606 5.000000 5.000000 5.000000 5.000000 5.000000 -5.000000 5.000000 -5.000000 5.000000 5.000000 5.000000 5.000000
450 0.2209075898 5.000000 5.000000 1.996138 5.000000 -5.000000 5.000000 5.000000 -5.000000 -5.000000 5.000000 5.000000 5.000000 5.000000 -5.000000 5.000000
