evaluations raw_y x0 x1 x2 x3 x4 x5 x6 x7 x8 x9 x10 x11 x12 x13 x14
1 2.0273475647 2.199574 -3.872387 2.325887 -0.039152 0.156070 3.881091 4.600288 -2.768349 0.168262 1.023865 -1.604598 -3.585647 -3.033390 0.481538 -2.396417
2 1.8424632549 -3.885402 0.946507 0.404001 4.124344 2.744520 -3.785365 4.594082 -1.886215 -2.686176 -2.553413 -2.789080 4.656167 -2.579837 -3.649123 -4.885119
3 2.8989288807 -0.464066 -2.185330 0.261611 -4.427172 2.583585 -3.847328 -3.966957 4.825771 -3.471883 -2.184656 -2.224321 -0.358162 -2.022045 1.749221 -1.110983
4 2.0466868877 2.058781 1.268382 4.552021 -0.071200 -2.631484 0.995183 -1.108563 -0.976062 -0.787081 -4.349313 -3.023295 1.803433 2.281090 1.543056 -1.619669
5 3.6684966087 -0.154634 4.893548 3.622437 -0.026228 3.420685 -1.179497 -1.783183 -0.948254 0.828586 -2.857139 -2.904541 -2.788128 3.200798 -2.238530 3.151742
6 3.1938993931 -0.018179 -3.533972 -4.864551 -2.698433 3.535774 1.913388 -2.605092 4.921359 4.398088 4.330302 -2.616488 -3.208851 -1.782956 -1.513653 1.686759
7 2.0063917637 2.124791 -1.651113 -0.631444 -1.715006 -4.511527 3.887789 -1.209506 -2.558403 2.626524 4.866383 -2.284778 -3.140728 -1.889495 -0.478234 -1.908743
8 2.2714664936 -2.401276 2.562636 -2.446468 -0.791153 -0.390850 -2.712180 -2.519757 4.181023 4.532777 -1.421242 -0.523657 -4.903866 -3.967505 -3.652885 2.149862
9 2.0612394810 -1.861655 0.170240 -2.337462 4.398362 -0.985216 3.616302 2.073836 2.182494 3.343554 -3.641545 -3.716071 2.165149 -0.180583 -2.694809 -2.801916
10 2.0528988838 -3.850291 -2.734544 -3.854198 -2.332795 0.718061 -4.314959 2.415721 -2.460392 -3.220704 -1.181713 3.163201 -1.606442 -3.388152 3.872753 -4.785769
11 3.1605312824 -0.530477 -4.713381 -4.184802 0.543689 -3.390404 -1.661733 1.104109 3.751091 -2.754085 -4.940848 0.419631 -4.131016 -3.053977 -2.808973 -4.408012
12 1.5289528370 4.630762 1.681631 -1.113792 4.335957 -2.651944 3.553191 4.921331 1.910373 1.721328 -4.041582 3.324747 1.544800 -4.855414 -1.141363 -2.093035
13 1.9043154716 4.285105 -2.491347 -4.964189 -1.956530 -3.533041 -1.607948 -3.067670 4.999757 4.159440 4.962805 2.235943 -2.981426 -4.707186 -2.404751 3.269763
14 1.7970703840 3.775614 -3.851076 3.624508 -0.295393 4.876507 3.516610 -4.134254 0.907967 -0.086127 -2.634488 0.263035 -4.964050 1.080675 -1.906697 -3.488231
15 3.3325622082 0.309600 -2.832253 3.479875 -1.674850 1.088768 3.743131 -1.049949 4.065467 -1.118106 -0.683521 -4.336641 1.066544 3.612045 -4.674878 -4.639634
16 1.8047018051 -4.595902 -1.205173 1.630371 -3.518155 3.298902 -2.545907 0.090160 -0.806144 -1.698140 -0.370199 3.951093 -0.087337 -2.436467 3.393451 2.309351
17 2.7378211021 0.627692 4.314705 -0.672877 -3.302156 -1.163721 4.166059 3.292339 -3.143340 -0.018313 4.186537 -2.350004 2.467832 1.339670 2.145997 -1.442447
18 2.0100758076 2.026080 -2.908959 -0.238811 -1.744241 1.831982 -0.753571 4.802367 4.861365 -2.586453 2.939077 1.489186 -1.129524 -1.108094 -4.996815 -1.891845
19 1.6900441647 -3.847082 -3.729351 1.810541 -3.559225 0.182908 -2.956249 -2.892587 -3.162438 -1.329188 3.681091 -4.685681 1.480908 -1.079909 3.521826 -1.386303
20 1.9077022076 2.533641 4.836776 4.108328 3.528685 3.681574 -1.384722 2.532592 2.128697 0.971763 -1.474768 -4.634386 1.961027 -4.845253 -3.918037 -4.777303
21 1.7947597504 4.453845 0.037574 -1.684168 -3.110235 1.721151 2.822020 -0.682061 3.012245 -0.682027 2.480255 -0.318734 -0.079515 -1.171482 4.952565 2.348478
22 2.0632953644 -1.644181 -2.748469 -1.694232 -3.896742 -4.253035 -0.873691 -4.752221 -1.636640 -2.753237 -3.415908 4.140663 -0.648665 4.572996 -3.289239 4.553770
23 2.9239385128 -0.890598 -1.209937 2.982475 -1.281660 -2.404482 -3.123759 -4.988094 3.969327 2.345339 -1.655171 1.413580 4.209880 -1.343747 0.321126 -0.570690
24 2.1385850906 1.532271 4.814980 0.962171 0.879889 -4.214332 4.280110 -1.132920 3.656582 1.296704 -0.552094 -0.783672 -4.151770 -0.155082 -4.082237 -0.334607
25 1.7678203583 -3.628959 -2.041923 -1.044503 -3.859875 -2.378539 -2.112141 -3.723788 3.096386 4.903289 -0.668299 3.079360 1.165783 -0.970219 -1.822124 -3.137813
26 2.0852909088 3.591770 -1.528552 0.321993 -1.052912 -4.990430 2.260640 -4.568644 -3.160484 -4.745640 3.233336 -4.369426 -4.503300 -1.936018 3.983246 -4.439177
27 1.8130635023 -3.670595 0.235328 -1.267272 2.149069 -2.331694 3.139425 -0.535410 -0.494130 0.851686 -3.666738 -1.987823 2.139951 3.875884 -2.248137 -4.041946
28 1.9343637228 4.639019 -3.925302 4.321443 1.484143 -1.704798 0.235948 -4.349899 -4.322696 -0.914506 4.295542 0.805122 1.034798 3.016732 -1.969576 -4.421930
29 2.6644728184 1.046162 -1.225964 3.172172 -1.601596 3.375587 -0.916296 -0.545812 1.774248 0.135686 -0.110460 3.511501 3.591908 -0.264161 4.304500 4.153234
30 3.1984248161 0.178214 -2.649696 0.933855 0.637250 -1.231666 -2.296237 -4.009235 -4.624329 -3.326749 -3.234552 -1.846037 -0.887514 -3.458899 -1.942888 2.972731
31 2.2702913284 2.120894 3.885149 -4.913688 -0.726943 -4.081946 -2.833929 2.781869 -0.949996 -0.478380 3.221406 -3.048818 -1.390888 -1.983514 -1.433773 -2.391888
32 2.1204960346 -2.982168 -3.175293 -4.913499 -4.733129 3.527800 -3.940445 -0.072381 -2.021153 -1.738739 4.081238 -1.717663 -4.971637 1.449112 2.439218 4.455724
33 1.7579468489 -4.526607 -2.536708 -3.359538 -2.980732 -1.427865 3.778082 -2.323850 4.785912 -1.866297 3.310417 -4.550871 -0.345235 -4.316544 -1.480339 3.857733
34 1.9082241058 2.244593 3.586424 1.645104 -2.158929 -3.737988 -2.075934 1.791711 -4.689906 1.725196 -0.803437 -2.562158 4.900350 -0.072809 -2.383630 -2.966094
35 1.7115687132 4.248698 3.347272 -3.954897 3.675685 -2.239080 0.500041 2.512354 -3.129383 -1.454701 3.885502 -0.952781 -1.027235 2.062443 4.774966 4.454155
36 1.7893850803 3.379772 0.624884 0.872205 3.021803 3.238254 1.175198 -3.765517 1.162584 0.653852 -3.674197 0.554385 -4.299578 3.381674 -0.940706 -3.431544
37 1.9666928053 -4.836723 -3.570749 1.378671 1.164362 -1.199496 3.512058 -1.544322 -4.066873 -0.966005 -0.253874 4.192945 3.690611 0.754369 -1.428851 -4.398973
38 1.7454276085 3.328209 3.217085 -1.667743 4.222584 -4.523499 2.706668 -0.682257 -2.091665 -3.704837 2.022913 2.253902 3.792039 3.215176 2.160695 0.837565
39 1.8673889637 4.584088 -2.439529 -0.778566 1.325192 1.489725 -0.864878 -4.160849 -1.945081 -4.705382 -3.947765 2.386594 1.758939 -0.782013 3.214745 0.693055
40 2.8012239933 -0.649933 -3.838130 -1.373404 3.387363 2.024502 0.117616 -4.778548 -4.841214 -0.856702 0.715942 -2.556897 4.353489 2.054081 -1.315937 2.253978
41 1.8837815523 3.559767 2.734274 3.991431 2.699074 1.462933 -3.432822 -4.258516 1.930445 -3.292058 -0.551331 -4.826155 4.884321 -2.890509 -0.842042 3.750298
42 2.1513929367 -3.252522 -0.617530 -4.655895 -2.213060 -4.142022 4.692390 -0.053357 -1.848170 2.472071 0.659318 -0.635694 1.473708 -1.600850 -3.370972 -3.808758
43 1.6864494085 -4.049296 -2.129782 -1.670444 -2.842463 0.520130 0.936795 -4.503369 2.653344 -1.960561 4.349294 0.294846 4.450465 -0.578839 4.237660 -0.800323
44 2.0961854458 1.729831 -1.883412 0.730016 0.973607 0.639910 -3.306587 -3.808147 -4.000743 -3.245611 2.620959 2.149467 3.015814 -3.792272 3.229954 -2.039853
45 2.9931392670 -0.223658 -4.861861 2.061294 -3.973138 -3.903012 -3.680145 -3.653682 -4.940171 -1.131832 -3.562601 4.393482 -4.272470 -0.671749 -2.136135 -1.531980
46 2.1527307034 3.074793 -5.000000 5.000000 -5.000000 5.000000 5.000000 5.000000 5.000000 5.000000 -5.000000 5.000000 5.000000 5.000000 -5.000000 -5.000000
47 1.9605190754 4.156112 5.000000 2.835325 5.000000 -0.846487 5.000000 3.834567 5.000000 3.062076 -5.000000 5.000000 -1.963714 -5.000000 1.434086 -5.000000
48 1.9637912512 -2.728180 -5.000000 0.630162 0.305803 5.000000 5.000000 5.000000 5.000000 -5.000000 5.000000 -5.000000 5.000000 5.000000 5.000000 5.000000
49 2.1992573738 4.515283 4.325763 -2.771317 5.000000 5.000000 5.000000 5.000000 5.000000 5.000000 -5.000000 5.000000 5.000000 -0.221296 -5.000000 5.000000
50 1.8308255672 5.000000 -4.381835 -2.813089 2.780580 -5.000000 2.870465 5.000000 -1.824354 -2.883231 -5.000000 2.237357 2.750784 -5.000000 -0.660637 -5.000000
51 1.8416372538 4.809300 2.834876 -1.841316 5.000000 -5.000000 -1.041868 5.000000 -4.999818 4.309183 5.000000 5.000000 5.000000 -5.000000 1.884710 -5.000000
52 1.8586109877 4.293415 5.000000 0.048645 5.000000 -5.000000 4.472289 5.000000 -0.222247 5.000000 5.000000 5.000000 -3.691481 -5.000000 -0.263597 -5.000000
53 1.9821920395 4.350301 0.556960 -1.037750 5.000000 -5.000000 5.000000 5.000000 4.226245 -1.244814 -5.000000 4.566623 -2.772457 -5.000000 -5.000000 1.639231
54 2.2859754562 4.601671 4.971975 -5.000000 5.000000 -1.166890 5.000000 5.000000 5.000000 5.000000 -5.000000 -5.000000 5.000000 2.358461 0.653377 -0.889984
55 1.6736052036 4.596035 -0.150518 0.226118 3.812562 0.720537 -5.000000 -0.464943 -0.015460 1.760432 -5.000000 5.000000 5.000000 -5.000000 5.000000 -2.297690
56 1.9718306065 5.000000 5.000000 5.000000 -5.000000 -5.000000 -5.000000 5.000000 2.303788 5.000000 -5.000000 5.000000 5.000000 -5.000000 0.594133 -5.000000
57 1.9504187107 -4.131788 -5.000000 5.000000 -3.822759 5.000000 -5.000000 -5.000000 1.670375 5.000000 5.000000 -5.000000 5.000000 5.000000 -5.000000 5.000000
58 2.1116671562 -3.950087 -5.000000 4.299150 -0.889059 -5.000000 5.000000 -5.000000 2.432359 -5.000000 -5.000000 -5.000000 -5.000000 -5.000000 5.000000 -5.000000
59 1.8509284258 -4.249105 5.000000 0.219188 -4.385626 -5.000000 -5.000000 4.933518 5.000000 2.285588 5.000000 -5.000000 5.000000 -1.269699 5.000000 -5.000000
60 1.8146021366 4.228868 1.998722 -0.573282 5.000000 -3.717625 -5.000000 5.000000 -4.476742 5.000000 -0.894023 -5.000000 1.613784 -5.000000 5.000000 -5.000000
61 1.8638209105 5.000000 -5.000000 -0.818922 2.658539 3.730365 -5.000000 1.250298 -5.000000 3.193323 -5.000000 3.675600 -5.000000 -5.000000 5.000000 -5.000000
62 1.7926523685 -4.167598 -5.000000 -0.787972 -5.000000 5.000000 -5.000000 -5.000000 5.000000 1.794912 -5.000000 -5.000000 5.000000 5.000000 5.000000 5.000000
63 2.1528010368 4.045265 5.000000 -1.333585 2.568697 5.000000 -5.000000 -5.000000 -5.000000 0.001554 5.000000 5.000000 5.000000 -5.000000 -4.398729 -5.000000
64 1.5775307417 -4.321947 -5.000000 0.965466 -5.000000 -5.000000 5.000000 -5.000000 -0.691164 5.000000 5.000000 5.000000 5.000000 -5.000000 5.000000 -1.792902
65 2.0861744881 4.501574 -5.000000 5.000000 1.481881 -5.000000 5.000000 5.000000 5.000000 5.000000 5.000000 5.000000 5.000000 -5.000000 5.000000 5.000000
66 1.9677046537 5.000000 -5.000000 -0.125406 5.000000 -5.000000 -5.000000 5.000000 1.002290 5.000000 -5.000000 -5.000000 -5.000000 -5.000000 5.000000 5.000000
67 1.4929894209 4.443235 -2.076092 -0.088421 4.351002 5.000000 -1.736900 5.000000 -2.750384 3.212453 -5.000000 5.000000 3.229739 -5.000000 0.157446 2.860152
68 1.5302722454 4.352803 -5.000000 -2.475660 5.000000 -1.710841 1.213406 5.000000 -0.521898 0.913718 -5.000000 5.000000 4.113089 -5.000000 1.083715 5.000000
69 1.8933650255 -3.970763 -5.000000 3.456342 4.456890 5.000000 2.162623 -5.000000 0.760668 2.990438 5.000000 4.962238 5.000000 -2.855414 3.054963 5.000000
70 2.2000162601 4.417411 -3.169183 -0.555993 3.590061 -5.000000 5.000000 5.000000 5.000000 3.207519 -5.000000 5.000000 5.000000 -5.000000 0.437112 -5.000000
71 1.9450541735 4.277562 -5.000000 1.395607 5.000000 5.000000 5.000000 5.000000 -1.822113 -5.000000 -5.000000 5.000000 5.000000 5.000000 3.134907 5.000000
72 1.6835871935 4.604464 -3.063275 -0.496675 5.000000 5.000000 -0.236396 5.000000 -0.646178 5.000000 -5.000000 5.000000 1.323266 -5.000000 1.361237 5.000000
73 1.9157053232 4.461707 5.000000 -3.065001 5.000000 -5.000000 5.000000 5.000000 -2.037380 1.410875 -2.994999 5.000000 0.669319 -5.000000 -3.063408 5.000000
74 1.6614918709 4.271498 5.000000 3.827813 5.000000 5.000000 -0.432852 5.000000 -3.061591 0.521125 -5.000000 5.000000 0.814049 -5.000000 5.000000 -4.484962
75 1.6739076376 -4.441243 5.000000 -0.839207 -5.000000 -5.000000 1.201914 -5.000000 5.000000 5.000000 -0.854577 -5.000000 5.000000 -5.000000 5.000000 -5.000000
76 2.0036168098 -4.385730 5.000000 -5.000000 -5.000000 -5.000000 1.126297 -5.000000 0.177779 5.000000 5.000000 -5.000000 5.000000 5.000000 5.000000 -5.000000
77 1.6953607798 -4.007958 -5.000000 5.000000 -5.000000 -5.000000 0.524755 2.907771 5.000000 1.384764 -3.622116 -5.000000 5.000000 -5.000000 5.000000 5.000000
78 1.7097289562 3.698381 -5.000000 -0.231541 5.000000 5.000000 -1.706172 5.000000 -5.000000 5.000000 -5.000000 5.000000 3.956382 5.000000 5.000000 5.000000
79 1.6637287140 4.242271 -5.000000 -3.512568 5.000000 5.000000 -1.867701 5.000000 4.813965 -5.000000 -5.000000 5.000000 1.880951 -5.000000 5.000000 5.000000
80 1.8271754980 4.212080 -5.000000 -5.000000 5.000000 -5.000000 -1.654444 5.000000 -5.000000 0.549846 -5.000000 5.000000 5.000000 -5.000000 -5.000000 5.000000
81 1.6540894508 4.349675 5.000000 0.013736 5.000000 5.000000 -1.066286 5.000000 5.000000 0.603787 -5.000000 5.000000 -0.310212 -5.000000 5.000000 5.000000
82 1.6020303965 -2.853394 -5.000000 3.678213 -5.000000 -5.000000 -1.710141 -4.856907 -5.000000 -5.000000 -5.000000 5.000000 5.000000 5.000000 5.000000 -5.000000
83 1.7758972645 -4.639440 -5.000000 0.775229 -5.000000 -5.000000 4.724243 5.000000 5.000000 -5.000000 -5.000000 5.000000 5.000000 -5.000000 5.000000 5.000000
84 1.8045518398 -3.316936 -5.000000 5.000000 -5.000000 -5.000000 0.902081 5.000000 -5.000000 5.000000 -5.000000 5.000000 5.000000 5.000000 -5.000000 -4.363373
85 1.6362837553 -2.874836 5.000000 0.788807 -5.000000 5.000000 -2.007689 -5.000000 -5.000000 -5.000000 -5.000000 -5.000000 5.000000 5.000000 5.000000 5.000000
86 1.7848415375 -3.352439 5.000000 5.000000 -5.000000 -5.000000 -2.182700 -5.000000 5.000000 -5.000000 -5.000000 5.000000 5.000000 5.000000 -5.000000 5.000000
87 1.9989736080 -2.514437 -5.000000 -3.389585 5.000000 -5.000000 -2.581830 -5.000000 -5.000000 -5.000000 -5.000000 5.000000 5.000000 5.000000 5.000000 -5.000000
88 1.8634977341 4.274575 5.000000 0.268203 5.000000 0.444287 -1.277943 5.000000 1.006708 -5.000000 -5.000000 5.000000 -0.140811 5.000000 -5.000000 -5.000000
89 1.6412167549 -3.815042 -5.000000 1.630070 -5.000000 5.000000 0.153127 -5.000000 -5.000000 -5.000000 -5.000000 -5.000000 5.000000 -5.000000 5.000000 5.000000
90 1.7624597549 4.013344 5.000000 1.118073 5.000000 5.000000 1.327152 5.000000 -5.000000 5.000000 -5.000000 5.000000 2.077652 -5.000000 -5.000000 5.000000
91 2.2484374046 2.239052 5.000000 -4.500315 5.000000 5.000000 5.000000 -5.000000 5.000000 -5.000000 -5.000000 5.000000 5.000000 5.000000 5.000000 5.000000
92 1.7345253229 4.437287 -5.000000 -1.017208 5.000000 5.000000 0.479032 5.000000 -5.000000 5.000000 -5.000000 5.000000 -2.217312 -5.000000 5.000000 5.000000
93 2.0035829544 -2.762587 -5.000000 3.868293 -5.000000 5.000000 -5.000000 5.000000 -5.000000 -5.000000 5.000000 -5.000000 5.000000 5.000000 5.000000 -5.000000
94 1.5942414999 -3.768556 5.000000 2.135405 -5.000000 5.000000 0.735778 -5.000000 5.000000 -5.000000 -5.000000 5.000000 5.000000 5.000000 5.000000 -5.000000
95 1.7118074894 5.000000 5.000000 5.000000 5.000000 5.000000 3.602702 5.000000 -5.000000 -5.000000 -5.000000 5.000000 -5.000000 -5.000000 4.998489 5.000000
96 1.7343821526 -2.629596 5.000000 3.555069 -5.000000 5.000000 0.873685 -5.000000 -5.000000 -5.000000 5.000000 5.000000 5.000000 5.000000 5.000000 5.000000
97 1.6158756018 -3.866927 5.000000 3.005445 -5.000000 5.000000 -0.631663 -5.000000 -5.000000 5.000000 -5.000000 5.000000 5.000000 -5.000000 5.000000 -5.000000
98 1.5487712622 4.531517 -5.000000 3.306544 5.000000 5.000000 -1.110450 5.000000 -1.244290 -5.000000 -5.000000 -5.000000 4.025201 -5.000000 5.000000 5.000000
99 1.7621686459 -4.311774 -5.000000 5.000000 -5.000000 5.000000 1.599465 -5.000000 5.000000 -5.000000 5.000000 5.000000 5.000000 -5.000000 -5.000000 -5.000000
100 1.7328367233 -3.663117 -5.000000 5.000000 -5.000000 -5.000000 -0.387035 -5.000000 -5.000000 -5.000000 -5.000000 -5.000000 5.000000 5.000000 5.000000 -5.000000
101 1.7084534168 5.000000 -5.000000 -0.788276 -5.000000 5.000000 1.784465 5.000000 -5.000000 -5.000000 -5.000000 5.000000 -5.000000 -5.000000 5.000000 5.000000
102 1.7791574001 4.405216 -5.000000 0.220961 -2.193583 5.000000 -0.868853 5.000000 -5.000000 -5.000000 -5.000000 -5.000000 5.000000 -5.000000 5.000000 5.000000
103 1.8438948393 3.455200 -5.000000 5.000000 5.000000 5.000000 0.020072 5.000000 5.000000 5.000000 5.000000 5.000000 0.752414 5.000000 5.000000 5.000000
104 1.6180409193 -3.456145 1.841889 0.043439 -5.000000 3.127539 1.150198 -5.000000 1.180502 0.729883 4.967945 2.243738 4.615628 -2.817939 5.000000 -5.000000
105 1.6742640734 5.000000 5.000000 1.555191 5.000000 5.000000 -0.635530 5.000000 5.000000 -5.000000 -5.000000 -5.000000 1.914380 -5.000000 5.000000 5.000000
106 2.4607105255 -2.280629 4.916666 -5.000000 -5.000000 5.000000 0.879392 -5.000000 -4.437092 -4.248658 -5.000000 -5.000000 5.000000 5.000000 -5.000000 -5.000000
107 1.5411446095 -3.590820 -5.000000 1.348440 -5.000000 -5.000000 0.322319 -5.000000 -5.000000 5.000000 5.000000 5.000000 5.000000 5.000000 5.000000 5.000000
108 1.5160878897 -3.627690 5.000000 1.488420 -5.000000 -5.000000 0.340612 -5.000000 -5.000000 -5.000000 5.000000 5.000000 5.000000 -5.000000 5.000000 5.000000
109 1.5472158194 -3.355662 -5.000000 1.424675 -5.000000 -5.000000 0.206198 -5.000000 -5.000000 -5.000000 -5.000000 5.000000 5.000000 -5.000000 5.000000 5.000000
110 1.5996806622 -3.551928 -5.000000 1.497351 -5.000000 -5.000000 0.492312 -5.000000 5.000000 5.000000 -5.000000 5.000000 5.000000 -5.000000 5.000000 5.000000
111 1.6021455526 -3.542409 5.000000 1.473223 -5.000000 -5.000000 -0.030552 -5.000000 -5.000000 5.000000 -5.000000 5.000000 5.000000 5.000000 5.000000 5.000000
112 1.4858186245 -3.657664 -5.000000 1.383935 -5.000000 -5.000000 0.203418 -5.000000 -5.000000 -5.000000 5.000000 5.000000 5.000000 5.000000 5.000000 5.000000
113 1.7289403677 -3.927132 5.000000 1.151289 -5.000000 -5.000000 1.220214 -5.000000 4.995944 -5.000000 5.000000 5.000000 5.000000 -5.000000 -5.000000 5.000000
114 1.5052213669 -3.462627 -5.000000 1.421210 -5.000000 -5.000000 -0.405840 -5.000000 -5.000000 -5.000000 5.000000 5.000000 5.000000 5.000000 5.000000 5.000000
115 1.9252667427 5.000000 2.443681 5.000000 -5.000000 5.000000 2.171649 5.000000 5.000000 5.000000 -5.000000 -5.000000 -5.000000 -5.000000 -5.000000 5.000000
116 1.6535480022 -3.656130 -5.000000 1.283009 -5.000000 -5.000000 0.022859 5.000000 -5.000000 -5.000000 5.000000 5.000000 5.000000 5.000000 5.000000 5.000000
117 1.5352232456 -3.115658 -5.000000 1.447195 -5.000000 -5.000000 0.349421 -5.000000 -5.000000 -5.000000 5.000000 5.000000 -0.353292 5.000000 5.000000 5.000000
118 1.5996700525 -3.385173 -5.000000 1.826401 -5.000000 -5.000000 0.539575 -5.000000 -5.000000 -5.000000 5.000000 5.000000 5.000000 -5.000000 5.000000 -5.000000
119 1.9445334673 -4.047140 5.000000 0.928465 -5.000000 5.000000 1.250125 5.000000 5.000000 5.000000 5.000000 5.000000 5.000000 -5.000000 5.000000 5.000000
120 1.5350791216 -3.398270 -5.000000 1.487324 -5.000000 -5.000000 1.226586 -5.000000 -5.000000 -5.000000 -5.000000 5.000000 2.425987 5.000000 5.000000 5.000000
121 1.6346694231 4.702738 -5.000000 1.089601 5.000000 -4.999710 -2.080244 5.000000 -5.000000 -5.000000 -5.000000 5.000000 3.028206 -5.000000 5.000000 5.000000
122 1.5222218037 -3.126136 -5.000000 1.205849 -5.000000 -5.000000 0.473990 -5.000000 -5.000000 -5.000000 -5.000000 5.000000 5.000000 5.000000 5.000000 5.000000
123 1.5079060793 -3.506061 -5.000000 1.877070 -5.000000 -5.000000 0.210467 -5.000000 -0.790364 -5.000000 -5.000000 5.000000 4.046289 5.000000 5.000000 5.000000
124 1.6957654953 5.000000 -5.000000 3.194286 5.000000 5.000000 -2.225777 5.000000 -5.000000 -5.000000 -5.000000 5.000000 5.000000 -5.000000 5.000000 5.000000
125 1.5594829321 -3.636119 -5.000000 1.399402 -5.000000 -5.000000 -0.163752 -5.000000 -5.000000 -5.000000 -5.000000 5.000000 5.000000 5.000000 5.000000 -5.000000
126 1.8080708981 -5.000000 -5.000000 -2.491832 -5.000000 -5.000000 5.000000 -5.000000 -5.000000 -5.000000 5.000000 -5.000000 -5.000000 5.000000 5.000000 5.000000
127 1.6341189146 -3.075334 -5.000000 1.548155 -5.000000 -5.000000 1.138537 -5.000000 -5.000000 5.000000 -5.000000 -5.000000 5.000000 5.000000 5.000000 5.000000
128 1.7659466267 5.000000 5.000000 -5.000000 5.000000 -5.000000 0.356393 5.000000 -5.000000 -5.000000 -5.000000 5.000000 -5.000000 -5.000000 5.000000 5.000000
129 1.8298202753 5.000000 -5.000000 -5.000000 -5.000000 -5.000000 -3.282121 5.000000 5.000000 -5.000000 -5.000000 5.000000 1.616827 -5.000000 5.000000 5.000000
130 1.6326847076 -3.138119 -0.795737 1.087909 -5.000000 -5.000000 -1.638328 -5.000000 5.000000 -5.000000 5.000000 5.000000 3.064672 5.000000 5.000000 5.000000
131 1.9973243475 3.043916 -5.000000 0.158213 5.000000 -5.000000 -0.933671 5.000000 5.000000 5.000000 -5.000000 -5.000000 5.000000 -5.000000 5.000000 5.000000
132 1.5388536453 -3.478742 -5.000000 1.687118 -5.000000 -5.000000 -0.186211 -1.422679 -5.000000 -5.000000 -5.000000 5.000000 5.000000 5.000000 5.000000 5.000000
133 1.5175821781 -3.630607 -5.000000 1.881857 -5.000000 -5.000000 0.392705 -5.000000 -0.774404 -5.000000 -5.000000 5.000000 3.563593 5.000000 5.000000 5.000000
134 1.6204578876 4.363374 -5.000000 1.847878 5.000000 5.000000 -0.200497 5.000000 -2.529919 -5.000000 -5.000000 5.000000 -5.000000 -5.000000 0.169171 5.000000
135 1.6730166674 5.000000 5.000000 0.949285 5.000000 5.000000 3.492738 -5.000000 -5.000000 -5.000000 -5.000000 5.000000 -5.000000 -5.000000 5.000000 5.000000
136 1.6241127253 -2.776903 -5.000000 1.600674 5.000000 -5.000000 0.893753 -5.000000 -5.000000 -5.000000 -5.000000 5.000000 5.000000 5.000000 5.000000 5.000000
137 1.4849677086 -3.882280 -5.000000 1.204993 -5.000000 -5.000000 0.134241 -5.000000 -5.000000 -5.000000 5.000000 5.000000 5.000000 5.000000 5.000000 5.000000
138 1.5412054062 -3.524907 -5.000000 1.692205 -5.000000 -5.000000 0.361314 -2.310130 -5.000000 -5.000000 5.000000 5.000000 5.000000 5.000000 5.000000 5.000000
139 1.7122285366 -4.327294 -5.000000 0.702385 -5.000000 -5.000000 2.126940 -5.000000 5.000000 -5.000000 -5.000000 -5.000000 5.000000 5.000000 5.000000 5.000000
140 1.5849022865 -3.908065 -5.000000 1.704059 -5.000000 -5.000000 -1.046003 -5.000000 -5.000000 -5.000000 -5.000000 5.000000 5.000000 -5.000000 5.000000 -5.000000
141 1.9378203154 2.760422 5.000000 3.684130 5.000000 5.000000 2.891672 -5.000000 -5.000000 -5.000000 5.000000 5.000000 -5.000000 5.000000 -5.000000 5.000000
142 1.5893183947 5.000000 0.616153 0.322282 4.192342 0.594896 0.076692 4.869173 -1.846524 -0.269203 -3.040532 2.112968 1.430177 -4.376781 0.891940 0.296046
143 1.5388283730 -5.000000 -2.322645 0.318067 -5.000000 -3.621821 0.846867 -5.000000 -2.668311 -1.706651 1.834076 3.788827 4.218935 -1.094401 5.000000 2.266388
144 1.5635017157 -3.542928 -0.025972 1.692123 -5.000000 -5.000000 -0.711153 -5.000000 -5.000000 -5.000000 -0.358686 5.000000 5.000000 5.000000 5.000000 4.985613
145 1.5768483877 4.483314 -2.323067 0.873358 5.000000 5.000000 0.251097 0.979562 -5.000000 -5.000000 -5.000000 5.000000 0.047026 -5.000000 5.000000 5.000000
146 1.5364966393 -4.425239 -5.000000 0.452770 -5.000000 -5.000000 0.242744 -5.000000 -5.000000 -5.000000 5.000000 5.000000 5.000000 -5.000000 5.000000 5.000000
147 1.8958309889 4.577639 4.992846 -0.008477 4.998828 5.000000 -0.845723 5.000000 -0.296877 -5.000000 5.000000 5.000000 1.279949 -5.000000 5.000000 5.000000
148 1.5658774376 -3.278989 -5.000000 1.371284 -5.000000 -5.000000 0.357952 -5.000000 -5.000000 -5.000000 0.303843 5.000000 5.000000 5.000000 5.000000 5.000000
149 1.6722402573 -4.580347 -5.000000 1.010053 -5.000000 -5.000000 0.727077 -5.000000 -5.000000 4.256187 5.000000 -5.000000 5.000000 -5.000000 5.000000 5.000000
150 1.6306179762 4.545411 1.653880 0.433844 5.000000 2.115879 1.668513 5.000000 2.861422 -1.284185 -5.000000 4.534099 3.123304 -5.000000 5.000000 5.000000
151 1.6435389519 -4.476041 -5.000000 0.828689 -5.000000 -5.000000 0.531283 -5.000000 5.000000 -5.000000 5.000000 5.000000 5.000000 -5.000000 5.000000 -5.000000
152 1.6105434895 -5.000000 -5.000000 -2.772856 -5.000000 -5.000000 0.610839 -5.000000 -5.000000 -5.000000 -5.000000 5.000000 5.000000 -5.000000 5.000000 5.000000
153 1.5384867191 -3.645887 -5.000000 1.755535 -5.000000 -5.000000 0.580800 -5.000000 -5.000000 -0.387106 -0.332554 5.000000 5.000000 5.000000 5.000000 5.000000
154 1.4729084969 -3.151162 -5.000000 2.008403 -5.000000 0.602424 -0.399816 -5.000000 -5.000000 -5.000000 -5.000000 5.000000 2.049395 -5.000000 5.000000 5.000000
155 1.4227950573 -3.528566 -5.000000 2.456345 -5.000000 -0.029540 0.091076 -5.000000 -5.000000 -5.000000 -1.244439 5.000000 5.000000 4.930059 5.000000 5.000000
156 1.7878643274 5.000000 2.310811 -0.427851 3.656041 0.198510 3.209026 5.000000 -3.120071 2.525662 -2.223468 2.081305 -0.567011 -3.825741 -3.353410 -3.926053
157 1.4269139767 -3.188847 -5.000000 2.526902 -5.000000 2.948671 0.025532 -5.000000 -5.000000 -0.991376 -5.000000 5.000000 1.529517 5.000000 5.000000 5.000000
158 1.5920006037 4.427755 5.000000 1.425345 5.000000 -1.367517 -0.152015 5.000000 -1.384637 2.015990 -5.000000 5.000000 2.515387 -5.000000 -1.218995 1.107991
159 1.5723286867 -3.102845 -5.000000 2.388025 -2.350711 5.000000 -1.007386 -5.000000 -5.000000 -3.490397 -5.000000 5.000000 1.733129 5.000000 5.000000 5.000000
160 1.4242590666 -3.295276 -5.000000 2.573640 -5.000000 -0.453743 1.284794 -5.000000 -5.000000 -0.752906 -2.761462 5.000000 3.248802 5.000000 5.000000 5.000000
161 1.6319899559 -3.029389 -5.000000 3.234491 5.000000 -2.324906 1.787743 5.000000 -5.000000 -5.000000 5.000000 5.000000 5.000000 5.000000 5.000000 5.000000
162 1.7160172462 -2.909359 -5.000000 1.467400 5.000000 3.034752 3.204535 -4.144270 -5.000000 -5.000000 -5.000000 5.000000 5.000000 5.000000 -5.000000 5.000000
163 1.6217447519 -3.071187 -5.000000 4.021307 5.000000 -1.260996 0.268223 5.000000 5.000000 5.000000 -5.000000 5.000000 5.000000 5.000000 5.000000 5.000000
164 1.6533358097 -2.637230 -5.000000 3.971269 5.000000 -5.000000 4.270633 -2.853277 -5.000000 4.060275 -5.000000 5.000000 5.000000 5.000000 3.352684 5.000000
165 1.7891274691 4.389592 3.326230 5.000000 1.355397 -4.037211 4.485006 0.617530 2.195598 2.286601 0.202700 -0.338591 -1.018981 -5.000000 -1.677861 -2.090618
166 1.5859720707 -2.869226 5.000000 2.511650 5.000000 -5.000000 0.729132 4.753521 -5.000000 -0.041963 -5.000000 5.000000 5.000000 5.000000 5.000000 5.000000
167 1.6408178806 -2.944870 -5.000000 2.766897 -1.365937 -5.000000 0.067084 -5.000000 -5.000000 -0.002498 -0.601881 5.000000 5.000000 4.997276 5.000000 5.000000
168 1.7043384314 -3.016688 -5.000000 4.951900 5.000000 -5.000000 0.628083 5.000000 -5.000000 -0.052916 -5.000000 -5.000000 5.000000 5.000000 -5.000000 5.000000
169 1.4691876173 -3.543852 -5.000000 2.552119 -5.000000 0.790102 0.185547 -5.000000 -5.000000 -5.000000 0.003205 5.000000 0.813146 5.000000 5.000000 5.000000
170 1.4382236004 -3.394205 -5.000000 2.563513 -5.000000 0.863040 -0.568454 -5.000000 -5.000000 -1.219969 -4.557635 5.000000 5.000000 5.000000 5.000000 5.000000
171 1.7610810995 4.589803 -5.000000 0.209167 1.038821 -1.000079 -0.430680 5.000000 -5.000000 1.391346 -5.000000 5.000000 -0.011558 -5.000000 5.000000 5.000000
172 1.4060319662 -3.859827 -2.275874 1.860809 -5.000000 0.471055 0.396604 -5.000000 -4.656792 -4.235453 -5.000000 4.983097 3.300516 1.824561 5.000000 3.100474
173 1.5203447342 -3.400406 -5.000000 2.526651 -5.000000 0.496149 0.254048 -5.000000 -5.000000 -5.000000 -5.000000 5.000000 2.787814 5.000000 1.630225 5.000000
174 1.5968006849 4.693536 -5.000000 3.699863 5.000000 -1.823978 1.929856 -5.000000 -5.000000 -5.000000 -5.000000 -5.000000 -0.905751 -5.000000 0.827070 5.000000
175 2.1716761589 4.080885 5.000000 -5.000000 -5.000000 5.000000 -1.446340 5.000000 -5.000000 5.000000 -4.037285 5.000000 -5.000000 -5.000000 -5.000000 5.000000
176 1.7305389643 -3.138525 5.000000 0.757485 5.000000 0.049388 1.419731 -5.000000 -5.000000 5.000000 3.163100 -5.000000 5.000000 5.000000 5.000000 5.000000
177 1.8974522352 2.772951 -5.000000 5.000000 0.015597 5.000000 2.319488 4.999365 -5.000000 -5.000000 5.000000 5.000000 5.000000 -4.308848 -5.000000 5.000000
178 1.6951544285 -3.149793 -5.000000 -0.310787 5.000000 -1.926998 4.381078 5.000000 -5.000000 -5.000000 -5.000000 5.000000 5.000000 -5.000000 4.301547 5.000000
179 1.8138399124 5.000000 5.000000 5.000000 1.124828 5.000000 3.686497 5.000000 -5.000000 -5.000000 -5.000000 -5.000000 -5.000000 -5.000000 -2.430231 5.000000
180 1.6369664669 -5.000000 -5.000000 1.273380 -5.000000 -1.192399 3.920220 -5.000000 -5.000000 5.000000 -5.000000 5.000000 5.000000 -5.000000 -3.166930 5.000000
181 1.8276191950 -3.251518 5.000000 -1.032386 5.000000 -5.000000 1.746189 5.000000 5.000000 5.000000 5.000000 5.000000 5.000000 5.000000 -5.000000 5.000000
182 1.5118278265 -5.000000 -5.000000 -0.990069 -5.000000 5.000000 5.000000 -5.000000 -5.000000 -5.000000 5.000000 5.000000 5.000000 -5.000000 5.000000 5.000000
183 1.6073411703 -3.691513 5.000000 5.000000 5.000000 -5.000000 -3.965662 3.622231 -5.000000 -5.000000 -5.000000 5.000000 -5.000000 5.000000 5.000000 5.000000
184 1.4472291470 -4.154722 -5.000000 1.422940 -5.000000 5.000000 3.523875 -5.000000 -5.000000 -5.000000 5.000000 5.000000 5.000000 3.279559 5.000000 5.000000
185 1.6654371023 -2.973405 -5.000000 3.430803 5.000000 -5.000000 1.580896 4.627727 -5.000000 -5.000000 -5.000000 5.000000 -5.000000 5.000000 2.527537 5.000000
186 1.5970014334 -3.301782 -5.000000 5.000000 5.000000 -1.182474 -5.000000 -1.780259 -5.000000 5.000000 -5.000000 5.000000 5.000000 5.000000 5.000000 5.000000
187 1.5184305906 -4.256001 -5.000000 -0.743727 -5.000000 5.000000 3.932622 -5.000000 -5.000000 -5.000000 -5.000000 5.000000 5.000000 -2.504437 5.000000 5.000000
188 1.4013396502 -4.197273 -5.000000 2.309428 -5.000000 0.946029 3.525536 -5.000000 -5.000000 -5.000000 5.000000 5.000000 5.000000 2.238446 5.000000 5.000000
189 1.6066354513 -3.116494 5.000000 5.000000 5.000000 -1.518598 -0.718672 0.362608 -5.000000 -5.000000 -5.000000 5.000000 5.000000 -5.000000 5.000000 -5.000000
190 1.6870497465 -3.961486 5.000000 3.386793 5.000000 -5.000000 -5.000000 -2.344641 5.000000 -5.000000 -5.000000 5.000000 5.000000 5.000000 5.000000 5.000000
191 1.4883562326 -4.238100 -5.000000 1.736287 -5.000000 1.300129 3.562197 -5.000000 -5.000000 -5.000000 4.670486 5.000000 -2.583597 -4.935816 5.000000 5.000000
192 2.0230536461 5.000000 5.000000 -1.345411 -5.000000 -5.000000 5.000000 -5.000000 5.000000 -5.000000 5.000000 5.000000 -5.000000 -5.000000 -5.000000 5.000000
193 1.6640858650 -3.063873 -5.000000 3.370369 -5.000000 0.071769 -3.156631 -5.000000 -5.000000 5.000000 -5.000000 5.000000 -5.000000 5.000000 5.000000 5.000000
194 1.4188568592 -4.313775 5.000000 2.447688 -5.000000 1.013422 3.422042 -5.000000 -5.000000 -5.000000 5.000000 5.000000 5.000000 5.000000 5.000000 5.000000
195 1.3408007622 -4.026378 -5.000000 2.466080 -5.000000 1.029150 2.508877 -5.000000 -5.000000 -5.000000 3.206183 5.000000 5.000000 5.000000 5.000000 5.000000
196 2.0279145241 2.892336 -5.000000 5.000000 -5.000000 5.000000 -5.000000 -1.408997 5.000000 5.000000 5.000000 5.000000 5.000000 -5.000000 5.000000 5.000000
197 1.7734279633 -3.489421 -5.000000 5.000000 1.563300 -5.000000 -5.000000 5.000000 -5.000000 -5.000000 -5.000000 5.000000 5.000000 5.000000 2.698328 5.000000
198 1.5811011791 -4.042095 -5.000000 4.740041 -5.000000 2.512994 5.000000 -5.000000 -5.000000 5.000000 5.000000 5.000000 5.000000 5.000000 5.000000 5.000000
199 1.8414006233 -4.039738 5.000000 5.000000 5.000000 -5.000000 -5.000000 5.000000 -5.000000 5.000000 5.000000 -5.000000 5.000000 5.000000 5.000000 -5.000000
200 1.9376958609 5.000000 -5.000000 5.000000 5.000000 0.865367 1.257511 -0.946111 5.000000 5.000000 -5.000000 5.000000 5.000000 -5.000000 -5.000000 5.000000
201 1.6304187775 -3.277951 5.000000 5.000000 5.000000 5.000000 -4.236839 5.000000 -5.000000 -5.000000 -5.000000 5.000000 5.000000 5.000000 5.000000 5.000000
202 1.5309351683 -4.816482 -5.000000 1.428708 -5.000000 0.229934 5.000000 -5.000000 -5.000000 -5.000000 5.000000 5.000000 5.000000 5.000000 -0.160197 5.000000
203 2.1211197376 2.873650 -5.000000 5.000000 1.506430 -5.000000 1.762914 -5.000000 -5.000000 5.000000 5.000000 5.000000 -5.000000 -5.000000 -5.000000 5.000000
204 1.6031010151 -3.518242 5.000000 5.000000 5.000000 -0.353297 -4.927419 -5.000000 -5.000000 -5.000000 -5.000000 5.000000 -4.817930 5.000000 -4.071309 5.000000
205 1.4674572945 -4.658978 5.000000 0.998605 -5.000000 -3.311572 5.000000 -5.000000 -5.000000 -5.000000 5.000000 5.000000 5.000000 -5.000000 5.000000 5.000000
206 1.6577216387 -4.999019 5.000000 -1.554273 -5.000000 0.717078 5.000000 -5.000000 5.000000 5.000000 5.000000 5.000000 5.000000 5.000000 5.000000 5.000000
207 2.0817623138 5.000000 -5.000000 -0.104586 -5.000000 5.000000 -4.640790 5.000000 5.000000 5.000000 5.000000 -5.000000 -5.000000 -5.000000 5.000000 5.000000
208 1.7222809792 -3.305825 5.000000 4.417840 5.000000 2.340699 -5.000000 -0.255963 -5.000000 -5.000000 -5.000000 -5.000000 -4.705917 5.000000 5.000000 5.000000
209 1.5175256729 -5.000000 5.000000 0.137931 -3.764716 1.551940 5.000000 -5.000000 -5.000000 -5.000000 -3.776381 5.000000 5.000000 -5.000000 5.000000 -5.000000
210 2.0109660625 5.000000 5.000000 5.000000 -5.000000 -0.444328 5.000000 5.000000 -5.000000 -5.000000 -5.000000 -5.000000 5.000000 5.000000 5.000000 -5.000000
211 2.3668303490 -5.000000 5.000000 -4.442569 -5.000000 5.000000 5.000000 -5.000000 -5.000000 -5.000000 -5.000000 5.000000 -5.000000 -5.000000 -5.000000 -5.000000
212 1.8885446787 5.000000 -5.000000 3.233310 5.000000 0.305502 1.881171 0.333997 5.000000 -5.000000 -5.000000 -5.000000 -5.000000 -5.000000 3.816230 -5.000000
213 1.8888499737 -3.736651 5.000000 5.000000 5.000000 -4.673543 -5.000000 5.000000 5.000000 5.000000 -5.000000 5.000000 -5.000000 5.000000 -5.000000 5.000000
214 1.4951871634 -5.000000 4.985029 4.044227 -5.000000 0.960693 3.680183 -5.000000 -5.000000 -5.000000 -5.000000 5.000000 5.000000 -5.000000 5.000000 5.000000
215 1.6558207273 -3.291631 5.000000 5.000000 5.000000 -0.888457 -5.000000 -5.000000 -5.000000 -5.000000 5.000000 5.000000 -2.052790 5.000000 5.000000 5.000000
216 1.7330254316 4.338550 5.000000 5.000000 5.000000 -1.655672 -0.524770 5.000000 -5.000000 -5.000000 -5.000000 -5.000000 5.000000 -5.000000 -0.542249 5.000000
217 1.7755215168 -3.192203 5.000000 5.000000 5.000000 4.152965 -5.000000 -5.000000 5.000000 -5.000000 -5.000000 5.000000 5.000000 -5.000000 5.000000 -5.000000
218 1.6866353750 -4.789635 5.000000 5.000000 -5.000000 -5.000000 -5.000000 -5.000000 -5.000000 -5.000000 -5.000000 5.000000 -5.000000 -5.000000 5.000000 5.000000
219 1.5007486343 -4.551204 5.000000 1.986313 -5.000000 0.497795 5.000000 -5.000000 -5.000000 -5.000000 -5.000000 5.000000 5.000000 5.000000 5.000000 5.000000
220 1.5700786114 -5.000000 -5.000000 2.122428 -5.000000 0.278752 5.000000 -5.000000 5.000000 -5.000000 5.000000 5.000000 5.000000 -5.000000 5.000000 5.000000
221 2.0747206211 -2.192443 -5.000000 1.220833 -5.000000 -5.000000 5.000000 5.000000 -5.000000 -5.000000 -5.000000 5.000000 5.000000 -5.000000 5.000000 5.000000
222 1.6224646568 -5.000000 5.000000 5.000000 -5.000000 -5.000000 2.730779 -5.000000 -5.000000 -5.000000 5.000000 5.000000 0.534949 5.000000 5.000000 5.000000
223 1.6639592648 -3.035593 5.000000 5.000000 5.000000 3.219637 2.305523 5.000000 -5.000000 5.000000 -5.000000 5.000000 0.047674 5.000000 -0.800699 5.000000
224 1.7839426994 -5.000000 5.000000 1.221310 -5.000000 -5.000000 -5.000000 -5.000000 -5.000000 -5.000000 -5.000000 -5.000000 5.000000 -5.000000 -5.000000 5.000000
225 1.9209049940 -5.000000 5.000000 -1.600170 5.000000 -5.000000 -5.000000 -5.000000 5.000000 -5.000000 -5.000000 -5.000000 -5.000000 -5.000000 5.000000 5.000000
226 1.5142168999 -5.000000 5.000000 0.716038 -5.000000 1.467037 4.853927 -5.000000 -5.000000 -5.000000 -2.646561 -0.146728 5.000000 -5.000000 5.000000 5.000000
227 1.6871105433 -2.826506 -5.000000 4.746370 5.000000 -5.000000 5.000000 5.000000 5.000000 5.000000 -5.000000 5.000000 5.000000 5.000000 5.000000 -5.000000
228 1.4513701200 -4.142641 -5.000000 1.537308 -3.437627 1.477876 4.353055 -5.000000 -5.000000 -5.000000 5.000000 5.000000 5.000000 5.000000 5.000000 5.000000
229 1.5316984653 -4.674431 -2.461430 3.082026 -5.000000 3.030754 2.335645 -5.000000 -5.000000 -2.910839 0.031122 1.646889 4.881127 5.000000 5.000000 4.842703
230 1.7958806753 5.000000 -5.000000 -4.497042 5.000000 0.717949 -5.000000 5.000000 5.000000 -5.000000 -5.000000 -5.000000 5.000000 -5.000000 -2.572002 5.000000
231 1.6140601635 -3.522512 5.000000 2.387667 5.000000 -5.000000 -0.860484 -5.000000 -5.000000 5.000000 -5.000000 5.000000 -4.439190 5.000000 5.000000 5.000000
232 2.0985302925 4.339855 -5.000000 5.000000 5.000000 5.000000 5.000000 -5.000000 -5.000000 5.000000 5.000000 -5.000000 -5.000000 -5.000000 2.575242 5.000000
233 1.7114514112 -3.567009 5.000000 5.000000 5.000000 -5.000000 0.371919 -5.000000 -5.000000 -5.000000 -5.000000 5.000000 0.842921 5.000000 -0.271783 -1.938782
234 1.4180951118 -4.178102 5.000000 1.385871 -5.000000 0.312956 5.000000 -5.000000 -5.000000 -5.000000 5.000000 5.000000 3.101008 -5.000000 5.000000 5.000000
235 2.0710957050 5.000000 5.000000 -5.000000 5.000000 -5.000000 -2.221401 -5.000000 -5.000000 5.000000 -5.000000 -5.000000 5.000000 -5.000000 5.000000 5.000000
236 2.2070031166 2.205187 5.000000 0.815794 5.000000 -5.000000 5.000000 -0.870316 -5.000000 -5.000000 5.000000 5.000000 5.000000 -5.000000 -5.000000 -5.000000
237 1.6030161381 -4.061521 5.000000 3.866038 -5.000000 3.064937 5.000000 -5.000000 -5.000000 -5.000000 5.000000 5.000000 5.000000 -0.705366 5.000000 -1.939440
238 1.9210224152 4.149406 -5.000000 5.000000 5.000000 5.000000 -5.000000 5.000000 5.000000 -5.000000 -5.000000 5.000000 5.000000 5.000000 4.529986 -4.436983
239 1.4476821423 -4.295773 5.000000 1.652198 -5.000000 -0.316109 1.186788 -5.000000 -5.000000 -5.000000 -0.087393 5.000000 2.595362 -5.000000 5.000000 5.000000
240 1.4212188721 -3.985841 5.000000 1.821648 -5.000000 -0.078869 0.923110 -5.000000 -5.000000 -5.000000 5.000000 5.000000 0.217777 5.000000 5.000000 5.000000
241 2.0429112911 2.563535 -5.000000 -1.847167 -5.000000 -5.000000 -0.146901 -5.000000 5.000000 -5.000000 -5.000000 5.000000 5.000000 5.000000 -5.000000 5.000000
242 1.4961030483 -4.417266 -5.000000 0.452017 -5.000000 -1.016562 3.449770 -5.000000 -5.000000 -5.000000 5.000000 5.000000 3.795778 -5.000000 5.000000 5.000000
243 1.4548425674 -3.802426 5.000000 0.902397 -5.000000 0.153788 5.000000 -5.000000 -5.000000 -5.000000 5.000000 5.000000 0.709347 5.000000 5.000000 5.000000
244 1.7204262018 -5.000000 5.000000 5.000000 -5.000000 -5.000000 5.000000 -5.000000 -5.000000 5.000000 -5.000000 5.000000 5.000000 -5.000000 5.000000 -5.000000
245 1.6181105375 -5.000000 5.000000 5.000000 -5.000000 1.485545 -5.000000 -5.000000 -5.000000 -5.000000 -5.000000 5.000000 5.000000 -5.000000 5.000000 -5.000000
246 2.1206524372 -2.706976 -5.000000 4.773993 5.000000 -5.000000 5.000000 -1.121343 -5.000000 5.000000 5.000000 5.000000 -3.082464 5.000000 -5.000000 -5.000000
247 1.6163734198 -4.418438 5.000000 1.008429 -5.000000 -1.848165 5.000000 -5.000000 -5.000000 1.348662 -5.000000 5.000000 0.628047 -5.000000 5.000000 5.000000
248 2.1313788891 2.488834 5.000000 5.000000 -5.000000 5.000000 -5.000000 -5.000000 5.000000 5.000000 -5.000000 5.000000 -5.000000 5.000000 -5.000000 -5.000000
249 1.7450413704 -4.430054 2.022038 3.408104 5.000000 -0.821693 -0.247698 -0.222716 -4.060475 -0.769505 -5.000000 4.185940 0.833120 5.000000 2.931480 5.000000
250 1.5448895693 -3.801789 2.838204 5.000000 -5.000000 -1.430372 0.836453 -5.000000 -5.000000 -5.000000 5.000000 5.000000 -0.669981 5.000000 5.000000 5.000000
251 2.4876070023 2.542358 5.000000 2.705284 -5.000000 5.000000 5.000000 -5.000000 5.000000 5.000000 5.000000 5.000000 -5.000000 5.000000 5.000000 5.000000
252 1.5530390739 -5.000000 5.000000 -0.677080 -2.948429 -1.381632 5.000000 -5.000000 -5.000000 -5.000000 5.000000 5.000000 5.000000 -5.000000 5.000000 5.000000
253 1.6310577393 -3.181371 5.000000 4.670928 2.674924 1.682805 0.055723 -5.000000 -5.000000 -5.000000 -5.000000 5.000000 5.000000 5.000000 5.000000 5.000000
254 1.6355624199 -3.086687 -5.000000 2.513131 5.000000 -5.000000 -1.959980 5.000000 5.000000 5.000000 -5.000000 -5.000000 5.000000 5.000000 5.000000 -5.000000
255 1.6921232939 -4.133687 5.000000 1.709562 -5.000000 -5.000000 -5.000000 -5.000000 -5.000000 -5.000000 5.000000 5.000000 -5.000000 5.000000 -0.793958 5.000000
256 1.6426717043 5.000000 5.000000 5.000000 -5.000000 5.000000 5.000000 -4.244197 -5.000000 -5.000000 -5.000000 5.000000 -2.418595 -5.000000 3.020279 5.000000
257 1.7478284836 -3.112030 5.000000 4.430051 5.000000 -5.000000 -5.000000 2.051834 -5.000000 5.000000 -5.000000 5.000000 -1.542162 5.000000 5.000000 -5.000000
258 1.6412870884 5.000000 -5.000000 -0.056882 -5.000000 5.000000 0.753227 -5.000000 5.000000 -5.000000 -5.000000 5.000000 5.000000 -5.000000 5.000000 5.000000
259 1.6085563898 -3.110227 -5.000000 3.078267 -5.000000 5.000000 5.000000 -5.000000 2.806757 5.000000 -5.000000 5.000000 5.000000 5.000000 5.000000 5.000000
260 2.1391320229 -2.369998 -5.000000 -3.605123 5.000000 -4.992259 5.000000 -5.000000 5.000000 -5.000000 -5.000000 5.000000 -5.000000 5.000000 5.000000 5.000000
261 1.5527151823 3.090849 -5.000000 5.000000 5.000000 5.000000 -2.737868 5.000000 -5.000000 -5.000000 -5.000000 -5.000000 -5.000000 5.000000 -2.781995 5.000000
262 1.6791212559 3.157802 4.214725 2.118246 5.000000 5.000000 -5.000000 5.000000 -5.000000 -5.000000 -5.000000 5.000000 -0.151818 -5.000000 0.408924 5.000000
263 1.6808284521 3.115336 -5.000000 2.138401 5.000000 -5.000000 -1.510192 5.000000 -5.000000 -5.000000 5.000000 -5.000000 -3.472661 5.000000 -5.000000 5.000000
264 1.7050261497 3.628606 -5.000000 5.000000 5.000000 5.000000 -5.000000 5.000000 -5.000000 5.000000 -5.000000 -5.000000 -1.637698 5.000000 -3.713639 5.000000
265 1.8167546988 2.558930 2.399760 5.000000 5.000000 -5.000000 -5.000000 5.000000 -5.000000 -5.000000 -5.000000 5.000000 -5.000000 5.000000 -1.357308 5.000000
266 1.7818037271 3.054266 -5.000000 5.000000 -5.000000 5.000000 -0.110331 5.000000 -5.000000 -5.000000 -5.000000 -5.000000 -5.000000 5.000000 -5.000000 5.000000
267 1.9096251726 -5.000000 5.000000 5.000000 -5.000000 -5.000000 -5.000000 5.000000 -5.000000 -5.000000 -5.000000 -5.000000 5.000000 5.000000 5.000000 5.000000
268 1.6288676262 3.688313 -5.000000 5.000000 5.000000 5.000000 -1.542785 5.000000 -5.000000 -5.000000 -5.000000 -5.000000 -5.000000 -5.000000 -5.000000 -4.789552
269 1.6950732470 2.804482 -5.000000 -0.579611 5.000000 -0.609666 -1.550717 5.000000 -5.000000 -5.000000 5.000000 -5.000000 -5.000000 5.000000 4.406961 5.000000
270 1.7050400972 2.778225 -5.000000 1.867458 5.000000 5.000000 -5.000000 5.000000 -5.000000 -5.000000 5.000000 -5.000000 5.000000 5.000000 1.409710 5.000000
271 1.5738719702 2.903485 -5.000000 0.262341 5.000000 5.000000 1.248438 5.000000 -5.000000 -5.000000 -5.000000 -5.000000 -5.000000 5.000000 -4.993711 5.000000
272 1.7660430670 2.817413 -5.000000 1.755156 5.000000 5.000000 -2.594344 5.000000 -5.000000 5.000000 5.000000 -5.000000 -5.000000 5.000000 -4.857849 5.000000
273 1.5594975948 3.470935 5.000000 1.861517 5.000000 5.000000 -0.118857 5.000000 -5.000000 -5.000000 -5.000000 -5.000000 -1.664701 5.000000 0.677653 5.000000
274 1.5403735638 -3.239371 5.000000 2.831542 5.000000 -5.000000 -0.578945 5.000000 -5.000000 5.000000 -5.000000 -5.000000 1.235720 -5.000000 5.000000 5.000000
275 1.7958316803 3.937657 -5.000000 5.000000 -4.330709 1.276713 -1.743366 -5.000000 5.000000 -5.000000 -5.000000 -5.000000 3.002190 -5.000000 -5.000000 5.000000
276 1.6536066532 -3.505733 5.000000 1.755102 5.000000 -5.000000 -5.000000 -3.003213 -5.000000 -5.000000 -5.000000 5.000000 -1.367260 -5.000000 5.000000 5.000000
277 2.0682857037 5.000000 5.000000 5.000000 -5.000000 -5.000000 5.000000 -5.000000 -5.000000 5.000000 -5.000000 -5.000000 5.000000 -5.000000 -5.000000 5.000000
278 1.6471866369 -5.000000 5.000000 5.000000 -5.000000 -5.000000 -5.000000 -5.000000 5.000000 5.000000 -5.000000 5.000000 5.000000 5.000000 5.000000 -5.000000
279 1.5860313177 2.976508 -5.000000 2.843129 5.000000 5.000000 -1.730396 5.000000 -5.000000 -5.000000 -5.000000 5.000000 -0.308131 5.000000 -2.668028 -2.653816
280 1.5628944635 -5.000000 5.000000 5.000000 -5.000000 -4.142806 -5.000000 -5.000000 5.000000 -5.000000 5.000000 5.000000 5.000000 -5.000000 5.000000 5.000000
281 1.8010041714 3.343557 -5.000000 5.000000 -0.103242 5.000000 -2.835672 5.000000 5.000000 -5.000000 -5.000000 -5.000000 -5.000000 5.000000 -5.000000 5.000000
282 1.6203068495 -2.988940 -5.000000 1.773643 5.000000 3.058756 1.771019 5.000000 -5.000000 5.000000 -5.000000 5.000000 5.000000 5.000000 5.000000 -5.000000
283 1.7439936399 5.000000 5.000000 5.000000 -5.000000 5.000000 -2.384333 -5.000000 -5.000000 -5.000000 -5.000000 5.000000 -1.198183 -5.000000 5.000000 5.000000
284 1.7730662823 -5.000000 -5.000000 5.000000 -5.000000 -5.000000 -5.000000 -5.000000 5.000000 -5.000000 -5.000000 5.000000 5.000000 -5.000000 -5.000000 -5.000000
285 2.3833651543 -1.373071 1.960715 4.903117 -0.957188 -4.987778 0.631501 3.303504 0.916121 -4.333362 -4.296358 -3.223641 -1.442550 2.037553 4.094182 4.994050
286 1.8262741566 3.289055 -5.000000 -5.000000 5.000000 -5.000000 2.822606 5.000000 -5.000000 -5.000000 -5.000000 5.000000 -5.000000 5.000000 5.000000 5.000000
287 1.7145129442 5.000000 -5.000000 5.000000 -5.000000 5.000000 3.052001 -5.000000 4.308180 -5.000000 -5.000000 5.000000 -4.429836 -5.000000 5.000000 -5.000000
288 1.7476626635 -5.000000 5.000000 5.000000 5.000000 -5.000000 -5.000000 -5.000000 -5.000000 -5.000000 5.000000 5.000000 -5.000000 5.000000 5.000000 5.000000
289 1.4279292822 -5.000000 5.000000 1.664569 -5.000000 1.939296 0.135106 -5.000000 -5.000000 -5.000000 5.000000 5.000000 5.000000 -5.000000 5.000000 5.000000
290 1.7192654610 -5.000000 5.000000 5.000000 3.807789 -5.000000 -5.000000 -5.000000 -5.000000 5.000000 -5.000000 5.000000 5.000000 -5.000000 5.000000 5.000000
291 1.6443767548 4.253130 5.000000 5.000000 5.000000 -5.000000 -0.704465 -2.944097 -5.000000 -5.000000 -5.000000 5.000000 -5.000000 -5.000000 -5.000000 5.000000
292 1.8804340363 -5.000000 5.000000 5.000000 -5.000000 -5.000000 -5.000000 -5.000000 5.000000 5.000000 5.000000 5.000000 -5.000000 -5.000000 5.000000 5.000000
293 1.5926516056 3.279603 -5.000000 0.267027 5.000000 0.765131 -1.512081 -0.738157 -5.000000 -5.000000 -5.000000 -5.000000 -1.531977 5.000000 -2.415122 5.000000
294 1.9191757441 -5.000000 -0.660818 3.519135 -5.000000 5.000000 5.000000 -5.000000 -5.000000 -5.000000 5.000000 -5.000000 5.000000 -5.000000 5.000000 5.000000
295 1.6563839912 3.958495 -5.000000 1.165036 5.000000 0.126671 -1.140063 5.000000 -5.000000 -5.000000 -5.000000 -0.434202 -1.025822 -5.000000 -0.855888 5.000000
296 1.4288181067 -5.000000 -5.000000 1.951367 -5.000000 0.461957 -0.704916 -5.000000 -5.000000 -5.000000 -5.000000 5.000000 5.000000 5.000000 5.000000 5.000000
297 1.4990173578 -5.000000 -5.000000 2.013235 -5.000000 -0.800822 -5.000000 -5.000000 -5.000000 -5.000000 5.000000 5.000000 5.000000 5.000000 5.000000 5.000000
298 2.1703009605 2.567033 -5.000000 -1.578985 5.000000 -5.000000 5.000000 -5.000000 -5.000000 -5.000000 -5.000000 -5.000000 -5.000000 5.000000 -5.000000 5.000000
299 1.8980337381 3.180287 -5.000000 -5.000000 5.000000 5.000000 0.854302 5.000000 -5.000000 -5.000000 5.000000 -5.000000 5.000000 5.000000 5.000000 5.000000
300 2.0301995277 3.556668 -5.000000 -5.000000 5.000000 -5.000000 -5.000000 4.621902 5.000000 -5.000000 5.000000 5.000000 5.000000 5.000000 5.000000 5.000000
301 1.4840193987 -4.515710 5.000000 1.488198 -5.000000 0.289901 -0.087987 -5.000000 -5.000000 -5.000000 1.474546 5.000000 5.000000 5.000000 5.000000 5.000000
302 1.5094168186 -5.000000 5.000000 2.075095 -5.000000 -1.011873 -0.455353 -5.000000 1.096171 -5.000000 -5.000000 5.000000 5.000000 4.842175 5.000000 5.000000
303 1.8390662670 -3.578454 -5.000000 1.662048 -5.000000 -4.997162 5.000000 5.000000 -5.000000 5.000000 -5.000000 -5.000000 -2.980455 5.000000 5.000000 5.000000
304 2.2479705811 -5.000000 -5.000000 -5.000000 5.000000 -5.000000 5.000000 -5.000000 -5.000000 -5.000000 -5.000000 -5.000000 5.000000 -5.000000 5.000000 5.000000
305 1.8427753448 5.000000 -5.000000 -5.000000 -5.000000 5.000000 5.000000 -5.000000 5.000000 -5.000000 -5.000000 5.000000 -5.000000 -5.000000 5.000000 5.000000
306 1.7350813150 -2.676293 -5.000000 3.124242 5.000000 -5.000000 0.900435 0.922114 5.000000 -5.000000 -5.000000 -5.000000 5.000000 -5.000000 5.000000 5.000000
307 1.5690034628 -5.000000 5.000000 0.840203 -5.000000 0.263248 -5.000000 -5.000000 1.488213 -5.000000 -5.000000 5.000000 5.000000 -5.000000 5.000000 5.000000
308 1.4914544821 -3.780036 5.000000 2.501287 -5.000000 2.218095 4.419316 -5.000000 -5.000000 -5.000000 -5.000000 5.000000 5.000000 -5.000000 1.070315 5.000000
309 2.0235829353 -5.000000 5.000000 5.000000 5.000000 -5.000000 -5.000000 -5.000000 5.000000 -5.000000 5.000000 -5.000000 5.000000 5.000000 5.000000 -5.000000
310 2.1773355007 -5.000000 1.314206 -5.000000 5.000000 -5.000000 -5.000000 5.000000 5.000000 5.000000 5.000000 -5.000000 -5.000000 5.000000 -5.000000 5.000000
311 1.4824520350 -3.804738 -5.000000 1.637177 -5.000000 1.254217 5.000000 -5.000000 -5.000000 -5.000000 -5.000000 5.000000 5.000000 5.000000 5.000000 5.000000
312 1.5759356022 -3.576866 5.000000 3.820797 -5.000000 2.204571 2.735934 -0.342879 -5.000000 -5.000000 -5.000000 5.000000 5.000000 5.000000 5.000000 5.000000
313 1.6184618473 -5.000000 -5.000000 2.669183 -5.000000 -5.000000 -2.210476 -5.000000 -5.000000 5.000000 -5.000000 5.000000 5.000000 -5.000000 5.000000 5.000000
314 1.6703152657 4.272188 1.618551 5.000000 5.000000 5.000000 -1.094103 -5.000000 -5.000000 -5.000000 -5.000000 -5.000000 -5.000000 -5.000000 -5.000000 5.000000
315 2.0881171227 5.000000 5.000000 -5.000000 -5.000000 5.000000 -3.098897 5.000000 5.000000 5.000000 -5.000000 5.000000 5.000000 -5.000000 5.000000 -5.000000
316 1.6585801840 3.355127 -5.000000 5.000000 5.000000 5.000000 -2.556482 -1.355283 -5.000000 -5.000000 -5.000000 5.000000 -5.000000 -2.682717 5.000000 5.000000
317 1.7449357510 -2.764927 2.552506 3.313180 5.000000 5.000000 -4.597782 5.000000 -5.000000 -5.000000 -5.000000 5.000000 -5.000000 -5.000000 -5.000000 5.000000
318 1.7174253464 -5.000000 5.000000 2.229805 -1.812011 -5.000000 -5.000000 -5.000000 -5.000000 -3.438269 -5.000000 5.000000 5.000000 5.000000 5.000000 5.000000
319 1.8407814503 -2.781536 -5.000000 2.744318 5.000000 1.911741 5.000000 5.000000 -5.000000 5.000000 -5.000000 -5.000000 5.000000 -5.000000 5.000000 5.000000
320 1.9455324411 -3.531222 5.000000 -0.025911 5.000000 -5.000000 -1.423640 5.000000 5.000000 -5.000000 5.000000 -5.000000 -5.000000 5.000000 5.000000 5.000000
321 1.7327874899 -2.889780 5.000000 1.441646 5.000000 -2.442509 -5.000000 5.000000 -5.000000 5.000000 -5.000000 -5.000000 5.000000 -5.000000 -5.000000 5.000000
322 1.7860862017 5.000000 -5.000000 2.658415 -5.000000 5.000000 -1.012121 -5.000000 5.000000 -5.000000 -5.000000 5.000000 -5.000000 -5.000000 -5.000000 5.000000
323 1.8914391994 -2.549222 5.000000 3.458386 -5.000000 -5.000000 -5.000000 -5.000000 -5.000000 -5.000000 -5.000000 5.000000 -5.000000 5.000000 5.000000 5.000000
324 1.5772812366 5.000000 5.000000 5.000000 -5.000000 -5.000000 3.300557 -1.623729 -5.000000 -5.000000 -5.000000 5.000000 -5.000000 -5.000000 5.000000 5.000000
325 1.4425992966 -3.745999 -5.000000 1.056296 -5.000000 4.692587 1.276801 -5.000000 -5.000000 -5.000000 5.000000 5.000000 1.407677 5.000000 5.000000 5.000000
326 1.7282669544 4.474001 5.000000 5.000000 5.000000 -5.000000 -0.198237 -5.000000 5.000000 -5.000000 -5.000000 5.000000 -5.000000 -5.000000 5.000000 5.000000
327 1.6417267323 3.163223 -5.000000 5.000000 5.000000 5.000000 -3.019992 -1.122295 -5.000000 -5.000000 -5.000000 5.000000 2.880402 5.000000 -5.000000 5.000000
328 1.8993240595 -5.000000 5.000000 5.000000 -5.000000 5.000000 -3.043897 -5.000000 -5.000000 -5.000000 5.000000 5.000000 5.000000 5.000000 5.000000 5.000000
329 1.6541998386 -5.000000 -5.000000 -1.263552 -5.000000 0.418394 -0.317919 -5.000000 5.000000 -5.000000 5.000000 5.000000 5.000000 -5.000000 5.000000 5.000000
330 1.4417854548 -3.954901 -5.000000 0.780931 -5.000000 0.620120 3.858056 -5.000000 -0.947259 -5.000000 5.000000 5.000000 5.000000 5.000000 5.000000 5.000000
331 1.6634361744 -4.050359 5.000000 4.943189 5.000000 2.349637 -5.000000 -5.000000 -5.000000 5.000000 -5.000000 5.000000 -5.000000 -5.000000 5.000000 5.000000
332 1.7398902178 -3.700048 -5.000000 1.301976 5.000000 2.790330 -5.000000 -5.000000 -5.000000 -5.000000 -5.000000 5.000000 -3.231404 5.000000 5.000000 5.000000
333 1.6621379852 -3.085544 5.000000 1.564121 5.000000 5.000000 2.300009 0.629261 -5.000000 -5.000000 -5.000000 5.000000 -5.000000 5.000000 5.000000 5.000000
334 1.6600735188 3.631598 5.000000 5.000000 5.000000 -2.684228 0.961591 5.000000 -5.000000 -5.000000 -5.000000 5.000000 -5.000000 5.000000 5.000000 5.000000
335 1.9216443300 5.000000 5.000000 5.000000 5.000000 -5.000000 5.000000 -5.000000 -5.000000 -5.000000 -5.000000 5.000000 -5.000000 5.000000 5.000000 5.000000
336 1.6154761314 2.950079 -5.000000 5.000000 5.000000 5.000000 -1.543836 5.000000 -5.000000 -5.000000 -5.000000 -5.000000 0.655129 5.000000 5.000000 -5.000000
337 2.0009207726 2.297924 5.000000 5.000000 -5.000000 -5.000000 -5.000000 5.000000 5.000000 -5.000000 5.000000 5.000000 5.000000 5.000000 5.000000 5.000000
338 1.6577819586 4.343433 5.000000 5.000000 -5.000000 -5.000000 1.040411 5.000000 -5.000000 -5.000000 -5.000000 5.000000 -5.000000 -5.000000 -5.000000 5.000000
339 1.5391433239 -3.375410 5.000000 3.634330 -5.000000 5.000000 1.752212 -5.000000 -5.000000 -5.000000 -5.000000 5.000000 -5.000000 5.000000 -5.000000 5.000000
340 1.5787252188 -3.319721 -5.000000 2.632707 -5.000000 5.000000 2.004028 -5.000000 -5.000000 -5.000000 5.000000 5.000000 -5.000000 -5.000000 5.000000 5.000000
341 1.5010586977 -3.957546 -5.000000 -0.066444 -5.000000 2.271314 5.000000 -5.000000 -5.000000 5.000000 5.000000 5.000000 5.000000 5.000000 5.000000 5.000000
342 1.6170613766 -2.659894 -0.598209 5.000000 5.000000 2.595652 -1.787998 -5.000000 -5.000000 5.000000 -5.000000 -5.000000 0.611021 5.000000 5.000000 5.000000
343 1.5591505766 -2.870533 -5.000000 5.000000 -5.000000 5.000000 1.348526 -5.000000 5.000000 -5.000000 -5.000000 5.000000 -1.124662 5.000000 5.000000 -5.000000
344 1.4248512983 -3.695685 -5.000000 2.204293 -5.000000 2.233619 2.334734 -5.000000 -0.146148 -5.000000 -5.000000 5.000000 -0.375469 5.000000 5.000000 5.000000
345 1.4129865170 -4.145151 -5.000000 0.516059 -5.000000 0.245676 2.650934 -5.000000 -5.000000 -5.000000 5.000000 5.000000 1.269193 5.000000 5.000000 5.000000
346 1.8689022064 -2.917166 -5.000000 5.000000 5.000000 5.000000 0.142547 -5.000000 5.000000 -5.000000 -5.000000 5.000000 -5.000000 5.000000 5.000000 5.000000
347 1.5042619705 -3.437887 -5.000000 4.079131 -5.000000 0.056532 1.011119 -5.000000 5.000000 5.000000 -5.000000 5.000000 5.000000 5.000000 5.000000 -5.000000
348 1.6360641718 -5.000000 -5.000000 -1.030034 -5.000000 -5.000000 -5.000000 -5.000000 -5.000000 -5.000000 5.000000 5.000000 -5.000000 5.000000 5.000000 5.000000
349 1.4775984287 -5.000000 5.000000 1.749043 -5.000000 -3.710750 -1.056125 -5.000000 -5.000000 -5.000000 5.000000 5.000000 5.000000 -5.000000 5.000000 -5.000000
350 1.8138904572 2.576847 5.000000 0.709229 5.000000 5.000000 -2.193988 5.000000 -5.000000 -5.000000 -5.000000 5.000000 5.000000 5.000000 5.000000 -5.000000
351 1.8683121204 -2.386939 -5.000000 1.458495 5.000000 2.082763 -1.395964 5.000000 -5.000000 5.000000 -5.000000 5.000000 5.000000 5.000000 5.000000 5.000000
352 1.8433245420 -2.608577 5.000000 3.848365 -5.000000 -3.061840 3.443811 -5.000000 5.000000 -5.000000 -5.000000 -5.000000 5.000000 5.000000 5.000000 -5.000000
353 1.5043184757 -4.228057 -5.000000 0.883626 -5.000000 2.159423 5.000000 -5.000000 2.394583 -5.000000 -5.000000 5.000000 5.000000 5.000000 5.000000 5.000000
354 1.6215305328 5.000000 5.000000 5.000000 -5.000000 -1.941385 1.484163 5.000000 5.000000 -5.000000 -5.000000 5.000000 -5.000000 -5.000000 5.000000 5.000000
355 1.8314830065 5.000000 5.000000 5.000000 -5.000000 -2.840227 2.370519 5.000000 -5.000000 5.000000 -5.000000 5.000000 -5.000000 -5.000000 5.000000 -5.000000
356 1.5619214773 -3.378640 5.000000 5.000000 -5.000000 4.573357 -0.536048 -5.000000 -5.000000 -5.000000 -5.000000 5.000000 -1.806713 -5.000000 5.000000 5.000000
357 1.4160721302 -3.847542 -5.000000 0.968421 -5.000000 1.200005 3.320163 -5.000000 -5.000000 -5.000000 5.000000 5.000000 -0.030967 5.000000 5.000000 5.000000
358 1.5961521864 -3.528382 5.000000 5.000000 5.000000 -5.000000 -0.757219 5.000000 3.624216 5.000000 -5.000000 5.000000 5.000000 -5.000000 5.000000 -5.000000
359 1.7155468464 5.000000 5.000000 5.000000 5.000000 -5.000000 -0.886440 5.000000 -5.000000 -5.000000 5.000000 5.000000 -5.000000 -5.000000 -5.000000 5.000000
360 1.4838094711 -3.452618 -5.000000 2.650319 -5.000000 3.901963 3.059106 -5.000000 -5.000000 -5.000000 -5.000000 5.000000 0.397382 5.000000 5.000000 -5.000000
361 1.7941340208 -2.994125 -5.000000 5.000000 -5.000000 5.000000 -0.512865 -5.000000 5.000000 5.000000 -5.000000 -5.000000 5.000000 -5.000000 -5.000000 -5.000000
362 1.5106984377 -3.707824 -5.000000 1.540076 -5.000000 2.161968 2.530585 -5.000000 -5.000000 -5.000000 5.000000 5.000000 1.425949 5.000000 -2.298560 5.000000
363 1.8417440653 -5.000000 -5.000000 -5.000000 -5.000000 4.085773 -5.000000 -5.000000 -5.000000 -5.000000 5.000000 -5.000000 5.000000 5.000000 5.000000 5.000000
364 1.4446501732 -5.000000 -5.000000 -0.306086 -5.000000 -0.580087 2.943570 -5.000000 -5.000000 -5.000000 5.000000 5.000000 5.000000 5.000000 5.000000 5.000000
365 1.8969591856 -3.503282 5.000000 2.081691 -5.000000 5.000000 5.000000 -5.000000 5.000000 5.000000 0.635412 5.000000 -5.000000 5.000000 5.000000 5.000000
366 1.7200193405 -2.852499 -5.000000 5.000000 -5.000000 5.000000 1.839049 5.000000 -5.000000 -5.000000 -5.000000 5.000000 -5.000000 5.000000 -5.000000 5.000000
367 1.6234276295 -2.963168 5.000000 4.262700 -5.000000 5.000000 0.228966 -5.000000 -5.000000 -5.000000 -5.000000 5.000000 -5.000000 5.000000 5.000000 -5.000000
368 1.7647857666 4.242571 -5.000000 -4.250019 -5.000000 -1.918906 -5.000000 0.042614 -5.000000 -5.000000 -5.000000 5.000000 -5.000000 -5.000000 0.523363 5.000000
369 1.4486175776 -5.000000 5.000000 0.611557 -5.000000 -2.139975 0.561886 -5.000000 -5.000000 -5.000000 5.000000 5.000000 5.000000 -5.000000 5.000000 5.000000
370 1.6299010515 3.177658 -5.000000 -0.633537 5.000000 5.000000 -5.000000 5.000000 -5.000000 -5.000000 -5.000000 -5.000000 -5.000000 5.000000 5.000000 5.000000
371 1.4465695620 -4.349286 0.925149 1.887346 -5.000000 -0.544157 0.747430 -5.000000 -5.000000 -5.000000 -1.325496 5.000000 5.000000 -5.000000 5.000000 5.000000
372 1.4544768333 -5.000000 -5.000000 -0.479362 -5.000000 0.072591 1.968371 -5.000000 -5.000000 5.000000 5.000000 5.000000 5.000000 5.000000 5.000000 5.000000
373 1.7859239578 4.332478 5.000000 5.000000 -5.000000 -5.000000 -5.000000 -5.000000 -5.000000 -5.000000 -5.000000 5.000000 -5.000000 -5.000000 5.000000 5.000000
374 1.5935419798 -3.490365 5.000000 5.000000 5.000000 1.465673 -0.899952 5.000000 -5.000000 -5.000000 -5.000000 5.000000 -3.451412 -5.000000 5.000000 -5.000000
375 1.7066497803 -5.000000 -5.000000 -1.825923 -5.000000 1.014101 5.000000 5.000000 -5.000000 -5.000000 5.000000 5.000000 5.000000 5.000000 5.000000 5.000000
376 1.6369550228 -3.869823 -5.000000 5.000000 5.000000 -5.000000 -5.000000 -5.000000 -5.000000 5.000000 5.000000 5.000000 -1.015868 -5.000000 5.000000 5.000000
377 1.4112364054 -4.364361 -5.000000 0.059209 -5.000000 0.345199 1.845978 -5.000000 -5.000000 -5.000000 5.000000 5.000000 5.000000 5.000000 5.000000 5.000000
378 1.7816954851 -2.864657 5.000000 5.000000 5.000000 3.144314 -0.029598 5.000000 5.000000 -5.000000 -5.000000 -5.000000 5.000000 5.000000 -5.000000 -5.000000
379 1.7455422878 3.622409 5.000000 -0.762846 5.000000 -5.000000 -4.876847 5.000000 -5.000000 -5.000000 -5.000000 5.000000 -5.000000 5.000000 -5.000000 5.000000
380 1.4694292545 -4.306259 -5.000000 0.942685 -5.000000 1.047188 2.458888 -5.000000 -5.000000 -5.000000 5.000000 5.000000 5.000000 5.000000 5.000000 -5.000000
381 1.4807566404 -5.000000 -5.000000 -0.188362 -5.000000 1.770396 0.148009 -5.000000 -5.000000 5.000000 -5.000000 5.000000 5.000000 -5.000000 5.000000 5.000000
382 1.7174069881 4.533558 5.000000 5.000000 -5.000000 0.987349 1.950393 -5.000000 1.729094 -5.000000 -5.000000 -5.000000 -5.000000 -5.000000 5.000000 5.000000
383 1.7189184427 4.625651 4.971396 0.344974 4.440949 0.203964 1.820185 4.012458 4.667062 3.630024 1.957589 0.302510 0.030283 4.808937 0.201445 -0.002525
384 1.6691812277 -5.000000 -5.000000 -1.980275 -5.000000 0.665416 0.214620 -5.000000 -5.000000 5.000000 -5.000000 -5.000000 5.000000 5.000000 5.000000 5.000000
385 1.7549799681 -3.260251 -5.000000 5.000000 -5.000000 5.000000 -3.590009 -5.000000 -5.000000 -5.000000 5.000000 5.000000 -5.000000 5.000000 -5.000000 -5.000000
386 1.6338216066 4.290322 -5.000000 5.000000 -3.545663 1.749583 2.085605 5.000000 -5.000000 -5.000000 -5.000000 5.000000 -5.000000 5.000000 5.000000 5.000000
387 1.9415838718 3.117769 5.000000 -2.025290 5.000000 -5.000000 -2.404551 5.000000 -5.000000 4.970225 -5.000000 5.000000 -5.000000 5.000000 5.000000 5.000000
388 1.4656330347 -5.000000 -5.000000 0.503868 -5.000000 -0.046996 1.453583 -5.000000 -5.000000 -5.000000 5.000000 5.000000 5.000000 5.000000 5.000000 -5.000000
389 1.5004051924 -5.000000 -5.000000 2.603370 -5.000000 -0.666104 2.534280 -5.000000 5.000000 5.000000 -5.000000 5.000000 5.000000 5.000000 5.000000 5.000000
390 1.7719603777 -5.000000 -5.000000 -1.520418 -5.000000 -0.572567 -5.000000 -5.000000 5.000000 5.000000 -5.000000 5.000000 5.000000 5.000000 -5.000000 5.000000
391 1.8226298094 -2.648328 5.000000 0.382823 5.000000 -5.000000 -1.564647 -5.000000 -5.000000 -5.000000 -5.000000 -5.000000 5.000000 -5.000000 -5.000000 -5.000000
392 1.9895470142 2.539563 -5.000000 5.000000 -5.000000 5.000000 -5.000000 5.000000 -5.000000 -5.000000 -5.000000 -5.000000 5.000000 5.000000 5.000000 -5.000000
393 1.7601780891 -5.000000 5.000000 0.833730 -5.000000 -5.000000 0.537035 5.000000 -5.000000 -5.000000 5.000000 5.000000 -5.000000 5.000000 5.000000 5.000000
394 1.9925124645 2.654375 -5.000000 5.000000 5.000000 -3.508553 -5.000000 5.000000 -5.000000 5.000000 5.000000 5.000000 5.000000 5.000000 -5.000000 -5.000000
395 1.5545383692 -5.000000 -5.000000 -0.173663 -3.118930 0.377951 3.827887 -5.000000 -5.000000 4.494720 -5.000000 5.000000 5.000000 5.000000 5.000000 5.000000
396 1.7094660997 -3.120557 5.000000 5.000000 2.989401 -5.000000 -2.121942 -5.000000 -5.000000 5.000000 -5.000000 -5.000000 5.000000 -5.000000 5.000000 5.000000
397 1.5966559649 -5.000000 5.000000 0.140481 -5.000000 -1.235457 -5.000000 -5.000000 -5.000000 5.000000 -5.000000 5.000000 5.000000 -5.000000 5.000000 -5.000000
398 1.4761600494 -4.200239 -5.000000 2.221033 -5.000000 0.320991 1.320204 -5.000000 -5.000000 0.231907 -5.000000 5.000000 5.000000 -5.000000 5.000000 5.000000
399 1.5188779831 -5.000000 5.000000 1.002475 -5.000000 -1.330594 0.807477 -5.000000 -5.000000 2.936021 5.000000 5.000000 5.000000 -5.000000 5.000000 5.000000
400 1.9642502069 4.898562 5.000000 1.886598 2.300984 -3.858448 -1.313130 5.000000 5.000000 5.000000 -5.000000 5.000000 -5.000000 -5.000000 -5.000000 5.000000
401 1.5295225382 -2.929243 -5.000000 2.675205 -5.000000 2.488583 2.109936 -5.000000 -5.000000 -5.000000 -5.000000 -5.000000 -2.254076 5.000000 5.000000 5.000000
402 1.7808378935 -3.151334 5.000000 5.000000 5.000000 5.000000 -0.077016 -5.000000 -5.000000 -5.000000 -5.000000 -5.000000 -2.980260 -5.000000 -5.000000 5.000000
403 1.9248492718 5.000000 -5.000000 5.000000 -5.000000 -5.000000 1.323738 5.000000 -5.000000 -5.000000 5.000000 -5.000000 -2.668175 -5.000000 5.000000 5.000000
404 1.8190213442 3.483564 3.844883 0.578260 5.000000 5.000000 -5.000000 5.000000 -5.000000 -5.000000 5.000000 -5.000000 -1.476427 -1.633493 -5.000000 5.000000
405 2.8230543137 0.129239 -3.702120 -2.608130 -4.645631 -0.553494 3.179127 -5.000000 3.038812 -0.646850 -3.141980 -0.284328 4.317386 -4.934849 0.884052 3.884550
406 2.0797564983 -5.000000 -5.000000 -4.454155 1.133914 -5.000000 -5.000000 -5.000000 -5.000000 5.000000 -5.000000 5.000000 5.000000 -5.000000 5.000000 5.000000
407 1.5962343216 -5.000000 -5.000000 2.065495 -5.000000 -2.980750 -5.000000 -5.000000 -5.000000 -5.000000 5.000000 5.000000 0.464883 -5.000000 5.000000 -5.000000
408 2.0343072414 5.000000 -5.000000 -5.000000 5.000000 -5.000000 -5.000000 -5.000000 5.000000 -5.000000 -0.956869 5.000000 -5.000000 -5.000000 -5.000000 5.000000
409 1.7229291201 5.000000 5.000000 5.000000 5.000000 -5.000000 -5.000000 -5.000000 -5.000000 -5.000000 -5.000000 5.000000 2.383277 -5.000000 5.000000 5.000000
410 1.8114739656 3.925395 -5.000000 -0.329039 -5.000000 5.000000 -4.418648 5.000000 5.000000 -5.000000 -5.000000 5.000000 5.000000 5.000000 5.000000 5.000000
411 1.3976016045 -3.863317 -5.000000 2.313631 -5.000000 1.108731 1.408040 -5.000000 -5.000000 -5.000000 -5.000000 5.000000 1.018199 5.000000 5.000000 5.000000
412 1.7360783815 5.000000 5.000000 5.000000 -2.447506 1.272848 5.000000 -5.000000 5.000000 -5.000000 -5.000000 5.000000 -5.000000 -5.000000 5.000000 5.000000
413 1.6518440247 4.108261 -5.000000 5.000000 -5.000000 -1.020597 2.446470 5.000000 -5.000000 -5.000000 -5.000000 5.000000 5.000000 -5.000000 5.000000 5.000000
414 1.4003852606 -3.413189 -5.000000 2.504576 -3.772422 2.006452 2.380527 -5.000000 -5.000000 -5.000000 -5.000000 5.000000 5.000000 5.000000 5.000000 5.000000
415 1.9108127356 4.057647 -5.000000 -5.000000 1.067551 5.000000 3.720519 5.000000 -5.000000 -5.000000 -5.000000 -5.000000 -5.000000 -5.000000 -5.000000 5.000000
416 2.0129916668 3.892098 5.000000 5.000000 -0.154611 5.000000 0.892766 5.000000 -5.000000 5.000000 -5.000000 -5.000000 5.000000 5.000000 5.000000 5.000000
417 1.8401323557 3.580397 -5.000000 5.000000 -3.423188 5.000000 -1.766364 5.000000 -5.000000 -5.000000 -5.000000 5.000000 -5.000000 -5.000000 -5.000000 -5.000000
418 1.7947748899 3.427850 -5.000000 1.500267 -5.000000 -5.000000 -5.000000 5.000000 5.000000 4.129774 -5.000000 -5.000000 -5.000000 -5.000000 5.000000 5.000000
419 1.4650647640 -4.312557 -5.000000 1.966462 -5.000000 0.812962 1.530326 -5.000000 -5.000000 2.116303 -5.000000 5.000000 5.000000 5.000000 5.000000 -5.000000
420 1.8143876791 -4.441880 -5.000000 5.000000 5.000000 -5.000000 -5.000000 5.000000 -5.000000 -5.000000 -5.000000 5.000000 5.000000 -5.000000 -5.000000 5.000000
421 1.4129678011 -3.740326 -5.000000 2.193995 -3.817578 1.577669 2.679743 -5.000000 -5.000000 -0.280582 -5.000000 5.000000 5.000000 5.000000 5.000000 5.000000
422 1.9095157385 -5.000000 5.000000 5.000000 5.000000 5.000000 -5.000000 5.000000 -5.000000 -5.000000 5.000000 5.000000 -5.000000 -5.000000 5.000000 5.000000
423 1.4222828150 -3.609570 -0.139771 2.002639 -3.871523 1.041338 1.569552 -5.000000 -5.000000 -5.000000 -5.000000 5.000000 5.000000 5.000000 5.000000 5.000000
424 1.7056866884 -3.122991 -5.000000 4.228380 -2.591409 3.920435 3.577950 -5.000000 -5.000000 -5.000000 -5.000000 5.000000 5.000000 5.000000 -5.000000 5.000000
425 1.5336538553 -3.696631 -5.000000 2.574625 -3.034909 1.056561 1.822671 -5.000000 -5.000000 5.000000 -5.000000 5.000000 5.000000 5.000000 5.000000 5.000000
426 1.5916794538 -3.281306 5.000000 1.612532 -3.070233 0.324354 1.929891 -5.000000 -5.000000 -5.000000 -5.000000 5.000000 -2.942932 5.000000 5.000000 5.000000
427 1.9686862230 -5.000000 -5.000000 -4.929002 -1.169738 5.000000 5.000000 -5.000000 -5.000000 5.000000 5.000000 -5.000000 5.000000 5.000000 5.000000 5.000000
428 1.7087812424 4.390463 -5.000000 1.272094 -5.000000 -5.000000 1.197062 -5.000000 5.000000 -0.711032 -5.000000 5.000000 -5.000000 -5.000000 5.000000 5.000000
429 2.0271093845 3.268946 -5.000000 5.000000 -5.000000 -5.000000 -5.000000 5.000000 -5.000000 5.000000 -5.000000 5.000000 5.000000 5.000000 -5.000000 5.000000
430 2.1672210693 -3.530043 5.000000 -5.000000 5.000000 5.000000 5.000000 5.000000 5.000000 5.000000 -5.000000 5.000000 5.000000 -5.000000 -5.000000 -5.000000
431 1.6983704567 -5.000000 -5.000000 1.149754 -2.633672 -5.000000 5.000000 -5.000000 5.000000 5.000000 5.000000 5.000000 5.000000 5.000000 5.000000 5.000000
432 1.5727342367 -3.160022 -5.000000 3.670409 -3.048126 -0.176348 -0.912937 -5.000000 5.000000 -0.050458 -5.000000 5.000000 5.000000 5.000000 5.000000 -5.000000
433 2.1251568794 3.931938 -5.000000 -5.000000 -5.000000 -5.000000 -5.000000 -5.000000 5.000000 -5.000000 5.000000 -5.000000 5.000000 -5.000000 5.000000 5.000000
434 1.3963942528 -3.786036 -5.000000 1.526052 -4.111434 0.851006 2.160752 -5.000000 -5.000000 -5.000000 2.078081 5.000000 5.000000 5.000000 5.000000 5.000000
435 1.9027855396 4.268809 -5.000000 2.126016 -3.200467 5.000000 5.000000 5.000000 5.000000 -5.000000 -5.000000 5.000000 5.000000 -5.000000 -5.000000 5.000000
436 1.4633332491 -3.526358 -5.000000 2.512645 -5.000000 1.136421 3.914201 -5.000000 1.166874 -5.000000 5.000000 5.000000 1.406389 5.000000 5.000000 5.000000
437 1.6556979418 4.286920 -5.000000 1.072415 5.000000 3.481556 -1.811919 5.000000 -5.000000 -2.119788 -5.000000 -4.619831 -4.996789 5.000000 4.440327 5.000000
438 1.7073096037 -5.000000 -5.000000 1.445232 -5.000000 4.934020 5.000000 -5.000000 -5.000000 5.000000 -5.000000 5.000000 5.000000 -5.000000 5.000000 -5.000000
439 1.6135612726 -3.522524 -5.000000 2.589435 3.574291 -5.000000 0.663400 5.000000 -5.000000 5.000000 -5.000000 5.000000 5.000000 -5.000000 5.000000 5.000000
440 1.7512910366 5.000000 -5.000000 2.536969 5.000000 5.000000 -5.000000 -5.000000 -5.000000 3.714212 -5.000000 -5.000000 5.000000 -5.000000 5.000000 5.000000
441 2.0795619488 5.000000 -5.000000 -5.000000 0.298202 5.000000 3.619020 5.000000 5.000000 -5.000000 5.000000 5.000000 -5.000000 -5.000000 5.000000 5.000000
442 2.0304291248 2.548349 -5.000000 3.054543 5.000000 5.000000 -4.774132 5.000000 5.000000 -5.000000 -5.000000 -5.000000 -5.000000 5.000000 -5.000000 5.000000
443 1.5654780865 3.109049 -5.000000 1.719616 2.755007 5.000000 -0.661404 5.000000 -5.000000 -5.000000 -5.000000 -5.000000 -5.000000 5.000000 1.747973 5.000000
444 2.3103239536 2.296733 -5.000000 -3.006716 0.032260 -5.000000 5.000000 5.000000 5.000000 5.000000 5.000000 5.000000 5.000000 5.000000 5.000000 5.000000
445 1.9191045761 -5.000000 -5.000000 5.000000 5.000000 -5.000000 -5.000000 -5.000000 5.000000 5.000000 -5.000000 5.000000 -5.000000 -5.000000 5.000000 -5.000000
446 1.5561826229 4.934645 -5.000000 -1.395279 -5.000000 -2.470170 0.844261 -5.000000 -5.000000 -5.000000 -5.000000 5.000000 5.000000 5.000000 5.000000 5.000000
447 1.6624979973 4.418832 5.000000 -0.750491 -5.000000 -5.000000 1.124073 5.000000 -5.000000 -5.000000 -5.000000 5.000000 -5.000000 -5.000000 5.000000 5.000000
448 1.8423405886 -3.119776 -5.000000 4.549102 -5.000000 -1.960489 2.439134 -5.000000 0.297799 -5.000000 5.000000 -5.000000 -5.000000 5.000000 -5.000000 5.000000
449 1.6990019083 5.000000 5.000000 -0.195367 -5.000000 -1.467922 -0.700576 -5.000000 -5.000000 -5.000000 -5.000000 5.000000 -5.000000 5.000000 5.000000 5.000000
450 1.7084001303 -2.894674 5.000000 2.508244 1.967320 -5.000000 4.256959 5.000000 5.000000 -5.000000 -5.000000 5.000000 5.000000 5.000000 5.000000 5.000000
