evaluations raw_y x0 x1 x2 x3 x4 x5 x6 x7 x8 x9 x10 x11 x12 x13 x14
1 2.1388739077 -2.015027 -1.525564 -1.826843 4.776096 0.470501 -4.952713 -3.885162 -1.750819 3.577762 3.893310 -1.753842 0.380619 0.912782 -4.999976 -2.731874
2 1.9098847372 -3.954190 -0.500309 -2.091432 4.803548 -1.316182 -4.743298 -3.486854 0.673003 2.151086 3.881333 -0.165179 -0.097625 -0.114472 -4.299164 -3.929957
3 1.8657266614 -2.345102 -2.590462 -1.516111 2.789417 -1.254656 -4.982036 -2.630908 -1.383130 2.136513 4.325714 -1.307839 1.108100 0.837261 -4.218060 -1.149516
4 3.1044494898 -0.869238 -3.355360 -1.535360 3.764032 -0.073310 -4.283922 -1.929637 -0.393536 0.476402 2.974223 -1.696930 0.217904 -0.470085 -3.350570 -3.258934
5 2.2053994934 -1.969313 -2.941182 -2.886869 3.072516 -1.370977 -3.933165 -2.646191 -1.123057 1.879613 1.440491 -2.890971 0.014712 0.423798 -3.098226 -4.519886
6 2.1681236872 -1.949704 -1.635883 -3.116153 4.016479 0.076232 -4.193565 -3.726657 -1.331784 0.837984 4.866208 -0.802790 -0.441029 -0.203774 -3.872962 -3.151128
7 1.9148563223 -2.536070 0.206261 -2.901199 2.190353 -1.750153 -3.225300 -4.786697 0.736303 -0.016892 2.498467 -2.570427 -0.110775 0.255722 -4.983178 -3.951355
8 3.2807281173 -0.929986 -2.218885 -2.400440 3.599257 -2.563281 -4.896729 -3.837096 0.466194 3.145244 4.208857 -3.545865 0.647201 0.594564 -4.988011 -1.713357
9 2.5492540101 -1.136578 -1.155727 -1.715076 3.161559 -0.877986 -3.453136 -4.983195 -0.718838 2.853268 4.452067 -1.890376 -0.996575 -0.136510 -3.636706 -2.392981
10 2.4851166156 -1.449526 -2.907669 -2.134923 4.850551 -1.933282 -4.687498 -3.719114 -0.111932 2.189365 4.717455 -0.801525 -0.860041 0.193849 -3.912489 -4.512990
11 2.1237912179 -1.960771 -0.788465 -2.507025 3.934131 -1.291451 -4.025544 -2.345038 0.275822 2.588466 3.476749 -3.251907 -0.571164 2.551992 -4.999772 -4.567888
12 1.8312100108 -3.125420 -1.115207 -3.111902 4.870233 -1.507209 -4.462145 -3.237272 -1.314076 0.801380 2.966418 -1.338718 -0.191456 -1.431382 -3.128759 -2.724179
13 1.8643958888 -2.280193 -0.627339 -3.391375 4.589364 -0.745326 -3.305869 -2.615295 -3.643934 0.340341 4.145700 -1.097755 1.681382 -0.282994 -3.161768 -3.096684
14 1.8515338190 -3.489078 -0.146590 -2.922508 4.866673 -1.970123 -4.997586 -3.489641 -0.840624 -0.755571 4.523114 -0.420002 -0.217054 -2.497330 -4.959141 -2.614846
15 2.3121958428 -2.564100 -0.524708 -4.788482 3.329393 -1.554893 -4.734161 -3.201063 -0.488115 0.464516 3.426426 -2.669372 1.540431 -0.700541 -4.313095 -2.343240
16 1.8727623050 -2.397955 -1.389319 -2.302718 4.370231 -0.064244 -4.967129 -2.948943 0.652404 1.607348 3.338374 -1.918664 -0.711085 -1.405446 -4.294302 -2.557965
17 1.8593561395 -2.978505 0.129868 -2.219041 4.926506 -1.679456 -4.395741 -3.501639 -0.996786 1.938151 2.869967 -2.374406 -0.145621 -0.547455 -2.141942 -2.123046
18 2.1418928541 -3.339120 -1.357458 -4.345395 4.401135 -3.640138 -4.428111 -4.702967 -0.871418 1.324279 2.921644 -0.292276 -0.172243 -0.926689 -3.204660 -2.272543
19 2.4456170051 -1.416386 -1.598648 -3.573112 2.066784 -0.356092 -3.651713 -4.991487 0.513887 2.514347 3.876899 -0.088805 1.064188 -1.980183 -4.995506 -2.758301
20 2.0332669699 -2.084578 -0.871225 -3.034812 3.343952 -1.276506 -3.756633 -3.817970 -1.978509 0.402839 3.370972 -0.322269 0.848564 -1.163827 -3.865680 -2.164272
21 1.9170946734 -2.272664 -3.018086 -2.930358 4.179086 -0.399619 -3.661870 -1.898998 0.150764 2.458473 2.800583 -2.769929 -0.432212 0.405377 -3.867517 -3.933696
22 2.2668442977 -2.823680 -0.697835 -3.963206 4.213152 -1.287874 -3.734687 -2.544406 -0.573088 0.462687 1.732820 -1.796298 0.358095 1.673338 -3.337563 -2.170060
23 2.4816487952 -1.397889 -1.111673 -2.414588 4.572875 -1.047202 -4.546826 -2.626960 -0.819583 0.037928 3.469654 -2.158814 -1.260497 -1.031568 -2.678751 -0.696343
24 1.8836561285 -2.241390 -1.056404 -2.271886 3.943220 0.589014 -4.715729 -2.749640 -1.390679 1.072755 4.785825 -3.130746 1.154921 -0.766111 -4.588841 -3.312205
25 2.0628867479 -1.836412 1.451171 -2.391368 4.645782 -1.545282 -4.442753 -4.999911 -1.325355 2.804408 4.026346 -1.486719 0.591197 -0.611804 -4.278093 -3.464115
26 1.8105816769 -3.389902 -1.274110 -2.802510 4.080525 -0.157406 -3.373326 -3.083001 -1.066526 1.385831 4.045382 -0.821154 2.780230 -2.127049 -2.766547 -2.609165
27 1.8647249977 -3.350451 1.301867 -2.813552 4.558128 -0.057101 -4.888571 -4.849671 -2.031195 0.805206 4.080771 -0.960775 0.782690 -0.127217 -2.453188 -3.450147
28 1.8838189813 -3.078326 0.003481 -2.764967 3.642659 -0.558351 -4.566185 -3.926818 -0.978311 0.853185 4.725036 0.350284 0.640305 -2.665339 -3.398377 -1.960756
29 2.1591163409 -1.965536 1.011541 -2.153833 4.895552 -1.616742 -4.704830 -3.208132 0.842370 -1.359381 3.241294 -1.869016 1.563182 -0.874003 -4.429045 -2.686254
30 2.0942237009 -1.662130 -0.350757 -1.618868 3.744795 -1.373000 -3.951490 -3.548294 0.228604 1.443701 2.667560 -0.517642 -0.623427 -1.007978 -4.392838 -0.725018
31 2.1292259693 -3.128946 -3.150933 -3.931747 4.985092 -2.396847 -4.276230 -4.070998 -0.922112 1.479208 3.191099 -2.498916 0.294569 -0.699836 -4.933987 -2.342758
32 2.1516559617 -3.599227 0.098935 -4.969712 4.096075 -2.318707 -4.828268 -3.964921 -0.998291 1.926138 3.782063 -1.948709 0.929981 -2.223774 -4.593258 -3.535945
33 1.7944815187 -4.036704 -0.177778 -1.833208 4.595269 -1.943232 -3.927457 -2.460342 -0.705954 1.697584 4.048945 -1.104568 -0.033116 -2.363824 -4.987170 -1.694487
34 2.0643193366 -2.074969 0.337243 -1.639700 3.973642 -0.995415 -4.939948 -2.832423 -1.623624 0.898950 4.998198 -0.807688 -0.966342 0.017920 -3.982125 -2.729764
35 2.1038236217 -1.923751 0.401305 -1.447203 3.653903 -1.337301 -3.514775 -3.567301 -0.938632 0.370931 4.627032 -0.588428 0.510547 -0.457026 -4.102115 -4.083182
36 1.9934908286 -2.947993 -1.006099 -3.707654 4.435186 -0.963732 -3.771768 -2.758347 -2.254513 1.623025 4.326881 -1.946179 -1.057023 -1.003883 -3.385565 -3.820102
37 1.7990392556 -3.391414 -0.778459 -1.749364 3.777086 -0.888740 -4.157586 -3.937488 0.348815 0.817894 3.771488 -1.852007 -0.094423 -1.828185 -4.226339 -2.098616
38 1.8279222416 -2.903532 -0.358061 -1.867636 3.318704 -2.353624 -4.040045 -4.781301 -3.222372 0.101077 2.996848 -2.442773 1.963044 0.064512 -3.385040 -3.437477
39 2.0913344676 -3.484749 1.585859 -4.063698 4.302768 -1.622494 -4.995815 -3.165753 -1.364199 1.644066 4.175383 0.326160 -0.314161 -2.117141 -3.954761 -2.163830
40 1.8222754863 -4.428862 0.350316 -2.377144 3.588052 0.438245 -3.255082 -4.574152 -1.688546 0.595517 4.361513 -0.625168 0.434808 -1.396299 -3.160103 -1.109172
41 1.9054682489 -4.310088 0.224775 -2.926020 4.406228 -0.058968 -4.831979 -3.465224 -0.713646 0.677674 4.222549 -0.018355 1.420759 -1.841577 -3.529613 -3.173201
42 1.8796169952 -4.234496 0.213355 -3.170741 4.930061 0.366183 -4.952398 -3.806272 -0.809040 0.911598 4.171643 -2.411654 1.304266 -3.336163 -1.536416 -3.059406
43 1.9916559378 -2.507706 -0.425868 -1.903903 4.310499 -0.764933 -4.971570 -3.998462 -3.013522 0.896106 2.947802 -0.278639 1.067069 -0.128562 -2.379070 -4.580803
44 1.8097021362 -4.036548 -0.748018 -2.824126 3.468911 -0.010795 -3.902692 -3.831947 -1.446306 1.301573 4.998962 -0.995839 0.290649 -0.454826 -3.451230 -3.175956
45 1.7954917605 -3.383767 -2.632657 -2.611259 4.320645 -0.377662 -2.440717 -2.152785 -0.775032 2.290352 4.945341 -2.014155 1.044417 -2.198006 -3.807524 -1.515662
46 1.9286740967 -3.401740 0.493210 -3.516984 2.970920 -0.259328 -3.967550 -3.659471 -1.964081 2.117685 4.258347 -1.512024 1.472153 -1.415468 -3.112591 -1.943700
47 2.0715154776 -1.917892 1.478358 -2.528659 4.154198 -0.098951 -1.561664 -1.523378 -2.055917 2.531993 3.935438 -1.249609 1.882602 -2.177451 -3.884769 -3.794428
48 1.8139543774 -3.680818 0.720327 -2.442067 4.183282 1.598581 -1.712092 -3.010498 -2.150529 2.657903 4.174937 -1.462662 1.499041 -0.193900 -3.497306 -3.413774
49 1.8408648170 -2.925043 -1.542493 -2.139505 3.501034 -0.451608 -1.039148 -4.441238 -0.829748 1.798968 4.358500 -2.647785 0.051733 -0.268957 -3.996854 -2.420441
50 1.8033158730 -2.853533 -2.275511 -0.605787 4.397241 -0.962922 -3.178527 -3.404816 -0.329269 1.011430 3.450220 -0.303754 -0.030726 -0.474693 -4.383636 -2.760441
51 1.8212386993 -3.121665 -0.193344 -1.600190 4.965836 2.259608 -3.907163 -3.550410 -0.722028 2.106982 4.032762 -2.038381 0.376262 -1.476888 -4.750132 -2.140180
52 2.1027385857 -1.876034 -0.390335 -3.345762 4.376918 0.772879 -4.092625 -3.854959 -1.555611 0.499610 4.965706 -0.578661 1.175249 -0.278917 -4.641573 -3.271691
53 1.8192176955 -3.165155 -1.627225 -3.132563 4.765768 1.450977 -2.584281 -2.108430 -1.401486 2.215907 4.672739 -2.319391 0.766963 -1.970910 -3.561951 -2.230458
54 1.8070001942 -3.666808 0.232650 -1.795357 3.893502 1.553186 -3.623352 -3.305587 -0.974679 1.769543 3.823089 -2.896636 -1.099594 -1.608313 -4.262791 -0.862336
55 1.8327627685 -3.043354 -0.746892 -2.610137 4.102293 0.732902 -1.859568 -2.337622 -0.336566 2.528767 4.656705 0.792319 -0.005517 -1.369718 -4.076808 -3.604017
56 1.8903798851 -3.267511 -2.670655 -2.676812 4.987984 -1.035065 -2.469158 -4.497779 -0.822194 0.072919 4.627409 -2.972999 0.759721 -0.693153 -4.183852 -4.104194
57 1.9485516641 -4.706819 -0.972111 -3.680381 4.879091 -1.943734 -4.378933 -4.842277 -0.718483 1.811483 3.753047 -2.638843 -1.088957 -1.798136 -4.209573 -2.543698
58 1.7608997520 -3.742772 -0.658551 -1.682683 4.360632 -0.911407 -1.989708 -1.182817 -1.491306 1.994104 4.844438 -1.515533 0.095682 -2.600624 -4.535553 -1.400314
59 1.8524456105 -3.989143 -1.930952 -2.812929 4.622041 -0.142289 -4.970108 -2.189237 -1.936729 -0.519115 4.974689 -1.713253 2.370361 -4.048118 -3.413695 -1.443002
60 1.8642478504 -2.668502 -2.678375 -2.022086 4.785744 -0.305880 -3.328325 -3.636616 -0.879040 0.769085 4.177226 -1.315156 0.735543 -0.224307 -4.128574 -2.156664
61 1.8155236513 -3.874965 -1.231192 -2.792977 3.799669 1.615668 -3.255676 -0.885039 -2.321315 3.366439 2.272588 -2.464657 -0.547578 -2.045157 -2.584934 -1.095974
62 2.3793596629 -1.245038 -0.110954 -2.552135 4.590877 -1.784292 -3.371283 -2.013291 -1.523704 2.028805 4.471728 -0.830126 0.679508 -1.590381 -4.452377 -2.602015
63 1.8171119577 -3.734524 -0.967333 -0.126642 4.625685 -1.185572 -4.900340 -2.695611 -0.931075 1.144101 3.737271 -0.987023 1.022656 -2.245869 -4.406672 -1.169991
64 1.8079940183 -3.821449 -0.905319 -2.033408 4.786545 -0.053518 -2.323875 -2.425246 -0.023814 1.289697 4.658643 -0.688793 0.685665 -0.685015 -4.313269 -0.732918
65 1.8477606376 -2.677109 1.222109 -2.297135 3.311466 0.852372 -2.514559 -1.372828 -2.613388 1.994722 3.180408 -0.811230 -0.312472 -0.898931 -4.802908 -2.310222
66 2.1146616715 -1.791692 -1.101093 -0.459026 4.509723 -1.741643 -3.115014 -3.499315 -1.675273 1.069341 3.222441 -3.310468 0.351723 -1.630128 -3.399362 -1.889470
67 1.8080330068 -4.820665 -0.921608 -2.439991 4.455723 -0.131747 -1.421172 -2.078190 -1.510469 3.633967 4.138357 -1.079807 -0.014442 -2.856620 -4.839236 -3.173968
68 1.7641699076 -4.245578 -0.229355 -1.817707 3.636902 1.884713 -2.727567 -0.592365 -0.591737 2.516030 4.337726 -0.641696 0.991939 -0.154936 -4.858525 -2.019906
69 1.7752804709 -3.103855 -0.341810 -0.486504 3.761729 0.884330 -2.796240 -3.499690 0.302426 2.027230 4.673562 -1.239429 -1.171055 -2.052676 -3.470536 -0.715856
70 1.8421692310 -3.230616 -0.073703 -2.705487 4.999927 0.663153 -2.942320 -2.260124 -1.643440 2.903426 4.723284 -0.832039 0.991719 -1.842748 -4.141417 -2.837732
71 1.8478268620 -2.235891 -0.623238 -1.509144 4.630543 -0.902453 -2.999197 -3.092067 0.395019 -0.045413 3.328872 -3.247550 0.272576 -1.095459 -4.397148 -1.122583
72 2.0630066928 -1.812285 -0.598066 -0.386703 4.998949 0.853199 -2.594809 -4.026731 -0.623373 2.617393 2.088710 -1.927348 -0.928193 -1.119816 -3.824845 -1.106854
73 1.9211708045 -4.948305 0.222130 -2.617925 4.482378 0.755212 -4.111533 -1.327698 -0.416952 2.052175 4.990667 -0.137418 0.198512 -2.753548 -4.201071 -2.117122
74 1.7517396638 -4.187195 -0.627429 -0.238331 3.326467 0.827388 -3.378980 -3.029323 -0.688983 3.916647 4.330245 -0.693238 0.947909 -0.874971 -4.586653 -0.664069
75 1.7909743478 -3.726431 -0.145305 -0.035015 4.421026 1.478268 -2.365341 -1.716089 0.467586 2.328407 2.569079 -0.229149 0.926395 -0.260219 -4.425541 -0.970170
76 1.8297517606 -4.357738 -1.946362 -2.644575 4.890321 1.552740 -4.865257 -3.099683 -0.529694 1.912844 3.880890 -0.361675 0.081422 -0.490062 -4.360102 -2.841764
77 1.8333841814 -2.791249 -1.481937 -2.936309 4.559000 0.620090 -2.223516 -1.689505 -0.757597 0.932347 4.823309 -2.308679 0.491961 -0.017744 -4.449975 -1.933268
78 1.9188257662 -2.999918 -0.357626 -3.570825 3.330323 1.747532 -3.165782 -0.971927 0.742107 1.688778 4.090705 -1.109379 -0.598163 -0.189337 -3.834986 -0.390222
79 1.8440120003 -4.140020 0.016244 -1.292452 2.970151 -0.068218 -3.418216 -2.703663 -0.153262 2.415527 3.676154 -1.717318 -0.409833 -1.709335 -4.971629 -4.347110
80 1.7543940827 -3.597398 0.104063 -1.280192 4.931394 0.271415 -1.495480 -2.181688 -0.586120 0.864809 4.636080 -0.068048 0.125453 0.465819 -4.917862 -0.056075
81 1.8543882851 -3.502842 -0.906922 -2.002287 3.447734 -0.756036 -4.470996 -2.522424 -0.132069 1.811683 4.073131 -0.248685 0.127297 -1.676649 -4.999129 -2.293886
82 1.8332395513 -3.306244 0.262742 -3.142334 2.952442 2.460992 -1.569555 -0.464127 0.562761 1.472918 4.466357 0.364419 -0.554769 -0.900408 -4.753954 -0.997582
83 1.8152505812 -3.124448 -0.863202 -2.719643 3.496851 -0.448127 -1.990639 -2.200871 0.300131 2.498053 3.503587 -0.064218 -1.553212 -1.970899 -4.989370 -0.645621
84 1.8089844827 -2.913526 -1.927796 -0.315986 3.661928 1.121496 -3.232481 -0.683760 0.612963 4.243031 3.961192 -1.883275 2.165730 -1.441940 -4.662334 0.848674
85 1.7930583490 -3.468856 1.847995 -0.698815 4.999713 -0.907158 -3.220978 -2.922205 -0.762624 3.099879 4.867407 0.141679 2.121193 0.383508 -4.260537 -1.606450
86 1.8159557247 -4.243880 -0.278187 0.538899 4.959189 -1.064957 -3.794049 -3.180936 -1.579304 3.376677 4.559095 1.976627 -0.186002 -2.401201 -3.830385 -0.654710
87 1.7629511231 -3.036064 -0.245583 -0.145596 3.642792 0.806033 -3.582123 -3.807242 -0.157697 3.741800 3.929166 -2.345207 1.384247 -0.900172 -4.948808 1.375381
88 1.7681543089 -4.530684 0.469842 -0.288423 3.929703 0.058904 -3.034735 -3.001052 -0.965702 2.494925 4.600757 -0.780188 2.319481 -0.209071 -4.439793 -0.832539
89 1.7722127269 -3.303255 0.998641 0.254099 2.601528 1.583465 -3.441817 -3.519859 -1.211307 2.877962 3.157780 -0.982637 1.221453 -0.951465 -4.849662 0.508157
90 1.7930622351 -3.305005 -0.428990 -0.779509 3.052676 0.122589 -3.923704 -0.953190 -0.845920 3.856734 3.894805 0.166350 1.616031 -2.434481 -3.888820 0.646446
91 1.7263064514 -4.023640 -2.255465 0.229637 2.868349 0.591565 -3.305005 -2.073022 -0.757811 2.448206 2.601331 1.402236 -1.527511 -0.063578 -4.987692 0.374476
92 1.8239297231 -2.888728 -1.283561 -1.413019 4.547003 -1.540731 -3.668041 -1.517138 0.195942 3.707659 3.982883 0.354936 0.884351 -1.323105 -3.360854 -0.369236
93 1.8530577135 -4.952122 -0.470397 -1.876889 3.879898 1.265842 -2.627599 -1.523968 0.199166 3.236591 2.336774 1.018795 1.671383 -0.851510 -4.622336 -0.129840
94 1.7868171195 -4.248168 -0.090521 -1.408456 3.357975 -0.462793 -2.665398 -1.374146 0.890895 4.518042 4.280837 0.599993 -0.016408 0.262861 -4.288599 -0.842430
95 1.8964364423 -4.998482 0.804602 -2.976182 4.506951 0.792289 -3.227132 -1.973674 -0.006142 3.696504 4.585253 0.162745 1.628129 0.385488 -4.009022 -0.471942
96 1.8694592338 -4.759919 -0.027320 -2.527393 3.774633 -0.131721 -4.626279 -1.853025 -0.650109 3.550138 1.884532 -0.450598 1.297630 0.931726 -3.079015 0.031561
97 1.7701007239 -3.070860 -1.199621 0.191719 4.680000 0.264622 -3.999157 -0.511938 -0.622956 4.096427 2.456308 1.581300 -0.712445 0.581979 -4.528597 0.293548
98 1.7518753867 -4.037628 -0.806641 -0.338072 4.498014 2.915446 -1.839440 -0.947784 -2.358097 4.244052 4.772118 -0.820757 -0.072239 -0.519919 -3.460510 -1.662118
99 1.7404559869 -3.783263 -1.805458 0.201529 3.742890 0.223760 -3.645610 -1.899378 -0.302509 2.174681 2.459632 0.184888 0.795522 -0.216333 -4.878162 0.542524
100 1.8238361982 -3.532073 -1.477410 0.512422 2.534614 1.338181 -4.913500 -3.303225 -0.909032 3.557087 1.912995 -2.406977 0.219225 0.398351 -4.812552 -0.572287
101 1.7193186313 -4.126910 -2.153040 -0.747117 3.908983 -0.043104 -2.076185 -0.899995 -2.634002 4.259968 4.363593 0.322676 0.511632 -0.032269 -4.534172 0.206969
102 1.8595727113 -3.536838 -0.084456 1.038610 4.255601 1.398029 -4.416573 -1.727399 -0.192913 3.729546 3.890621 0.234143 0.920804 -2.404973 -3.945299 -0.937131
103 1.7739515253 -4.465909 -1.844571 0.095530 4.904823 0.340087 -2.822087 -4.178578 -0.708851 2.134749 4.660691 1.212739 2.134608 -1.450352 -4.340927 -0.081462
104 1.8334829325 -4.981110 -1.632745 -0.523535 4.930789 1.252967 -2.369830 -2.763751 -1.815396 2.756141 4.491755 -0.510022 1.459412 -0.785443 -4.222790 -1.388368
105 1.7626048389 -4.149512 -0.704795 1.155398 4.066246 -0.487346 -3.910351 -3.499975 -0.871200 3.213164 4.427590 2.005884 0.707727 -0.448806 -4.962319 1.082080
106 1.7650430894 -3.906075 -0.712468 -0.925256 3.849642 0.551411 -3.375788 -2.618828 0.507646 2.502102 2.340093 0.096082 -0.845911 1.007014 -4.798949 -0.199214
107 1.7523384096 -4.930650 -1.087370 0.931530 3.609365 1.095362 -2.379902 -4.720072 -0.399281 3.870391 2.734452 0.002678 1.072629 -0.398498 -3.853981 0.041898
108 1.7256464195 -3.926827 -0.944520 -1.542083 1.522727 0.329137 -3.256501 -2.560792 -2.102165 3.564129 3.111037 -1.262877 -0.052599 0.195728 -4.300652 0.539850
109 1.8361994014 -2.407359 -1.930355 -0.595114 4.191753 -0.399474 -3.328421 -3.303141 -2.266745 3.223695 3.926014 -2.094981 1.548727 -1.144711 -3.758002 0.231965
110 1.7517215046 -4.791599 -3.003493 -1.169489 3.571475 0.402483 -3.012526 -1.292282 -3.082936 3.886554 3.781983 -1.435222 1.300408 -0.918083 -4.928141 0.261762
111 1.7285207423 -3.944868 -1.510042 -1.812201 3.591327 1.164877 -2.370775 -0.652494 -4.090135 4.992889 4.603870 -0.431203 0.589523 0.091020 -4.528150 0.939638
112 1.7394527104 -4.433906 -2.512192 0.244681 2.454408 1.020099 -2.348100 -1.691908 -2.789351 4.248437 3.485882 2.001601 0.337063 2.030533 -4.579128 -1.681932
113 1.7727643733 -4.876078 -1.829447 -0.855742 4.819578 1.880709 -2.856271 -1.450699 -2.410029 2.604742 3.464142 -1.355863 -0.322799 -0.810564 -4.968331 -0.858448
114 1.7571040886 -3.209665 0.285187 -0.178423 2.569372 1.852651 -0.949241 -1.797030 -2.936999 2.732137 4.332296 -1.442215 0.560488 -1.369675 -4.982894 0.741751
115 1.7966741091 -4.035350 -1.960367 -3.389516 3.781325 1.189159 -2.941416 -1.026664 -3.032694 3.940239 3.371870 -0.956804 -0.918272 -1.489375 -4.064570 -0.720795
116 1.7215313930 -4.070049 -1.942113 0.001117 4.886517 -0.004836 -2.018506 -1.395811 0.068237 2.537226 3.520477 0.442355 0.704565 -0.314001 -4.267704 0.620951
117 1.7887382763 -2.872196 -2.819745 -1.322734 2.046288 0.509171 -2.412731 -2.501836 -2.492746 4.504913 2.490406 -1.163890 1.347753 1.377255 -4.859715 -0.322660
118 1.7122771618 -4.415081 -1.140743 -0.695208 2.569298 0.077333 -2.477431 -1.943302 -2.500350 3.109267 3.772850 -1.136754 0.232923 0.513209 -4.735589 1.823541
119 1.7495295920 -4.149111 -0.985602 0.980019 3.363983 -0.646246 -3.023736 -4.041112 -0.647377 3.163697 3.292659 1.930561 0.666253 1.076987 -4.406232 -0.820803
120 1.7562889937 -3.055854 -1.808978 -0.359557 3.407134 -1.107994 -3.257821 -2.483666 -2.655478 4.210472 3.528292 -0.078191 1.143974 1.548220 -2.595081 -0.578314
121 1.7279099317 -3.709033 -1.488798 0.737336 3.387771 -0.301094 -2.552951 -1.861964 -2.273595 3.062958 2.966119 -0.619139 0.258058 -0.168269 -4.937191 -0.024800
122 1.7170013809 -3.924225 -1.957813 -0.739851 1.524666 -0.837972 -2.248161 -2.943628 -3.294938 2.955464 3.317457 -0.943371 1.286434 0.508502 -3.163874 3.561979
123 1.7433610114 -4.466470 -3.381965 -1.710002 2.494135 -0.468411 -2.767913 -0.596207 -2.396682 3.883098 3.376681 -1.321232 0.187266 -1.081209 -4.110454 0.218623
124 1.7748239948 -4.678662 0.439216 -0.472568 3.978971 0.644358 -3.700539 -0.640487 -2.322131 3.352804 4.881067 0.220135 0.421803 -0.134117 -4.450708 0.128578
125 1.7456545846 -3.610446 -0.309800 -0.330497 4.363099 0.946037 -3.819427 -2.187122 -3.252014 4.093734 4.963365 0.992070 0.206864 0.550714 -4.570461 1.773667
126 1.7369679682 -3.070618 -0.146257 1.234185 4.314749 0.929462 -2.719115 0.103971 -3.425611 2.705024 4.415293 -1.921594 -0.054051 -0.362920 -3.772412 0.978470
127 1.8177817602 -2.516677 -2.756585 -0.897900 3.770954 1.735816 -3.293648 -0.645780 -1.255482 3.204524 3.104248 1.217703 1.375216 0.803058 -3.974774 2.587471
128 1.7335200491 -3.892254 -2.650616 -0.924255 4.992919 -0.148397 -2.561619 -2.733765 -2.476588 4.987462 4.574630 -1.532989 0.612907 -0.922309 -4.159310 3.151259
129 1.8395016517 -2.749360 -0.629768 0.310357 3.068269 -0.165425 -4.051520 -2.943923 -1.312498 3.111758 2.072485 0.026430 0.684711 -1.557218 -4.999931 0.966597
130 1.7747927784 -4.937232 -1.962293 -0.641891 4.834717 0.493457 -2.559590 -2.217169 -0.975502 2.358455 4.393933 0.304063 2.272738 -0.152086 -4.999086 2.942255
131 1.7718866326 -4.079123 -2.041094 -0.954019 2.574948 2.241348 -1.650773 -2.969218 -2.743085 4.038012 4.006961 1.370837 1.490610 -2.397672 -4.371139 2.213888
132 1.7368780090 -3.899790 -0.928468 -1.558750 1.423352 1.389897 -2.054219 -2.029689 -2.554966 4.638128 3.143301 -0.317103 0.761236 0.866158 -4.638652 0.687109
133 2.1994162141 -1.527083 -2.540173 -0.390015 4.850886 -0.296555 -1.106467 -1.218044 -1.939154 3.983966 2.227403 0.551904 0.907246 0.811086 -2.528651 -0.072377
134 1.7164478369 -4.485481 -0.600431 0.259332 3.114443 -0.096543 -0.792618 -2.462121 -4.252009 3.861435 4.912355 0.664480 -0.399565 -0.246472 -4.685164 2.393922
135 1.8357972214 -4.999999 -1.267837 -0.439485 3.734826 0.776472 -3.294264 -3.081226 -2.110185 2.403422 3.156297 -2.248258 1.607909 1.108067 -4.999779 1.313419
136 1.7601342498 -3.899311 -3.039528 -1.812282 3.856841 -1.318611 -3.322243 -1.610135 -3.297825 3.853673 2.829939 0.053449 -1.696816 -0.876288 -4.771932 0.206037
137 1.7676217518 -3.090849 -1.153097 -1.164065 3.076755 1.177163 -1.747578 -1.843727 -1.187578 4.238824 3.568921 -2.297294 0.816213 -1.332675 -3.744734 0.300187
138 1.7182737039 -3.955226 -1.270930 1.254970 2.197119 -0.482464 -1.751250 -1.585118 -2.542738 3.660412 4.757118 -0.877623 0.343526 0.481320 -4.768775 3.110726
139 1.6939963599 -3.372479 -2.797037 -0.959567 3.818090 0.303219 -2.328116 -2.833996 -1.876235 3.271043 4.109002 -1.179441 -0.166411 0.612193 -4.475138 4.840081
140 1.7269222370 -4.226806 -1.391563 -0.243342 1.064872 -1.204024 -3.117551 -2.286037 -2.681560 2.884051 3.246313 -1.129989 -0.556920 -0.148173 -0.896624 0.718686
141 1.7013832077 -4.005820 -1.625695 -0.593954 2.752156 -0.257749 -1.089687 -3.062459 -2.872220 4.958772 3.584400 -0.310307 0.975605 2.063876 -3.928304 1.974436
142 1.7280139285 -3.670168 -1.687918 -0.725690 2.937598 1.053385 -1.884665 -0.790448 -3.491288 3.513367 2.736004 -1.773835 0.699974 -0.276262 -4.970709 1.692024
143 2.5451953897 -0.973168 -1.011680 -1.159976 3.439881 -0.424994 -3.419980 -2.615598 -0.996330 0.318831 3.223918 -0.760143 0.584404 0.350082 -2.515955 0.970761
144 1.6873058165 -3.770482 -1.804166 0.457918 2.610619 -2.362196 -3.492775 -1.348348 -2.071345 1.942949 3.459038 -0.634297 -0.188442 0.757859 -2.857056 3.592328
145 1.6802274150 -3.198032 -2.168205 0.574048 4.143226 -2.085943 -2.235729 -0.360628 -3.847222 2.397296 3.459589 -1.814047 0.019489 3.177304 -2.233113 4.979869
146 1.8230350999 -4.505809 1.184350 0.812390 2.586341 0.080834 -3.948219 -3.271852 0.262490 3.025971 3.523448 0.521081 -0.562827 -1.540107 -2.089891 3.827242
147 1.7235624640 -3.292418 -1.206602 -1.354963 3.156791 0.055906 -2.373707 -2.239574 -1.852387 4.547119 3.696137 -1.269324 1.365149 2.076608 -4.035761 4.308114
148 1.7566876311 -2.518183 -2.809430 1.605575 3.003044 -0.407923 -0.868916 -2.886462 -0.828637 2.755043 4.731222 -1.575793 -0.591567 1.738229 -0.817353 4.960002
149 1.8047102656 -2.432191 -3.640611 -1.624191 1.536770 0.372620 -1.127796 1.425314 -4.669571 3.179998 4.891416 -0.354143 1.109615 -0.522765 -1.704595 4.822982
150 1.8145026919 -4.990972 -4.305292 -0.247184 4.999847 -0.633561 -2.867853 -1.475968 -2.624099 4.323913 4.762781 -0.303309 -1.372344 1.108743 -3.142030 4.998651
151 1.7196032191 -3.647961 0.914627 -0.236029 2.770733 0.729463 -0.777804 -2.021007 -1.881248 1.843636 3.349245 -1.176527 -1.175655 0.430810 -3.746926 4.833192
152 1.7794156393 -4.982861 -2.497845 0.802781 3.926365 -1.799535 -2.402100 -1.801643 -2.937136 2.804751 4.804638 -0.949896 0.551597 0.752671 -3.555351 4.453565
153 1.7326100735 -4.424632 -1.432035 -1.506041 1.262150 -1.116666 -0.581083 -0.768559 -1.685910 2.611644 3.447642 -0.993731 1.090955 -0.205983 -3.662983 2.803863
154 1.7422801719 -3.281943 -1.495430 1.670061 3.069337 -0.487505 -2.542331 -1.772861 -2.327105 2.674970 2.232172 -0.463446 -0.190569 2.539023 -1.741757 3.093221
155 1.7176273650 -3.402601 -2.364730 0.232742 4.532742 0.646369 -1.614933 -1.160754 -2.021769 4.144048 4.342446 -1.467643 -0.500623 -1.513135 -3.600083 1.702717
156 1.8191437893 -4.999902 -0.944534 -0.513635 2.753421 -2.082363 -3.334508 -3.345180 -1.597420 2.201607 2.444858 -0.312180 -2.380067 0.462340 -2.856335 4.840093
157 1.6968404176 -3.068544 -2.466918 1.370949 3.959301 -1.146617 -1.511675 -1.073564 -0.650847 3.821747 4.002826 -0.884290 0.203489 1.288170 -2.645607 3.707364
158 1.7644147840 -4.502371 -0.985937 0.825212 4.182418 -0.670850 -3.346314 -0.634842 -2.296112 2.678100 1.157924 -1.303778 -0.452094 2.957303 -3.245946 2.545762
159 1.7941826767 -2.237075 -0.977464 -0.776686 4.663373 0.627656 -2.529778 -2.622438 -2.906886 2.821588 3.438818 -2.411371 -0.329968 1.541466 -4.390146 4.084676
160 2.1747835050 -1.899132 -2.616393 -1.547590 3.076550 -1.130398 -3.736420 -1.609174 -3.185490 1.156568 4.998873 -0.173267 -0.642439 0.798450 -3.948541 2.958006
161 1.7306175527 -3.967351 -1.282919 -0.763746 2.848573 0.127317 -1.665329 -1.633106 -2.629920 1.802201 2.546559 -2.782668 -1.419640 1.668023 -2.894460 3.732144
162 1.7447010028 -3.251128 -2.864272 -0.924533 2.763340 -0.083185 -1.661064 -3.888668 0.034231 2.565672 2.599312 -0.211763 -1.007520 1.574619 -1.227971 3.185815
163 1.8201297215 -2.429804 -1.254242 -2.126970 2.595604 -1.082672 -0.943836 -1.465111 -3.070833 3.601335 1.760263 -0.190355 -0.007532 1.745238 -1.944945 4.940630
164 1.7261998893 -3.671288 -2.922902 2.183511 3.333646 -1.503148 -2.465622 -0.683686 -1.227884 3.381133 1.659121 -0.357583 -0.709870 2.126789 -2.387810 4.615967
165 1.7153612975 -4.368145 -0.166179 -1.005310 3.251026 -1.680650 -2.462624 0.752590 -3.153259 2.005654 4.915636 -2.158630 0.580674 -0.485874 -3.235107 2.601917
166 1.7304772042 -3.862735 -0.344889 -0.881005 4.558807 0.025511 -3.225009 -1.808542 -3.998023 3.662114 4.339615 -1.514306 0.508861 1.445239 -4.680292 4.530180
167 1.6966636017 -4.363260 -0.914639 1.287642 3.581409 -1.888915 -1.960072 -2.159698 -0.955768 4.316017 4.865154 -2.664283 -0.841973 2.264902 -4.346094 4.879463
168 1.8154532124 -4.981090 -1.457414 2.494790 3.523584 -0.743286 -1.890040 -1.975401 -1.503328 4.076243 2.048183 0.416447 0.799535 1.763389 -4.920589 4.391241
169 1.8247847889 -4.993568 0.034534 1.296065 3.667476 0.735442 -2.648712 -1.230064 -2.731232 1.653062 4.844340 -3.158521 0.125943 1.327119 -3.809862 4.921268
170 1.8444958293 -2.480671 -0.919192 -1.978298 4.939074 -0.207633 -2.973299 -2.841852 -1.228799 3.805353 4.129771 1.137398 -0.767570 1.427222 -4.571311 2.054610
171 1.7301772465 -2.792638 -3.183973 0.624626 3.027656 -0.712489 -0.356133 -1.814369 -0.560464 4.674642 3.967145 -1.428696 -1.529239 2.512552 -2.584567 4.046495
172 1.6588333943 -3.585564 -3.303874 0.591005 2.062656 -2.876924 -2.680332 -1.757770 0.984689 2.858153 3.662164 -1.364749 -0.758444 1.717159 -2.576205 4.157139
173 1.8400292801 -2.125552 0.146914 0.902510 4.428274 -1.361633 -4.315298 -1.391041 -1.599526 3.149703 4.935822 -2.171067 0.427429 1.957731 -2.368250 4.057745
174 1.7248843262 -4.556717 -0.926070 1.649353 4.234646 -0.737929 -3.033658 -1.229263 -2.116252 1.534513 4.168363 -2.160833 -0.997899 1.217433 -0.520650 3.658658
175 1.7740770107 -2.913123 -1.909556 -0.436977 4.091380 -1.000510 -2.137905 -1.184691 -2.937904 3.753076 4.688102 -4.907885 -1.249700 0.644841 -4.290231 1.835346
176 1.7348580682 -4.932441 -1.892541 1.056691 4.091911 -0.057785 -2.758598 -2.102330 -2.404661 2.273716 2.667911 -1.656840 -0.644765 2.894301 -2.964852 3.911021
177 1.7537508951 -2.562159 -3.344216 0.386854 2.163701 -3.111798 -1.260868 0.192641 -1.567907 1.559970 3.751319 -0.903737 -1.092136 0.393316 -3.115257 4.165287
178 1.6873946408 -3.607937 -1.986324 1.886250 2.091133 -2.342703 -3.292616 -1.490703 -0.463509 3.193662 4.653118 -2.561832 -0.642284 1.244722 -3.911395 4.435649
179 1.6767793684 -3.457503 -2.525623 1.299730 4.290262 -3.235726 -0.315240 0.724462 -3.804641 3.445375 2.581338 0.223927 -0.849785 4.927997 -3.985436 4.172285
180 1.6961186553 -4.108406 -3.632792 -0.543919 3.873860 -1.733540 -2.643268 -0.130430 -0.484894 4.419508 4.999617 -2.649578 0.664364 1.738017 -4.123627 4.308668
181 1.6194471729 -3.194179 -3.050357 0.656500 1.236859 -4.315344 -0.784876 -2.376968 -1.629405 4.749190 4.583789 -2.370913 -0.502854 1.804429 -4.968142 4.879282
182 1.7551490112 -4.992738 -3.246957 0.081951 3.370798 -3.448006 -2.787968 0.097752 -1.057397 3.789485 4.410094 -4.779033 2.063889 2.929071 -2.380317 4.586164
183 1.7068586446 -3.744996 -1.884161 1.160895 2.252975 -0.904831 -2.061372 -1.162992 -3.015500 3.441983 4.178600 -1.440865 0.002520 1.963750 -4.522867 2.743760
184 1.6113547040 -3.334077 -2.427761 2.175905 2.502116 -2.738200 -2.223010 1.075254 -0.979569 3.835147 4.733173 -2.098473 -0.329024 2.687802 -4.108870 4.924953
185 1.7006201013 -3.967999 -4.095569 0.347957 2.450164 -2.440169 -3.041619 -2.697249 2.730223 0.470055 3.678542 -0.395785 1.458235 1.719062 -4.900591 1.769430
186 1.7471829910 -4.955441 -3.245391 1.371784 2.515161 -2.565485 0.671547 -1.247228 -0.253631 3.817597 3.829884 0.823692 -1.213431 4.267103 -2.847040 3.437916
187 1.7617831874 -2.895659 -3.202410 0.701732 1.837339 -2.505380 -2.728625 -1.213034 -1.737340 2.255878 4.983223 0.721384 -0.931182 2.995746 -2.769449 3.082964
188 1.7616778859 -2.878106 -1.455712 0.281181 3.276826 -3.684594 -4.807243 -1.830548 0.331828 1.976519 4.835081 -1.447775 -2.896241 2.861650 -2.079384 1.168779
189 1.7443188847 -2.369378 -3.220790 1.847417 0.440020 -4.928402 -1.605236 0.364587 0.115502 3.625611 4.967517 -1.094727 -0.341744 4.014839 -2.988695 4.864830
190 1.7382669040 -2.624855 -2.973742 1.214885 3.663865 -2.365829 -3.137972 -2.412282 -1.038886 3.513734 4.998855 -2.411153 -0.543921 3.369653 -3.916094 4.998241
191 1.7437119494 -3.098914 -4.826013 0.771740 0.982201 -3.467342 -4.573810 -3.323710 0.063880 3.473526 3.973818 0.686103 0.946149 3.505171 -3.699923 3.319809
192 1.6901673731 -4.829821 -1.557564 0.550302 4.996989 -1.653208 -1.667863 -0.953228 -2.770997 2.978021 2.566088 -1.859122 -2.810550 2.246925 -3.940060 2.734669
193 2.1019744751 -2.045276 -3.578841 -0.175643 3.695319 -3.965479 -4.995839 -0.337378 -1.828471 1.567840 4.283524 -1.641453 -0.585302 4.053605 -4.964274 2.621046
194 1.6343439872 -4.289497 -2.536657 1.437232 4.819285 -3.547713 -0.476955 -0.301959 -1.228652 4.667938 3.838181 -1.372963 0.968260 0.614006 -4.018852 4.863867
195 1.7089265629 -2.882150 -1.651645 2.553874 3.568811 -3.208864 -3.601899 -0.660619 -3.779378 4.738366 4.096535 -1.556885 0.711850 2.527696 -4.311848 2.980015
196 1.7066609266 -4.863044 -1.488237 -0.222182 4.050292 -4.120360 -2.846676 -0.608591 -3.025387 2.901802 2.707237 -2.926824 -1.299553 1.323425 -4.992077 4.846321
197 1.7535314000 -2.581802 -1.656204 1.702468 1.575549 -0.188495 -2.488135 0.862133 -0.315644 3.654837 3.176239 -0.661479 0.133763 1.932828 -4.473549 4.354420
198 1.7165597244 -3.277459 -4.155927 2.521191 3.896209 -3.589537 -4.648924 2.301556 -0.262098 4.707240 4.874719 -3.808406 -0.902583 4.776905 -2.943897 3.207655
199 1.7385453421 -3.864645 -3.685799 -0.967940 3.196643 -2.652406 -4.918144 1.789338 -1.443123 2.011265 3.957673 -1.193918 0.348817 2.900406 -4.925364 3.627073
200 1.6437894438 -3.496606 -1.920355 2.167852 2.462993 -4.900356 -2.072903 -1.222889 -0.412710 3.300625 4.437058 -0.848132 -0.910967 3.628159 -4.269902 4.303536
201 1.6334545751 -4.083582 -3.411049 4.841063 2.784164 -4.033153 -3.279972 1.239303 -1.879221 4.905510 1.958898 -0.163151 -0.323503 1.245669 -4.888243 3.999318
202 1.7630663548 -2.361258 -1.911148 1.305773 2.415404 -0.757032 -1.105467 -0.078901 -1.917454 3.930031 4.991172 -2.765100 -2.066085 1.626002 -4.945887 4.999073
203 1.6648872402 -4.866427 -3.261195 0.831409 3.975452 -2.423309 -1.732698 -0.492360 0.133628 2.145877 4.654339 -1.823879 -2.262977 2.361086 -4.977725 4.839715
204 1.6837593944 -4.243635 -3.779314 1.436872 1.398080 -1.781334 -1.832143 -0.000474 -3.078067 3.715029 3.846846 -3.394962 0.643869 2.079589 -4.418818 3.196655
205 1.6991140576 -4.927160 -1.960591 3.909401 4.363080 -4.253805 -1.453099 -1.282538 -2.235927 1.011202 3.407226 -0.467604 -1.895136 2.981956 -4.262982 2.974412
206 1.7869323670 -4.999376 -1.557669 2.535491 2.002161 -2.288373 -0.947081 0.302276 -3.419113 4.997872 1.640655 -0.161731 0.876397 2.803961 -4.374152 4.374267
207 1.6464627166 -3.521160 -4.366300 3.014264 4.524176 -4.357633 -1.729005 0.095031 -1.469858 4.769224 2.438479 -0.770806 0.245186 2.396675 -3.980625 3.746483
208 1.7289043680 -3.437446 -4.741508 2.716822 3.079308 -4.998657 -4.312760 0.784173 -4.111750 4.826858 1.615542 0.095166 0.274086 1.794667 -4.779153 4.243798
209 1.7318395357 -3.825536 -2.573913 4.586827 4.216207 -4.746403 -4.295098 -0.879642 -1.151360 4.689441 1.571405 -2.033322 0.736817 2.110218 -2.846705 2.642142
210 1.6257633154 -4.636539 -4.148742 3.394109 2.243642 -3.927645 -1.808063 1.120936 -2.622446 4.582550 2.833362 -1.334763 0.028286 0.152488 -3.877961 3.709649
211 1.6924490821 -4.081055 -0.853033 1.022454 3.025354 -3.459030 -3.588037 -1.363788 -2.011026 4.999888 2.140932 -1.934068 2.603851 -0.167921 -3.807973 1.851858
212 1.6763988421 -4.530236 -2.423041 0.222492 3.423725 -3.186038 -0.967003 0.528535 -3.645555 4.040285 2.196474 -1.339373 1.165308 0.379046 -4.609325 4.999999
213 1.8028311736 -4.995554 -4.144122 -0.463724 4.710744 -1.635651 -1.956416 -1.466654 0.450460 4.177843 2.508035 0.181954 -1.045883 2.728983 -3.727400 4.916652
214 1.7000477618 -4.714761 -3.683769 3.398461 1.272938 -3.047422 -4.504882 0.783168 2.073122 4.592726 4.926388 -1.620493 -1.382975 2.401111 -4.694054 4.325915
215 1.6386018984 -4.655179 -4.155701 1.998987 3.734415 -4.941852 -2.395678 -0.736454 -1.280739 4.605081 3.322984 -2.430176 0.060238 1.373168 -4.795197 4.989755
216 1.6566475611 -3.951256 -3.434844 2.397525 2.523551 -3.594665 -2.177593 -1.321263 -1.367782 4.790779 1.700392 0.909289 1.413620 1.685178 -4.160964 3.921940
217 1.6680576707 -4.908152 -4.503514 2.802732 3.671423 -4.992605 -3.484923 -3.050187 0.531033 4.925495 4.548412 -0.430388 -1.263269 0.611008 -3.654282 4.994457
218 1.7143671395 -3.840263 -4.999802 3.546091 3.338262 -4.994645 -3.942772 -1.826223 -4.849366 4.983461 1.843534 0.017052 3.981770 3.140060 -2.120760 0.969537
219 2.1565234992 -1.830394 -3.453716 2.087833 2.655800 -2.936393 -3.747616 -0.354252 -1.703228 3.733532 3.480201 -4.672785 3.196463 0.565919 -3.014800 4.853062
220 1.6386203043 -3.989145 -3.510230 2.104101 2.611243 -4.697810 -3.407802 -0.734987 -0.968531 4.946854 2.573967 -2.159326 0.282929 0.744498 -3.155034 3.877447
221 1.6854227909 -4.333285 -4.976845 2.545031 2.878118 -3.390359 -2.690964 1.789274 -2.630786 4.794532 1.469722 -0.389141 0.720737 0.464724 -4.999915 3.864846
222 1.6099087665 -4.375537 -1.900014 2.717161 2.248054 -4.456846 -0.820172 1.141604 -0.336265 4.967231 3.396580 -2.460524 -1.877649 0.982883 -4.076482 4.766292
223 1.7405637364 -4.960565 -4.355160 0.530358 3.187318 -4.124944 -0.265347 1.620954 -3.506992 4.975108 2.359051 0.646055 3.435972 4.206923 -4.371073 2.714216
224 1.6724438059 -3.311529 -4.983060 -0.225869 2.724129 -4.546439 -1.731674 -1.960768 -0.458171 3.314033 3.228030 -0.348225 -0.246131 0.120253 -4.986479 4.624093
225 1.6530792047 -3.033634 -4.718437 4.631881 3.139155 -4.842685 -0.746583 -1.861282 -2.126182 4.538106 4.358734 2.013284 0.769761 2.230758 -4.747563 3.507178
226 1.7359295079 -2.550692 -4.876924 1.810105 2.414363 -3.854859 -2.680458 -0.354914 -1.289850 4.579325 2.721948 -3.149841 -1.627084 -0.060139 -4.577209 4.983785
227 1.6963792055 -4.454559 -0.831942 2.309038 2.986234 -3.622620 -0.951604 0.674122 -1.553007 2.621666 2.603364 -1.517732 -0.802753 -1.624806 -4.144388 2.888698
228 1.6388348643 -4.607177 -3.342915 2.661740 0.691162 -4.330023 -1.950683 -1.308786 -3.455879 3.006895 4.957010 -0.655578 0.255685 3.060309 -3.749153 4.154557
229 1.7260444514 -4.999761 -4.898184 4.667691 2.757100 -4.760515 -0.697332 -0.929905 -2.295869 4.941431 1.881027 -1.643061 -1.337100 1.452507 -4.895308 4.999473
230 1.6252967527 -4.433268 -4.990694 3.248296 1.121981 -4.961084 -1.841837 -0.447015 0.624549 4.870394 4.307345 -1.663115 -0.160325 -1.075006 -3.849646 3.453999
231 1.7064688280 -4.944670 -1.735533 1.649855 4.707092 -3.486405 -0.614540 -0.482851 -1.159957 2.177750 1.954533 -1.682410 -0.351872 2.591507 -4.928005 3.944208
232 1.6882068375 -4.153232 -4.127920 1.299052 2.503363 -1.649226 -1.858120 0.342707 -3.140436 3.837875 4.641196 -1.636784 1.665877 -0.882276 -4.136503 2.774789
233 1.6612307696 -4.861557 -4.518174 4.886001 2.003869 -3.900976 0.029038 -2.164952 -0.627268 4.988546 4.999034 -0.731205 -0.435271 0.512824 -4.746104 3.180488
234 1.6489232404 -4.695213 -3.954375 1.702637 -0.095814 -3.118266 -2.108708 1.319142 -1.285195 2.801952 4.934903 -2.994304 -1.870872 2.568885 -4.150012 1.823783
235 1.6929226572 -3.129876 -4.660717 1.776967 2.662710 -2.513030 -1.202434 -1.277304 -2.717598 4.992371 4.998142 -0.824575 -0.485910 1.860152 -4.988236 2.774889
236 1.6576039971 -4.538311 -3.932747 0.823687 2.840940 -4.997101 0.462658 -2.480435 -0.435603 4.555899 3.719135 -1.441344 -0.267423 2.082348 -3.828546 1.791441
237 1.7392353991 -4.959085 -2.354701 1.400481 3.319502 -4.072603 -1.602879 0.689008 0.071404 2.828854 4.736687 -1.011669 -0.886515 0.091158 -4.339412 2.748720
238 1.6295754306 -3.903648 -3.624660 2.669225 3.594854 -4.426563 0.576599 0.918115 -0.334044 3.041352 3.952242 -1.473247 -0.865362 1.209088 -4.010220 4.999274
239 2.3177004692 -1.399565 -2.079754 0.558861 2.827821 -4.807798 -1.674327 -1.446364 -0.052965 3.520910 2.940279 -1.475120 -1.141961 -0.360777 -2.418814 4.870536
240 1.7295292078 -4.897129 -0.397649 2.161416 4.228492 -4.082061 -3.161053 -0.296177 -0.383045 4.862980 1.663433 -0.516609 -0.498804 -1.382231 -3.470199 3.092857
241 1.6158973100 -3.327653 -4.986546 3.626350 0.663760 -4.999981 -1.016053 -1.816135 -0.675861 4.738505 2.778823 -2.291806 0.129075 -0.004535 -3.924875 4.999774
242 1.7250833110 -4.947529 -3.402836 3.981000 2.359242 -4.937479 0.063712 -0.989886 -0.457916 4.460431 3.655587 -3.913996 -1.801114 0.922224 -4.114986 1.979284
243 1.6754921544 -4.108231 -3.024021 1.134320 0.439742 -3.142133 -2.336180 -2.401580 1.273676 3.342632 4.695233 -2.250363 0.349218 -0.092067 -3.401067 1.781585
244 1.6380676786 -4.667801 -3.994242 1.903918 3.028576 -4.790313 -1.197855 0.473268 -2.218295 4.998631 3.354110 -2.797359 -2.700970 1.244430 -4.893492 4.244942
245 1.6519401547 -4.821064 -4.982903 2.829022 3.443614 -3.682704 -1.703190 2.025217 -0.421178 4.197275 3.977309 -1.116542 -0.297902 0.579252 -3.934905 1.673923
246 1.6492735233 -4.672009 -3.588344 3.801571 1.485708 -4.220190 -2.142653 0.099482 -0.807327 4.064636 2.947574 0.523926 1.861473 -0.621902 -4.899509 4.997748
247 1.6422682733 -4.903883 -3.759078 3.979475 2.153934 -2.979954 -2.233327 -1.451180 0.362142 4.919135 4.221639 -1.551981 -1.499056 1.957317 -4.653610 4.205687
248 1.6071819468 -3.219315 -4.422394 2.424899 1.956323 -4.180481 -1.009314 0.276860 -3.787295 3.859970 4.190149 1.151517 -2.222116 1.693783 -3.813028 4.301705
249 1.6344950920 -4.670810 -4.060756 4.950952 -1.556070 -3.717150 -0.199647 0.897592 2.097429 3.917543 4.440808 -3.408541 -1.490806 1.087705 -4.950957 4.548408
250 1.6437444728 -3.989275 -3.849475 2.103479 1.784420 -4.077255 -2.951838 -3.348109 -0.778584 4.986339 4.981178 -0.854544 -1.020140 0.484218 -4.469961 4.924031
251 1.6264570783 -3.379166 -4.963823 3.640053 3.671788 -3.323382 -1.272242 2.695631 0.237567 4.773833 4.987351 -0.817319 0.253935 0.473866 -4.976338 4.762598
252 1.6361014247 -4.737401 -4.877550 1.426914 1.488348 -4.965142 -0.580051 1.389541 -0.245652 2.983232 3.865963 -4.195142 -0.911303 0.453361 -4.549802 3.450120
253 1.8005804464 -2.358739 -4.935754 4.970375 4.554622 -4.425781 1.820545 -0.996567 -0.507397 4.505235 3.548299 -1.664688 -0.958327 3.934954 -4.157821 2.572325
254 1.6440399032 -4.889927 -4.618290 3.887244 2.731939 -3.567582 -1.168788 -0.102299 -0.187036 4.217781 4.234614 0.700185 -1.507707 0.519207 -4.980429 4.968900
255 1.6623318231 -3.372791 -4.131899 2.694391 4.593321 -2.074714 -0.774539 0.341049 -4.676722 4.201812 3.282421 -1.764679 2.013301 0.880403 -4.171759 4.991825
256 1.7513335693 -2.656330 -2.823719 4.766762 0.304414 -3.622105 -3.737824 1.286662 -3.147266 4.754894 1.798558 -0.132243 -1.965129 -0.163836 -2.912458 1.260583
257 1.7260647650 -2.669807 -4.689696 0.548535 -0.313208 -4.168772 0.634918 -1.089012 -3.413277 4.992228 4.114851 -1.234745 -0.800697 1.211659 -4.949469 3.714059
258 1.6137223608 -3.270926 -4.563889 4.696909 0.870177 -4.799413 -0.516530 -0.161569 -3.012447 -0.653760 4.573058 -0.860211 -1.928268 2.070734 -4.866448 4.468581
259 1.6254648568 -4.082884 -2.136428 2.702978 4.509484 -4.997707 -1.706006 0.668383 -3.186918 3.992001 4.780955 -0.219660 -1.740921 1.093547 -2.403987 3.903894
260 1.6759340779 -2.830292 -4.999093 2.612364 1.571395 -3.768421 0.304007 -1.066562 0.281345 1.855954 4.999972 -1.746531 0.172070 -0.947820 -2.011325 3.543196
261 1.6013837967 -3.180499 -4.794374 4.993384 -0.251157 -3.667102 -0.372057 -1.007469 -2.059922 4.243812 4.327908 -0.462184 -2.808961 1.437540 -3.522982 4.218539
262 1.7837929852 -2.367904 -3.327540 2.136429 1.956853 -2.178826 1.810462 0.832307 -3.132948 4.741910 4.995259 -2.660179 -1.117772 -1.159428 -3.836359 1.019141
263 1.6257159479 -4.444810 -3.013551 1.863586 0.195216 -4.885449 -1.574916 -2.773387 -2.469319 1.648622 4.959289 -1.160097 0.457073 -0.214682 -4.142424 3.674557
264 1.6267079551 -4.723141 -4.742385 4.354778 -0.770986 -4.278917 -2.411943 0.363000 -2.138821 4.924139 4.856809 0.217047 -0.109099 1.223118 -2.091120 4.626519
265 1.6296580390 -4.248733 -4.065511 4.043899 1.229108 -3.057096 -1.814623 -0.766734 -2.935415 3.905776 4.893767 0.024773 -1.393398 2.972932 -2.367000 3.844663
266 1.7047863578 -4.968156 -4.471400 4.701260 0.893988 -4.463721 -2.073163 -0.652311 -1.890030 2.140323 4.102003 -0.773228 -2.439166 -0.649538 -4.190232 4.435895
267 1.7476164454 -2.365013 -4.925983 2.970858 -0.690957 -4.996712 0.112269 -1.298589 -2.625533 2.640724 4.203278 -2.740744 -1.108209 1.491163 -4.941462 4.776921
268 1.5828466022 -3.144100 -4.041800 4.396911 0.375875 -3.185875 2.217808 0.157545 -3.813964 3.142438 3.834447 -0.397065 -3.885836 2.046957 -4.417565 4.824133
269 1.6582067734 -2.990265 -3.766670 4.120619 3.636887 -4.946061 -1.739264 0.486926 -4.991920 4.934412 3.791625 -0.860656 -0.974886 0.501253 -3.480370 1.783672
270 1.6107053020 -3.735018 -4.894351 4.585972 -0.773736 -4.919152 -1.562706 -1.941493 -2.866426 2.105203 4.428723 0.538944 -2.565637 0.235073 -4.182801 4.286373
271 1.6689702307 -2.822558 -4.307997 2.764352 2.492469 -4.325377 -1.842967 -1.610067 -1.225071 4.577916 4.555459 -0.726015 -2.605484 1.315251 -4.761992 4.978556
272 1.6757480834 -4.586317 -2.080953 1.632940 2.894816 -3.185648 0.309889 -1.770314 -4.142825 4.996060 4.498724 -0.068107 -2.406334 2.004667 -4.986149 2.150255
273 1.5956528964 -4.209336 -4.799731 3.645367 1.825370 -4.919010 0.163709 -1.348193 -2.289550 1.663178 4.848626 -1.419559 -3.370855 0.431604 -4.552422 4.378707
274 1.6485864531 -3.921947 -3.949637 4.729064 -1.027714 -4.438013 -0.724827 -1.855183 -2.393746 1.065478 4.011899 -2.590139 -2.519913 3.472761 -4.973115 2.542623
275 1.6522400130 -4.871790 -2.463936 4.132943 1.644719 -1.561614 -1.306327 0.818582 -3.809318 4.284683 4.135610 0.736409 -1.747461 1.217237 -4.461469 4.863910
276 2.0895382152 -1.955860 -4.978443 2.753483 -0.236416 -4.310688 -1.352196 -0.170996 -4.354541 4.349235 4.955019 -0.923474 0.171543 1.601094 -4.982345 3.620269
277 1.5864112680 -3.197175 -2.784188 3.864040 -1.884721 -4.999620 -0.821998 -0.994456 -3.604725 3.380986 4.745549 -3.907120 -2.633138 2.508433 -3.513313 4.992231
278 1.5972914698 -3.907445 -4.731951 3.698797 -1.742855 -3.818824 2.462022 -2.491404 -4.424555 -0.678584 2.859257 2.300977 -4.362120 2.359893 -4.783343 4.892846
279 1.5865829352 -3.521451 -4.403926 2.980279 -0.010611 -4.910119 0.726144 -0.127868 -4.884504 4.965860 4.170645 0.190878 -4.860289 2.262771 -3.528523 4.950102
280 1.6509677044 -3.886570 -4.914155 3.439180 1.755358 -2.653619 1.333996 -2.540911 -4.219009 4.213329 4.166080 -0.449554 -2.577452 1.570430 -2.560367 2.598355
281 1.6144781802 -3.158241 -4.744989 4.961861 0.517467 -4.746841 -0.677630 -2.325607 -4.942037 3.169249 4.900750 -1.330914 -2.736185 -0.344660 -4.692149 4.528440
282 2.0157489909 -2.054504 -4.066954 4.277748 1.512814 -2.917111 1.972424 2.000312 -4.412296 4.121826 2.363537 0.071785 -3.498099 2.186538 -4.945360 1.001331
283 2.5600210437 -0.965691 -3.345361 4.250795 -1.887459 -4.992227 -0.681460 2.457613 -4.437518 -0.083096 4.030162 -1.113852 -3.694177 2.239365 -4.909905 4.126341
284 1.7202393579 -2.423499 -3.856170 3.394962 -1.024797 -4.263691 -1.056922 -1.953327 -3.687708 3.150303 4.985954 -2.618159 -3.839862 0.410446 -2.257470 4.786341
285 1.6724837066 -4.768430 -1.996723 4.600310 0.946005 -3.573897 0.212534 0.869830 -1.406579 2.272737 4.859901 -0.426215 -2.304520 -2.457618 -4.999060 -1.723356
286 1.6012667028 -3.554365 -2.818297 4.295409 0.761172 -2.089157 2.371751 -0.623362 -2.887792 4.843048 4.246984 -0.437371 -3.340476 0.536085 -3.797168 3.948200
287 1.6195427056 -3.907334 -4.870903 2.185808 0.381174 -2.931692 0.471313 -0.461800 -2.893486 -0.656183 4.977607 1.415841 -2.821375 -0.204615 -1.345922 4.790245
288 1.6272155465 -3.503317 -1.886257 4.586839 0.102250 -4.416896 2.417615 0.753622 -3.695995 1.942280 4.026128 -0.103614 -3.775687 0.577371 -4.935589 1.374293
289 1.6422124696 -2.988199 -4.396545 2.831581 0.408136 -2.772406 0.810540 -1.405052 -2.883966 3.307587 3.705595 -0.950018 -2.692800 3.878874 -1.794575 4.195138
290 1.6297897896 -4.781574 -4.287078 3.288777 -1.968880 -4.765939 0.525360 -3.536917 -4.833743 2.921940 4.999889 -0.380498 -3.666981 1.181506 -3.835181 1.557944
291 1.5969471013 -4.806883 -3.354622 3.271906 -2.214262 -4.568244 1.899212 0.988651 -4.823735 4.019180 3.281327 0.223962 -2.844440 2.076769 -3.570547 4.730559
292 1.5877784007 -3.665846 -3.712305 4.049457 1.242178 -3.267467 -0.324369 0.679800 -3.864784 4.869380 4.805715 -1.402514 -4.092092 0.632614 -3.800481 3.144098
293 1.8441788998 -2.625910 -3.966081 3.400252 -1.469785 -3.104526 2.276697 -1.001248 -3.943625 1.720653 4.648624 1.159327 -4.999931 2.410745 -3.340127 4.861709
294 1.6386224786 -4.544072 -2.230026 0.429199 -2.562489 -4.651561 1.204264 0.624108 -2.993660 4.012909 4.945146 -4.366371 -2.949583 2.764794 -3.042530 2.532513
295 1.6038107866 -3.796217 -4.985765 2.306085 -0.170552 -2.815406 -0.074275 -0.795355 -4.495503 4.999860 4.421441 0.563473 -2.970729 2.423486 -4.793850 4.902513
296 1.7328023153 -2.739492 -4.442774 4.585806 -0.373118 -1.880651 2.385853 3.446204 -3.235312 4.097848 4.990748 -2.728490 -4.480293 2.539217 -0.904766 0.101001
297 1.7295531489 -2.580756 -4.957903 3.355891 -2.759743 -4.929241 -1.088130 -3.860931 -4.844891 2.963913 4.694421 -1.543261 -3.341325 4.531838 -4.496089 4.500313
298 1.6909638645 -2.468773 -2.999218 3.997196 -2.949269 -4.093332 1.289653 -0.565025 -4.526918 3.116377 4.719223 -2.315388 -4.706693 2.542471 -4.857267 4.275888
299 1.6319067101 -4.891396 -4.945469 4.637676 -0.652188 -3.229299 -2.652622 -1.997572 -2.248155 2.513698 4.284760 -1.897668 -3.404374 4.637855 -4.988902 4.208959
300 1.7661478451 -4.537546 -4.792497 4.500241 -1.228652 -2.174161 2.267283 -4.518888 0.095567 2.254650 4.754640 -2.527031 -4.950951 1.291538 -4.147108 4.380251
301 2.0988915924 -1.743740 -2.908987 3.339869 -0.192983 -2.674522 0.963431 0.759821 -2.435881 3.964984 4.131893 -0.725001 -3.902475 0.870720 -4.096933 3.542368
302 1.6359539421 -2.973678 -4.982069 4.990420 -0.239610 -1.779111 2.295845 1.345810 -3.961504 2.590059 4.999943 -0.467624 -4.799983 3.159833 -4.590288 4.259913
303 1.6798280741 -4.939946 -4.571957 3.623280 -0.320466 -4.913068 2.040031 -0.181455 -4.569538 4.310499 4.638942 0.074113 -1.704059 3.809725 -4.302767 4.613867
304 1.6061856820 -3.761465 -1.853804 2.249502 -0.198511 -1.538332 1.836815 1.628721 -3.349141 4.950014 4.213223 -2.424202 -3.908665 -1.070786 -1.288470 4.507261
305 1.7152124682 -2.755570 -4.514949 4.185945 -1.202228 -3.722476 0.810473 0.264146 -3.468349 4.016698 4.997015 0.827616 -3.098769 1.858428 -3.073338 3.136788
306 1.7268867717 -4.340517 -4.998337 2.600105 -2.774523 -3.162539 2.412347 -2.087741 -4.900474 4.636086 3.661272 0.971943 -4.998771 0.925151 -2.621040 4.982513
307 1.5815995169 -4.880964 -3.511654 2.314710 -1.727058 -4.911661 -0.395243 -2.571982 -3.505144 4.631453 3.749412 -0.853786 -4.703779 0.283553 -3.698163 4.034406
308 1.5854807410 -4.827698 -3.993082 3.078906 -0.879075 -3.406885 1.270493 2.041116 -1.691273 3.051496 4.998461 -4.433545 -3.182967 2.959705 -3.309635 3.807463
309 1.6127787252 -4.883890 -4.329767 3.838543 -1.487636 -4.981024 -0.903305 0.234135 -2.748611 4.659201 4.825166 0.625399 -3.619416 2.184483 -4.636112 4.779615
310 1.8154815237 -2.827372 -4.271217 4.967226 0.376898 -3.948430 -0.060812 0.128159 -2.766220 4.823234 4.980052 0.506410 -4.967814 1.999879 -4.997348 2.456901
311 2.1597770457 -1.848039 -4.919083 2.424325 1.953445 -2.267884 0.868346 0.140605 -3.281093 3.502641 2.994386 -0.668811 -2.711977 0.575604 -4.183461 3.386379
312 1.7059690655 -4.991686 -2.763785 3.686709 -3.205995 -3.122057 -1.270535 -1.545373 -4.667655 4.991490 2.854306 0.861369 -4.889572 -0.320900 -4.648046 4.304251
313 1.6609021792 -4.875859 -3.612143 4.317701 -4.441488 -1.398007 1.361657 2.240852 -3.048573 4.043205 4.491649 0.276279 -3.317803 2.209642 -4.858779 4.182762
314 1.7210224945 -3.602490 -4.708730 1.639719 -1.146809 -4.952254 0.432411 -3.166785 -1.902082 4.991559 4.957912 -2.654735 -4.978205 2.148911 -4.995418 3.832186
315 1.6572847238 -4.788435 -0.844198 1.472921 0.128697 -4.731408 -0.149927 -3.899597 -3.644418 4.987857 2.878352 -1.126004 -1.994736 -1.494653 -4.213932 4.598333
316 1.6204962648 -4.386686 -4.992491 3.501661 -1.550851 -3.727175 1.223959 -1.902407 -3.708850 3.633812 2.829134 -0.720468 -4.245491 4.936381 -4.250447 4.938850
317 1.5752569360 -3.945405 -4.402351 4.968422 -2.641193 -4.693194 1.454671 0.082997 -1.597454 4.956851 3.959805 -2.541376 -4.368843 1.004809 -3.847097 4.432864
318 1.7259939657 -3.265710 -4.998480 3.696715 -2.404868 -3.777459 -0.189299 -1.040222 -4.494975 3.882883 3.143423 -2.941985 -4.993992 -0.433389 -3.411694 4.170568
319 1.5823448605 -4.038512 -3.639848 2.787428 -0.852873 -3.483070 -0.015342 -0.636486 -2.037637 3.267962 4.304477 -2.067395 -3.728530 0.618776 -2.509140 3.971528
320 1.6268900604 -3.610951 -2.923192 4.412708 -3.557329 -0.811727 2.764572 -2.908462 -4.849928 3.922201 4.100861 0.320366 -4.161469 2.019319 -4.917753 2.240293
321 1.6728030446 -4.944645 -4.154582 3.766868 -3.016738 0.341772 0.518567 -1.797272 -4.518636 4.391483 4.466383 -2.410818 -4.533006 2.076985 -2.657592 4.817263
322 1.5543076685 -4.160171 -3.507996 4.280999 -0.515837 -4.644885 -0.432995 -1.168158 -3.683530 4.847507 3.017528 -3.933414 -4.074512 0.697232 -4.352723 3.936473
323 1.6338291028 -4.873933 -3.877773 4.309412 -0.292924 -3.599211 0.295242 -1.112083 0.821254 4.882996 3.816269 -1.764357 -1.335291 1.960054 -3.853356 4.474151
324 1.6252204153 -4.811473 -3.996834 2.063453 0.762538 -4.655429 2.541601 -1.075500 -2.135527 4.309310 4.705947 -3.401803 -2.889168 1.160303 -3.424263 4.434430
325 1.6837951411 -4.988535 -4.366550 4.367597 -1.697761 -4.977235 2.450083 -1.987357 -1.596244 4.994193 4.967232 -4.245521 -2.359356 0.105007 -3.336321 4.064074
326 1.6171289273 -4.563091 -3.772629 1.451611 -1.012754 -4.939277 2.114554 -0.244427 -1.064625 4.196352 1.646945 -2.686095 -4.167385 2.822743 -1.264513 3.754070
327 1.6757607074 -3.053143 -0.120429 3.704086 0.650699 -4.207726 -1.189887 -2.246612 -2.562651 1.297836 4.290876 -2.943661 -3.418731 0.614136 -4.609587 3.033521
328 1.6808906697 -4.955354 -3.844753 3.046332 -3.022427 -3.041494 2.534696 -1.614248 -2.499438 2.131305 2.507356 -3.591268 -4.661563 0.004002 -4.739332 3.468036
329 1.5611209035 -4.248593 -4.673672 4.797688 -2.689411 -3.901976 -0.189906 -1.120261 -4.283218 4.755739 3.446752 -3.456237 -3.453177 3.241820 -2.319449 3.540725
330 1.6125814617 -4.887390 -4.840820 4.176866 -2.886216 -2.403562 0.902747 1.900249 -3.887242 4.102176 2.872820 -2.588030 -3.638955 0.071761 -3.724714 4.108334
331 1.6197153905 -4.725451 -4.916336 3.130315 -3.551934 -4.515656 0.176470 -1.229763 -3.977870 3.775742 1.217961 -0.355968 -4.874677 1.285705 -3.259426 4.565854
332 1.6999099816 -4.991721 -4.797558 4.705071 -1.806284 -4.877712 0.090900 0.013476 -3.247633 3.330079 4.938878 -3.346919 -4.852451 -0.831135 -1.630853 2.868354
333 1.6537908984 -3.337331 -3.608530 2.156481 -0.799195 -4.839530 0.465828 -0.133891 0.527329 1.789373 1.174187 -3.312554 -2.983863 0.440154 -3.534529 2.815508
334 1.6377764308 -4.772479 -2.285865 3.550346 -2.333782 -3.453036 0.077588 -0.840039 -0.930073 4.602266 2.223847 -2.307276 -2.793292 -0.967447 -4.326613 3.109744
335 1.7213076162 -3.592224 -4.734700 2.712411 0.133946 -2.984526 -1.135519 -1.413003 -1.682421 4.885537 3.346748 -3.650292 -4.967517 2.060716 -3.954325 4.775435
336 1.7789508163 -4.564893 -4.994983 4.989549 -1.204539 -4.684316 -3.087906 0.173747 -1.632769 4.975229 4.097992 -0.534381 -4.993701 0.943953 -4.961866 2.281121
337 1.5763943101 -4.685391 -3.599790 2.260537 -1.877932 -4.992183 0.593090 -0.425691 -3.261810 4.633404 4.271945 -0.524683 -4.621380 3.645426 -0.983126 3.920706
338 1.6588203553 -4.857120 -0.421368 2.950076 -2.004934 -5.000000 -1.571324 -1.506239 -3.462409 3.706289 2.034337 -1.995684 -3.873866 1.840025 -1.697646 1.960207
339 1.6225322669 -3.840802 -2.337578 3.761978 1.475545 -1.992078 1.104068 -1.527612 -4.672602 4.022501 4.430822 -1.236691 -4.563219 -0.621461 -3.351000 4.938834
340 1.6152406330 -3.260473 -3.627783 4.311632 -4.732555 -4.314049 1.821929 -0.873035 -2.257379 3.890922 2.151494 -1.812941 -2.475744 1.806054 -3.701749 4.746816
341 1.5956556504 -4.324511 -4.993692 3.953170 -3.265654 -2.878913 0.845522 -0.710433 -1.708961 4.881800 3.762631 -3.810729 -4.381394 1.615857 -1.538065 0.900737
342 1.6433230208 -3.114385 -4.949994 4.986896 -3.718769 -4.588834 -0.729919 -1.728011 -3.939340 4.093945 -0.435191 -2.663383 -4.324136 2.908904 -2.222411 2.004588
343 1.6594964353 -3.852858 -4.237082 3.640088 -2.587211 -2.008176 3.270138 -0.839070 -3.771360 4.999350 2.723402 -3.132284 -3.134920 2.858316 -4.423365 2.676909
344 1.8124601243 -4.999574 -4.253214 4.376558 -1.931394 -4.639601 0.333987 2.007186 -2.804736 0.039436 1.050635 -2.317866 -4.980182 1.477905 -3.741270 4.837260
345 1.6305047665 -4.866118 -3.173509 3.760298 -4.888766 -3.068076 1.770028 2.130564 -3.570925 4.837401 2.236727 -3.998420 -2.553050 2.893492 0.136776 1.682247
346 1.6186049552 -3.952622 -3.558633 3.650280 -1.462057 -4.759554 1.814644 -0.422608 -4.439796 2.784830 0.945508 -3.587546 -4.484006 0.138693 -0.509908 4.333629
347 1.6624725262 -4.956335 -4.054479 3.919416 -2.536223 -2.942010 1.663097 -0.126249 0.446310 4.555470 2.764036 -3.552203 -4.520068 1.809631 -3.416078 4.955316
348 1.7270494071 -4.999801 -4.820100 3.484560 -1.475335 -2.360461 2.302550 -0.824877 -2.970664 4.067594 3.739376 -4.740853 -4.874854 2.142619 -0.233076 2.106117
349 1.7337352720 -2.653975 -4.526861 3.882712 -2.465406 -3.493002 1.216995 3.605510 -2.479413 3.127415 4.958585 -2.323682 -4.851298 1.100452 -1.061311 1.690759
350 1.6437837945 -4.680788 -4.027637 3.068813 -4.546215 -3.249698 0.466824 0.485043 -2.681411 3.803288 2.583817 -2.716754 -3.166325 4.182381 -0.835088 0.848946
351 1.6384090507 -3.145233 -2.965366 3.003858 -0.355550 -2.595077 0.698186 -1.777347 -4.327353 4.987783 2.624959 -2.645539 -3.078238 0.061665 -2.660422 2.256376
352 1.7207960833 -4.975798 -4.043092 3.195859 -4.930839 -2.625855 0.840876 0.119960 -4.186220 4.935720 2.035628 -3.376912 -3.620344 2.140333 -0.648591 0.935631
353 1.6157658806 -4.528861 -0.903835 2.503119 -2.706186 -4.161970 1.952529 -0.293239 -3.059643 4.994338 4.165792 -1.852751 -1.710272 0.574006 -3.479185 4.837670
354 1.6236658627 -4.941559 -4.872043 4.523188 -1.026775 -3.008568 0.918021 -0.245579 -4.247929 4.665398 3.596633 -3.093141 -3.514601 3.256382 -2.494434 3.692349
355 1.6296086376 -2.782304 -4.032611 2.849097 -3.358194 -4.863379 1.324454 -1.626055 -4.038649 4.679791 2.752711 -1.176345 -4.213037 2.905451 -0.374619 4.412495
356 1.7645447629 -4.710799 -3.969626 2.283097 -0.989754 -4.840372 -0.409298 -0.915660 -4.559938 1.084943 2.845893 -0.102456 -4.984171 2.444050 -0.961473 3.282972
357 1.6144878598 -4.538261 -4.980949 4.773801 -2.731902 -3.804521 -0.495060 2.199705 -3.029505 2.180564 4.018562 -2.045916 -4.467076 3.697478 -1.257465 2.238088
358 1.7887959227 -4.089105 -1.045261 4.882219 -4.575407 -3.997291 -0.454405 -1.189373 -1.610307 3.263883 2.660529 -1.660151 -4.978958 2.016783 -0.022082 2.997067
359 1.6263594973 -4.739627 -4.327805 4.888453 -2.933633 -2.818163 2.128350 -1.078311 -3.538050 4.542548 2.518819 -2.066109 -3.351106 1.408882 -1.051272 4.310896
360 1.6067852508 -2.996641 -4.007357 4.074999 -2.120708 -4.799434 -0.466995 -2.604435 -1.576440 3.139388 3.646395 -2.268948 -4.460044 1.466162 -1.475487 4.982847
361 1.5922824576 -4.826116 -4.715951 4.581483 0.679616 -3.211858 0.000995 0.603262 -2.431325 4.995765 4.323020 -1.212323 -2.465463 1.913315 -2.669583 3.886917
362 1.6569288942 -4.965454 -2.119851 4.030972 -3.311225 -4.776209 0.760959 -0.551743 -4.951559 4.844147 4.647406 -1.775500 -4.791193 1.715252 -1.241518 4.998106
363 1.7088895225 -4.247901 -4.829613 2.876497 -1.798771 -4.182974 1.876134 1.308681 -4.826982 3.168292 3.771944 -1.427200 -4.935577 2.346581 -2.084871 4.781771
364 1.6314602992 -3.592963 -3.629493 4.341153 -1.671841 -4.902406 0.203000 -2.170560 -1.725076 4.042202 3.963581 -1.642996 -4.790172 2.140962 0.051683 3.075538
365 1.6109409505 -4.487249 -4.739765 4.750014 -2.149909 -4.830144 -0.028571 -0.284982 -3.137436 3.765761 3.461855 -4.441785 -3.228530 1.771381 -0.397538 4.641822
366 1.7404660296 -3.686819 -4.076328 3.784560 -1.973906 -4.764464 0.411809 -1.549839 -3.025420 4.132775 2.908150 -1.045683 -4.987798 1.668838 -1.858972 4.876294
367 1.6931711483 -3.982292 -3.756828 2.830817 -1.615666 0.047723 0.233778 -0.374616 -2.059632 3.935379 2.018355 -1.224887 -2.586007 -1.796107 -1.912768 3.564127
368 1.6767025508 -4.974088 -3.043403 4.837721 -0.861677 -4.903373 0.171473 -0.320881 -0.704847 4.999692 4.763138 -3.920066 -3.313576 2.133990 -2.845149 4.318562
369 1.5837822130 -4.261714 -4.865318 3.768936 -2.124832 -4.501390 1.114024 -1.455730 -3.237143 4.070116 3.715477 -1.234322 -4.877041 -0.269420 -4.569492 4.993898
370 1.5914722273 -3.774100 -4.500535 3.664053 -2.580374 -3.510520 -1.045967 -0.385210 -3.591415 3.958173 4.837274 -3.271287 -3.480808 4.476283 -3.805117 4.527108
371 1.5896174119 -4.208552 -4.319418 2.737692 -3.614576 -4.842546 1.533444 1.897145 -1.422388 4.707918 4.401594 -1.382339 -3.842812 2.268227 -0.266344 2.635180
372 1.7825326379 -4.263598 -4.607564 3.297242 -3.332093 -3.217093 2.586446 -1.719656 -3.015385 1.742263 1.109997 -0.511041 -4.998913 0.943151 -0.695692 2.732427
373 1.6217398361 -3.663139 -4.868903 4.979704 -1.249217 -4.887001 -0.401436 -2.744193 -4.986967 3.259566 3.426641 -1.524908 -1.483725 0.285727 -3.257094 3.680792
374 1.5972297865 -4.933559 -4.982761 4.612414 -0.997496 -4.985228 0.272617 2.340634 -4.991411 4.782986 4.999165 -0.521106 -4.527603 1.543077 -3.556962 3.992692
375 1.6285335796 -4.638009 -4.621462 4.311979 -3.408205 -2.057485 1.338075 0.068241 -4.848898 4.123176 3.692177 -0.817738 -4.569348 1.586086 -4.433858 2.860070
376 1.6304077500 -4.869561 -4.806736 4.668334 -3.689098 -3.427483 0.690253 -0.768559 -4.713292 3.865545 3.264423 -0.435337 -4.207964 4.041413 1.040046 2.625918
377 1.5730960431 -4.582392 -3.968320 4.432067 -3.239965 -4.879373 -0.710980 0.231097 -3.773651 4.759678 4.084144 -1.281717 -3.927637 2.292383 -3.759645 4.723433
378 1.5788298829 -4.080107 -4.722149 2.975520 -1.369719 -4.738975 2.330466 3.169164 -2.285211 3.592228 4.969801 -2.253678 -3.767227 2.584359 -3.579214 3.309868
379 1.6065731806 -4.229201 -4.123949 3.492976 -2.119185 -4.986020 2.102149 -0.029661 -3.581705 4.001683 3.878118 -3.969490 -3.105664 2.129968 -1.034875 3.208901
380 1.5855156608 -4.739985 -3.047293 4.451057 -1.437040 -4.766872 1.226379 -1.415666 -3.920759 3.997966 3.944534 -3.082807 -4.356072 1.853253 -1.390169 4.994550
381 1.8428320593 -4.999659 -4.861778 4.144624 -2.372276 -4.576276 1.527063 -0.297020 -4.986756 3.922323 4.359895 -0.867989 -4.992137 2.525895 -2.134633 2.644486
382 1.6354245761 -4.933702 -4.949088 2.162400 -3.003534 -4.870258 -0.589958 -0.331885 -1.843436 4.268174 3.420064 -4.028182 -2.463132 1.294614 -1.774969 4.906756
383 1.5961469300 -4.775638 -4.940294 4.707337 -2.529855 -3.343426 1.716265 -0.241331 -4.967689 3.730467 4.366779 -1.533118 -4.646423 -1.127801 -3.623876 4.224681
384 1.7109535115 -4.057405 -4.103039 4.885700 -4.272283 -4.784226 0.510368 0.309140 -4.425154 4.372559 4.991979 -2.228449 -4.963933 1.838997 -2.834326 3.824106
385 1.7554656182 -3.867375 -4.667501 4.746734 -1.859002 -3.772985 -0.183254 0.119606 -3.155295 3.381322 4.327544 -0.975812 -4.991137 1.557398 -2.297412 1.764504
386 1.6077661908 -4.763528 -4.860589 4.469734 -2.899368 -4.982177 1.295152 0.979753 -2.675299 3.927353 4.205587 -0.948399 -4.318213 4.747923 -3.624612 2.114880
387 1.5870611537 -4.856521 -3.627657 4.982660 -3.199387 -4.566929 -0.431798 -0.416579 -3.297954 4.547221 4.051191 -0.578465 -3.178923 0.093528 -4.183193 4.014196
388 1.7764823146 -4.972838 -4.982923 4.452918 -1.122056 -3.899569 0.941320 0.993108 -3.829046 4.738035 3.919890 -3.237782 -4.998180 2.093231 -3.424650 4.365056
389 1.7018920566 -4.268974 -4.971107 4.446449 -4.001507 -4.204471 1.045694 0.257738 -3.043561 4.614211 3.504915 -2.720263 -4.922993 0.926616 -1.436300 4.999806
390 1.6525126672 -4.934638 -3.690317 4.765969 -2.553626 -4.945354 1.203954 0.083138 -4.456725 2.823262 3.587589 -3.189850 -2.288307 1.861933 -4.876258 4.390562
391 1.7611607254 -4.936166 -4.915179 3.364793 -1.579235 -4.339197 -0.000109 -1.983372 -4.127842 3.051836 4.751895 -0.966263 -4.998938 2.965025 -1.295381 3.853838
392 1.7161789571 -4.840072 -4.400874 4.829087 -1.873206 -4.342540 1.245827 2.199943 -2.635421 3.779953 3.916428 -2.158382 -4.999808 2.325475 -3.677770 4.762546
393 1.7227143795 -4.381821 -4.167676 4.877187 -2.691204 -4.138913 1.601812 0.020592 -3.803192 4.262888 3.828095 -2.728948 -4.985750 2.343951 -1.815313 4.587886
394 1.7247144140 -4.795833 -4.646720 4.864454 -0.262363 -4.908453 0.681987 0.430353 -4.226083 4.864328 1.921573 -3.763563 -4.980394 2.258280 -3.980122 4.839825
395 1.6771413882 -4.987808 -4.984800 4.288520 -3.110922 -3.008949 1.700174 1.922928 -4.702175 2.591677 4.763087 -0.515354 -4.212472 2.564139 -3.070129 2.613960
396 1.6147088245 -4.893719 -4.717705 4.170037 -3.332816 -4.456650 0.242633 0.202365 -2.740995 4.855173 4.903983 1.021534 -4.060449 3.795680 -3.740353 3.183185
397 1.6464496810 -4.940213 -4.968673 2.848810 -0.530611 -4.393909 1.052392 2.271145 -4.767403 4.615127 3.893398 0.588763 -3.636548 2.264085 -3.081898 0.899750
398 1.6232774907 -4.162950 -4.677471 4.728403 -3.631559 -3.262526 1.381505 -0.140591 -3.582791 4.874482 4.942356 -0.535626 -4.893136 4.567252 -3.755053 4.298721
399 1.7373951666 -4.009333 -1.930264 4.298335 -2.841969 -4.349560 1.028748 1.427296 -4.353916 4.842794 4.443271 -1.699138 -4.967333 1.901494 -4.407050 2.935436
400 1.5808455921 -4.189471 -3.724055 4.939904 -1.458066 -4.999664 0.899089 0.483233 -4.763216 3.639601 4.143464 -0.235510 -3.026627 2.784027 -3.055199 3.552493
401 1.6087595685 -4.794313 -3.561834 4.999465 -4.025834 -4.061342 -0.392752 1.184318 -4.512695 4.807556 4.874454 -1.192320 -3.077580 2.612751 -1.775265 2.256546
402 1.6092154914 -4.839266 -4.482488 3.170048 -0.879437 -4.660728 0.150902 0.444462 -3.551702 4.658972 4.986106 -0.136533 -2.467105 1.597673 -4.647694 4.245277
403 1.5590899400 -4.839608 -4.003201 4.852826 -4.447308 -4.026276 0.113504 1.558083 -2.294383 4.944669 3.198080 -3.072502 -4.845484 0.726108 -2.899233 3.507042
404 1.5773708643 -4.902449 -4.279442 4.059763 -4.053412 -4.799249 0.380490 1.038895 -2.232072 4.040779 4.992726 -1.024294 -4.150053 2.773013 -4.315696 4.984024
405 1.7202316577 -4.415706 -3.074135 4.416063 -3.750520 -4.598042 2.282445 -0.468015 -2.602506 3.135797 4.821040 -0.439541 -4.928743 0.583276 -4.451439 3.362712
406 1.6608411332 -4.774725 -4.961470 4.727082 -4.999963 -4.860213 0.168283 -2.051779 -2.186851 4.576935 2.401653 -1.175492 -2.021331 1.925510 -2.363916 2.306852
407 1.5879984106 -4.120125 -2.904510 4.554286 -1.959383 -4.221004 2.093578 0.444789 -4.870146 3.924039 4.986509 -0.211524 -3.824249 2.178325 -2.631676 2.566771
408 1.7376982659 -4.327152 -1.398783 3.597151 -4.041784 -4.451165 1.994996 1.111474 -1.750599 4.937128 3.385813 -1.255987 -4.969712 3.378684 -3.385808 2.198639
409 1.7196040384 -4.993899 -4.549458 4.473545 -4.575267 -4.972798 -0.884543 0.437106 -4.544923 3.298126 4.066407 0.280679 -3.023822 4.450269 -4.088104 1.678328
410 1.5949172706 -4.911587 -4.314959 4.396438 -2.877230 -4.499790 0.198537 0.940089 -2.977117 4.741760 4.047722 -1.441215 -3.837905 2.799876 -3.386961 4.997076
411 1.6207178985 -3.658466 -2.304888 4.966306 -4.446323 -3.910638 0.477257 2.069988 -3.049705 4.330946 3.748357 -1.164405 -1.467508 1.699201 -4.989043 4.381013
412 1.6431574631 -4.992777 -4.092594 3.527283 -3.482431 -3.171537 -0.308019 1.663131 -2.974603 3.876223 3.970253 -2.935280 -4.280999 3.676003 -4.184824 4.935528
413 1.6964042364 -4.998682 -3.368766 4.834690 -4.411793 -3.023510 1.625790 1.638540 -2.917324 4.524138 3.997826 -1.839250 -2.834108 2.311066 -3.463701 2.918282
414 1.5979498083 -3.671318 -3.800825 4.771699 -3.864178 -2.392898 -0.243523 -0.071026 -4.330498 3.710602 4.162616 -0.919675 -4.224919 1.531537 -4.598165 4.252121
415 1.5792569537 -4.268787 -3.383629 4.468352 -4.600697 -2.822954 0.698570 1.696558 -3.430334 3.973145 4.339791 -1.537933 -4.421327 2.718044 -1.386769 2.739594
416 1.5877609660 -4.709868 -4.115107 4.981782 -4.025481 -3.621122 1.076969 0.241790 -4.827405 4.663131 4.811611 -0.419978 -4.832964 1.373644 -4.429107 4.612662
417 1.6238502019 -4.621004 -4.780336 3.846386 -2.561789 -3.841451 2.118831 1.847071 -2.931727 4.223056 4.070856 -1.417403 -3.334068 2.223952 -4.583773 2.379445
418 1.6708144058 -4.974329 -4.584154 3.098222 -2.700569 -4.173713 0.694148 -0.219977 -4.318514 4.795012 4.581466 -1.362865 -2.420846 0.962244 -3.939057 4.975251
419 1.5670065792 -4.391468 -4.913154 4.844685 -4.996321 -4.977325 0.080908 0.828144 -3.552959 2.834180 4.955133 -3.122026 -3.941255 1.829868 -2.706173 3.550222
420 1.5520682088 -3.375304 -4.295319 4.430807 -3.152465 -4.891340 0.234389 0.858329 -3.319692 4.778802 4.497157 -1.070534 -4.722651 1.405987 -4.809410 4.745365
421 1.5827839350 -4.669300 -4.077709 4.976538 -4.330060 -3.602979 -0.937864 -0.171513 -2.097956 4.465269 4.247625 -3.839234 -4.610151 1.781227 -2.977809 4.809905
422 1.5997866060 -3.966268 -4.831622 4.738599 -3.189002 -3.920364 0.808812 0.281438 -3.976164 4.494824 4.987638 -1.505396 -4.881285 0.415070 -2.800901 3.269504
423 1.7227555142 -4.748692 -4.733590 4.448757 -3.223641 -3.777097 0.737674 -0.616643 -3.352901 4.739207 3.677282 -0.729125 -4.983591 1.667280 -4.710957 4.349842
424 1.6033593154 -3.275471 -4.999942 4.958043 -2.579780 -4.423555 1.420635 0.939216 -3.994263 3.526131 4.102103 -1.324179 -4.834520 1.122885 -4.107983 3.219262
425 1.5650166201 -3.227619 -4.999785 4.327773 -4.666171 -4.109084 -0.024597 1.710648 -3.506586 4.634652 4.995619 -2.280956 -3.461514 1.586495 -3.998777 4.867026
426 1.5668068480 -4.510568 -3.400053 4.212146 -4.996831 -3.961410 -0.498083 1.324611 -4.560193 4.616609 4.524574 -1.247768 -4.149370 0.804674 -4.961574 4.307241
427 1.5584911110 -3.437628 -3.764209 3.128816 -3.736222 -4.945365 -0.259170 2.283234 -3.982363 4.116085 3.695413 -0.714809 -3.944185 0.783160 -3.003184 3.648028
428 1.5876036965 -4.733244 -4.647323 3.817765 -4.107423 -4.516092 -0.937958 1.271509 -3.553551 3.811017 4.076159 -1.951260 -4.101032 4.375601 -4.078159 2.517623
429 1.5991598785 -4.527952 -4.957042 4.926522 -3.317885 -4.644429 1.345812 0.732396 -4.949241 3.313700 4.851298 -2.276560 -4.607440 0.337632 -3.549112 1.637973
430 1.5571286937 -3.053898 -4.399818 4.162255 -3.215574 -4.982963 0.155869 1.989716 -3.939850 4.862797 4.990587 -2.012873 -4.787023 1.172593 -4.141033 4.570281
431 1.6550011938 -4.991382 -4.987476 3.667668 -3.215920 -3.375218 -0.323498 1.104759 -4.517338 3.454968 4.488138 -2.191125 -3.699797 1.639832 -4.543248 4.931929
432 1.5375137796 -3.397904 -3.250512 3.993065 -2.065817 -3.841184 0.150316 0.890951 -3.857317 4.982432 3.585610 -0.999385 -4.275340 0.678855 -4.980522 3.956557
433 1.5839199250 -3.227485 -4.573515 4.162954 -1.413355 -4.999954 1.656071 3.963784 -4.956651 4.722163 4.743788 -3.306751 -3.414342 -0.353767 -2.784164 3.858910
434 1.5462671533 -3.410643 -3.100769 3.493252 -2.224115 -4.756945 -0.122074 1.684321 -3.970245 4.899739 4.538119 -1.675024 -4.746049 0.543029 -3.174319 4.915469
435 1.6151299287 -3.614548 -2.974185 4.827820 -2.252134 -4.635077 0.403915 0.734691 -3.397543 4.789426 4.890455 -0.099598 -3.411206 2.908292 -4.811407 2.078552
436 1.7703117575 -2.815781 -4.931520 4.837181 -4.187702 -4.999901 0.240683 2.264215 -1.299869 4.959599 4.960756 -1.261428 -4.964768 0.734680 -4.144544 4.326670
437 1.7276935589 -2.220492 -4.964652 4.189787 -1.593214 -4.114810 -1.176069 1.021738 -4.857216 4.870567 4.602835 -2.403532 -3.312285 -0.229847 -4.747252 3.527558
438 1.5927535408 -3.706760 -4.984981 4.997113 -3.507171 -4.036025 0.938121 1.955870 -3.995408 4.998031 4.195317 -1.884609 -4.437407 -0.965937 -3.532153 2.914442
439 1.5668447937 -4.176326 -3.258245 4.787579 -2.093633 -4.954297 0.592696 3.119053 -4.367742 4.834498 4.978299 -2.054713 -4.168476 1.719295 -4.669223 1.657192
440 1.5901171461 -3.773580 -3.003706 4.058656 -2.385525 -4.133396 -0.324754 1.757846 -4.893074 4.555646 4.020946 0.079268 -4.404612 -0.180060 -4.170595 3.197066
441 1.5725742435 -3.612703 -3.152234 4.645191 -2.256592 -4.020571 1.528324 1.843734 -4.601086 3.729018 4.132711 -1.237073 -3.458719 2.143997 -4.966048 4.987381
442 1.5886842228 -3.615217 -2.620140 3.709281 -4.979283 -4.991619 -0.506491 -0.347958 -2.553334 3.983284 4.902495 -1.044709 -4.257143 0.504635 -4.637604 2.888644
443 1.5612130838 -4.292848 -4.037090 4.555462 -2.321544 -4.859121 0.446942 3.035324 -3.382593 4.915072 4.642826 0.333597 -3.913624 -1.117227 -4.997317 3.920238
444 1.5603340833 -3.222535 -4.585225 4.319445 -2.141207 -3.328318 0.873338 0.752631 -2.662845 4.767671 3.357706 -1.492770 -3.586538 0.711519 -2.899669 3.720188
445 1.5674325637 -4.357673 -4.538104 4.540620 -1.757489 -4.956943 1.218836 2.581503 -2.375055 3.038700 4.868675 -0.630401 -4.478957 1.103148 -4.917946 3.554632
446 1.5556574166 -4.579737 -3.490080 3.678775 -2.313150 -4.740449 -0.386574 2.548240 -2.372201 4.968147 3.577251 -1.871698 -4.197902 -0.779775 -2.481216 4.806426
447 1.7380860691 -2.986459 -3.754620 4.133036 -2.162926 -4.967332 -0.711105 1.788175 -3.624670 4.700131 3.753558 -1.229343 -4.951241 1.271202 -4.234606 4.564551
448 1.5622932833 -3.253988 -3.198308 3.282380 -0.977790 -4.627157 -0.412134 2.763525 -4.463508 4.961063 4.541577 0.513315 -4.238894 0.635309 -4.913577 4.963260
449 1.5563716031 -4.356657 -4.308391 3.296770 -2.925957 -4.136129 0.769393 1.293500 -4.137718 4.551806 3.925103 -2.782324 -4.187835 0.912129 -4.982850 4.095821
450 1.5484120568 -3.271713 -4.309947 4.372983 -1.980312 -4.825761 -2.012572 1.307190 -1.757650 4.373641 3.509995 -2.982670 -3.952011 -0.199343 -4.343631 4.073920
451 1.5809659210 -4.010479 -4.779406 4.105654 -1.526854 -3.317882 0.098627 0.339561 -4.148780 4.940412 4.994153 -1.448888 -3.738065 0.711781 -4.756100 4.247552
452 1.5839354224 -3.659890 -4.341199 4.014356 -1.735884 -4.155755 1.291878 1.650943 -4.683310 4.060655 4.174625 -1.535602 -4.686524 1.292053 -2.349733 4.227295
453 1.5708293054 -3.262614 -4.965041 2.720916 -1.758713 -4.927879 0.175654 1.377424 -3.607654 3.892298 3.975755 -2.909717 -3.668210 -0.458327 -3.309403 4.027510
454 1.5692940826 -3.558932 -4.692117 4.367807 -1.258910 -3.481545 -0.828533 1.984889 -3.232903 4.999855 4.991604 -1.010255 -3.910838 0.004920 -4.617005 4.253465
455 1.5844197602 -3.716190 -4.775920 3.867577 -1.759061 -3.478601 0.358538 2.533137 -3.127204 4.385141 4.023419 -0.997840 -4.122367 -0.752168 -4.715267 4.935562
456 1.6449971374 -2.789463 -4.463859 3.614193 -0.333085 -4.493949 1.970025 2.425035 -4.726054 4.981317 3.732371 -0.482970 -2.523784 -0.904270 -4.908179 4.342030
457 1.5644311177 -3.847837 -4.998353 4.699574 -2.092216 -4.971382 -0.768456 1.854925 -2.815804 4.722597 4.657488 -2.136349 -4.112473 0.002429 -4.165562 4.563597
