evaluations raw_y x0 x1 x2 x3 x4 x5 x6 x7 x8 x9 x10 x11 x12 x13 x14
1 2.7013959885 0.628811 -3.719754 -2.828058 3.068125 -3.886629 0.513756 -2.700534 -3.033565 2.963334 -1.512153 4.616139 -1.973001 1.350248 2.995178 4.594375
2 1.3143496513 6.646735 -5.852564 5.017342 18.875827 -0.670148 -18.603400 1.575786 -13.236722 12.398218 -4.722572 19.035072 0.412335 -19.159389 -13.140352 -6.508936
3 1.3145010471 -7.617598 -7.179493 6.573141 24.156713 3.375099 -28.850421 14.374838 -24.074531 1.606309 1.110631 23.623505 -3.480522 -6.163462 -18.312248 8.479155
4 1.3145010471 2.092861 0.414668 -7.127166 18.601560 21.784756 -24.293119 3.927344 -3.276866 9.489079 -6.842625 31.786507 24.938334 -21.728156 9.001311 -18.757671
5 1.3145010471 1.049092 -4.166562 6.959044 14.921845 2.243437 -31.676272 -15.099726 -29.283937 17.224767 6.061827 8.182337 -6.804751 -29.122232 -4.429745 5.464567
6 1.3145010471 9.318732 -8.317317 7.682903 21.223721 19.371266 -1.835384 0.016757 -27.339297 17.573349 -23.215606 22.388525 6.946383 -31.351545 10.281104 -0.322031
7 1.3145010471 2.148187 -12.058508 -3.559700 28.120131 5.548548 -14.461432 -2.140379 -8.973883 24.183054 6.584271 27.537312 12.872544 -30.640412 -6.785429 -8.077078
8 1.3145005703 11.385012 -2.364486 -3.371764 13.302000 0.774680 -20.667449 8.211761 -5.183616 13.332799 -8.952977 18.597787 -1.531710 -39.179444 -5.671022 -7.118136
9 1.3147072792 -1.394415 6.543263 3.090639 5.618744 3.334538 -18.286165 1.016643 4.763958 18.636549 5.885665 11.976102 5.064722 -22.201031 -13.271206 1.060726
10 1.3145000935 -0.907930 -7.112979 9.365007 17.665025 11.439738 -22.839654 12.249452 -20.509205 19.926605 -15.345623 21.647083 10.659351 -9.200512 -8.159916 -7.213172
11 1.3145509958 0.218437 -5.584778 7.843121 4.135013 -15.999433 -3.589651 -11.449224 -17.523820 16.818221 -2.413566 17.907880 -12.004188 2.205389 -27.825916 -1.644978
12 1.3144879341 -5.904113 -8.746146 9.528323 20.911800 3.822713 -21.008954 0.733027 -2.436294 16.038705 1.806363 13.762318 -10.723419 -9.289401 -18.659306 -14.285759
13 1.3145010471 -7.937594 -17.928637 2.002179 21.852464 2.150257 -22.823332 6.488285 -4.457547 28.292608 -12.617885 16.515537 7.756372 -31.798378 -16.940276 18.192978
14 1.3145010471 0.483181 6.873539 -3.914479 34.857101 -7.285331 -11.474257 11.238434 -8.897856 16.647575 9.198935 21.425706 -13.246719 -36.973134 -10.010800 6.616847
15 1.3145124912 2.373764 -21.183939 1.362509 20.846625 4.220330 -24.255455 -7.153955 -9.382756 10.635787 1.668552 13.211348 -13.477465 3.327199 -18.266665 -4.640814
16 1.3145010471 11.643788 8.449670 16.909328 45.954253 2.879854 -30.126733 -16.357383 -9.113817 6.519458 -14.897184 28.050717 6.198876 -15.780583 -14.823729 5.309193
17 1.3144990206 12.353853 -1.506024 -8.439844 14.222658 12.751382 -4.148242 -11.449660 -22.770880 7.532766 1.216413 27.745728 -4.942246 -24.449284 -16.682305 -1.369245
18 1.3145010471 12.622463 -10.003310 5.596673 17.932910 -7.222639 -30.348581 -9.036158 -18.340849 6.615961 -16.674316 6.738281 2.732293 -26.180157 -29.494229 2.202527
19 1.3144974709 -1.642164 2.533424 18.258571 16.730461 -9.148971 -16.458531 4.485029 -5.840905 14.045091 -4.944523 16.597607 -0.994232 -23.672375 -18.787903 -8.844282
20 1.3144743443 9.574640 -11.166988 -1.325982 19.600240 -8.788409 -6.094814 -7.762312 -16.183612 20.414183 -9.246166 8.974619 -1.182238 -20.003973 -17.061909 3.947357
21 1.3145010471 1.641341 -15.142391 -0.001099 20.153661 4.146969 -26.375811 4.404936 -29.023548 24.178892 -8.008577 7.572542 20.587573 -15.250540 -26.219077 5.509875
22 1.3145010471 -0.916285 -8.854318 4.180375 25.177963 2.450501 -21.616531 -7.974458 -12.202314 25.458725 -6.444475 23.298793 5.147161 -27.006092 -15.823914 -11.722417
23 1.3243763447 3.719290 -10.892651 8.835299 6.463840 -0.475705 2.199752 7.962698 -18.813844 3.497765 -0.173877 6.583499 8.690922 -7.629492 -17.311261 0.260787
24 1.3145009279 10.121239 -15.852871 2.167684 12.930656 8.016688 -32.883531 8.317343 -19.144087 20.807881 2.787992 14.372187 0.870645 -16.226439 -6.495613 -17.947251
25 1.3145010471 8.936590 -5.163170 1.162482 39.525554 17.583059 -20.383192 -6.207137 -14.219883 8.361277 -18.384106 18.414504 -25.016106 -21.955703 -4.607827 6.416573
26 1.3144999743 -0.643597 6.268252 -4.181114 25.662921 -9.739306 -4.721018 7.327662 -23.952181 17.190604 -11.678495 19.179809 -8.646818 -19.125339 -9.183417 -10.998343
27 1.3144967556 5.733254 -4.037692 -7.955049 31.038879 -1.949717 -16.518245 2.819880 -11.071641 1.288239 2.087399 12.214985 -3.767268 -17.008273 -28.731234 -2.925847
28 1.3145010471 8.847726 -0.229465 -12.399778 33.131114 1.676818 -22.439491 4.505323 7.489136 8.005393 -9.729406 19.357854 3.841075 -27.302099 -26.774950 -7.839090
29 1.3145009279 4.506788 8.572700 14.870406 -4.216684 0.590633 -20.854594 13.881006 -13.021583 13.893773 -11.612598 20.434914 3.886926 -22.870635 -18.045735 -25.991367
30 1.3144985437 11.746094 1.682571 9.683023 23.303130 16.229916 -5.688345 -6.213308 -17.477611 5.604594 -3.501128 31.054380 -3.099204 -3.199551 -19.705129 -0.232417
31 1.3145010471 -6.436714 2.690156 14.085155 19.649640 3.140660 -29.642414 -10.790657 -18.602214 31.074176 -16.588893 22.552105 5.043274 -12.206307 -4.719545 -4.935688
32 1.3145003319 7.212371 -22.547938 -1.003426 11.440046 2.846959 -18.182268 -14.017754 -13.515149 12.375281 -0.948382 15.655005 -17.425683 -24.950752 -17.624243 0.524889
33 1.3143899441 7.128188 -6.621249 0.670811 23.271681 -8.689466 -15.691014 -4.789136 0.772156 15.938094 -10.117268 16.713721 1.847716 -20.075244 -8.751527 -9.446230
34 1.3145005703 3.787279 2.932472 -3.168091 12.846738 -1.864765 -35.950812 2.450692 -12.371294 15.104051 -14.995414 18.584356 0.260351 -24.267531 -10.627686 -3.321795
35 1.3144861460 5.929937 -10.497298 20.318194 17.975575 -5.362016 -22.716878 7.106838 -9.603298 5.098999 -7.795908 5.051078 -10.067525 -18.636048 -12.137295 -0.321492
36 1.3144960403 5.346561 -0.306487 2.929094 13.646658 8.454641 -19.449403 1.632668 -16.041524 15.122045 -19.679579 23.741952 -0.196644 -20.050186 -8.915133 6.521959
37 1.3145008087 3.862521 -11.624288 10.505068 20.910104 -4.644566 -21.750725 -3.305809 -9.031242 25.308247 -5.104484 13.457660 8.165307 -24.104683 -5.056512 -17.814970
38 1.3145009279 5.126851 -7.499396 6.306796 17.196725 -2.348204 -21.227733 -2.258402 -13.595624 -3.427982 -22.962769 27.749070 -10.183246 -16.377933 -18.865102 -8.433523
39 1.3145009279 0.400838 8.098764 6.834140 24.250419 4.412189 -16.500420 2.993105 -23.940016 4.762749 -15.916547 27.408600 4.977566 -18.003455 -17.006091 -17.675920
40 1.3144954443 1.468503 -11.057002 12.352579 11.283630 -6.512802 -11.895612 4.064713 -24.022362 17.327588 -3.777466 15.659067 5.267208 -19.950430 -17.914965 -0.692082
41 1.3144961596 1.241199 -11.578013 12.676133 19.659389 -6.781788 -11.107432 4.081426 -12.343433 12.119966 0.271934 14.036048 1.887926 -20.817723 -23.875162 -13.076435
42 1.3145009279 8.467998 -5.469077 -9.893081 22.355911 -9.803804 -11.500618 -1.397103 -13.879685 16.226108 -2.615561 25.481032 -11.365199 -32.290568 -11.107085 -3.610066
43 1.3144944906 8.186705 -8.684277 1.282728 19.628479 0.147654 -17.204149 -9.509429 -0.955019 8.081838 -7.185907 16.557894 7.610171 -28.871133 -14.279453 -16.970842
44 1.3145005703 12.217509 1.115432 -0.130927 20.784494 -14.264843 -24.685994 9.617584 -16.323491 3.823967 5.670119 24.566774 -4.387738 -19.925017 -18.856126 -3.838397
45 1.3145006895 14.296659 -0.198185 0.931059 21.561917 -5.676084 -20.798770 4.985894 -15.693246 20.785400 -6.196841 19.900505 -5.126623 -30.776766 -7.485152 -1.182359
46 1.3144994974 13.392196 4.422299 7.029278 7.839673 -2.316855 -2.511290 8.698007 -21.015594 25.406866 -10.576285 24.287331 -4.486275 -22.103873 -9.942907 -7.796464
47 1.3145008087 -2.554802 0.036607 4.350341 10.365553 -5.762749 -22.312868 4.514479 -11.883623 12.889528 1.932678 21.582837 -8.292910 -23.752246 -12.383052 -18.025736
48 1.3145006895 5.214231 -10.220644 4.534720 20.592607 2.423459 -25.747026 -4.697559 -14.096555 10.673697 -8.840646 29.671594 6.750244 -16.054656 -18.386246 -5.614740
49 1.3137692213 11.825805 -3.436110 11.461361 17.020060 -3.696725 -13.640194 0.766124 -15.948583 11.175654 -1.466822 9.145628 -7.300355 -11.982950 -15.561060 -6.408230
50 1.3144991398 13.348405 -1.438216 25.284417 21.522033 -6.968612 -15.004609 5.776089 -14.417901 8.310112 3.922463 20.750777 -4.707373 -12.027488 -15.927345 -7.188217
51 1.3144925833 15.740851 -3.981686 13.957290 18.617656 -0.615650 -11.451828 -1.770074 -24.142814 5.430872 0.426546 5.474005 -8.075187 -10.895172 -25.110866 -1.162689
52 1.3143489361 14.775713 -2.821410 4.020964 16.006185 -2.442763 -16.032059 5.166169 -5.886436 14.900108 3.032586 17.168929 -9.347060 -8.196746 -22.265027 -6.727310
53 1.3144961596 6.715741 -6.760078 18.473641 14.782533 -4.611403 -20.897193 -0.220408 -13.469018 13.532412 -6.799603 22.263323 -11.726854 -12.895399 -14.051897 -11.393332
54 1.3143773079 8.758381 -0.725595 9.321077 10.432907 0.047531 -11.868622 4.024686 -11.571871 4.662264 4.669848 8.749908 -19.817863 -16.374607 -23.521676 -12.330343
55 1.3144762516 17.591053 -2.797214 10.215152 7.956420 -12.523912 -1.847826 6.807792 -22.483855 15.735034 -0.225548 5.382713 6.484253 -9.476167 -21.648726 -6.252910
56 1.3144997358 11.770240 -8.754364 17.333290 6.187783 1.163174 -19.815184 -2.271817 -13.668688 14.198761 0.597864 4.494559 -21.048120 -23.504700 -20.210127 -10.905490
57 1.3143612146 6.912862 -5.422622 11.777048 7.471408 5.042355 -22.562092 5.174133 -10.275679 13.353630 -4.760412 18.689108 -16.406335 -15.521038 -6.052889 -7.735882
58 1.3145017624 19.249380 6.342161 19.532170 21.790277 -10.775468 -21.295433 -9.855805 -13.638824 4.304135 -1.588663 8.030669 -12.766038 -18.311339 -17.631673 -1.642076
59 1.3144928217 6.531265 -18.423196 16.817518 20.108302 2.756234 -16.580822 2.428509 -3.816337 19.146904 5.112659 12.108107 -17.938418 -12.491233 -13.999105 -0.517500
60 1.3145010471 15.750930 -0.237662 6.657993 16.304567 -7.020021 -18.712209 -9.844628 -23.383597 6.455479 -10.312511 7.016165 -3.850445 -17.860962 -23.055506 -0.118092
61 1.3144464493 9.427031 -3.028281 10.423248 22.301111 -4.557384 -18.146047 -8.729964 -6.554186 9.458432 -10.044261 8.018498 -6.836349 -16.045681 -20.656275 -6.356422
62 1.3144853115 24.072320 0.721472 10.078843 17.840476 -7.967747 -11.076956 -7.139702 -13.201052 9.384518 -4.058446 4.135482 -13.345822 -10.397430 -23.689512 -3.704697
63 1.3144884109 7.982798 -4.294590 19.130784 12.476761 -8.276670 -16.840574 -1.863363 -13.438697 8.297861 -2.531972 11.156157 -14.422501 -14.180094 -16.623926 -7.830687
64 1.3143736124 11.733409 -0.047875 10.235738 18.682633 -6.724281 -12.144000 -8.491389 -15.223638 17.606778 -3.679578 3.986294 -8.755744 -6.791723 -15.772229 -10.601180
65 1.3144724369 15.099214 -2.715805 8.953450 17.324597 -0.591709 -22.539113 9.035719 -19.254790 11.283004 -7.918617 9.380182 -4.981031 -11.921861 -20.060656 -5.238000
66 1.3127686977 12.961564 1.693316 3.261198 15.870045 -1.493891 -14.642627 4.639860 -11.436299 3.380056 3.695347 11.388684 -8.132150 -15.047324 -17.185215 -6.171714
67 1.3137360811 13.523467 -4.952974 5.961321 15.867454 3.376111 -12.463812 2.412953 -14.357487 9.494042 3.216404 11.041142 -7.825779 -13.875306 -21.099343 -3.888756
68 1.3141582012 13.971700 0.029323 6.568719 9.201735 0.724576 -19.757775 3.622814 -4.757064 0.050198 1.594992 16.701293 -10.443592 -19.836321 -13.954670 -7.519625
69 1.3156766891 3.139944 6.749421 7.948183 12.957521 -7.583925 -14.996280 -0.423873 -14.625116 5.698409 9.972955 2.080981 -12.305760 -10.980420 -19.518565 2.469236
70 1.3084180355 12.889221 6.806755 3.612836 13.912937 5.593969 -9.891205 10.231029 -8.599095 3.881977 2.238513 0.733958 -7.436455 -13.983005 -15.887674 -11.367320
71 1.3077205420 11.834952 4.439825 5.878655 7.545854 4.699457 -7.212054 15.708454 -4.162274 4.369320 -2.006901 -3.022536 -4.126531 -14.048925 -14.836997 -17.148380
72 1.2858645916 15.370172 6.503897 11.291652 7.616603 3.697631 -6.847518 8.487256 -0.971583 -1.045964 -6.826746 -4.091865 -2.898099 -15.073418 -9.211135 -11.500390
73 1.3065704107 10.876021 1.229833 16.636028 5.449179 9.847270 -3.196429 6.429666 -9.148576 -4.514827 -16.244136 -0.652181 2.100119 -6.739226 -9.345137 -12.974409
74 1.3140383959 8.405277 4.995714 10.238743 3.830845 8.078801 -8.728984 16.222488 7.100831 1.778161 -8.974901 -10.258578 -5.416787 -20.528190 -20.409891 -13.462001
75 1.3102951050 11.068095 13.426705 9.925344 8.741889 7.853095 -5.836822 23.127835 -1.358299 1.011963 -7.223052 2.679712 -1.666112 -14.182028 -6.150514 -7.378424
76 1.3132580519 19.061038 5.068339 12.703852 12.102265 2.380350 -2.213700 8.713653 5.251621 2.302375 0.126498 0.396295 -7.885551 -17.626080 -15.817273 -15.902715
77 1.2933381796 17.731614 2.383093 9.293359 4.754148 -0.439048 -7.440815 11.543614 1.957164 -4.363642 -8.949368 -1.958213 -0.935215 -12.433292 -11.625293 -13.554020
78 1.2937874794 12.187838 9.532412 7.601325 6.369257 -1.384684 -4.888071 14.138291 -3.738389 -2.562353 -6.548800 -8.765656 -5.289461 -17.487470 -2.963729 -7.428621
79 1.3125283718 19.527073 6.900663 10.756511 9.373616 1.575466 -4.907636 10.614106 1.609064 2.506251 -12.461716 -3.645156 -2.870427 -15.409782 -8.065607 -20.297102
80 1.3043465614 18.170263 9.992761 18.253452 0.785031 4.452306 -7.805848 14.781356 -1.449729 2.521101 -6.173843 -4.847446 -2.475905 -10.369512 -8.844093 -6.704329
81 1.3029968739 13.023217 8.257033 6.926593 8.216355 6.081104 -13.958032 10.920537 2.348303 -0.216099 -4.172639 -12.474914 -5.608240 -13.857956 -6.396602 -10.418329
82 1.3080142736 14.609407 3.275394 14.045708 4.919747 4.304332 -7.746367 9.477913 -7.397042 -4.268341 -6.938355 -8.044198 -7.310858 -17.461593 -11.176668 -12.007112
83 1.3047651052 14.586386 7.339718 13.775355 7.823767 2.051480 0.001880 3.936977 0.913493 0.126118 -4.584254 -8.401669 0.990905 -19.985490 -11.730895 -8.061573
84 1.2982200384 17.426196 8.904705 12.840195 9.558400 -0.819389 -9.209724 5.593464 -0.112843 -2.688292 -7.166587 -1.033061 -4.551353 -17.295196 -4.625963 -7.025807
85 1.2966760397 12.809404 5.548210 8.546433 8.561428 2.004221 -8.173824 11.347908 -0.455482 -6.580953 -8.231256 -2.772326 -2.717676 -17.867065 -8.858879 -10.501694
86 1.3096147776 12.490525 7.754520 7.180987 5.824917 10.655767 -2.351797 4.347710 3.853621 -3.486360 -4.717902 -3.227478 -0.478324 -19.531400 -4.154488 -16.402820
87 1.3049619198 21.639659 6.168508 15.900161 5.523991 -4.270056 -8.990903 10.462081 -2.264980 3.347944 -1.826771 -4.756765 1.619998 -14.722523 -4.817443 -9.531133
88 1.3018438816 16.540015 0.985260 13.339771 5.597208 2.605256 0.349532 10.212695 -6.186612 -0.250916 -4.879027 -0.647566 -0.657935 -11.931792 -14.733572 -14.689448
89 1.3106687069 13.276473 13.349010 8.760557 12.871181 1.983905 -3.686256 9.452574 -2.997303 -1.416252 -6.969167 3.740483 -0.462594 -18.318897 -14.069089 -11.878650
90 1.2967050076 16.143084 6.965481 10.001237 8.575076 1.862406 -5.618234 12.522055 -3.076360 -4.339752 -4.745027 -0.029926 0.399450 -15.882920 -8.231607 -13.055248
91 1.3025434017 10.811698 11.517405 7.824247 4.364392 4.304980 -11.854310 6.862109 -2.257163 0.884464 -9.248575 -3.463682 -1.593120 -17.668257 -12.532052 -8.341994
92 1.2807961702 15.407413 2.411633 15.136634 8.286305 5.760768 -6.709901 9.097037 -1.442142 -1.961728 -6.596397 -4.446210 -0.692205 -11.494099 -9.117785 -10.705550
93 1.2420699596 13.999051 -0.479332 15.549799 3.962138 7.603503 -10.628391 10.009733 -0.274222 -2.484159 1.939990 -4.378794 -0.257110 -5.049846 -3.251698 -11.005143
94 1.2897716761 13.747490 -4.439917 15.061839 -0.240644 10.352944 -11.662955 7.702435 5.348897 -3.128276 3.526416 -4.004116 -3.366174 -3.836238 -0.482768 -13.639668
95 1.1424474716 14.424836 -2.327478 11.102087 4.385968 5.602643 -8.176538 11.108865 3.558901 -4.757260 -1.092214 -3.720051 -0.497135 -6.063211 -5.871669 -7.594020
96 1.2074587345 16.922941 -0.679298 9.263479 2.957691 2.981455 -5.932905 13.438008 8.093688 -6.161038 -2.009558 -3.952014 1.262577 -5.171250 -7.405534 -8.368662
97 1.2674318552 14.738296 -3.520874 9.569142 5.310417 9.172883 -8.190104 8.142354 3.319799 -8.144507 2.371899 -0.317970 0.387263 -11.942454 -10.913672 -4.819863
98 1.1694669724 16.149767 2.423739 12.859257 7.895238 1.836679 -7.212021 13.233206 5.180499 -3.933400 1.101146 -2.775639 2.109888 -3.145553 -2.134060 -5.639996
99 1.1224230528 13.370946 0.725219 6.957545 4.481909 9.039952 -11.291219 12.606056 1.377160 -5.186769 -0.704521 -1.599442 -1.503434 -3.716578 -3.794483 -7.271973
100 1.2256404161 7.300658 4.504005 6.277735 3.300710 5.331025 -10.572207 6.587324 0.607846 -3.462601 -0.035470 -0.857346 -7.279196 -4.038092 -2.304707 -4.165842
101 1.1742334366 16.306760 -0.503281 6.634053 1.460365 8.396377 -14.318441 12.121598 1.513532 -3.755946 -1.155696 -1.747525 -1.617095 -1.357422 -6.829982 -5.529968
102 1.2794538736 15.543533 2.752846 7.765319 7.836454 8.244662 -11.570383 11.670365 -3.374444 -7.922340 -3.408315 -9.031130 -1.354519 -6.092836 -9.601615 -9.974321
103 1.2515779734 17.323198 3.335032 9.858161 7.874027 6.456355 -8.955775 12.354041 3.604128 -5.144858 2.376341 6.613688 -1.834225 -6.424206 -6.784643 -7.728071
104 1.2714934349 17.908087 -3.032351 9.366810 6.451849 9.638919 -11.675678 14.423774 3.881857 -3.758380 -1.955540 -5.699974 -0.884205 -2.874985 -1.166389 -12.388493
105 1.2125526667 13.414044 -0.289141 13.003404 -0.587419 6.757837 -8.555051 10.505788 -0.964103 -3.700432 0.346769 0.670339 0.164271 -5.874097 -2.315230 -13.275131
106 1.2382222414 17.121813 2.668281 9.677191 2.567586 8.356387 -13.146489 12.186617 -0.863899 -2.763477 0.642803 2.156437 -7.402961 -2.240741 -3.126462 -9.471593
107 1.1350135803 13.711156 0.032424 4.140379 3.749442 8.894759 -11.954562 12.330467 -1.523994 -7.507754 -1.559895 -0.483681 -1.382492 -3.946019 -3.549395 -7.893790
108 1.0988404751 16.682483 -0.849657 0.650328 4.930587 7.869286 -13.846300 12.431060 -3.056201 0.023144 0.122102 -1.617358 -1.955292 -2.264312 -3.392145 -4.467255
109 1.1458231211 14.441315 3.797294 -1.012154 7.768389 9.009492 -10.430217 12.522214 -6.396389 2.617955 -1.004831 1.571866 -4.268723 -2.485358 -3.261259 -0.501170
110 1.1550501585 14.525469 -4.720799 -3.191360 4.187070 6.250432 -15.605146 13.614311 -2.384072 -2.483891 -0.173062 -2.550089 1.407043 0.481727 0.589077 -4.191979
111 1.1927636862 12.649772 0.501890 2.255863 8.892660 9.036085 -13.624748 13.306799 -3.628708 -2.202513 3.529080 3.229261 -3.053670 -2.842173 -3.560679 -1.904779
112 1.2773622274 19.326468 1.992764 -2.136861 6.969941 4.831716 -16.059735 17.502964 -0.299625 2.217467 -0.536150 0.187645 -2.476229 -0.504800 -5.983843 -7.522335
113 1.1893664598 15.606256 -1.366353 3.950772 5.288200 4.779566 -17.538138 9.983276 -5.268301 -2.093771 0.391287 -2.773519 -0.432047 1.954187 -7.439530 -1.620205
114 1.1479538679 16.506945 1.110527 -2.678397 8.366114 7.961258 -14.085717 9.207175 -4.612180 -0.800935 1.330123 0.763056 -3.335588 -4.221993 -4.062977 -5.414196
115 1.2566562891 17.833832 1.706794 1.395462 5.801959 10.501800 -16.652792 11.803348 -5.006839 -2.819533 0.158316 -4.089468 -1.423152 -4.802645 -5.476964 -6.161216
116 1.2164953947 17.070623 2.356791 1.425401 6.187629 6.632579 -14.483675 11.205316 -4.170263 1.703492 0.228505 -6.125147 -6.015107 0.981583 -8.129912 -5.253490
117 1.2265158892 15.181908 -3.302725 3.865078 3.863558 6.833224 -11.011150 17.552963 -1.654383 -2.755552 -7.287537 -5.567771 -0.683898 -1.963805 -7.626109 -3.303223
118 1.2093074322 18.590960 -0.326712 5.544530 7.484216 2.448672 -14.645084 12.111565 -4.650361 6.244062 2.938222 1.748774 3.857370 -1.081317 -0.153156 -4.460923
119 1.2317609787 16.620512 -1.964820 -3.365521 2.536670 9.188760 -14.864001 13.259911 -6.687083 -0.123246 -7.216170 -0.537128 -0.912279 -0.816480 -2.836840 -3.010192
120 1.0820163488 19.449527 3.438343 0.841412 7.468738 7.718801 -8.043068 10.083634 -4.537845 0.269575 -3.022303 -1.899456 -5.082722 -2.995773 -3.484055 -4.682909
121 1.1791539192 20.194357 3.640471 1.716030 8.422009 7.522433 -12.145169 9.339581 -3.051766 4.687682 0.635474 0.599452 -4.972701 -3.312170 -3.842418 -3.010578
122 1.0504672527 19.451334 5.228316 0.805105 6.605912 6.872248 -2.789627 7.052957 -6.967607 2.946656 -1.532319 -5.107765 -7.477120 -0.865059 -4.544796 -4.367892
123 1.2167690992 19.405527 7.217521 -4.279322 6.317573 8.751669 -1.155733 7.752128 -6.598308 4.138923 -1.903902 -2.892758 -10.178896 1.604957 -6.272526 -2.071002
124 1.2093104124 20.919433 5.568801 -2.463868 4.213743 8.959105 -0.600507 7.308977 -7.219788 4.619707 -2.188470 -4.201327 -10.741249 0.734526 -5.865184 -4.388113
125 1.1362909079 18.230025 9.661567 2.215190 4.140307 4.976201 -4.936545 7.101881 -5.940395 3.877915 -3.460327 -4.594472 -9.580478 -2.822252 -2.969129 -0.481532
126 1.1547572613 21.303196 5.982996 -1.199350 7.378205 6.552510 -5.035496 4.964483 -7.014908 4.218593 -5.295555 -3.871919 -7.639005 -0.818452 -2.456938 -4.810421
127 1.1662292480 21.628722 7.668241 1.910738 5.329065 6.103288 -0.507267 8.259679 -5.697889 2.760891 -5.274163 -7.448113 -4.789239 1.091568 -6.126627 -2.284832
128 1.0712782145 19.325593 7.457146 0.386232 6.749822 6.559687 -3.133648 6.396234 -8.141122 0.584514 -2.845497 -4.617699 -4.762572 -0.521235 -6.193582 -2.905650
129 1.1374748945 18.430485 4.968631 1.460609 6.289209 9.796012 0.588797 4.817302 -7.205673 1.110162 -2.278473 -7.310058 -9.516066 -0.857992 -5.245606 -5.944499
130 1.1009685993 23.119871 5.038564 0.641498 5.104695 4.771364 -3.979582 2.907476 -7.468202 0.775417 0.257039 -3.960423 -4.143034 -2.066164 -5.533621 -6.918345
131 1.0387036800 18.084942 3.513626 2.327523 9.297926 5.768296 -5.181236 5.860938 -7.755203 -0.630917 -2.389731 -6.328679 -7.715530 0.031007 -5.338926 -2.632363
132 1.1880977154 20.515441 7.739068 -0.797864 12.149518 3.592345 -2.556423 4.375119 -5.048289 -1.239559 -0.611432 -6.687669 -10.439173 -0.807890 -5.159830 -2.289559
133 1.0932266712 17.974904 2.643489 1.331472 9.773737 5.264375 -8.326182 3.584218 -10.011968 0.983382 -5.490906 -1.221052 -8.315368 2.473798 -2.581927 -1.348874
134 1.1286222935 17.603717 4.935188 5.550394 7.620872 6.300908 -7.638266 5.731408 -7.548113 -1.632500 -3.235475 -7.382146 -6.167908 -2.124419 -6.416879 0.922013
135 1.1539783478 20.897125 2.411041 2.859182 8.880695 8.188158 -4.779937 3.250995 -5.691349 -2.117901 -1.010238 -7.037295 -10.326765 3.834176 -2.829157 -3.317627
136 1.0051453114 14.170937 5.585231 0.267143 7.028458 7.284705 -4.954009 4.762768 -11.404832 1.444064 -2.516349 -4.852375 -4.106353 -3.827954 -2.368017 -2.888335
137 1.1529790163 12.567681 6.913074 0.055918 9.167399 8.696876 -3.953497 4.124421 -12.334354 0.480446 -1.339017 -5.112506 -3.366385 -5.011888 -0.996559 -2.565220
138 1.0758402348 14.601723 6.290828 -1.986279 7.188434 7.265469 -2.451634 7.856302 -10.035727 3.380489 -3.639332 -5.876801 -1.597146 -5.747435 -2.679738 -3.623614
139 1.3112416267 11.279454 9.672696 1.114591 5.487596 8.148950 -6.481240 3.380339 -12.285009 1.062788 -2.132026 -7.292399 -2.508858 -2.597549 -7.439353 -1.350429
140 1.1961722374 12.631618 9.253969 0.476953 7.997841 8.867853 -4.716019 4.798748 -12.610578 -0.470720 1.135428 -3.380203 -2.671191 -4.817036 1.148136 -1.756592
141 0.9387181997 13.169028 6.144103 1.279724 5.029205 6.380679 -5.351159 3.346319 -10.269503 1.357833 0.463363 -4.042909 -7.124543 -3.326498 -2.350733 -2.662424
142 1.2197328806 12.082709 7.340312 3.566877 4.407169 6.047395 -4.686528 4.577785 -14.374696 0.692528 1.075473 -7.868913 -5.647288 -2.784197 -3.704178 0.045211
143 0.8574342728 14.721531 4.848662 2.751801 7.134713 6.440664 -4.163662 4.540781 -10.052831 1.451884 1.749264 -4.034845 -5.806360 -2.417494 -1.690987 0.052569
144 0.9250822067 15.646375 1.168669 2.109618 8.090040 6.607992 -1.940982 5.000533 -9.942055 4.303976 3.108696 -2.445807 -7.500101 -5.166232 -2.045288 1.365206
145 0.9533220530 16.046912 4.026850 2.741508 5.600658 8.180922 -2.395794 6.515757 -9.677763 -2.414428 1.241117 -7.235468 -5.667590 -0.695727 -0.614918 0.730405
146 1.0374262333 13.938399 5.143252 2.431230 5.426389 7.966744 -4.813236 3.862648 -12.130796 0.696253 2.325685 -4.824540 -6.471112 0.303229 -3.171382 -0.131637
147 1.0860782862 17.099152 5.290712 1.109439 9.017124 9.576803 -7.148670 4.199623 -7.364997 1.751557 -0.857255 -1.321158 -7.760809 -4.627850 -1.658176 -0.215668
148 0.9096453190 14.062368 4.058390 7.251350 7.561209 5.862843 -7.399577 5.623327 -7.477022 2.354651 3.770744 -2.843146 -4.779219 -0.420440 2.507869 2.791179
149 1.1594878435 10.887553 4.980525 -0.630431 5.794521 5.971555 -5.548379 5.761725 -10.984370 5.682433 3.730582 -4.188343 -7.179437 -2.261194 -3.733143 0.372650
150 0.8650693893 15.168388 4.582415 1.126384 5.474015 5.194189 -4.127558 3.542911 -9.916237 1.867256 2.384422 -4.209603 -6.110011 -4.629542 -2.793566 3.167327
151 0.8453217745 13.201080 3.859350 1.138057 7.390782 6.536763 -2.357307 3.330835 -10.111006 0.661073 4.142622 -2.763693 -6.964673 -3.865291 -2.145387 -1.008529
152 0.6932306886 12.734567 1.886848 -0.116171 8.253729 5.499095 -1.746997 3.886103 -9.829888 1.419506 2.269808 -2.199968 -5.582123 -5.077213 -2.699161 -1.984040
153 0.6282727122 11.916285 0.087793 0.077349 9.733741 5.214346 -2.688171 4.083186 -8.234432 0.814438 1.818346 -2.183742 -6.280571 -3.405758 -3.235444 -2.539968
154 0.4375360012 14.677791 0.076427 -0.702814 8.833015 5.161142 -1.227321 2.298196 -8.845844 0.277908 2.690651 -2.300665 -4.770855 -2.431628 -3.546418 -2.095789
155 0.5480116010 14.388979 -3.957686 -1.455910 7.084552 5.566855 1.215449 3.105201 -8.639478 0.164375 0.941791 -1.650631 -6.969654 -3.778248 -3.279499 -4.571207
156 0.4106619954 13.990479 2.047817 -0.424004 7.583158 4.732538 -0.716831 0.540792 -8.086552 0.664822 2.957947 -2.513154 -5.770714 -1.011386 -4.704228 -3.319637
157 0.5270029306 14.299973 0.217141 -0.489915 7.067995 4.017863 -0.973775 -0.031548 -7.447879 0.526490 1.792269 -2.984046 -7.455156 -1.738983 -7.702959 -3.707682
158 0.7648552060 15.011218 3.215967 2.145946 8.120926 5.575210 -1.068335 0.143589 -10.138373 0.822774 1.913447 -2.973044 -7.159151 -1.702900 -4.751155 -2.808542
159 0.6325940490 13.943539 0.953356 -0.457063 9.773842 4.852554 -0.753588 0.490644 -8.716803 1.695242 4.158438 -3.598242 -4.269341 -2.255378 -5.736273 -0.606477
160 0.4555256367 14.582967 1.735607 -0.835862 7.299461 4.470014 -1.993514 1.820450 -7.695096 -1.347968 3.630812 -1.993127 -7.671575 -2.460933 -2.155908 -3.228038
161 0.2606625557 12.610917 2.316056 0.155798 5.667474 5.369311 -0.531912 0.811067 -8.631428 1.500788 0.878584 -2.276833 -3.695407 -1.305475 -4.704009 -2.670514
162 0.1704956293 13.784087 0.103514 -0.156583 7.564567 5.493484 0.105853 -0.080560 -8.790350 -0.971254 -1.459138 -2.814953 -1.953357 -1.815223 -4.208615 -1.622237
163 0.4208545685 12.411002 0.805619 -0.993035 9.725466 5.134123 -1.902617 1.196534 -8.388527 -1.341199 -2.078034 -1.511610 -2.451729 -0.697591 -5.454510 -1.974332
164 0.3805068135 13.139337 -0.586002 -0.325480 7.553963 2.922857 -3.584327 -3.153735 -9.360607 -3.032220 0.904063 -2.733265 -0.371280 0.429728 -6.200561 -1.387126
165 0.5690282583 17.199744 -0.927869 -0.553816 9.148404 4.219196 1.204908 -0.116205 -10.388063 0.198671 -0.935171 -1.174750 -2.139845 -4.182812 -4.286240 -1.328255
166 0.2022356987 14.479349 -0.841424 0.746194 7.085285 6.613266 -1.672540 0.932862 -8.388020 -2.485079 0.412527 -3.962199 -0.993136 -2.147518 -1.645407 -2.487221
167 0.1854869127 14.740534 -0.761628 1.156025 8.955659 3.880566 0.541967 -0.459319 -8.212311 -2.198705 -1.268977 -1.889106 -0.976767 -2.196502 -4.833156 -1.642641
168 0.3065640926 14.836567 -3.163544 -0.137030 7.823923 5.512199 0.805196 -0.586552 -9.400037 1.826087 -1.474999 -1.374620 -2.178364 -2.988980 -4.545047 -0.203147
169 0.3455154896 11.505186 -1.452641 -1.206293 7.189071 5.562378 -0.053867 -0.327709 -8.060313 -3.429267 -1.761590 -3.138787 -2.216691 -3.202959 -5.014307 -0.461240
170 0.2099200487 15.317217 -0.073230 1.080888 7.028490 5.224852 -1.586931 0.588210 -7.123371 -1.401673 -2.590171 -3.244435 -2.056263 -2.654735 -5.016784 -3.420993
171 0.2177922726 14.178231 -2.033086 0.442452 6.748700 5.673147 -0.521645 -0.844135 -8.753003 -1.173696 -0.894900 -1.980058 -0.387511 -1.593480 -6.197498 -1.746692
172 0.0620951653 14.383354 0.839529 -1.244391 8.259388 4.589670 0.912840 -0.191373 -7.304251 -0.812325 -3.326056 -3.333364 -1.594351 -0.821583 -3.663384 -2.119053
173 0.1968951225 15.712350 1.571049 -1.162635 7.193756 3.850986 -0.113069 0.291507 -7.822342 0.280750 -3.632517 -2.596592 -2.859064 -0.759286 -5.384734 -1.162497
174 0.3380895853 12.715661 2.347603 -0.762607 12.014357 4.609238 1.497758 -1.325892 -4.947163 -0.148804 -3.183489 -2.350808 -2.739725 0.945244 -2.794004 -1.603580
175 0.2836433649 13.943388 -0.764819 -0.540249 8.266811 2.941485 -1.435025 -1.617955 -9.734932 -0.042671 -3.733290 -3.973904 -3.241729 0.419559 -3.424555 -0.813816
176 0.3867915273 15.750622 0.465681 1.383019 6.726040 4.811327 2.459374 -0.359221 -8.455760 -1.341712 -3.604106 -2.559900 0.110280 -4.614143 -4.989234 -2.006276
177 0.1693840027 14.995960 0.373598 -1.567198 7.997630 4.886967 0.911644 1.552206 -8.487169 0.609367 -4.084624 -3.486451 -1.873923 -0.576900 -0.654727 -2.249118
178 -0.2747400999 13.785296 -0.683084 -2.532627 6.563037 3.326353 3.828895 -0.728293 -6.464511 -0.866488 -1.754960 -2.366425 -1.760780 -0.376559 -3.474907 -3.526837
179 -0.0436156988 14.696477 -1.396121 -2.010792 6.295531 3.346223 4.004696 -1.512520 -7.717748 -0.880698 -2.761966 -2.478421 -2.447444 -0.154444 -4.126076 -2.729169
180 -0.4368747473 13.799981 0.425407 -0.368319 5.825083 2.705114 4.173705 -0.292627 -4.536956 -2.616527 -1.217340 -3.904538 0.587607 1.500236 -3.590672 -3.260656
181 -0.2895522118 16.236211 1.635688 -0.928269 5.432055 2.051209 2.229255 -0.788596 -3.039547 -3.389185 -1.949970 -3.553770 0.029813 2.269997 -4.646964 -3.376639
182 -0.5108929873 13.505235 -1.179081 -0.090155 5.645777 2.054275 5.170301 -0.249875 -3.073183 -1.518911 -1.507414 -4.683480 0.363757 2.015838 -3.626310 -2.941201
183 -0.4190093279 13.472128 -1.886717 -0.271396 6.498853 2.061626 4.618677 -0.238967 -2.721021 -1.990320 -2.733963 -3.807532 0.344894 0.494194 -4.291121 -3.490964
184 -0.4171966314 12.839729 -0.587453 -1.390139 6.873882 0.116479 4.930419 -1.309930 -2.493403 -1.341985 -2.020427 -5.324806 0.257031 2.201412 -3.226506 -2.890871
185 -0.6773344278 15.007421 -1.508994 -0.519937 5.024328 2.260445 4.775941 0.294926 -1.859541 -1.271065 0.914493 -4.545592 0.535700 0.371841 -3.364533 -2.834666
186 -0.7955234051 13.674501 -1.601814 1.352266 5.035326 1.999792 3.600893 0.635554 -1.682547 -2.032778 0.097731 -4.620561 1.171012 0.734483 -2.534669 -3.446892
187 -0.7315111160 12.193170 -1.825359 1.325796 5.465441 1.948924 2.063379 0.320397 -0.128839 -0.551796 1.629837 -4.456561 1.734043 -0.079127 -4.033325 -3.358876
188 -0.8133168221 14.339771 -2.513566 2.004273 4.607248 2.710290 3.097647 -1.046555 -0.686267 -1.433164 0.847157 -3.674365 0.516346 0.969008 -2.629468 -4.070005
189 -0.7113604546 14.618774 -1.640806 2.538895 5.578484 3.491817 3.623586 -0.263897 0.432638 -1.319607 1.530278 -2.248681 1.701451 1.714830 -1.343541 -3.716255
190 -0.7666931152 14.284312 -4.449671 2.410694 3.273628 2.544612 3.300982 -2.873177 -0.937785 -0.374809 0.603364 -3.050881 -0.607118 0.455870 -3.145286 -3.418840
191 -0.7225821018 14.573562 -2.451118 2.129854 4.174038 3.901004 3.561685 -0.076067 -0.449483 -1.575177 0.639044 -3.764344 -0.404011 0.732892 -3.018732 -3.599618
192 -1.0757081509 12.862953 -1.825206 0.974171 4.287874 3.258846 3.426120 -1.544191 0.415865 0.199805 0.062028 -1.679647 -0.368011 1.477365 -2.164942 -3.956855
193 -0.9402673244 12.452479 -2.385232 1.721956 4.579174 3.392861 2.060972 -2.077206 0.592753 -0.593178 0.134645 -1.608707 -0.090567 2.090348 -2.327043 -4.343640
194 -0.8556172848 13.478826 -2.620239 2.290795 3.318824 4.332919 4.327207 -1.049864 0.592531 -0.801934 1.008806 -1.165421 -0.066185 0.455531 -3.250494 -2.842765
195 -1.0650787354 12.597653 -0.939129 0.281327 4.424499 3.412688 2.192459 -0.711864 0.406555 -1.013733 -1.269044 -0.529786 -0.290902 1.159335 -1.976216 -4.902098
196 -0.9380736351 13.372463 -2.159375 0.395780 4.087608 3.565908 4.376643 -0.986363 1.442720 -0.320346 0.256122 -0.253309 -1.864798 0.868284 -2.342870 -3.884534
197 -0.8922274113 12.101923 -3.223857 0.821470 4.078884 3.955540 2.948971 -2.376618 -1.658143 -0.448241 1.974406 -1.621857 -1.611911 1.481036 -1.671515 -3.793918
198 -0.8966023922 11.916458 -2.140318 1.056090 2.722070 3.057151 3.421152 -0.029212 0.959721 -0.123144 -0.432543 -1.665978 -0.943633 1.158686 -2.147232 -5.525943
199 -1.0171048641 13.251728 -0.145904 1.556344 4.958081 2.550177 3.206495 0.296946 -0.116584 0.999141 -2.635044 1.274941 -1.646630 0.748785 -1.627923 -3.327525
200 -0.5814816952 13.028140 -2.394755 2.158928 4.162953 3.938279 3.742829 -2.460083 1.156050 1.628137 -0.587680 -1.719455 -2.303901 1.065639 -4.262682 -3.499614
201 -0.6498056650 13.782138 -1.063733 -0.168574 5.156419 4.000339 3.065135 -2.611175 0.045798 -1.357877 0.224087 -1.036261 -1.470471 2.440232 -1.452117 -5.852081
202 -0.5240457058 13.145105 -1.643134 0.358778 5.297986 3.035353 4.502927 -2.878115 0.618419 1.130241 -0.089503 -3.345465 -1.017168 4.386108 -2.948802 -3.478906
203 -0.6393092871 12.441419 -1.838952 3.265313 3.218401 2.810049 4.170810 -4.699788 -0.404050 1.206401 2.811343 -2.519046 -0.877486 2.396973 -1.445641 -2.589763
204 -0.5628713369 11.530606 -2.137716 2.145205 5.433241 3.365696 4.242984 -0.483888 0.801191 0.503935 -0.236343 -1.706653 -0.673649 0.199752 -2.151771 -4.832916
205 -0.9508132935 14.835490 -3.988178 0.747491 4.955925 3.336682 1.754485 -1.131857 1.245082 0.820742 0.374197 -2.543528 -2.493667 0.770647 -2.622236 -2.367883
206 -1.0092189312 13.386266 -3.222981 1.665267 4.677670 2.114931 3.740433 -1.155725 0.118309 1.557047 0.809467 -2.471602 0.966810 0.550080 -1.643984 -3.566358
207 -0.9362924099 14.563805 -1.551478 0.958562 5.025789 3.078963 3.799913 -1.078638 1.961674 -0.214935 -0.708587 -0.187538 -1.492023 3.057028 -0.162160 -3.187913
208 -0.9222545624 12.248723 -1.483061 -1.057536 2.484103 2.595568 4.144895 -1.138675 1.356095 0.337726 -1.052961 -1.140627 -2.093841 1.806385 -2.032195 -5.136695
209 -0.7367441654 14.114201 -2.762529 -0.154557 6.165687 3.787601 4.112207 -2.717902 1.299382 0.139034 -0.587555 0.276465 -0.213342 0.494134 -1.720594 -3.863893
210 -0.6936757565 13.439328 -0.828107 -0.060332 3.888823 3.881534 4.068205 -2.942787 1.970627 -0.992550 0.458766 -1.561247 0.307010 1.664679 -4.730906 -3.140252
211 -1.0509974957 13.912141 -1.485006 1.742885 2.631526 3.270875 3.782880 -0.142006 1.004735 0.928930 1.079039 -0.885671 0.099881 2.515632 -2.659583 -3.716192
212 -0.7115342617 13.976027 -1.138485 2.359801 4.710454 1.657470 4.897032 -2.122584 -0.003792 -0.199088 0.029591 -1.145856 -0.489253 2.301722 -2.453310 -4.722258
213 -0.4517264366 12.906003 -2.649832 1.733445 2.912060 5.049428 4.451111 -2.639350 2.065366 -0.437787 -0.705176 -1.347031 1.935572 1.339475 -3.521949 -4.484438
214 -0.5424430370 12.352261 -1.548893 0.278020 4.882793 2.635973 5.921405 -3.185663 2.178688 -1.036076 0.534106 -2.686591 0.377432 2.042467 -1.348649 -4.149143
215 -0.6637926102 12.875020 -2.333920 0.999377 5.117571 4.260246 4.022542 -1.383726 0.378939 0.670456 -1.197129 -2.177136 1.207703 -0.428616 -2.884075 -4.280535
216 -0.6424779892 11.406387 -1.263579 2.428097 2.066985 3.766568 4.676007 -0.994973 0.929445 0.689935 -1.089608 -0.813828 -0.047151 3.069401 -3.047649 -3.759732
217 -0.8483192921 12.430321 -0.792552 -0.378873 4.894351 1.325917 4.386194 -0.896404 0.842526 -1.023044 0.039262 -0.908250 0.658537 3.224400 -2.466210 -4.831793
218 -1.2052984238 12.150363 -2.653932 0.328074 4.450736 3.277223 1.558493 0.080373 -0.173873 -1.608947 0.747649 -0.985774 1.046579 0.922189 -2.333514 -3.663787
219 -1.2062864304 12.341856 -1.895031 1.076100 2.317688 3.783342 1.276081 0.320352 -0.082468 0.389736 0.198366 -1.787714 1.535326 1.156460 -3.324319 -3.734903
220 -1.3108277321 12.455972 -1.171888 0.574204 2.087899 2.603978 0.731479 0.240522 0.049500 0.713677 0.115927 -2.303002 1.184567 1.162671 -2.848009 -4.588282
221 -1.0580604076 10.324383 -2.282159 0.106286 2.616914 1.002071 -0.447039 0.109758 -0.534634 0.114073 -1.937334 -3.602670 -0.457828 -1.064867 -2.248038 -3.512090
222 -1.1602611542 13.688646 -2.956088 -0.059990 3.276431 2.623959 1.474208 -0.347619 0.474785 0.065659 -0.961071 -0.100421 1.042241 1.859129 -3.420767 -4.670855
223 -1.2430741787 13.656850 -2.110045 1.293785 2.863382 3.074859 1.308371 -0.738940 0.655619 -0.550477 -0.573693 -1.767219 1.881308 1.959609 -2.578907 -3.863360
224 -0.6115103960 12.110281 -1.086739 1.247295 1.811986 4.338088 0.637220 1.926946 0.167114 0.905854 0.480202 -3.537702 1.589549 3.023919 -4.356764 -5.240407
225 -1.0151410103 11.999508 -0.133142 0.511340 1.782891 3.381725 4.256179 -0.137883 0.644538 1.065887 2.044205 -0.371562 1.623745 2.240382 -2.981059 -2.993996
226 -1.1297521591 15.318490 0.879188 0.031020 2.739006 2.505426 -0.432692 0.294420 -1.760024 -0.786044 -0.233006 -1.634551 1.717039 -0.138281 -1.973872 -4.536554
227 -1.0885698795 12.481764 -2.650653 -0.421911 2.000771 2.269245 0.427045 1.254923 -0.433781 0.290309 -1.085801 -2.361998 1.484662 0.269809 -3.494299 -5.470186
228 -0.9253437519 12.114820 -1.801659 2.045408 3.821996 2.329941 1.245252 -0.574610 -0.553976 0.065120 0.599989 -1.968730 2.234242 1.143031 -2.100809 -5.550342
229 -1.3565602303 12.685654 0.124439 -0.237675 0.468559 1.925320 0.645298 0.416755 -0.878894 0.985930 0.398572 -1.673904 0.204787 0.569363 -3.110547 -4.779178
230 -1.2892177105 12.998272 -1.121416 -0.504263 0.557150 1.125212 -0.835623 -0.111187 -0.551660 -0.527599 0.904313 -0.694761 -1.483772 0.514844 -3.717171 -5.147171
231 -1.2161514759 13.017244 -0.102371 0.521536 -0.629014 2.261637 1.179120 0.834285 -1.521156 0.690886 0.334194 -1.227082 -0.695189 1.066874 -3.404569 -4.946739
232 -1.1549525261 11.964493 0.217340 -0.395719 1.034121 0.984091 0.939421 1.338567 0.110606 2.790827 0.880806 -2.108062 2.465405 1.292663 -4.312876 -2.908858
233 -1.3994946480 12.295221 0.144399 -0.403035 0.701993 2.902329 0.344946 -0.539746 0.184173 2.854266 -0.568134 -1.625972 0.887001 0.224300 -1.788263 -3.863359
234 -1.3094136715 11.127099 0.216607 0.158887 0.008437 2.142420 0.578294 -0.583949 0.198545 2.239745 -1.268336 -1.056015 0.277284 1.931676 -1.162025 -4.003551
235 -0.9922194481 13.080611 -0.005471 -0.955975 -0.203535 3.663540 -1.562909 -0.985959 0.567975 5.099633 -1.656854 -0.917274 1.028068 1.424396 -3.014720 -2.804712
236 -1.5266957283 12.921099 -0.450009 -0.588696 0.101991 2.064427 -0.850590 -1.465781 0.099219 1.535276 -1.400127 -1.884941 1.542521 -0.292469 -1.242754 -3.884894
237 -1.5709049702 13.417342 -1.578192 0.343419 -0.260088 2.275213 -1.486545 -1.883455 -0.163254 1.081317 -0.507019 -1.912068 1.800108 -0.233737 -0.149175 -3.430275
238 -1.4783170223 13.773697 -1.583186 0.606221 -1.573658 2.710024 0.108702 -2.834604 0.410966 2.290129 -1.596703 -1.788663 0.693900 0.429928 0.359204 -1.966780
239 -1.4405486584 13.235317 0.040355 0.201046 -1.410571 1.876978 0.321751 -0.715071 -0.565505 0.398997 -1.249954 -2.707759 0.889687 0.658313 0.280799 -4.390429
240 -1.3240301609 14.038152 -0.825357 1.367876 -0.383175 1.259829 -2.004593 -2.953915 -0.499089 2.080998 -1.372482 -1.088041 2.219679 -0.952296 -0.296977 -3.113325
241 -1.4024348259 13.710701 -1.098937 -0.071861 -0.206651 1.289006 -1.395840 -1.536303 0.688597 1.744597 -0.951420 -1.805036 2.929507 -0.591726 -0.086786 -4.144815
242 -1.4226183891 13.411412 -1.906276 0.248303 -1.668198 3.110313 -2.492770 -0.845013 -0.000970 0.565885 -1.533924 -1.785447 2.045230 1.682800 -1.333676 -2.095021
243 -1.1341228485 14.660965 -3.679897 -0.968363 0.634494 0.989326 -1.270666 -1.998724 1.197860 -0.431443 0.250591 -1.928352 1.558289 -1.749595 -1.876652 -5.014891
244 -0.9721982479 13.300628 -0.950500 0.200274 0.101970 3.215836 -2.687294 -1.789870 -0.445166 2.473658 0.665061 -0.862825 4.334436 -1.246449 1.764726 -4.214724
245 -0.9715843201 13.065225 -3.035393 -0.429676 1.598503 4.591840 -2.258454 -1.096268 -0.271806 2.641720 -0.766255 -2.617644 3.566383 0.099593 0.838229 -4.183549
246 -1.2275385857 13.570014 -0.990091 0.088482 -0.217925 0.945494 -1.499978 -3.718707 -0.977256 0.222810 -2.371593 -2.558287 0.932071 1.307544 -1.285075 -4.142145
247 -1.1779804230 11.587044 -2.145858 0.185498 -1.517589 1.978671 -0.672029 -3.524539 -0.279629 0.461392 -1.263700 0.806647 1.799016 -1.679844 -0.526870 -3.850475
248 -1.6024816036 12.484814 -1.898275 -0.169490 -1.444090 -0.771187 -0.307756 -2.595441 -0.868106 0.484835 -0.486240 -2.087638 0.328911 -0.123212 1.741415 -3.032741
249 -1.0316479206 11.380739 -0.292670 -0.360173 -2.850646 -2.050494 -1.683325 -2.818402 0.143202 0.101691 -1.254737 -2.808354 0.526598 0.485102 1.663032 -3.986084
250 -1.6056191921 12.879867 -2.132995 0.998002 -0.972905 -1.402382 -0.125944 -1.312844 0.019164 1.956320 0.143745 -3.417854 0.570437 0.409499 0.764024 -1.983371
251 -1.3710479736 14.025124 -1.952080 1.878246 -1.668695 -0.628564 0.379753 -1.858804 -0.856850 3.287612 1.620843 -3.174326 -0.761071 1.884694 -0.801813 0.173647
252 -1.1922001839 13.072059 0.548000 1.681415 -3.713648 -1.325966 -1.726979 -0.999992 0.466619 2.906826 -0.606544 -2.357983 0.395738 -0.680855 1.412805 -1.348078
253 -1.3724210262 13.317747 -1.240755 0.905386 -0.303672 -2.204140 -2.544378 -2.496262 1.222007 1.936358 -0.280995 -2.919974 -1.166295 1.018972 1.215697 -1.870948
254 -0.6827924252 13.858099 -3.523648 2.413273 2.280088 -2.771148 0.458953 0.718891 0.884652 3.544038 0.591307 -6.569294 0.902238 0.256283 1.884131 -1.898634
255 -1.6022202969 13.105821 -1.925514 0.212286 0.111039 -1.576711 -1.917540 -0.675161 0.968829 2.294989 -2.165148 -2.296845 0.003348 -0.248037 -0.684556 -1.932433
256 -1.1334943771 12.796106 -2.462257 0.550908 -2.511626 -1.360388 1.028299 -0.579575 -0.157694 2.139566 -1.738659 -3.107752 2.310403 -0.013133 -0.197963 -4.352230
257 -1.0267663002 12.309992 -2.955096 1.682244 -0.708957 2.605777 -2.662838 -1.600656 -0.530821 1.602460 -1.850468 -4.806941 0.232551 1.001168 1.546013 -2.471948
258 -1.3361961842 11.498552 -3.396756 1.249035 -1.936587 -1.108504 -0.238901 -0.562828 -1.345889 0.489741 2.029386 -2.707589 0.031580 2.604417 0.981508 -2.224530
259 -0.7264120579 11.277231 -3.751747 1.103081 -1.996660 -1.676672 1.070884 -2.703304 1.103174 2.621114 -0.606463 -5.973265 -0.541099 -0.220411 -1.448481 -1.685163
260 -1.4404299259 11.532522 -4.752020 0.368505 -1.970461 0.762622 1.334046 -1.294296 -0.438590 -0.720799 -1.098552 -1.831967 -1.553695 -0.254483 1.113622 -0.219170
261 -0.9004316330 13.595449 -5.126053 0.746291 0.976276 1.342626 1.476936 -0.463774 1.090152 1.330471 2.020756 -4.898711 -2.464722 -0.739315 1.034160 -4.485193
262 -1.1875779629 12.007938 -0.214333 1.717290 -2.429024 0.732166 2.603050 -2.449294 0.387828 0.963833 1.634598 -2.893948 2.742430 0.029166 0.831140 -1.381602
263 -1.4486954212 13.222868 -1.525443 -1.290659 -3.038080 -1.099905 -0.494833 -2.092137 -0.199680 1.552588 -0.943073 -2.159936 1.969503 0.504444 1.200177 -2.405221
264 -1.4044036865 13.023917 -0.494273 0.098105 -0.609490 -1.092040 -1.356871 -3.290623 0.138684 3.226566 1.337209 -2.827679 -1.229337 1.557783 -1.280935 -0.102695
265 -1.2902858257 13.040582 -2.083072 3.709394 0.115801 -1.687642 -0.361591 -3.273053 1.037274 1.016643 -0.766337 -2.569234 0.706344 0.077017 -1.005544 -0.968061
266 -1.2606747150 12.526632 -1.301932 -0.754288 -2.209394 -1.979271 -1.127493 -2.432083 -1.074519 3.784404 0.257001 -1.905220 1.372640 0.887487 -1.103689 -2.085326
267 -1.0275731087 13.737892 -0.908208 1.591454 -0.462521 -2.356682 0.036167 -3.031138 2.917478 2.202829 2.297458 -4.176013 1.675622 0.520934 -1.495071 1.072214
268 -1.2463817596 13.103087 -0.792073 0.489892 0.493258 -2.718619 0.097291 -1.802445 0.535080 1.944159 2.219939 -4.400602 -0.845716 0.497904 -1.077496 -3.023493
269 -1.1311907768 13.506686 -0.845382 -0.336384 -1.133080 -1.796347 1.657435 1.627544 1.632419 5.223579 -0.936515 -3.145637 1.233196 0.721676 -0.344984 -0.243685
270 -1.1511175632 12.974966 -1.765846 0.168481 1.554267 -3.119264 -1.716064 -0.506222 0.445193 2.160669 0.342432 -4.047494 1.314807 1.809305 1.678839 -3.495490
271 -1.2357013226 12.299900 -2.584854 2.171991 -0.767780 -0.965757 1.500282 2.111800 0.553230 4.414391 0.752323 -2.634075 -0.673292 1.664622 1.029918 -0.753320
272 -1.4832873344 14.321299 -2.089559 0.408194 -2.465210 -1.396326 -0.525663 -1.930734 -1.039862 1.764627 -0.176636 -2.315085 -0.827383 0.148455 1.686903 -1.975072
273 -1.4112319946 14.929711 -1.647600 0.882164 -1.574926 -1.341627 1.118130 1.271565 -0.443216 1.562284 -0.204963 -4.233592 0.655493 -0.490473 -1.157996 0.276179
274 -1.2540543079 11.426518 -1.786627 -0.126597 1.566076 -0.931549 -0.182759 -2.975083 -0.724748 3.520167 -0.310605 -4.286170 0.865501 -0.279486 1.144970 0.164003
275 -1.2640995979 12.010044 -2.840677 -1.913610 -0.625667 -2.118513 0.174160 -2.235281 0.364886 3.369842 -0.107998 -3.103763 1.535303 -0.540977 1.416821 -1.920476
276 -1.1626586914 13.830079 -2.470047 -0.724499 -1.120215 -1.272366 -1.067349 -1.465244 -0.160254 2.483236 -1.580295 -3.865261 1.301465 1.084801 1.778279 -4.090080
277 -0.8018469810 12.618966 -2.097835 2.342543 -3.152365 -2.753953 -2.002365 -3.616065 -0.050922 2.769302 -0.284874 -2.047947 0.729017 2.861322 0.302493 -3.240845
278 -1.3367397785 13.125007 -2.744128 2.384977 1.509831 -2.810063 1.085969 -1.456905 0.391492 3.200719 0.291209 -3.262226 0.214410 -0.516274 -0.334534 -0.634126
279 -1.3164265156 13.628016 -3.080371 -0.919759 -2.539885 -0.809298 0.364728 -1.249453 -0.008815 1.686760 1.790216 -4.326095 1.372204 1.282449 0.069601 -2.087142
280 -1.0017213821 13.425952 -1.707828 2.785811 -0.389728 -1.837805 -0.061506 -3.487499 0.346058 4.162306 -0.281646 -3.671609 0.218164 0.251956 1.592701 -2.113312
281 -1.0965104103 12.680869 -3.168630 1.299066 -1.420268 -2.016909 0.323673 0.786394 1.656038 1.372669 0.108421 -5.147520 0.539882 -1.209251 1.765555 -2.442040
282 -1.6489148140 13.344276 -1.929505 -0.456740 0.564403 -1.382296 0.669702 -1.039364 0.202573 2.103398 0.888754 -2.421230 1.932112 0.543911 0.719972 -2.803787
283 -1.3200559616 14.249927 -3.139071 -1.149366 0.693357 -2.342672 -0.057492 -2.283427 -0.834105 1.072672 1.368913 -1.060329 3.604078 0.145588 -0.624366 -2.904765
284 -1.7086541653 13.198288 -2.863193 -0.363397 -0.280411 -0.284102 1.007682 -1.797582 -0.684479 1.544257 1.549577 -2.653749 1.358622 0.749117 0.194188 -1.996641
285 -1.5078430176 12.249465 -2.166207 -1.395755 -1.183024 -0.264985 2.381101 -0.448769 -1.776514 1.799511 0.949524 -1.537020 1.818551 0.101855 1.147328 -2.986331
286 -1.6452081203 14.280833 -2.928752 -0.899920 0.890527 -1.029529 1.723890 -1.470232 -0.425575 1.052358 1.136359 -0.014372 1.339844 0.583744 -2.931493 -1.196587
287 -1.2727296352 12.474321 -2.875288 -0.032485 -0.818341 0.541270 1.134792 -1.613709 -0.479878 2.245012 1.884834 -3.629017 3.049493 1.049871 -1.705680 -2.324947
288 -1.5373170376 13.680041 -4.435531 -0.624022 0.146500 -0.774687 -0.307287 -1.868193 -0.551677 1.788563 1.729844 -2.325306 1.979698 -0.337457 -0.890839 -1.233892
289 -1.5232899189 13.293794 -2.674266 -0.184075 0.707250 -0.553103 1.533424 -1.952129 -1.479689 0.940454 0.524367 -2.778989 2.231541 2.839822 -0.507519 -2.162988
290 -1.6740050316 13.102180 -3.110945 -0.512463 -0.425767 -0.223598 1.470751 -0.941725 -1.103072 1.145979 2.164711 -1.473558 1.205401 2.104493 1.292522 -2.200936
291 -1.4739172459 12.090476 -3.159520 -1.190027 0.234591 -1.626050 1.204726 -1.660175 -2.036890 1.441392 0.906295 -3.345695 -0.584702 0.116313 0.009387 -2.661466
292 -1.5735952854 12.979223 -0.815632 -0.997238 -1.905434 0.064581 2.293705 -1.216824 -1.632633 0.889248 1.204015 -3.162550 1.359045 1.266123 -0.277841 -1.712190
293 -1.4978225231 13.553028 -2.061788 0.333452 -0.950537 -1.049266 -0.050478 -2.442503 0.284082 1.324631 2.498769 -3.071005 -0.105346 0.496392 -1.153664 -2.719316
294 -1.6302328110 12.920319 -2.323146 0.400103 -1.236992 -0.736612 0.420418 -2.514105 -0.009097 2.210146 1.256713 -2.116996 1.875223 0.461879 0.130538 -1.259669
295 -1.3448796272 13.800893 -2.605189 -1.562027 -1.708420 -0.846555 2.768434 -1.998910 -0.150759 0.052239 2.492654 -3.228751 1.599383 1.837042 0.192343 -1.844762
296 -1.4391832352 12.352344 -3.260839 0.244836 -0.082818 1.675817 0.515793 -2.674278 0.816639 2.820254 2.123121 -3.576027 0.220172 0.223542 -0.277766 -0.937626
297 -1.4701938629 13.567784 -1.754799 -1.224801 -0.912223 0.449084 1.488065 -2.687812 -2.898776 0.108324 2.592136 -1.990148 1.975915 -0.003330 -0.123357 -2.059241
298 -1.4944026470 12.753697 -3.240602 -0.098795 0.809115 0.645062 0.648773 -1.060516 -1.467043 1.828686 1.344354 -4.355667 1.963719 0.585477 -0.546828 -1.597009
299 -1.7197890282 14.129612 -1.923847 -0.567697 -0.390814 -1.660896 0.908807 -2.161679 -1.047325 0.686071 0.521717 -1.570222 0.471890 0.200022 0.297174 -2.694619
300 -1.5786218643 14.101705 -3.003196 -0.517191 -1.226272 -1.668133 2.402820 -1.119955 -1.304880 0.766902 0.699130 -1.720620 1.889340 -0.805794 -0.390668 -1.397452
301 -1.3687663078 13.713375 -0.939941 -1.972794 -0.541890 -2.975221 1.461072 -2.405776 -2.503144 0.027023 1.610060 -1.382091 -0.407687 -1.807234 -0.966416 -2.508671
302 -1.2624127865 15.753621 -0.720013 -0.814390 -1.240397 -1.481137 0.670802 -3.603212 -1.818677 0.227215 1.208184 -2.030594 0.366588 0.322623 -0.460395 -2.546152
303 -1.7802731991 13.816625 -2.304986 -0.599474 0.270551 -1.970707 -0.100047 -0.827926 -1.976838 -0.452548 0.655941 -2.399678 0.571799 -0.091215 0.570702 -1.832561
304 -1.7226026058 13.087365 -3.407913 -0.918780 0.153824 -1.896570 -0.232183 -0.734763 -2.255567 -0.014307 0.629217 -2.858572 0.109740 0.471316 0.203983 -1.416560
305 -1.5031137466 12.765649 -1.992220 -0.748891 1.315739 -1.753122 -1.182277 0.197244 -1.791971 0.098025 1.320526 -4.734275 1.031397 0.519153 0.108224 -1.832006
306 -1.5622451305 14.134214 -2.548857 -0.702748 0.735751 -2.471888 0.340614 -1.291227 -2.509813 -1.488439 -0.395696 -2.864491 1.010535 0.260107 -0.121891 -1.717989
307 -1.6730296612 13.913414 -2.082105 -0.554113 -0.663420 -2.367502 -0.522102 -0.293949 -2.172311 -0.376042 -0.245416 -2.011606 1.393449 0.094022 1.875909 -1.350942
308 -1.4861235619 14.382276 -3.462882 -1.185039 0.769528 -2.163552 -0.332757 -0.889322 -1.659890 -2.319710 0.004411 -1.199246 0.316890 -0.967789 -0.053936 -3.186417
309 -1.7722444534 14.273283 -3.402435 -1.381859 1.024075 -1.145377 -0.542353 -0.551170 -1.982001 -0.565133 0.511466 -2.204734 0.801056 0.155635 0.156250 -1.395003
310 -1.8822174072 13.540408 -1.770181 -0.006089 0.548802 -1.184563 -0.783457 0.129852 -1.375880 -1.782736 0.159456 -1.749117 1.141107 -0.790565 0.312180 -1.264941
311 -1.4707565308 13.954114 -2.595607 0.274442 0.595098 -2.377047 -1.559957 0.660662 -2.453317 -1.691380 0.183387 -1.696658 1.723322 -1.051222 0.575386 -2.613225
312 -1.7994363308 13.186587 -1.214564 0.254486 1.424051 -0.314477 0.131315 -0.955711 -1.471783 -1.315118 -1.928422 -1.375587 1.017152 -1.384369 -0.659009 -2.056571
313 -1.6476142406 14.941007 -0.379653 0.507693 -0.170843 -1.255352 -1.686365 -0.208603 -1.145993 -1.578561 -0.433743 -1.143810 0.770686 -0.729642 0.889447 -1.882845
314 -1.6652953625 13.209826 -1.981639 0.654565 0.919636 -1.509018 -0.015038 -0.247897 -2.145458 -1.831437 0.056606 -2.068887 1.704477 -1.272269 -0.525039 -1.923674
315 -1.6431822777 14.648715 -2.683207 -0.383847 0.648155 -1.175075 -0.201730 0.212217 -1.796773 -1.896749 1.079220 -2.092591 1.155336 -0.478271 1.819187 -1.471499
316 -1.6719274521 14.131669 -1.919729 0.921443 -0.893089 -0.824548 0.469448 0.375303 -2.274131 -1.194877 0.052006 -2.642191 1.655329 -0.354151 1.050137 -0.910061
317 -1.8599100113 12.900042 -1.546680 -0.329964 0.286035 -0.896642 -0.189684 0.066512 -2.667645 -1.323198 1.079062 -1.572244 0.936101 -1.352038 0.285138 -0.819568
318 -1.9527506828 13.200800 -1.835340 -1.129920 0.774788 -1.292353 -0.708143 -0.114878 -0.045167 -1.815383 0.164898 -1.531235 0.779311 -0.920536 0.146122 -0.807513
319 -1.8256912231 12.866150 -2.916549 -1.093392 0.734685 -1.322153 0.526256 0.512948 -0.103456 -1.568411 0.572906 -2.751131 0.796501 -1.124745 -0.257934 -0.257976
320 -1.8499348164 13.358559 -1.987188 -0.437460 -0.440759 -0.729485 -0.509650 -0.460088 0.576652 -1.998064 0.963961 -2.071560 0.172156 -0.915767 0.060082 -1.698988
321 -1.8860743046 13.939354 -2.260760 -1.168742 0.942272 -1.582290 -0.242716 1.124353 -0.086659 -1.680232 1.214745 -1.742165 0.715503 0.130679 0.410771 -0.293161
322 -1.8528723717 11.996828 -2.448380 -0.331859 1.704826 -0.857772 -1.111431 0.165208 0.056233 -1.577895 -0.269473 -1.234030 1.644383 -0.105011 0.956033 -0.956005
323 -1.7833724022 13.427169 -1.293233 -1.552710 1.572198 -2.328803 -1.012609 -0.654287 -0.158918 -1.775283 1.028324 -1.156341 0.804404 -1.244452 0.780816 -0.911796
324 -2.0379023552 13.126124 -2.190731 -0.585089 1.309364 -0.612402 -1.295701 -0.317946 -0.433969 -0.923339 1.043398 -0.834984 -0.261921 -0.527785 0.268032 -1.152519
325 -1.9937241077 13.775338 -1.462948 -0.745297 1.861577 -0.339567 -1.442811 -0.651951 -1.199493 -0.661226 1.004473 -0.763584 -0.248486 0.401927 1.423005 -0.687711
326 -1.9635353088 13.194106 -1.545715 -0.947590 1.869757 0.322685 -1.717473 -0.225436 0.268303 -0.569687 1.613697 -1.495186 -0.777110 -0.014538 1.066878 -1.144350
327 -2.0370078087 13.456311 -1.650307 -1.112629 0.602639 0.036509 -0.694497 -0.279255 -0.647228 -1.971812 0.443508 -1.150686 -0.082142 0.432432 0.328177 -1.192627
328 -2.0138063431 13.514733 -1.593899 -1.092924 0.658799 -0.095689 -0.673383 -0.805745 -0.698492 -1.144551 1.255437 -1.401968 -0.515030 -0.759360 0.224066 -1.332377
329 -1.8446035385 12.502122 -2.829427 -0.826122 1.049511 -1.074495 -0.463193 0.872660 0.218977 -0.967340 1.895685 -1.393651 -0.333107 -1.947634 0.587715 -0.699223
330 -1.9894769192 12.512023 -2.645513 -0.689296 2.007356 -0.738962 -1.384086 -0.607231 -0.360127 0.123890 0.591179 -0.888214 -0.559032 0.009258 0.532752 -1.545459
331 -1.9474873543 13.536724 -2.775853 -0.485449 1.543567 -0.466903 -0.903106 0.585596 -1.505347 -0.495090 0.792680 -0.880374 -0.482980 -1.086810 -0.062048 -1.714821
332 -1.9821557999 12.739501 -2.195792 -0.800828 1.340738 -1.241900 -1.085212 -0.235397 -0.658035 -0.800388 1.302712 -0.507780 -0.381723 -0.901251 -0.406434 -1.135015
333 -1.9924120903 13.404932 -2.094736 -1.116527 0.877698 -0.460030 -1.208057 -0.971129 -0.328612 -0.942923 0.682064 -0.960433 -0.393794 -1.112380 -0.049757 -1.438979
334 -2.0430524349 13.277156 -1.827382 -0.360837 1.164073 -0.919894 -0.689033 -0.601448 -0.805670 -0.121455 0.821173 -1.046520 -0.298182 -1.020946 0.371446 -1.346594
335 -1.9599347115 12.523920 -1.979443 0.033315 1.194701 -1.500444 -0.978760 -0.356379 -1.303700 0.130320 0.919299 -1.462169 -0.965641 -0.317043 1.087541 -0.894530
336 -1.8845775127 12.895651 -1.756982 -0.036544 1.007111 -1.201761 -1.230671 -0.307157 -1.055033 -1.094990 1.808048 -1.540013 0.364284 -1.209470 0.587453 -1.216102
337 -1.9932460785 13.511666 -2.002558 -1.055508 2.130343 -0.603384 -0.878808 0.063073 -0.698279 -0.897656 0.440441 -0.555885 -0.368641 -1.066097 1.106182 -1.408925
338 -1.9738273621 12.334889 -1.970125 -0.195623 1.325679 0.220837 -0.676321 -0.758187 -0.124838 0.306286 1.316800 -1.184614 -0.709893 -1.077888 -0.531648 -1.833042
339 -1.9478695393 12.713370 -2.562264 -0.512275 0.787103 -1.249519 -1.015043 -0.297262 -0.189601 0.014756 0.530545 -1.468029 -0.618603 -0.956782 1.155270 -1.607547
340 -2.0874233246 13.653673 -1.172162 -1.129627 0.677727 0.522964 -0.011722 -0.245933 -1.223151 -0.299683 0.583367 -1.120568 -0.332717 -1.437410 -0.327447 0.114467
341 -1.9877159595 12.851193 -0.940943 -1.679829 0.939076 1.163830 -0.181340 -0.143843 -1.724950 -0.508299 0.836730 -1.444820 -0.561644 -1.132206 -1.386123 0.305869
342 -1.9821393490 13.654875 -0.400217 -1.507338 0.728975 1.074263 0.335313 -0.677724 -0.019935 -1.050669 -0.207607 -1.104906 -0.373397 -2.048270 0.299181 -0.090082
343 -2.0404462814 13.718177 -1.101373 -0.779823 1.230346 1.340555 -0.307911 -0.066746 -1.545844 -0.210054 0.488657 -1.396157 0.107068 -1.214289 0.508502 0.717795
344 -2.0389428139 13.082594 -1.149049 -1.168640 0.943741 0.572851 0.122882 0.128558 -0.737732 -1.362320 0.195367 -1.713508 -0.070925 -1.461794 0.296714 0.997902
345 -2.0049273968 13.991139 -1.105700 -1.901324 0.774982 -0.410864 0.530620 -0.384210 -1.139861 -0.817183 0.622170 -1.096892 -1.142644 -0.909701 -0.545868 0.545287
346 -2.0554001331 13.957369 -0.950751 -0.525371 0.875736 0.901505 -0.221033 -0.035693 -1.024881 -0.108552 0.774006 -0.970011 0.119451 -1.554297 -0.009795 -0.386452
347 -2.0540933609 13.635180 -0.244716 -1.330967 0.618560 -0.036057 -0.351673 -0.327561 -1.455670 -0.513724 0.636605 -0.710553 -0.713946 -1.101242 -0.140234 0.077044
348 -2.0124943256 13.953815 -0.901132 -1.331273 0.771992 1.213838 -0.578542 -0.179222 -1.359771 -0.318881 0.203426 -0.867042 -0.847105 -1.457543 -0.267980 -0.457786
349 -2.0739805698 13.176365 -1.337927 -1.221850 1.069422 0.571487 0.561110 -0.271963 -1.681707 0.254037 0.323929 -1.044897 -0.004049 -1.595418 -0.385483 -0.101179
350 -2.0459177494 13.534061 -1.638751 -0.636804 0.923294 0.361626 -0.564534 -0.275021 -1.794821 -0.511267 0.620142 -1.085157 -0.770128 -1.428824 -0.200121 -0.380863
351 -2.0287845135 14.054237 -0.983567 -1.286029 0.583725 0.890934 0.238987 0.417093 -0.851297 0.112498 0.694786 -1.027412 -0.489169 -1.727720 -0.246038 -0.020292
352 -2.0485086441 13.994250 -0.951949 -1.095796 0.939353 0.631866 -0.390957 -0.257516 -1.068989 -0.346327 0.517889 -0.982307 -0.757734 -1.454919 -0.347036 -0.187295
353 -2.0108861923 13.442070 -1.388736 -1.027393 0.592991 -0.017040 -0.475735 -0.460833 -2.052430 -0.211579 0.506177 -0.665492 -1.046982 -1.760962 -0.288977 -0.247683
354 -1.9947543144 14.004321 -0.705328 -1.078046 1.226205 0.410905 -0.085487 0.536411 -1.469712 0.501135 0.049171 -1.435488 -0.532456 -1.766210 -0.320198 0.411577
355 -2.1367220879 13.392749 -1.147791 -0.935695 0.260529 0.636328 -0.044652 0.013312 -1.366817 0.085242 0.631269 -1.062619 -0.358133 -0.605512 -0.293734 0.132497
356 -2.1417355537 13.433977 -1.060607 -0.753981 0.365313 0.646513 -0.327192 -0.305336 -1.254705 -0.047804 0.295986 -0.381020 -0.275609 -0.465578 -0.756792 -0.310542
357 -2.0926332474 12.754528 -1.231612 -0.347821 0.662424 0.729621 -0.311682 -0.348406 -0.833569 0.592196 0.556637 -0.407899 -0.557259 -1.149803 -0.962600 -0.883726
358 -2.0670459270 13.336208 -0.862361 -0.145731 0.826293 0.929824 -0.476615 0.218270 -1.460858 -0.229453 -0.381286 -0.508848 -0.275113 -0.449475 -1.690353 -0.275938
359 -2.0605864525 14.107589 -0.884847 -0.634658 -0.559819 0.558331 0.502331 0.344236 -1.063171 0.896867 0.107864 -0.357952 -0.373307 -0.212069 -0.615963 -0.190024
360 -2.0817120075 13.930670 -1.242862 -0.485902 0.143381 0.815801 -0.285573 -0.483964 -0.858234 0.293029 -0.167645 -0.513471 0.367456 -1.072049 -0.882141 -0.067193
361 -2.1498448849 13.148607 -1.277432 -0.869481 0.554249 0.398272 -0.574486 0.039141 -0.977274 0.145743 0.890510 0.302221 0.247114 -0.232474 -0.411449 -0.330837
362 -2.1304483414 13.715421 -1.236029 -0.541919 0.675747 0.746035 -0.668107 0.182331 -1.173621 0.065428 0.084658 0.052189 -0.244638 -0.186114 -0.330551 -0.601205
363 -2.1353042126 13.317428 -1.506884 -0.899601 0.446633 0.376585 -0.215860 0.135584 -0.486699 0.284505 0.659635 0.764481 0.395836 -0.338579 -0.661001 -0.467155
364 -2.1011817455 12.782309 -1.466595 -0.606104 0.528830 0.353737 -0.506287 -0.081744 -0.774510 0.500620 1.233750 0.052097 0.340485 -0.572228 -1.302711 -0.141418
365 -2.1184380054 13.339996 -1.901401 -1.008779 0.668966 0.929621 -0.216960 -0.187630 -0.765218 0.566243 1.126376 -0.048279 0.826250 -0.372704 -0.170552 -0.537243
366 -2.1056861877 13.016310 -0.922007 -1.093471 0.236678 0.732271 -0.743485 0.539638 -0.891460 0.752754 1.277251 -0.185185 -0.210153 -0.345252 -0.401498 -0.051491
367 -2.1187775135 13.253153 -1.542973 -1.386645 0.927560 0.631349 -0.373920 -0.423956 -1.067924 0.503887 0.624178 0.425719 0.150460 -0.423836 -0.824675 -0.226117
368 -2.1094458103 13.322269 -1.267646 -0.900593 0.451144 0.081861 -0.550748 -0.027212 -0.272895 -0.192735 1.114403 0.587183 0.511657 -0.745162 -0.495942 -0.327933
369 -2.1457338333 12.488142 -1.547616 -1.029901 0.185733 0.718346 -0.210860 -0.013274 -0.679785 -0.265879 1.262234 -0.044350 -0.167213 0.293394 0.005745 0.204870
370 -2.1519277096 13.283573 -1.597974 -1.111204 0.725944 0.582236 -0.070817 0.020735 -1.374512 0.308575 0.739988 0.091190 0.472419 -0.187459 -0.046246 0.061550
371 -2.1479594707 13.178396 -1.600590 -0.400878 0.628548 0.646841 -0.002107 -0.738955 -1.141888 0.337820 0.714171 0.331758 0.294627 -0.153080 0.494503 0.430123
372 -2.0415289402 13.372788 -1.053222 -0.992595 0.540637 1.035109 0.118047 0.573036 -2.103153 0.251523 1.102079 0.598143 0.235706 -0.632492 0.230611 -0.523301
373 -2.1066226959 13.247769 -1.691542 -0.647843 1.040717 0.946080 0.010985 0.473301 -1.478908 0.207157 1.281026 0.334227 0.684310 -0.061052 0.358764 -0.203568
374 -2.1413619518 13.294008 -1.104641 -1.561632 0.748101 0.708338 0.157965 -0.150331 -1.090465 0.146091 0.674480 -0.011366 0.782296 0.011125 -0.398735 0.150319
375 -2.0979688168 13.367581 -1.431672 -1.201693 0.589124 0.781622 -0.089897 -0.462326 -1.900703 0.246708 0.819121 0.017533 0.743078 -0.267070 0.045977 0.062836
376 -2.0951418877 13.821427 -1.848014 -1.723516 0.381439 0.707736 0.103357 0.255877 -1.391886 0.370886 0.587645 -0.220581 0.327931 -0.237006 -0.261405 -0.044077
377 -2.1346640587 13.009034 -1.784586 -0.645541 0.522856 1.090616 0.336607 0.532437 -1.425027 0.184898 0.789622 -0.221717 0.480542 -0.267293 0.171364 -0.293203
378 -2.0747284889 13.803219 -1.572678 -1.231137 0.574807 -0.127828 -0.247313 -0.046918 -1.906422 0.054326 0.538093 0.458170 0.619610 0.019929 0.403582 0.228483
379 -2.1042833328 13.169320 -1.163498 -1.513054 1.016037 0.723975 -0.017403 -0.059898 -1.669291 0.515676 0.326952 -0.109414 0.805971 -0.380086 -0.681334 -0.212457
380 -2.0816600323 13.808029 -1.902631 -1.215378 0.715760 0.349511 -0.415701 -0.462860 -1.665248 -0.158207 0.969367 0.112048 0.436094 -0.293503 0.113860 -0.053879
381 -2.0705635548 12.000453 -1.503214 -1.282396 0.688357 0.926872 -0.211981 0.164147 -1.060175 0.041286 0.952867 0.417466 0.323884 -0.423645 -0.638919 0.095706
382 -2.1193435192 13.631971 -1.493240 -1.119403 0.794035 0.705234 -0.156293 0.497001 -1.182642 -0.352753 1.166347 0.013359 0.693467 0.205933 -0.179205 0.255711
383 -2.1279957294 13.300435 -1.629153 -1.023559 0.757608 1.013200 0.200226 0.120921 -0.989097 0.461271 0.990400 -0.063536 0.442240 -0.832541 -0.211061 -0.320557
384 -2.1604294777 13.648430 -1.759262 -0.779859 1.134035 0.321913 -0.065533 0.126225 -0.973031 0.394054 0.719765 -0.051274 0.281659 -0.078435 0.001710 0.222117
385 -2.1668767929 13.568050 -1.812837 -0.932677 1.388856 0.123418 0.206080 -0.266844 -0.729664 0.682231 0.509053 -0.595337 -0.103418 0.087229 -0.073737 0.186168
386 -2.1407680511 13.721109 -1.391760 -1.423802 1.040224 0.005614 0.059620 0.104757 -0.467806 0.370910 0.616934 -0.893347 -0.362207 -0.219841 -0.494795 0.212132
387 -2.1406435966 13.530546 -1.850622 -0.177086 1.547581 -0.238389 0.705007 -0.689149 -0.609171 0.385386 0.339226 -0.706977 0.400592 0.581324 -0.128410 0.425040
388 -2.1489865780 13.438118 -1.777925 -0.858149 1.645573 0.182443 0.287235 0.168465 -0.913406 0.716220 0.881579 -0.714929 0.211175 0.257895 0.290648 0.396180
389 -2.1584737301 13.372005 -1.686129 -0.650120 1.797203 -0.076683 0.475802 -0.326806 -0.823948 0.704019 0.292996 -0.903614 -0.038382 0.227515 -0.135520 0.255015
390 -2.1636226177 13.180482 -1.515624 -0.532091 1.438546 0.060812 0.459238 -0.917584 -0.597376 0.757000 0.498962 -0.183492 -0.419386 -0.236792 -0.187471 -0.046579
391 -2.1539883614 13.527740 -1.251701 -1.453906 1.151064 0.460778 0.517772 0.011645 -0.884880 0.616940 0.594689 -0.337889 -0.098491 0.268450 -0.024119 0.476993
392 -2.1312191486 13.914832 -1.817881 -1.293325 1.365188 -0.034652 0.152828 -0.233924 -0.883826 0.342855 0.559333 -0.570058 -0.111574 -0.156213 -0.201446 0.235401
393 -2.1475713253 13.755275 -1.630588 -1.005949 1.247594 -0.138526 -0.330444 -0.069908 -0.542415 0.601797 0.772773 -0.333221 0.002212 0.525968 0.057227 0.090462
394 -2.1443648338 13.767251 -2.017880 -0.651865 1.488055 0.082759 0.058096 -0.537194 -0.714539 0.697242 0.156524 -0.815074 0.036849 0.130669 -0.090259 0.062410
395 -2.1315617561 13.637686 -2.123688 -0.765537 1.537468 0.215077 0.016115 -0.138354 -0.783925 1.007158 0.109232 -0.923268 0.215341 0.056821 -0.404661 0.322482
396 -2.1569914818 13.556126 -1.666827 -1.000413 1.422143 0.607246 0.119307 -0.539063 -0.462277 0.794981 0.332428 -0.564995 0.067483 -0.357281 -0.210345 0.318043
397 -2.1412358284 13.734496 -1.749968 -0.996183 1.432770 0.163170 0.804885 -0.427648 -0.486820 0.849863 0.110159 -0.460893 0.262525 0.065084 -0.076830 0.425310
398 -2.1148877144 13.850087 -2.340487 -1.077780 1.427839 -0.261563 0.113695 -0.191749 -0.559292 0.718301 0.355301 -0.827352 0.407658 0.327246 -0.146338 -0.035771
399 -2.1561918259 13.569207 -1.969520 -0.823283 1.477037 0.176739 0.266554 -0.291997 -0.543265 0.581760 0.491965 -1.075678 0.087083 0.433294 0.116411 0.262083
400 -2.1527235508 13.610366 -1.597242 -1.130385 1.420923 0.193175 0.239852 0.075493 -0.642786 0.521009 0.412004 -1.170932 0.157342 0.233966 -0.334350 0.280698
401 -2.1594026089 13.546927 -1.594601 -1.087462 1.342065 0.168435 -0.174430 -0.179788 -0.364548 0.852118 0.698251 -0.351799 -0.236067 0.217276 -0.260254 0.013533
402 -2.1763951778 13.419479 -1.686892 -0.622606 1.348835 0.160940 0.198212 -0.234621 -0.902902 0.661580 0.291918 -0.771861 -0.033185 0.319388 -0.123643 0.299677
403 -2.1554641724 13.564295 -1.800658 -0.333219 1.109230 -0.108615 0.131909 -0.412755 -0.877384 0.451570 0.524621 -0.936513 -0.150090 0.733420 -0.095014 0.437796
404 -2.1651751995 13.447897 -1.752581 -0.801156 1.471525 -0.116638 0.220942 -0.039771 -0.616702 0.503527 0.182923 -1.005107 -0.394306 0.655348 -0.223192 0.234037
405 -2.1787912846 13.434294 -1.593138 -0.442317 1.286868 -0.225230 0.142702 -0.265298 -0.832791 0.546030 0.105292 -0.467039 -0.215137 0.282474 -0.092694 0.445178
406 -2.1492321491 13.647142 -1.413735 -0.334177 1.703928 -0.279351 0.711495 -0.305448 -0.563105 0.642688 0.018278 -0.510424 -0.141723 0.583782 -0.082949 0.276831
407 -2.1698348522 13.320358 -1.957823 -0.286405 1.271939 -0.161328 0.033581 -0.122546 -0.857674 0.780766 0.191486 -0.371928 -0.051818 0.308268 -0.245036 0.300061
408 -2.1721794605 13.141569 -1.450392 -0.615943 0.995330 -0.506792 0.361017 -0.291780 -0.775012 0.699184 0.311347 -0.635861 -0.278816 0.453617 0.013779 0.624720
409 -2.1730947495 13.307058 -1.491149 -0.641111 1.221894 -0.228753 -0.312300 0.087534 -0.821966 0.351040 0.273742 -0.559505 -0.634191 0.096693 -0.245616 0.582924
410 -2.1464550495 13.804118 -1.552387 -0.448252 0.979663 -0.361673 0.117088 0.000929 -1.088402 0.499390 -0.131469 -0.697962 -0.436397 0.302752 -0.216453 0.147355
411 -2.1483767033 13.731848 -1.645986 -0.362632 1.343176 -0.243494 0.112662 -0.492137 -0.982809 0.471032 0.006647 -0.665593 -0.308169 0.312757 0.034854 0.541647
412 -2.1875600815 13.261118 -1.810217 -0.513721 1.260181 -0.215127 -0.005747 -0.336406 -0.783794 0.408629 0.191704 -0.287642 -0.131084 0.194535 0.005158 0.333186
413 -2.1813015938 13.153548 -1.876239 -0.509075 1.477415 -0.132679 -0.033266 -0.361567 -0.770875 0.478141 0.282730 -0.592055 -0.349350 0.067687 0.144490 0.301551
414 -2.1802473068 13.258802 -1.715690 -0.409426 1.153139 -0.497645 -0.060036 -0.048512 -0.760131 0.382047 0.139909 -0.243110 -0.025128 0.339515 -0.393680 0.240237
415 -2.1635160446 13.350187 -2.056916 0.021458 1.397910 -0.370277 0.063494 -0.327810 -0.633675 0.482297 -0.002077 -0.603021 -0.179746 0.223932 0.044153 0.173329
416 -2.1960060596 12.940231 -1.676252 -0.415242 1.257019 -0.371503 0.068866 -0.162986 -0.330087 0.061910 0.183565 -0.284254 -0.230546 0.188308 0.140944 0.469148
417 -2.1895654202 12.906390 -1.646801 -0.284980 0.984455 -0.534897 0.073508 0.007481 -0.463868 0.039421 0.193403 -0.199223 -0.149847 -0.081250 0.413298 0.320243
418 -2.1785833836 13.215937 -1.637424 -0.285482 1.357978 -0.474552 -0.148423 -0.313028 -0.447896 0.031393 0.526119 -0.608127 -0.186319 0.082261 0.328343 0.350719
419 -2.1900877953 13.131493 -1.726014 -0.266724 1.180069 -0.305690 0.038607 -0.505675 -0.423242 0.029966 0.051828 -0.495831 -0.137145 0.100278 0.150757 0.518642
420 -2.1712272167 13.128439 -1.708036 -0.236591 1.310756 -0.638587 0.223353 -0.231680 -0.578246 0.212584 0.185718 -0.612076 -0.410823 0.239837 0.292497 0.666373
421 -2.1835322380 12.929576 -1.679302 -0.459865 1.130787 -0.573678 -0.207742 0.038504 -0.451335 0.137862 -0.084234 -0.196411 -0.432326 0.208312 0.130418 0.511753
422 -2.1881494522 12.886264 -1.632501 -0.435835 1.410424 -0.560241 0.128759 -0.095874 -0.354929 -0.094991 0.001469 -0.323306 0.049421 0.403642 0.012881 0.376170
423 -2.1992442608 12.783377 -1.401736 -0.488053 1.171884 -0.238679 0.438058 0.066536 -0.267515 0.250937 -0.082902 -0.217836 -0.193192 0.100913 0.143691 0.379720
424 -2.1934971809 12.904834 -1.343702 -0.363865 1.265183 -0.367575 0.448996 -0.085400 -0.291185 0.083207 -0.275004 -0.137708 -0.371376 0.096817 0.021847 0.368303
425 -2.1815133095 12.659421 -1.455839 -0.699205 1.425440 -0.224848 0.629584 0.048511 -0.191261 0.304312 0.000943 0.004836 -0.152785 0.034783 0.389428 0.416736
426 -2.1906456947 12.768345 -1.525435 -0.842782 0.976012 -0.212437 0.538732 0.201697 -0.409913 0.479332 -0.031638 -0.287695 -0.148235 -0.132309 0.360579 0.079901
427 -2.1885957718 12.660887 -1.458249 -0.299872 1.028786 -0.442577 0.349115 0.056680 -0.174921 0.037804 -0.058328 -0.385205 -0.174923 -0.174784 0.079031 0.383313
428 -2.1890261173 12.847751 -1.354039 -0.281728 1.323815 -0.371431 0.434465 0.334462 -0.344040 0.292786 -0.128912 -0.191154 -0.282881 0.052166 0.043698 0.343285
429 -2.1955921650 12.831896 -1.785409 -0.544165 1.141978 -0.003221 0.372498 0.248662 -0.293278 0.396900 -0.305017 -0.328069 -0.254997 0.031331 0.079662 0.279284
430 -2.1859622002 12.918650 -1.631462 -0.357187 1.080987 -0.347714 0.650408 0.038447 -0.292202 0.136261 -0.356956 -0.236794 -0.521440 0.000750 0.123044 0.418028
431 -2.1935303211 13.033964 -1.293699 -0.310839 1.090262 -0.145659 0.706190 0.083459 -0.125801 0.286791 -0.089670 -0.162813 -0.116888 0.253209 0.119041 0.576676
432 -2.1932945251 12.799155 -1.469939 -0.322657 1.114606 -0.299881 0.445829 0.056471 -0.288694 0.273394 0.010169 -0.169287 -0.159225 0.226904 0.096129 0.632865
433 -2.1871404648 12.752229 -1.356742 -0.625949 1.251013 -0.375670 0.655588 -0.079513 -0.248958 0.145713 -0.060493 -0.204578 -0.159409 0.134360 0.031280 0.641667
434 -2.1930952072 12.797458 -1.529391 -0.654290 1.391174 -0.312097 0.357921 -0.093030 -0.479464 0.261364 -0.062082 -0.144648 -0.031297 0.333139 0.330401 0.350633
435 -2.1982016563 12.994850 -1.513843 -0.529641 1.081289 0.042183 0.579407 0.161134 -0.304429 0.416124 -0.024528 -0.393489 -0.135940 -0.137702 0.076275 0.526166
436 -2.1869633198 12.827764 -1.271624 -0.623126 1.154458 -0.363494 0.397249 0.058393 -0.238588 0.466532 -0.185143 0.097872 -0.171657 0.074848 0.235888 0.475704
437 -2.1881930828 12.978624 -1.234628 -0.533127 1.280426 -0.197976 0.514940 0.146159 -0.320591 0.654762 -0.059283 -0.389704 -0.269696 0.070294 0.171475 0.494357
438 -2.1927080154 12.622780 -1.478046 -0.437307 1.094641 -0.280419 0.391513 0.042148 -0.221777 0.113695 -0.103580 -0.062137 -0.321007 -0.024850 0.107145 0.265299
439 -2.1980178356 12.797078 -1.225515 -0.628987 1.122092 -0.062213 0.484176 0.100780 -0.632171 0.299685 0.129047 -0.181576 -0.086374 0.157098 0.288164 0.528672
440 -2.1953055859 12.822203 -1.406746 -0.503687 0.911090 -0.315354 0.627015 0.066134 -0.215825 0.291220 -0.202816 -0.184083 -0.187738 0.091301 0.056373 0.391519
441 -2.1994235516 12.887079 -1.591255 -0.502579 1.225172 -0.208306 0.504583 -0.083159 -0.212260 0.089845 -0.067592 -0.202823 -0.384752 0.119397 0.173113 0.255777
442 -2.1968171597 12.746375 -1.432887 -0.436915 1.256726 -0.203945 0.559950 -0.061381 -0.265007 0.165078 -0.138069 -0.309882 -0.359413 0.281601 -0.008790 0.229989
443 -2.1967148781 12.909907 -1.553802 -0.595383 1.132758 -0.183443 0.464883 0.225716 0.012724 0.156779 -0.117828 -0.130386 -0.287797 0.210607 0.102155 0.372529
444 -2.1929421425 12.825416 -1.648329 -0.456574 1.194919 -0.322287 0.474884 -0.077447 -0.245770 0.013756 0.032605 -0.062509 -0.409551 -0.015774 0.193456 0.345303
445 -2.1892676353 12.728776 -1.607491 -0.714529 1.210851 -0.145978 0.632784 -0.045259 -0.059292 0.061062 0.098169 -0.230475 -0.610419 0.067424 0.112926 0.174358
446 -2.1937146187 12.878144 -1.642471 -0.349621 1.197169 -0.193732 0.681988 0.025368 -0.283355 0.128906 0.066010 -0.370016 -0.421106 0.072443 0.115425 0.393598
447 -2.1935262680 12.817600 -1.675228 -0.374499 1.345186 -0.149620 0.508898 0.053608 -0.304512 -0.051604 -0.164537 -0.249311 -0.341609 -0.046825 0.257157 0.281031
448 -2.1918022633 12.947121 -1.766130 -0.590569 1.113970 -0.296177 0.288269 -0.080381 -0.017202 -0.055920 -0.305016 -0.177753 -0.518148 0.120346 0.027679 0.235898
449 -2.2029492855 13.064338 -1.731468 -0.360010 0.980121 -0.125165 0.408790 0.070484 -0.080988 -0.038351 0.067182 -0.122408 -0.161880 0.094536 0.145313 0.176128
450 -2.1938633919 13.279236 -1.596978 -0.190793 0.742066 -0.306044 0.475757 0.101317 -0.169734 -0.191316 0.066543 -0.082571 -0.115555 0.140047 0.190464 0.196732
451 -2.1988949776 13.154429 -1.751094 -0.345986 1.028529 -0.077200 0.404127 -0.098840 0.070203 0.035413 0.098265 -0.058240 -0.076913 -0.007821 0.047308 0.075535
